339.3929	206.8096
339.9048	206.8096
339.9048	207.8334
340.4167	207.8334
340.4167	208.8572
340.9286	208.8572
340.9286	209.3691
341.4405	209.3691
341.4405	209.8810
341.9524	209.8810
341.9524	210.3929
342.4644	210.3929
342.4644	210.9048
342.9763	210.9048
342.9763	211.4167
343.4882	211.4167
343.4882	211.9286
344.5120	211.9286
344.5120	212.4405
345.5358	212.4405
345.5358	212.9524
346.5596	212.9524
346.5596	213.4643
349.1191	213.4643
349.1191	213.9762
354.2382	213.9762
354.2382	213.4643
357.8215	213.4643
357.8215	213.9762
358.8453	213.9762
358.8453	214.4881
360.8929	214.4881
360.8929	215.0000
361.9167	215.0000
361.9167	215.5119
364.4763	215.5119
364.4763	216.0239
367.5477	216.0239
367.5477	216.5358
368.0596	216.5358
368.0596	217.0477
368.5715	217.0477
368.5715	217.5596
369.0834	217.5596
369.0834	218.0715
369.5953	218.0715
369.5953	218.5834
370.1072	218.5834
370.1072	219.0953
370.6191	219.0953
370.6191	219.6072
371.6429	219.6072
371.6429	220.1191
372.6667	220.1191
372.6667	220.6310
373.6905	220.6310
373.6905	221.1429
374.2025	221.1429
374.2025	221.6548
375.2263	221.6548
375.2263	222.1667
376.2501	222.1667
376.2501	222.6786
377.7858	222.6786
377.7858	223.1905
380.3453	223.1905
380.3453	223.7024
383.9286	223.7024
383.9286	224.2143
385.4644	224.2143
385.4644	224.7262
388.0239	224.7262
388.0239	225.2381
388.5358	225.2381
388.5358	225.7500
389.0477	225.7500
389.0477	226.2619
389.5596	226.2619
389.5596	226.7739
390.0715	226.7739
390.0715	227.2858
390.5834	227.2858
390.5834	228.3096
391.0953	228.3096
391.0953	230.8691
391.6072	230.8691
391.6072	232.4048
392.1191	232.4048
392.1191	233.4286
392.6310	233.4286
392.6310	234.4524
393.1429	234.4524
393.1429	234.9643
393.6548	234.9643
393.6548	235.4762
394.1667	235.4762
394.1667	237.0119
394.6786	237.0119
394.6786	238.0358
395.1906	238.0358
395.1906	239.0596
395.7025	239.0596
395.7025	239.5715
396.2144	239.5715
396.2144	240.0834
396.7263	240.0834
396.7263	241.6191
397.2382	241.6191
397.2382	244.1786
397.7501	244.1786
397.7501	245.7143
398.2620	245.7143
398.2620	246.7381
398.7739	246.7381
398.7739	247.7620
399.2858	247.7620
399.2858	248.7858
399.7977	248.7858
399.7977	249.8096
400.3096	249.8096
400.3096	250.3215
400.8215	250.3215
400.8215	250.8334
401.3334	250.8334
401.3334	251.3453
401.8453	251.3453
401.8453	251.8572
402.3572	251.8572
402.3572	252.3691
402.8691	252.3691
402.8691	252.8810
403.3810	252.8810
403.3810	253.3929
403.8929	253.3929
403.8929	253.9048
404.9167	253.9048
404.9167	254.4167
405.4286	254.4167
405.4286	254.9286
405.9406	254.9286
405.9406	255.4405
406.4525	255.4405
406.4525	255.9524
407.4763	255.9524
407.4763	256.4643
408.5001	256.4643
408.5001	256.9762
409.0120	256.9762
409.0120	257.4881
409.5239	257.4881
409.5239	258.0000
410.0358	258.0000
410.0358	258.5120
410.5477	258.5120
410.5477	259.0239
411.0596	259.0239
411.0596	259.5358
411.5715	259.5358
411.5715	260.5596
411.0596	260.5596
411.0596	261.5834
410.5477	261.5834
410.5477	264.1429
410.0358	264.1429
410.0358	267.2143
410.5477	267.2143
410.5477	269.7739
411.0596	269.7739
411.0596	271.3096
411.5715	271.3096
411.5715	272.3334
411.0596	272.3334
411.0596	284.1072
411.5715	284.1072
411.5715	285.6429
411.0596	285.6429
411.0596	286.1548
410.5477	286.1548
410.5477	286.6667
410.0358	286.6667
410.0358	287.1786
409.5239	287.1786
409.5239	287.6905
409.0120	287.6905
409.0120	288.2024
408.5001	288.2024
408.5001	288.7143
407.9882	288.7143
407.9882	289.7382
407.4763	289.7382
407.4763	290.7620
406.9644	290.7620
406.9644	292.2977
406.4525	292.2977
406.4525	294.8572
405.9406	294.8572
405.9406	295.3691
405.4286	295.3691
405.4286	295.8810
404.9167	295.8810
404.9167	296.9048
404.4048	296.9048
404.4048	297.9286
403.8929	297.9286
403.8929	298.9524
403.3810	298.9524
403.3810	301.5120
402.8691	301.5120
402.8691	305.0953
402.3572	305.0953
402.3572	309.1905
402.8691	309.1905
402.8691	311.7501
403.3810	311.7501
403.3810	312.7739
403.8929	312.7739
403.8929	313.7977
404.4048	313.7977
404.4048	314.3096
404.9167	314.3096
404.9167	314.8215
405.4286	314.8215
405.4286	315.3334
405.9406	315.3334
405.9406	315.8453
406.4525	315.8453
406.4525	316.8691
406.9644	316.8691
406.9644	317.3810
407.4763	317.3810
407.4763	318.4048
406.4525	318.4048
406.4525	318.9167
405.4286	318.9167
405.4286	319.4286
403.8929	319.4286
403.8929	319.9405
400.8215	319.9405
400.8215	320.4524
398.2620	320.4524
398.2620	320.9643
397.2382	320.9643
397.2382	321.4763
396.2144	321.4763
396.2144	321.9882
393.1429	321.9882
393.1429	321.4763
392.1191	321.4763
392.1191	320.9643
391.0953	320.9643
391.0953	320.4524
388.5358	320.4524
388.5358	319.9405
379.3215	319.9405
379.3215	319.4286
375.7382	319.4286
375.7382	319.9405
374.7144	319.9405
374.7144	319.4286
366.0120	319.4286
366.0120	318.9167
363.4525	318.9167
363.4525	319.4286
354.2382	319.4286
354.2382	318.9167
350.6548	318.9167
350.6548	319.4286
341.9524	319.4286
341.9524	319.9405
339.3929	319.9405
339.3929	320.4524
338.3691	320.4524
338.3691	320.9643
337.3453	320.9643
337.3453	321.4763
336.8334	321.4763
336.8334	321.9882
336.3215	321.9882
336.3215	322.5001
335.8096	322.5001
335.8096	323.0120
335.2977	323.0120
335.2977	322.5001
334.7858	322.5001
334.7858	321.9882
334.2739	321.9882
334.2739	320.9643
333.7620	320.9643
333.7620	319.9405
333.2501	319.9405
333.2501	318.9167
332.7382	318.9167
332.7382	317.8929
332.2263	317.8929
332.2263	316.8691
331.7143	316.8691
331.7143	316.3572
331.2024	316.3572
331.2024	315.8453
330.6905	315.8453
330.6905	315.3334
330.1786	315.3334
330.1786	314.8215
329.6667	314.8215
329.6667	314.3096
329.1548	314.3096
329.1548	313.7977
328.6429	313.7977
328.6429	313.2858
328.1310	313.2858
328.1310	312.7739
327.6191	312.7739
327.6191	312.2620
327.1072	312.2620
327.1072	311.7501
326.5953	311.7501
326.5953	310.7262
326.0834	310.7262
326.0834	310.2143
325.5715	310.2143
325.5715	308.6786
325.0596	308.6786
325.0596	305.6072
324.5477	305.6072
324.5477	303.0477
324.0358	303.0477
324.0358	302.0239
323.5239	302.0239
323.5239	301.0001
323.0120	301.0001
323.0120	300.4882
322.5001	300.4882
322.5001	299.9762
321.9882	299.9762
321.9882	299.4643
321.4763	299.4643
321.4763	298.9524
320.9643	298.9524
320.9643	298.4405
319.9405	298.4405
319.9405	297.9286
318.9167	297.9286
318.9167	297.4167
316.3572	297.4167
316.3572	296.9048
313.7977	296.9048
313.7977	297.4167
311.7501	297.4167
311.7501	296.9048
291.2739	296.9048
291.2739	296.3929
290.7620	296.3929
290.7620	295.8810
290.2501	295.8810
290.2501	295.3691
289.7382	295.3691
289.7382	294.8572
289.2262	294.8572
289.2262	294.3453
288.7143	294.3453
288.7143	293.8334
288.2024	293.8334
288.2024	293.3215
287.6905	293.3215
287.6905	292.8096
287.1786	292.8096
287.1786	292.2977
286.1548	292.2977
286.1548	291.7858
285.1310	291.7858
285.1310	291.2739
283.5953	291.2739
283.5953	290.7620
282.5715	290.7620
282.5715	290.2501
281.5477	290.2501
281.5477	289.7382
280.5239	289.7382
280.5239	289.2262
277.9643	289.2262
277.9643	288.7143
274.8929	288.7143
274.8929	286.6667
274.3810	286.6667
274.3810	285.6429
273.8691	285.6429
273.8691	284.6191
273.3572	284.6191
273.3572	284.1072
272.8453	284.1072
272.8453	282.5715
272.3334	282.5715
272.3334	281.0358
272.8453	281.0358
272.8453	280.0120
273.3572	280.0120
273.3572	279.5001
274.3810	279.5001
274.3810	278.9881
275.4048	278.9881
275.4048	278.4762
276.4286	278.4762
276.4286	277.9643
277.4524	277.9643
277.4524	277.4524
280.0120	277.4524
280.0120	276.9405
282.0596	276.9405
282.0596	276.4286
283.0834	276.4286
283.0834	275.9167
284.1072	275.9167
284.1072	275.4048
284.6191	275.4048
284.6191	274.8929
285.1310	274.8929
285.1310	274.3810
285.6429	274.3810
285.6429	273.8691
286.1548	273.8691
286.1548	273.3572
286.6667	273.3572
286.6667	272.8453
287.6905	272.8453
287.6905	272.3334
288.7143	272.3334
288.7143	271.8215
289.7382	271.8215
289.7382	271.3096
290.2501	271.3096
290.2501	270.7977
290.7620	270.7977
290.7620	270.2858
291.2739	270.2858
291.2739	269.7739
291.7858	269.7739
291.7858	269.2620
292.2977	269.2620
292.2977	268.7501
292.8096	268.7501
292.8096	267.7262
293.3215	267.7262
293.3215	266.7024
293.8334	266.7024
293.8334	265.6786
294.3453	265.6786
294.3453	265.1667
294.8572	265.1667
294.8572	264.6548
295.3691	264.6548
295.3691	264.1429
295.8810	264.1429
295.8810	263.6310
296.3929	263.6310
296.3929	262.6072
296.9048	262.6072
296.9048	261.5834
297.4167	261.5834
297.4167	259.0239
297.9286	259.0239
297.9286	258.5120
298.4405	258.5120
298.4405	258.0000
298.9524	258.0000
298.9524	257.4881
299.4643	257.4881
299.4643	256.4643
299.9762	256.4643
299.9762	255.4405
300.4882	255.4405
300.4882	252.8810
301.0001	252.8810
301.0001	248.7858
300.4882	248.7858
300.4882	248.2739
301.0001	248.2739
301.0001	247.7620
301.5120	247.7620
301.5120	247.2500
302.0239	247.2500
302.0239	246.7381
302.5358	246.7381
302.5358	246.2262
303.0477	246.2262
303.0477	245.7143
303.5596	245.7143
303.5596	245.2024
304.0715	245.2024
304.0715	244.1786
306.6310	244.1786
306.6310	243.6667
307.6548	243.6667
307.6548	243.1548
308.6786	243.1548
308.6786	242.6429
309.1905	242.6429
309.1905	242.1310
309.7024	242.1310
309.7024	241.6191
310.2143	241.6191
310.2143	241.1072
310.7262	241.1072
310.7262	240.5953
311.2382	240.5953
311.2382	239.5715
311.7501	239.5715
311.7501	238.5477
312.2620	238.5477
312.2620	235.9881
312.7739	235.9881
312.7739	233.4286
312.2620	233.4286
312.2620	230.8691
311.7501	230.8691
311.7501	229.8453
311.2382	229.8453
311.2382	228.8215
310.7262	228.8215
310.7262	228.3096
310.2143	228.3096
310.2143	227.7977
309.7024	227.7977
309.7024	227.2858
309.1905	227.2858
309.1905	226.7739
308.6786	226.7739
308.6786	226.2619
308.1667	226.2619
308.1667	225.7500
307.1429	225.7500
307.1429	224.2143
309.1905	224.2143
309.1905	223.7024
310.2143	223.7024
310.2143	223.1905
314.8215	223.1905
314.8215	222.6786
317.3810	222.6786
317.3810	222.1667
318.4048	222.1667
318.4048	221.6548
319.4286	221.6548
319.4286	221.1429
320.4524	221.1429
320.4524	220.6310
321.9882	220.6310
321.9882	220.1191
323.5239	220.1191
323.5239	219.6072
325.5715	219.6072
325.5715	219.0953
327.6191	219.0953
327.6191	218.5834
329.1548	218.5834
329.1548	218.0715
330.1786	218.0715
330.1786	217.5596
331.2024	217.5596
331.2024	217.0477
331.7143	217.0477
331.7143	216.5358
332.7382	216.5358
332.7382	216.0239
333.2501	216.0239
333.2501	215.5119
333.7620	215.5119
333.7620	215.0000
334.2739	215.0000
334.2739	214.4881
334.7858	214.4881
334.7858	213.9762
335.2977	213.9762
335.2977	213.4643
335.8096	213.4643
335.8096	212.4405
336.3215	212.4405
336.3215	211.4167
336.8334	211.4167
336.8334	209.3691
337.3453	209.3691
337.3453	208.8572
337.8572	208.8572
337.8572	207.8334
338.3691	207.8334
338.3691	206.8096
338.8810	206.8096
338.8810	205.7858
339.3929	205.7858
