344.5120	211.9286
345.5358	211.9286
345.5358	212.4405
346.0477	212.4405
346.0477	212.9524
346.5596	212.9524
346.5596	213.4643
347.0715	213.4643
347.0715	217.5596
346.5596	217.5596
346.5596	220.1191
347.0715	220.1191
347.0715	222.6786
347.5834	222.6786
347.5834	223.7024
348.0953	223.7024
348.0953	224.7262
348.6072	224.7262
348.6072	225.2381
349.1191	225.2381
349.1191	225.7500
349.6310	225.7500
349.6310	226.2619
350.1429	226.2619
350.1429	226.7739
350.6548	226.7739
350.6548	227.2858
351.1667	227.2858
351.1667	227.7977
352.1905	227.7977
352.1905	228.3096
353.2144	228.3096
353.2144	228.8215
353.7263	228.8215
353.7263	229.3334
354.2382	229.3334
354.2382	229.8453
355.2620	229.8453
355.2620	230.3572
355.7739	230.3572
355.7739	230.8691
356.2858	230.8691
356.2858	231.3810
356.7977	231.3810
356.7977	231.8929
357.3096	231.8929
357.3096	232.4048
357.8215	232.4048
357.8215	232.9167
358.3334	232.9167
358.3334	233.4286
358.8453	233.4286
358.8453	233.9405
359.3572	233.9405
359.3572	234.4524
360.3810	234.4524
360.3810	234.9643
361.4048	234.9643
361.4048	235.4762
363.9644	235.4762
363.9644	235.9881
367.0358	235.9881
367.0358	235.4762
368.0596	235.4762
368.0596	235.9881
374.7144	235.9881
374.7144	235.4762
376.2501	235.4762
376.2501	235.9881
376.7620	235.9881
376.7620	237.0119
377.2739	237.0119
377.2739	237.5239
377.7858	237.5239
377.7858	239.0596
377.2739	239.0596
377.2739	239.5715
376.7620	239.5715
376.7620	240.0834
376.2501	240.0834
376.2501	241.1072
375.7382	241.1072
375.7382	242.1310
375.2263	242.1310
375.2263	244.6905
374.7144	244.6905
374.7144	247.7620
375.2263	247.7620
375.2263	250.3215
375.7382	250.3215
375.7382	251.3453
376.2501	251.3453
376.2501	252.3691
376.7620	252.3691
376.7620	252.8810
377.2739	252.8810
377.2739	253.3929
377.7858	253.3929
377.7858	253.9048
378.2977	253.9048
378.2977	254.4167
378.8096	254.4167
378.8096	254.9286
379.3215	254.9286
379.3215	255.4405
379.8334	255.4405
379.8334	255.9524
380.8572	255.9524
380.8572	256.4643
381.8810	256.4643
381.8810	256.9762
383.9286	256.9762
383.9286	257.4881
384.4405	257.4881
384.4405	258.0000
384.9525	258.0000
384.9525	258.5120
385.4644	258.5120
385.4644	259.0239
385.9763	259.0239
385.9763	263.1191
386.4882	263.1191
386.4882	265.6786
387.0001	265.6786
387.0001	266.7024
387.5120	266.7024
387.5120	267.7262
388.0239	267.7262
388.0239	268.7501
388.5358	268.7501
388.5358	269.2620
389.0477	269.2620
389.0477	269.7739
389.5596	269.7739
389.5596	270.2858
390.0715	270.2858
390.0715	270.7977
390.5834	270.7977
390.5834	271.3096
391.0953	271.3096
391.0953	272.3334
391.6072	272.3334
391.6072	272.8453
392.1191	272.8453
392.1191	273.3572
392.6310	273.3572
392.6310	274.3810
393.1429	274.3810
393.1429	279.5001
393.6548	279.5001
393.6548	282.0596
394.1667	282.0596
394.1667	284.6191
394.6786	284.6191
394.6786	285.6429
395.1906	285.6429
395.1906	287.1786
394.6786	287.1786
394.6786	287.6905
394.1667	287.6905
394.1667	288.2024
393.6548	288.2024
393.6548	288.7143
393.1429	288.7143
393.1429	289.2262
392.6310	289.2262
392.6310	290.2501
392.1191	290.2501
392.1191	291.2739
391.6072	291.2739
391.6072	292.8096
391.0953	292.8096
391.0953	294.8572
390.5834	294.8572
390.5834	297.4167
390.0715	297.4167
390.0715	297.9286
389.5596	297.9286
389.5596	298.4405
389.0477	298.4405
389.0477	299.4643
388.5358	299.4643
388.5358	300.4882
388.0239	300.4882
388.0239	303.0477
387.5120	303.0477
387.5120	307.1429
388.0239	307.1429
388.0239	309.7024
388.5358	309.7024
388.5358	310.7262
389.0477	310.7262
389.0477	311.7501
389.5596	311.7501
389.5596	312.2620
390.0715	312.2620
390.0715	313.2858
390.5834	313.2858
390.5834	314.3096
391.0953	314.3096
391.0953	315.3334
391.6072	315.3334
391.6072	315.8453
392.1191	315.8453
392.1191	316.3572
392.6310	316.3572
392.6310	316.8691
393.1429	316.8691
393.1429	317.8929
393.6548	317.8929
393.6548	318.4048
394.1667	318.4048
394.1667	318.9167
394.6786	318.9167
394.6786	320.9643
395.1906	320.9643
395.1906	321.4763
394.6786	321.4763
394.6786	321.9882
393.6548	321.9882
393.6548	321.4763
388.0239	321.4763
388.0239	321.9882
385.4644	321.9882
385.4644	322.5001
378.8096	322.5001
378.8096	321.9882
374.2025	321.9882
374.2025	321.4763
371.6429	321.4763
371.6429	321.9882
369.0834	321.9882
369.0834	322.5001
367.5477	322.5001
367.5477	321.9882
360.3810	321.9882
360.3810	322.5001
358.8453	322.5001
358.8453	321.9882
356.2858	321.9882
356.2858	321.4763
353.2144	321.4763
353.2144	321.9882
350.6548	321.9882
350.6548	322.5001
349.6310	322.5001
349.6310	323.0120
348.6072	323.0120
348.6072	323.5239
348.0953	323.5239
348.0953	323.0120
345.5358	323.0120
345.5358	322.5001
342.4644	322.5001
342.4644	323.0120
339.3929	323.0120
339.3929	323.5239
336.8334	323.5239
336.8334	324.0358
335.8096	324.0358
335.8096	324.5477
334.7858	324.5477
334.7858	325.0596
334.2739	325.0596
334.2739	325.5715
333.7620	325.5715
333.7620	326.0834
333.2501	326.0834
333.2501	326.5953
332.7382	326.5953
332.7382	327.1072
332.2263	327.1072
332.2263	328.1310
330.6905	328.1310
330.6905	327.6191
330.1786	327.6191
330.1786	327.1072
329.6667	327.1072
329.6667	326.5953
328.6429	326.5953
328.6429	326.0834
327.6191	326.0834
327.6191	325.5715
325.0596	325.5715
325.0596	325.0596
321.9882	325.0596
321.9882	325.5715
321.4763	325.5715
321.4763	325.0596
320.9643	325.0596
320.9643	324.5477
320.4524	324.5477
320.4524	324.0358
319.9405	324.0358
319.9405	323.5239
319.4286	323.5239
319.4286	323.0120
318.9167	323.0120
318.9167	322.5001
317.8929	322.5001
317.8929	321.9882
316.8691	321.9882
316.8691	321.4763
315.8453	321.4763
315.8453	320.9643
315.3334	320.9643
315.3334	320.4524
314.8215	320.4524
314.8215	319.9405
314.3096	319.9405
314.3096	319.4286
313.7977	319.4286
313.7977	318.9167
313.2858	318.9167
313.2858	317.8929
312.7739	317.8929
312.7739	316.8691
312.2620	316.8691
312.2620	316.3572
311.7501	316.3572
311.7501	315.8453
311.2382	315.8453
311.2382	315.3334
310.7262	315.3334
310.7262	314.8215
310.2143	314.8215
310.2143	314.3096
309.7024	314.3096
309.7024	313.7977
309.1905	313.7977
309.1905	313.2858
308.1667	313.2858
308.1667	312.7739
307.1429	312.7739
307.1429	312.2620
304.5834	312.2620
304.5834	311.7501
297.4167	311.7501
297.4167	311.2382
294.8572	311.2382
294.8572	310.7262
292.2977	310.7262
292.2977	310.2143
288.2024	310.2143
288.2024	310.7262
287.1786	310.7262
287.1786	310.2143
286.6667	310.2143
286.6667	309.1905
287.1786	309.1905
287.1786	308.1667
287.6905	308.1667
287.6905	307.1429
288.2024	307.1429
288.2024	304.5834
288.7143	304.5834
288.7143	301.5120
288.2024	301.5120
288.2024	298.9524
287.6905	298.9524
287.6905	297.9286
287.1786	297.9286
287.1786	296.9048
286.6667	296.9048
286.6667	296.3929
286.1548	296.3929
286.1548	295.8810
285.6429	295.8810
285.6429	295.3691
285.1310	295.3691
285.1310	294.3453
285.6429	294.3453
285.6429	291.2739
285.1310	291.2739
285.1310	290.7620
285.6429	290.7620
285.6429	289.7382
286.1548	289.7382
286.1548	288.7143
286.6667	288.7143
286.6667	286.1548
287.1786	286.1548
287.1786	283.0834
286.6667	283.0834
286.6667	280.5239
286.1548	280.5239
286.1548	279.5001
285.6429	279.5001
285.6429	278.4762
285.1310	278.4762
285.1310	277.9643
284.6191	277.9643
284.6191	277.4524
284.1072	277.4524
284.1072	276.9405
283.5953	276.9405
283.5953	276.4286
283.0834	276.4286
283.0834	275.9167
282.5715	275.9167
282.5715	275.4048
282.0596	275.4048
282.0596	274.8929
281.0358	274.8929
281.0358	274.3810
280.0120	274.3810
280.0120	273.8691
277.4524	273.8691
277.4524	273.3572
274.8929	273.3572
274.8929	273.8691
272.3334	273.8691
272.3334	274.3810
271.3096	274.3810
271.3096	274.8929
268.2381	274.8929
268.2381	274.3810
266.7024	274.3810
266.7024	273.8691
266.1905	273.8691
266.1905	273.3572
265.6786	273.3572
265.6786	271.3096
266.1905	271.3096
266.1905	269.7739
266.7024	269.7739
266.7024	269.2620
267.2143	269.2620
267.2143	268.7501
267.7262	268.7501
267.7262	268.2381
268.7501	268.2381
268.7501	267.7262
269.7739	267.7262
269.7739	267.2143
270.7977	267.2143
270.7977	266.7024
271.3096	266.7024
271.3096	266.1905
272.8453	266.1905
272.8453	265.6786
273.8691	265.6786
273.8691	265.1667
274.8929	265.1667
274.8929	264.6548
275.4048	264.6548
275.4048	264.1429
275.9167	264.1429
275.9167	263.6310
276.4286	263.6310
276.4286	263.1191
276.9405	263.1191
276.9405	262.6072
277.4524	262.6072
277.4524	261.5834
277.9643	261.5834
277.9643	261.0715
278.4762	261.0715
278.4762	260.5596
278.9881	260.5596
278.9881	260.0477
280.0120	260.0477
280.0120	259.5358
280.5239	259.5358
280.5239	259.0239
281.0358	259.0239
281.0358	258.5120
281.5477	258.5120
281.5477	258.0000
282.0596	258.0000
282.0596	257.4881
282.5715	257.4881
282.5715	256.9762
283.0834	256.9762
283.0834	255.9524
283.5953	255.9524
283.5953	254.9286
284.1072	254.9286
284.1072	252.3691
284.6191	252.3691
284.6191	248.7858
287.1786	248.7858
287.1786	248.2739
288.2024	248.2739
288.2024	247.7620
289.2262	247.7620
289.2262	247.2500
290.2501	247.2500
290.2501	246.7381
290.7620	246.7381
290.7620	246.2262
291.2739	246.2262
291.2739	245.7143
291.7858	245.7143
291.7858	245.2024
292.2977	245.2024
292.2977	244.6905
292.8096	244.6905
292.8096	243.6667
293.3215	243.6667
293.3215	242.6429
293.8334	242.6429
293.8334	240.0834
294.3453	240.0834
294.3453	236.5000
293.8334	236.5000
293.8334	233.9405
293.3215	233.9405
293.3215	232.9167
292.8096	232.9167
292.8096	231.3810
292.2977	231.3810
292.2977	228.3096
294.8572	228.3096
294.8572	228.8215
296.3929	228.8215
296.3929	229.3334
297.4167	229.3334
297.4167	229.8453
299.9762	229.8453
299.9762	230.3572
304.5834	230.3572
304.5834	229.8453
307.1429	229.8453
307.1429	229.3334
310.7262	229.3334
310.7262	228.8215
311.7501	228.8215
311.7501	229.3334
314.3096	229.3334
314.3096	228.8215
316.8691	228.8215
316.8691	228.3096
317.8929	228.3096
317.8929	227.7977
318.9167	227.7977
318.9167	227.2858
319.4286	227.2858
319.4286	226.7739
319.9405	226.7739
319.9405	226.2619
320.4524	226.2619
320.4524	225.7500
320.9643	225.7500
320.9643	225.2381
321.4763	225.2381
321.4763	224.2143
321.9882	224.2143
321.9882	223.1905
322.5001	223.1905
322.5001	221.1429
323.0120	221.1429
323.0120	218.5834
323.5239	218.5834
323.5239	218.0715
324.5477	218.0715
324.5477	218.5834
325.0596	218.5834
325.0596	219.0953
326.0834	219.0953
326.0834	219.6072
327.1072	219.6072
327.1072	220.1191
329.6667	220.1191
329.6667	220.6310
332.7382	220.6310
332.7382	220.1191
335.2977	220.1191
335.2977	219.6072
336.3215	219.6072
336.3215	219.0953
337.3453	219.0953
337.3453	218.5834
337.8572	218.5834
337.8572	218.0715
338.3691	218.0715
338.3691	217.5596
338.8810	217.5596
338.8810	217.0477
339.3929	217.0477
339.3929	216.5358
339.9048	216.5358
339.9048	215.5119
340.4167	215.5119
340.4167	214.4881
340.9286	214.4881
340.9286	211.9286
341.9524	211.9286
341.9524	211.4167
344.5120	211.4167
