330.1786	226.2619
335.8096	226.2619
335.8096	226.7739
337.8572	226.7739
337.8572	227.2858
338.8810	227.2858
338.8810	227.7977
341.4405	227.7977
341.4405	228.3096
345.5358	228.3096
345.5358	228.8215
346.5596	228.8215
346.5596	229.3334
347.5834	229.3334
347.5834	229.8453
348.6072	229.8453
348.6072	230.3572
349.6310	230.3572
349.6310	230.8691
352.1905	230.8691
352.1905	231.3810
352.7024	231.3810
352.7024	231.8929
353.2144	231.8929
353.2144	232.4048
353.7263	232.4048
353.7263	232.9167
354.2382	232.9167
354.2382	233.4286
355.2620	233.4286
355.2620	233.9405
356.2858	233.9405
356.2858	234.4524
357.8215	234.4524
357.8215	234.9643
358.3334	234.9643
358.3334	235.4762
358.8453	235.4762
358.8453	235.9881
359.3572	235.9881
359.3572	236.5000
360.3810	236.5000
360.3810	237.0119
361.4048	237.0119
361.4048	237.5239
362.4286	237.5239
362.4286	238.0358
364.9882	238.0358
364.9882	238.5477
368.5715	238.5477
368.5715	238.0358
371.1310	238.0358
371.1310	237.5239
372.1548	237.5239
372.1548	237.0119
373.1786	237.0119
373.1786	236.5000
375.7382	236.5000
375.7382	237.5239
376.2501	237.5239
376.2501	238.5477
376.7620	238.5477
376.7620	240.0834
376.2501	240.0834
376.2501	240.5953
375.7382	240.5953
375.7382	241.6191
375.2263	241.6191
375.2263	242.6429
374.7144	242.6429
374.7144	245.2024
374.2025	245.2024
374.2025	247.7620
374.7144	247.7620
374.7144	250.3215
375.2263	250.3215
375.2263	251.3453
375.7382	251.3453
375.7382	252.3691
376.2501	252.3691
376.2501	252.8810
376.7620	252.8810
376.7620	253.3929
377.2739	253.3929
377.2739	253.9048
377.7858	253.9048
377.7858	254.4167
378.2977	254.4167
378.2977	254.9286
378.8096	254.9286
378.8096	255.4405
379.3215	255.4405
379.3215	255.9524
380.3453	255.9524
380.3453	256.4643
381.3691	256.4643
381.3691	256.9762
381.8810	256.9762
381.8810	257.4881
382.3929	257.4881
382.3929	258.0000
383.4167	258.0000
383.4167	259.0239
383.9286	259.0239
383.9286	261.5834
384.4405	261.5834
384.4405	262.6072
384.9525	262.6072
384.9525	263.6310
385.4644	263.6310
385.4644	264.6548
385.9763	264.6548
385.9763	265.1667
386.4882	265.1667
386.4882	265.6786
387.0001	265.6786
387.0001	266.1905
387.5120	266.1905
387.5120	266.7024
388.0239	266.7024
388.0239	267.2143
388.5358	267.2143
388.5358	269.7739
389.0477	269.7739
389.0477	271.3096
389.5596	271.3096
389.5596	272.3334
390.0715	272.3334
390.0715	273.3572
390.5834	273.3572
390.5834	274.3810
391.0953	274.3810
391.0953	275.4048
391.6072	275.4048
391.6072	275.9167
392.1191	275.9167
392.1191	276.4286
392.6310	276.4286
392.6310	276.9405
393.1429	276.9405
393.1429	277.4524
393.6548	277.4524
393.6548	278.9881
393.1429	278.9881
393.1429	281.5477
392.6310	281.5477
392.6310	287.6905
393.1429	287.6905
393.1429	290.7620
392.6310	290.7620
392.6310	291.7858
392.1191	291.7858
392.1191	292.2977
391.6072	292.2977
391.6072	292.8096
391.0953	292.8096
391.0953	293.3215
390.5834	293.3215
390.5834	294.3453
390.0715	294.3453
390.0715	295.3691
389.5596	295.3691
389.5596	297.4167
389.0477	297.4167
389.0477	299.9762
388.5358	299.9762
388.5358	303.5596
388.0239	303.5596
388.0239	306.1191
387.5120	306.1191
387.5120	308.6786
388.0239	308.6786
388.0239	311.2382
388.5358	311.2382
388.5358	312.2620
389.0477	312.2620
389.0477	313.2858
389.5596	313.2858
389.5596	315.8453
390.0715	315.8453
390.0715	316.8691
390.5834	316.8691
390.5834	317.8929
391.0953	317.8929
391.0953	318.9167
391.6072	318.9167
391.6072	319.4286
389.0477	319.4286
389.0477	319.9405
387.5120	319.9405
387.5120	320.4524
386.4882	320.4524
386.4882	320.9643
385.4644	320.9643
385.4644	321.4763
384.9525	321.4763
384.9525	321.9882
384.4405	321.9882
384.4405	322.5001
383.9286	322.5001
383.9286	323.0120
381.8810	323.0120
381.8810	322.5001
379.3215	322.5001
379.3215	321.9882
376.7620	321.9882
376.7620	322.5001
374.2025	322.5001
374.2025	323.0120
373.6905	323.0120
373.6905	322.5001
372.6667	322.5001
372.6667	321.9882
371.6429	321.9882
371.6429	321.4763
369.0834	321.4763
369.0834	320.9643
366.0120	320.9643
366.0120	321.4763
363.4525	321.4763
363.4525	321.9882
361.9167	321.9882
361.9167	322.5001
359.8691	322.5001
359.8691	321.9882
357.3096	321.9882
357.3096	321.4763
354.7501	321.4763
354.7501	321.9882
352.1905	321.9882
352.1905	322.5001
351.1667	322.5001
351.1667	323.0120
350.1429	323.0120
350.1429	323.5239
349.1191	323.5239
349.1191	324.0358
345.0239	324.0358
345.0239	324.5477
342.4644	324.5477
342.4644	325.0596
341.4405	325.0596
341.4405	325.5715
340.4167	325.5715
340.4167	326.0834
339.9048	326.0834
339.9048	326.5953
339.3929	326.5953
339.3929	327.1072
338.8810	327.1072
338.8810	327.6191
338.3691	327.6191
338.3691	328.1310
337.8572	328.1310
337.8572	329.1548
337.3453	329.1548
337.3453	330.1786
336.8334	330.1786
336.8334	332.7382
336.3215	332.7382
336.3215	344.0001
336.8334	344.0001
336.8334	350.6548
337.3453	350.6548
337.3453	356.7977
337.8572	356.7977
337.8572	358.3334
336.8334	358.3334
336.8334	357.3096
336.3215	357.3096
336.3215	356.2858
335.8096	356.2858
335.8096	355.7739
335.2977	355.7739
335.2977	355.2620
334.7858	355.2620
334.7858	354.2382
334.2739	354.2382
334.2739	353.7263
333.7620	353.7263
333.7620	353.2144
333.2501	353.2144
333.2501	352.7024
332.7382	352.7024
332.7382	351.6786
332.2263	351.6786
332.2263	349.1191
331.7143	349.1191
331.7143	348.0953
331.2024	348.0953
331.2024	346.0477
330.6905	346.0477
330.6905	345.0239
330.1786	345.0239
330.1786	344.0001
329.6667	344.0001
329.6667	343.4882
329.1548	343.4882
329.1548	342.9763
328.6429	342.9763
328.6429	342.4644
328.1310	342.4644
328.1310	341.9524
327.6191	341.9524
327.6191	341.4405
327.1072	341.4405
327.1072	340.9286
326.0834	340.9286
326.0834	340.4167
325.5715	340.4167
325.5715	339.9048
325.0596	339.9048
325.0596	338.8810
325.5715	338.8810
325.5715	338.3691
326.0834	338.3691
326.0834	337.3453
326.5953	337.3453
326.5953	336.3215
327.1072	336.3215
327.1072	333.7620
327.6191	333.7620
327.6191	331.2024
327.1072	331.2024
327.1072	328.6429
326.5953	328.6429
326.5953	327.6191
326.0834	327.6191
326.0834	326.5953
325.5715	326.5953
325.5715	326.0834
325.0596	326.0834
325.0596	325.5715
324.5477	325.5715
324.5477	325.0596
324.0358	325.0596
324.0358	324.5477
323.5239	324.5477
323.5239	324.0358
323.0120	324.0358
323.0120	323.5239
322.5001	323.5239
322.5001	323.0120
321.9882	323.0120
321.9882	322.5001
321.4763	322.5001
321.4763	321.9882
320.4524	321.9882
320.4524	321.4763
319.9405	321.4763
319.9405	319.4286
319.4286	319.4286
319.4286	318.4048
318.9167	318.4048
318.9167	317.3810
318.4048	317.3810
318.4048	316.8691
317.8929	316.8691
317.8929	316.3572
317.3810	316.3572
317.3810	315.8453
316.8691	315.8453
316.8691	315.3334
316.3572	315.3334
316.3572	314.8215
315.8453	314.8215
315.8453	313.7977
315.3334	313.7977
315.3334	313.2858
314.8215	313.2858
314.8215	312.7739
314.3096	312.7739
314.3096	312.2620
313.7977	312.2620
313.7977	311.7501
313.2858	311.7501
313.2858	311.2382
312.2620	311.2382
312.2620	310.7262
311.2382	310.7262
311.2382	310.2143
308.6786	310.2143
308.6786	309.7024
306.1191	309.7024
306.1191	310.2143
303.5596	310.2143
303.5596	310.7262
301.0001	310.7262
301.0001	310.2143
297.9286	310.2143
297.9286	309.7024
293.8334	309.7024
293.8334	309.1905
289.7382	309.1905
289.7382	308.6786
287.1786	308.6786
287.1786	309.1905
284.6191	309.1905
284.6191	309.7024
283.5953	309.7024
283.5953	309.1905
279.5001	309.1905
279.5001	309.7024
276.9405	309.7024
276.9405	310.2143
275.9167	310.2143
275.9167	310.7262
273.8691	310.7262
273.8691	311.2382
273.3572	311.2382
273.3572	310.7262
272.3334	310.7262
272.3334	310.2143
269.7739	310.2143
269.7739	309.7024
267.2143	309.7024
267.2143	310.2143
264.6548	310.2143
264.6548	310.7262
263.6310	310.7262
263.6310	311.2382
262.6072	311.2382
262.6072	311.7501
262.0953	311.7501
262.0953	312.2620
261.0715	312.2620
261.0715	312.7739
260.5596	312.7739
260.5596	313.2858
260.0477	313.2858
260.0477	313.7977
259.5358	313.7977
259.5358	314.3096
259.0239	314.3096
259.0239	314.8215
258.5120	314.8215
258.5120	315.3334
258.0000	315.3334
258.0000	316.3572
257.4881	316.3572
257.4881	316.8691
256.4643	316.8691
256.4643	316.3572
254.9286	316.3572
254.9286	315.8453
254.4167	315.8453
254.4167	313.7977
253.9048	313.7977
253.9048	311.2382
253.3929	311.2382
253.3929	310.2143
252.8810	310.2143
252.8810	309.1905
252.3691	309.1905
252.3691	308.6786
251.8572	308.6786
251.8572	308.1667
251.3453	308.1667
251.3453	307.6548
250.8334	307.6548
250.8334	307.1429
250.3215	307.1429
250.3215	306.6310
249.8096	306.6310
249.8096	306.1191
248.7858	306.1191
248.7858	305.6072
248.2739	305.6072
248.2739	305.0953
247.7620	305.0953
247.7620	304.5834
246.7381	304.5834
246.7381	304.0715
245.7143	304.0715
245.7143	303.5596
243.1548	303.5596
243.1548	303.0477
239.5715	303.0477
239.5715	300.4882
239.0596	300.4882
239.0596	298.4405
238.5477	298.4405
238.5477	297.4167
238.0358	297.4167
238.0358	296.3929
237.5239	296.3929
237.5239	293.8334
238.0358	293.8334
238.0358	292.8096
238.5477	292.8096
238.5477	290.2501
239.0596	290.2501
239.0596	286.6667
238.5477	286.6667
238.5477	284.6191
240.0834	284.6191
240.0834	284.1072
241.1072	284.1072
241.1072	283.5953
242.1310	283.5953
242.1310	283.0834
242.6429	283.0834
242.6429	282.5715
243.1548	282.5715
243.1548	282.0596
243.6667	282.0596
243.6667	281.5477
244.1786	281.5477
244.1786	281.0358
244.6905	281.0358
244.6905	280.0120
245.2024	280.0120
245.2024	278.9881
245.7143	278.9881
245.7143	276.9405
246.7381	276.9405
246.7381	277.4524
251.8572	277.4524
251.8572	276.9405
254.4167	276.9405
254.4167	276.4286
255.4405	276.4286
255.4405	275.9167
256.4643	275.9167
256.4643	275.4048
257.4881	275.4048
257.4881	274.8929
258.0000	274.8929
258.0000	274.3810
258.5120	274.3810
258.5120	273.8691
259.0239	273.8691
259.0239	273.3572
259.5358	273.3572
259.5358	272.8453
261.5834	272.8453
261.5834	272.3334
262.6072	272.3334
262.6072	271.8215
263.6310	271.8215
263.6310	271.3096
264.6548	271.3096
264.6548	270.7977
266.1905	270.7977
266.1905	270.2858
267.2143	270.2858
267.2143	269.7739
268.2381	269.7739
268.2381	269.2620
269.2620	269.2620
269.2620	268.7501
270.2858	268.7501
270.2858	268.2381
270.7977	268.2381
270.7977	267.7262
271.3096	267.7262
271.3096	267.2143
271.8215	267.2143
271.8215	266.7024
273.3572	266.7024
273.3572	266.1905
274.3810	266.1905
274.3810	265.6786
275.4048	265.6786
275.4048	265.1667
275.9167	265.1667
275.9167	264.6548
276.4286	264.6548
276.4286	264.1429
276.9405	264.1429
276.9405	263.6310
277.4524	263.6310
277.4524	263.1191
277.9643	263.1191
277.9643	262.6072
278.4762	262.6072
278.4762	262.0953
278.9881	262.0953
278.9881	261.0715
279.5001	261.0715
279.5001	260.0477
280.0120	260.0477
280.0120	257.4881
280.5239	257.4881
280.5239	256.9762
281.0358	256.9762
281.0358	256.4643
281.5477	256.4643
281.5477	255.9524
282.0596	255.9524
282.0596	254.9286
282.5715	254.9286
282.5715	253.9048
283.0834	253.9048
283.0834	251.3453
283.5953	251.3453
283.5953	248.2739
283.0834	248.2739
283.0834	247.7620
283.5953	247.7620
283.5953	246.2262
284.1072	246.2262
284.1072	243.6667
286.1548	243.6667
286.1548	243.1548
287.1786	243.1548
287.1786	242.6429
288.2024	242.6429
288.2024	242.1310
288.7143	242.1310
288.7143	241.6191
289.2262	241.6191
289.2262	241.1072
289.7382	241.1072
289.7382	240.5953
290.2501	240.5953
290.2501	240.0834
290.7620	240.0834
290.7620	239.5715
291.2739	239.5715
291.2739	239.0596
291.7858	239.0596
291.7858	238.0358
292.2977	238.0358
292.2977	237.0119
292.8096	237.0119
292.8096	234.4524
293.3215	234.4524
293.3215	229.8453
292.8096	229.8453
292.8096	227.7977
293.3215	227.7977
293.3215	227.2858
294.3453	227.2858
294.3453	227.7977
295.3691	227.7977
295.3691	228.3096
295.8810	228.3096
295.8810	228.8215
296.9048	228.8215
296.9048	229.3334
297.9286	229.3334
297.9286	229.8453
300.4882	229.8453
300.4882	230.3572
305.0953	230.3572
305.0953	229.8453
307.6548	229.8453
307.6548	229.3334
310.7262	229.3334
310.7262	229.8453
314.8215	229.8453
314.8215	229.3334
317.3810	229.3334
317.3810	228.8215
319.4286	228.8215
319.4286	228.3096
320.4524	228.3096
320.4524	227.7977
321.4763	227.7977
321.4763	227.2858
321.9882	227.2858
321.9882	226.7739
323.0120	226.7739
323.0120	226.2619
324.0358	226.2619
324.0358	225.7500
330.1786	225.7500
