336.8334	226.2619
337.3453	226.2619
337.3453	227.2858
337.8572	227.2858
337.8572	228.3096
338.3691	228.3096
338.3691	228.8215
338.8810	228.8215
338.8810	229.3334
339.3929	229.3334
339.3929	229.8453
339.9048	229.8453
339.9048	230.3572
340.4167	230.3572
340.4167	230.8691
341.4405	230.8691
341.4405	231.3810
342.4644	231.3810
342.4644	231.8929
345.0239	231.8929
345.0239	232.4048
347.5834	232.4048
347.5834	231.8929
348.6072	231.8929
348.6072	232.4048
349.1191	232.4048
349.1191	232.9167
349.6310	232.9167
349.6310	233.4286
350.6548	233.4286
350.6548	233.9405
351.6786	233.9405
351.6786	234.4524
353.2144	234.4524
353.2144	234.9643
355.7739	234.9643
355.7739	235.4762
356.7977	235.4762
356.7977	235.9881
357.8215	235.9881
357.8215	236.5000
358.8453	236.5000
358.8453	237.0119
361.4048	237.0119
361.4048	237.5239
361.9167	237.5239
361.9167	238.0358
362.4286	238.0358
362.4286	238.5477
362.9405	238.5477
362.9405	239.0596
363.4525	239.0596
363.4525	239.5715
364.4763	239.5715
364.4763	240.0834
365.5001	240.0834
365.5001	240.5953
367.5477	240.5953
367.5477	241.1072
370.1072	241.1072
370.1072	241.6191
374.7144	241.6191
374.7144	241.1072
377.2739	241.1072
377.2739	240.5953
378.2977	240.5953
378.2977	240.0834
380.3453	240.0834
380.3453	240.5953
380.8572	240.5953
380.8572	241.1072
381.3691	241.1072
381.3691	242.6429
381.8810	242.6429
381.8810	244.1786
381.3691	244.1786
381.3691	246.7381
380.8572	246.7381
380.8572	249.8096
381.3691	249.8096
381.3691	252.3691
381.8810	252.3691
381.8810	253.3929
382.3929	253.3929
382.3929	254.4167
382.9048	254.4167
382.9048	254.9286
383.4167	254.9286
383.4167	255.4405
383.9286	255.4405
383.9286	255.9524
384.4405	255.9524
384.4405	256.4643
384.9525	256.4643
384.9525	256.9762
385.4644	256.9762
385.4644	257.4881
386.4882	257.4881
386.4882	258.0000
387.5120	258.0000
387.5120	258.5120
388.0239	258.5120
388.0239	259.0239
388.5358	259.0239
388.5358	259.5358
389.0477	259.5358
389.0477	261.0715
389.5596	261.0715
389.5596	263.1191
390.0715	263.1191
390.0715	264.1429
390.5834	264.1429
390.5834	265.1667
391.0953	265.1667
391.0953	265.6786
391.6072	265.6786
391.6072	266.1905
392.1191	266.1905
392.1191	266.7024
392.6310	266.7024
392.6310	267.2143
393.1429	267.2143
393.1429	267.7262
393.6548	267.7262
393.6548	268.2381
394.1667	268.2381
394.1667	268.7501
394.6786	268.7501
394.6786	269.2620
395.1906	269.2620
395.1906	269.7739
395.7025	269.7739
395.7025	270.7977
396.2144	270.7977
396.2144	271.3096
396.7263	271.3096
396.7263	271.8215
397.2382	271.8215
397.2382	272.3334
397.7501	272.3334
397.7501	272.8453
398.2620	272.8453
398.2620	273.3572
398.7739	273.3572
398.7739	273.8691
399.2858	273.8691
399.2858	274.3810
399.7977	274.3810
399.7977	275.4048
400.3096	275.4048
400.3096	275.9167
400.8215	275.9167
400.8215	276.4286
401.3334	276.4286
401.3334	276.9405
401.8453	276.9405
401.8453	277.4524
402.3572	277.4524
402.3572	277.9643
402.8691	277.9643
402.8691	278.4762
403.3810	278.4762
403.3810	278.9881
403.8929	278.9881
403.8929	279.5001
404.4048	279.5001
404.4048	280.0120
404.9167	280.0120
404.9167	280.5239
405.4286	280.5239
405.4286	281.0358
405.9406	281.0358
405.9406	281.5477
406.4525	281.5477
406.4525	282.5715
403.8929	282.5715
403.8929	283.0834
402.8691	283.0834
402.8691	283.5953
401.8453	283.5953
401.8453	284.1072
401.3334	284.1072
401.3334	284.6191
400.8215	284.6191
400.8215	285.1310
400.3096	285.1310
400.3096	285.6429
399.7977	285.6429
399.7977	286.1548
399.2858	286.1548
399.2858	286.6667
398.7739	286.6667
398.7739	287.1786
398.2620	287.1786
398.2620	288.2024
397.7501	288.2024
397.7501	289.2262
397.2382	289.2262
397.2382	291.7858
396.7263	291.7858
396.7263	292.2977
396.2144	292.2977
396.2144	293.3215
395.7025	293.3215
395.7025	294.3453
395.1906	294.3453
395.1906	296.9048
394.6786	296.9048
394.6786	299.9762
394.1667	299.9762
394.1667	301.0001
393.6548	301.0001
393.6548	303.5596
393.1429	303.5596
393.1429	307.6548
392.6310	307.6548
392.6310	311.2382
393.1429	311.2382
393.1429	313.7977
393.6548	313.7977
393.6548	314.8215
394.1667	314.8215
394.1667	315.8453
394.6786	315.8453
394.6786	316.3572
395.1906	316.3572
395.1906	316.8691
394.6786	316.8691
394.6786	317.3810
394.1667	317.3810
394.1667	317.8929
393.6548	317.8929
393.6548	318.4048
392.1191	318.4048
392.1191	317.8929
391.0953	317.8929
391.0953	317.3810
388.5358	317.3810
388.5358	316.8691
385.9763	316.8691
385.9763	317.3810
383.4167	317.3810
383.4167	317.8929
382.3929	317.8929
382.3929	318.4048
381.3691	318.4048
381.3691	318.9167
378.8096	318.9167
378.8096	319.4286
377.7858	319.4286
377.7858	319.9405
376.7620	319.9405
376.7620	320.4524
375.7382	320.4524
375.7382	320.9643
375.2263	320.9643
375.2263	321.4763
374.7144	321.4763
374.7144	321.9882
374.2025	321.9882
374.2025	322.5001
373.6905	322.5001
373.6905	323.0120
373.1786	323.0120
373.1786	324.0358
370.6191	324.0358
370.6191	324.5477
369.5953	324.5477
369.5953	325.0596
368.5715	325.0596
368.5715	325.5715
367.5477	325.5715
367.5477	326.0834
367.0358	326.0834
367.0358	326.5953
366.5239	326.5953
366.5239	327.1072
366.0120	327.1072
366.0120	327.6191
365.5001	327.6191
365.5001	328.1310
364.9882	328.1310
364.9882	329.1548
364.4763	329.1548
364.4763	330.1786
363.9644	330.1786
363.9644	332.7382
363.4525	332.7382
363.4525	337.3453
363.9644	337.3453
363.9644	340.9286
364.4763	340.9286
364.4763	344.0001
364.9882	344.0001
364.9882	346.5596
365.5001	346.5596
365.5001	348.0953
366.0120	348.0953
366.0120	349.1191
366.5239	349.1191
366.5239	351.6786
367.0358	351.6786
367.0358	353.7263
367.5477	353.7263
367.5477	355.7739
368.0596	355.7739
368.0596	357.3096
368.5715	357.3096
368.5715	362.9405
369.0834	362.9405
369.0834	365.5001
369.5953	365.5001
369.5953	367.5477
370.1072	367.5477
370.1072	368.5715
370.6191	368.5715
370.6191	369.5953
371.1310	369.5953
371.1310	370.6191
371.6429	370.6191
371.6429	373.1786
372.1548	373.1786
372.1548	374.2025
372.6667	374.2025
372.6667	376.2501
373.1786	376.2501
373.1786	377.2739
373.6905	377.2739
373.6905	378.2977
374.2025	378.2977
374.2025	378.8096
373.6905	378.8096
373.6905	378.2977
372.6667	378.2977
372.6667	377.7858
372.1548	377.7858
372.1548	376.2501
371.6429	376.2501
371.6429	375.2263
371.1310	375.2263
371.1310	374.2025
370.6191	374.2025
370.6191	372.6667
370.1072	372.6667
370.1072	371.1310
369.5953	371.1310
369.5953	370.1072
369.0834	370.1072
369.0834	369.0834
368.5715	369.0834
368.5715	368.0596
368.0596	368.0596
368.0596	367.0358
367.5477	367.0358
367.5477	364.4763
367.0358	364.4763
367.0358	362.9405
366.5239	362.9405
366.5239	361.4048
366.0120	361.4048
366.0120	360.3810
365.5001	360.3810
365.5001	359.3572
364.9882	359.3572
364.9882	358.8453
364.4763	358.8453
364.4763	357.8215
363.9644	357.8215
363.9644	357.3096
363.4525	357.3096
363.4525	356.7977
362.9405	356.7977
362.9405	355.7739
362.4286	355.7739
362.4286	354.7501
361.9167	354.7501
361.9167	353.7263
361.4048	353.7263
361.4048	352.7024
360.8929	352.7024
360.8929	350.1429
360.3810	350.1429
360.3810	349.1191
359.8691	349.1191
359.8691	347.5834
359.3572	347.5834
359.3572	346.5596
358.8453	346.5596
358.8453	344.5120
358.3334	344.5120
358.3334	342.9763
357.8215	342.9763
357.8215	341.9524
357.3096	341.9524
357.3096	340.9286
356.7977	340.9286
356.7977	340.4167
356.2858	340.4167
356.2858	339.9048
355.7739	339.9048
355.7739	339.3929
355.2620	339.3929
355.2620	338.8810
354.7501	338.8810
354.7501	338.3691
354.2382	338.3691
354.2382	337.8572
353.7263	337.8572
353.7263	337.3453
353.2144	337.3453
353.2144	336.3215
352.7024	336.3215
352.7024	335.8096
352.1905	335.8096
352.1905	335.2977
351.6786	335.2977
351.6786	334.2739
351.1667	334.2739
351.1667	333.2501
350.6548	333.2501
350.6548	332.7382
350.1429	332.7382
350.1429	332.2263
349.6310	332.2263
349.6310	331.7143
349.1191	331.7143
349.1191	331.2024
348.6072	331.2024
348.6072	330.6905
347.5834	330.6905
347.5834	330.1786
346.5596	330.1786
346.5596	329.6667
344.0001	329.6667
344.0001	329.1548
339.9048	329.1548
339.9048	328.6429
336.8334	328.6429
336.8334	327.6191
336.3215	327.6191
336.3215	326.5953
335.8096	326.5953
335.8096	326.0834
335.2977	326.0834
335.2977	325.5715
334.7858	325.5715
334.7858	325.0596
334.2739	325.0596
334.2739	324.5477
333.7620	324.5477
333.7620	324.0358
333.2501	324.0358
333.2501	323.5239
332.2263	323.5239
332.2263	323.0120
331.7143	323.0120
331.7143	322.5001
331.2024	322.5001
331.2024	321.9882
330.6905	321.9882
330.6905	321.4763
329.6667	321.4763
329.6667	320.9643
329.1548	320.9643
329.1548	320.4524
328.6429	320.4524
328.6429	319.9405
328.1310	319.9405
328.1310	319.4286
327.6191	319.4286
327.6191	318.9167
327.1072	318.9167
327.1072	318.4048
326.5953	318.4048
326.5953	317.8929
326.0834	317.8929
326.0834	317.3810
325.5715	317.3810
325.5715	316.8691
325.0596	316.8691
325.0596	316.3572
324.0358	316.3572
324.0358	315.8453
323.0120	315.8453
323.0120	315.3334
320.4524	315.3334
320.4524	314.8215
313.2858	314.8215
313.2858	315.3334
309.7024	315.3334
309.7024	314.8215
305.0953	314.8215
305.0953	314.3096
302.5358	314.3096
302.5358	314.8215
299.9762	314.8215
299.9762	315.3334
297.9286	315.3334
297.9286	315.8453
296.9048	315.8453
296.9048	316.3572
295.8810	316.3572
295.8810	316.8691
295.3691	316.8691
295.3691	317.3810
294.8572	317.3810
294.8572	317.8929
294.3453	317.8929
294.3453	318.4048
293.8334	318.4048
293.8334	318.9167
293.3215	318.9167
293.3215	319.4286
292.8096	319.4286
292.8096	320.4524
292.2977	320.4524
292.2977	321.4763
290.2501	321.4763
290.2501	321.9882
289.2262	321.9882
289.2262	322.5001
287.6905	322.5001
287.6905	323.0120
286.6667	323.0120
286.6667	323.5239
285.6429	323.5239
285.6429	324.0358
284.1072	324.0358
284.1072	323.5239
278.9881	323.5239
278.9881	324.0358
276.4286	324.0358
276.4286	324.5477
275.9167	324.5477
275.9167	324.0358
274.8929	324.0358
274.8929	323.5239
273.8691	323.5239
273.8691	323.0120
271.8215	323.0120
271.8215	322.5001
269.2620	322.5001
269.2620	321.4763
268.7501	321.4763
268.7501	320.4524
268.2381	320.4524
268.2381	319.4286
267.7262	319.4286
267.7262	318.9167
267.2143	318.9167
267.2143	318.4048
266.7024	318.4048
266.7024	317.8929
266.1905	317.8929
266.1905	317.3810
265.6786	317.3810
265.6786	316.8691
264.6548	316.8691
264.6548	316.3572
263.6310	316.3572
263.6310	315.8453
261.0715	315.8453
261.0715	315.3334
258.5120	315.3334
258.5120	314.8215
255.9524	314.8215
255.9524	315.3334
253.3929	315.3334
253.3929	315.8453
252.3691	315.8453
252.3691	316.3572
251.3453	316.3572
251.3453	316.8691
250.8334	316.8691
250.8334	317.3810
250.3215	317.3810
250.3215	317.8929
249.8096	317.8929
249.8096	318.4048
249.2977	318.4048
249.2977	318.9167
248.7858	318.9167
248.7858	319.9405
248.2739	319.9405
248.2739	320.9643
247.7620	320.9643
247.7620	323.5239
247.2500	323.5239
247.2500	326.5953
247.7620	326.5953
247.7620	327.1072
247.2500	327.1072
247.2500	327.6191
246.7381	327.6191
246.7381	328.1310
246.2262	328.1310
246.2262	328.6429
245.2024	328.6429
245.2024	329.1548
244.1786	329.1548
244.1786	328.6429
243.6667	328.6429
243.6667	328.1310
242.6429	328.1310
242.6429	327.6191
241.6191	327.6191
241.6191	327.1072
239.0596	327.1072
239.0596	326.5953
235.9881	326.5953
235.9881	326.0834
235.4762	326.0834
235.4762	325.0596
237.0119	325.0596
237.0119	325.5715
240.0834	325.5715
240.0834	325.0596
242.6429	325.0596
242.6429	324.5477
243.6667	324.5477
243.6667	324.0358
244.6905	324.0358
244.6905	323.5239
245.2024	323.5239
245.2024	323.0120
245.7143	323.0120
245.7143	322.5001
246.2262	322.5001
246.2262	321.9882
246.7381	321.9882
246.7381	321.4763
247.2500	321.4763
247.2500	320.4524
247.7620	320.4524
247.7620	319.4286
248.2739	319.4286
248.2739	316.8691
248.7858	316.8691
248.7858	314.3096
248.2739	314.3096
248.2739	311.7501
247.7620	311.7501
247.7620	310.7262
247.2500	310.7262
247.2500	309.7024
246.7381	309.7024
246.7381	308.6786
246.2262	308.6786
246.2262	306.1191
245.7143	306.1191
245.7143	305.0953
245.2024	305.0953
245.2024	304.0715
244.6905	304.0715
244.6905	303.0477
244.1786	303.0477
244.1786	302.5358
243.6667	302.5358
243.6667	302.0239
243.1548	302.0239
243.1548	301.5120
242.6429	301.5120
242.6429	301.0001
242.1310	301.0001
242.1310	300.4882
241.6191	300.4882
241.6191	299.9762
240.5953	299.9762
240.5953	299.4643
240.0834	299.4643
240.0834	297.9286
242.6429	297.9286
242.6429	297.4167
243.6667	297.4167
243.6667	296.9048
244.6905	296.9048
244.6905	296.3929
245.2024	296.3929
245.2024	295.8810
245.7143	295.8810
245.7143	295.3691
246.2262	295.3691
246.2262	294.8572
246.7381	294.8572
246.7381	294.3453
247.7620	294.3453
247.7620	293.8334
249.2977	293.8334
249.2977	294.8572
249.8096	294.8572
249.8096	295.8810
250.3215	295.8810
250.3215	296.9048
250.8334	296.9048
250.8334	297.4167
251.3453	297.4167
251.3453	297.9286
251.8572	297.9286
251.8572	298.4405
252.3691	298.4405
252.3691	298.9524
252.8810	298.9524
252.8810	299.4643
253.9048	299.4643
253.9048	299.9762
254.9286	299.9762
254.9286	300.4882
256.9762	300.4882
256.9762	301.0001
257.4881	301.0001
257.4881	301.5120
258.0000	301.5120
258.0000	302.0239
259.0239	302.0239
259.0239	302.5358
260.0477	302.5358
260.0477	303.0477
260.5596	303.0477
260.5596	303.5596
261.5834	303.5596
261.5834	304.0715
262.6072	304.0715
262.6072	304.5834
264.6548	304.5834
264.6548	305.0953
267.2143	305.0953
267.2143	305.6072
270.2858	305.6072
270.2858	305.0953
272.8453	305.0953
272.8453	304.5834
273.8691	304.5834
273.8691	304.0715
274.8929	304.0715
274.8929	303.5596
275.4048	303.5596
275.4048	303.0477
275.9167	303.0477
275.9167	302.5358
276.4286	302.5358
276.4286	302.0239
276.9405	302.0239
276.9405	301.5120
277.4524	301.5120
277.4524	300.4882
277.9643	300.4882
277.9643	299.4643
278.4762	299.4643
278.4762	296.9048
278.9881	296.9048
278.9881	294.3453
278.4762	294.3453
278.4762	291.7858
277.9643	291.7858
277.9643	290.7620
277.4524	290.7620
277.4524	289.7382
276.9405	289.7382
276.9405	289.2262
276.4286	289.2262
276.4286	288.7143
275.9167	288.7143
275.9167	288.2024
275.4048	288.2024
275.4048	287.6905
274.8929	287.6905
274.8929	287.1786
273.8691	287.1786
273.8691	286.6667
272.8453	286.6667
272.8453	286.1548
271.3096	286.1548
271.3096	285.1310
272.3334	285.1310
272.3334	284.6191
272.8453	284.6191
272.8453	284.1072
273.3572	284.1072
273.3572	283.5953
273.8691	283.5953
273.8691	283.0834
274.3810	283.0834
274.3810	282.5715
274.8929	282.5715
274.8929	281.5477
275.4048	281.5477
275.4048	280.5239
275.9167	280.5239
275.9167	277.9643
276.4286	277.9643
276.4286	275.4048
275.9167	275.4048
275.9167	272.8453
275.4048	272.8453
275.4048	271.8215
274.8929	271.8215
274.8929	270.7977
274.3810	270.7977
274.3810	270.2858
273.8691	270.2858
273.8691	269.7739
273.3572	269.7739
273.3572	269.2620
272.8453	269.2620
272.8453	268.7501
272.3334	268.7501
272.3334	268.2381
271.3096	268.2381
271.3096	267.7262
270.2858	267.7262
270.2858	267.2143
268.2381	267.2143
268.2381	266.7024
267.7262	266.7024
267.7262	265.1667
268.2381	265.1667
268.2381	264.6548
269.2620	264.6548
269.2620	264.1429
269.7739	264.1429
269.7739	263.6310
270.2858	263.6310
270.2858	263.1191
270.7977	263.1191
270.7977	262.6072
271.3096	262.6072
271.3096	262.0953
271.8215	262.0953
271.8215	261.0715
274.3810	261.0715
274.3810	260.5596
275.4048	260.5596
275.4048	260.0477
276.4286	260.0477
276.4286	259.5358
276.9405	259.5358
276.9405	259.0239
277.4524	259.0239
277.4524	258.5120
280.0120	258.5120
280.0120	258.0000
282.5715	258.0000
282.5715	257.4881
283.5953	257.4881
283.5953	256.9762
284.6191	256.9762
284.6191	256.4643
285.6429	256.4643
285.6429	255.9524
286.1548	255.9524
286.1548	255.4405
286.6667	255.4405
286.6667	254.9286
289.7382	254.9286
289.7382	254.4167
293.3215	254.4167
293.3215	253.9048
295.8810	253.9048
295.8810	253.3929
296.9048	253.3929
296.9048	252.8810
297.9286	252.8810
297.9286	252.3691
298.4405	252.3691
298.4405	251.8572
298.9524	251.8572
298.9524	251.3453
299.4643	251.3453
299.4643	250.8334
299.9762	250.8334
299.9762	250.3215
300.4882	250.3215
300.4882	249.8096
301.0001	249.8096
301.0001	248.7858
301.5120	248.7858
301.5120	247.7620
302.0239	247.7620
302.0239	246.7381
302.5358	246.7381
302.5358	244.1786
303.5596	244.1786
303.5596	244.6905
307.6548	244.6905
307.6548	244.1786
310.2143	244.1786
310.2143	243.6667
311.2382	243.6667
311.2382	243.1548
312.2620	243.1548
312.2620	242.6429
312.7739	242.6429
312.7739	242.1310
313.2858	242.1310
313.2858	241.6191
313.7977	241.6191
313.7977	241.1072
315.3334	241.1072
315.3334	240.5953
316.3572	240.5953
316.3572	240.0834
317.3810	240.0834
317.3810	239.5715
318.4048	239.5715
318.4048	239.0596
318.9167	239.0596
318.9167	238.5477
320.4524	238.5477
320.4524	238.0358
321.4763	238.0358
321.4763	237.5239
322.5001	237.5239
322.5001	237.0119
325.0596	237.0119
325.0596	236.5000
326.5953	236.5000
326.5953	235.9881
327.6191	235.9881
327.6191	235.4762
328.6429	235.4762
328.6429	234.9643
329.1548	234.9643
329.1548	234.4524
329.6667	234.4524
329.6667	233.9405
330.1786	233.9405
330.1786	233.4286
330.6905	233.4286
330.6905	232.9167
331.2024	232.9167
331.2024	232.4048
331.7143	232.4048
331.7143	231.8929
332.2263	231.8929
332.2263	231.3810
332.7382	231.3810
332.7382	230.8691
333.2501	230.8691
333.2501	230.3572
333.7620	230.3572
333.7620	229.8453
334.2739	229.8453
334.2739	229.3334
334.7858	229.3334
334.7858	228.3096
335.2977	228.3096
335.2977	227.2858
335.8096	227.2858
335.8096	225.7500
336.8334	225.7500
