333.2501	228.3096
333.7620	228.3096
333.7620	228.8215
334.2739	228.8215
334.2739	229.3334
334.7858	229.3334
334.7858	229.8453
335.2977	229.8453
335.2977	230.3572
335.8096	230.3572
335.8096	230.8691
336.8334	230.8691
336.8334	231.3810
337.8572	231.3810
337.8572	231.8929
338.8810	231.8929
338.8810	232.4048
339.3929	232.4048
339.3929	232.9167
340.4167	232.9167
340.4167	233.4286
341.4405	233.4286
341.4405	233.9405
344.0001	233.9405
344.0001	234.4524
346.5596	234.4524
346.5596	234.9643
352.1905	234.9643
352.1905	234.4524
353.2144	234.4524
353.2144	234.9643
353.7263	234.9643
353.7263	235.4762
354.2382	235.4762
354.2382	235.9881
354.7501	235.9881
354.7501	237.5239
355.2620	237.5239
355.2620	238.5477
355.7739	238.5477
355.7739	239.5715
356.2858	239.5715
356.2858	240.0834
356.7977	240.0834
356.7977	240.5953
357.3096	240.5953
357.3096	241.1072
357.8215	241.1072
357.8215	241.6191
358.3334	241.6191
358.3334	242.1310
359.3572	242.1310
359.3572	242.6429
360.3810	242.6429
360.3810	243.1548
362.9405	243.1548
362.9405	243.6667
365.5001	243.6667
365.5001	243.1548
366.0120	243.1548
366.0120	243.6667
371.6429	243.6667
371.6429	243.1548
374.2025	243.1548
374.2025	242.6429
375.2263	242.6429
375.2263	242.1310
376.7620	242.1310
376.7620	242.6429
377.2739	242.6429
377.2739	243.1548
377.7858	243.1548
377.7858	244.1786
378.2977	244.1786
378.2977	246.2262
377.7858	246.2262
377.7858	250.8334
378.2977	250.8334
378.2977	253.3929
378.8096	253.3929
378.8096	254.4167
379.3215	254.4167
379.3215	255.4405
379.8334	255.4405
379.8334	255.9524
380.3453	255.9524
380.3453	256.4643
380.8572	256.4643
380.8572	256.9762
381.3691	256.9762
381.3691	257.4881
381.8810	257.4881
381.8810	258.0000
382.9048	258.0000
382.9048	258.5120
383.9286	258.5120
383.9286	259.0239
384.4405	259.0239
384.4405	259.5358
384.9525	259.5358
384.9525	260.0477
385.4644	260.0477
385.4644	262.0953
385.9763	262.0953
385.9763	263.1191
386.4882	263.1191
386.4882	264.1429
387.0001	264.1429
387.0001	264.6548
387.5120	264.6548
387.5120	265.1667
388.0239	265.1667
388.0239	265.6786
388.5358	265.6786
388.5358	266.1905
389.0477	266.1905
389.0477	266.7024
390.0715	266.7024
390.0715	267.2143
391.0953	267.2143
391.0953	267.7262
393.1429	267.7262
393.1429	268.2381
395.7025	268.2381
395.7025	270.7977
396.2144	270.7977
396.2144	271.8215
396.7263	271.8215
396.7263	272.8453
397.2382	272.8453
397.2382	273.3572
397.7501	273.3572
397.7501	273.8691
398.2620	273.8691
398.2620	274.3810
398.7739	274.3810
398.7739	274.8929
399.2858	274.8929
399.2858	275.4048
400.3096	275.4048
400.3096	275.9167
401.3334	275.9167
401.3334	276.4286
402.8691	276.4286
402.8691	276.9405
403.8929	276.9405
403.8929	278.4762
403.3810	278.4762
403.3810	279.5001
402.8691	279.5001
402.8691	282.0596
402.3572	282.0596
402.3572	285.6429
402.8691	285.6429
402.8691	286.6667
402.3572	286.6667
402.3572	287.6905
401.8453	287.6905
401.8453	290.2501
401.3334	290.2501
401.3334	292.8096
401.8453	292.8096
401.8453	294.8572
401.3334	294.8572
401.3334	295.3691
400.3096	295.3691
400.3096	294.8572
397.7501	294.8572
397.7501	295.3691
395.1906	295.3691
395.1906	295.8810
393.6548	295.8810
393.6548	296.3929
392.6310	296.3929
392.6310	296.9048
391.6072	296.9048
391.6072	297.4167
390.5834	297.4167
390.5834	297.9286
389.5596	297.9286
389.5596	298.4405
389.0477	298.4405
389.0477	298.9524
388.5358	298.9524
388.5358	299.4643
388.0239	299.4643
388.0239	299.9762
387.5120	299.9762
387.5120	300.4882
387.0001	300.4882
387.0001	301.0001
386.4882	301.0001
386.4882	302.0239
385.9763	302.0239
385.9763	303.0477
385.4644	303.0477
385.4644	305.0953
384.9525	305.0953
384.9525	306.1191
384.4405	306.1191
384.4405	308.1667
383.4167	308.1667
383.4167	308.6786
382.3929	308.6786
382.3929	309.1905
381.3691	309.1905
381.3691	309.7024
380.3453	309.7024
380.3453	310.2143
379.3215	310.2143
379.3215	310.7262
378.8096	310.7262
378.8096	311.2382
378.2977	311.2382
378.2977	311.7501
377.7858	311.7501
377.7858	312.2620
377.2739	312.2620
377.2739	312.7739
376.7620	312.7739
376.7620	313.7977
376.2501	313.7977
376.2501	313.2858
372.1548	313.2858
372.1548	313.7977
369.5953	313.7977
369.5953	314.3096
368.5715	314.3096
368.5715	314.8215
367.5477	314.8215
367.5477	315.3334
367.0358	315.3334
367.0358	315.8453
366.5239	315.8453
366.5239	316.3572
366.0120	316.3572
366.0120	316.8691
365.5001	316.8691
365.5001	317.3810
364.9882	317.3810
364.9882	317.8929
364.4763	317.8929
364.4763	318.4048
363.9644	318.4048
363.9644	318.9167
363.4525	318.9167
363.4525	319.4286
362.9405	319.4286
362.9405	319.9405
362.4286	319.9405
362.4286	320.4524
361.9167	320.4524
361.9167	321.4763
361.4048	321.4763
361.4048	322.5001
360.8929	322.5001
360.8929	325.0596
360.3810	325.0596
360.3810	329.6667
359.8691	329.6667
359.8691	335.8096
360.3810	335.8096
360.3810	338.3691
360.8929	338.3691
360.8929	340.9286
361.4048	340.9286
361.4048	341.9524
361.9167	341.9524
361.9167	343.4882
362.4286	343.4882
362.4286	345.0239
362.9405	345.0239
362.9405	346.5596
363.4525	346.5596
363.4525	347.5834
363.9644	347.5834
363.9644	348.6072
364.4763	348.6072
364.4763	349.6310
364.9882	349.6310
364.9882	350.6548
365.5001	350.6548
365.5001	351.6786
366.0120	351.6786
366.0120	353.2144
366.5239	353.2144
366.5239	356.7977
367.0358	356.7977
367.0358	359.3572
367.5477	359.3572
367.5477	361.4048
368.0596	361.4048
368.0596	362.9405
368.5715	362.9405
368.5715	363.9644
369.0834	363.9644
369.0834	366.5239
369.5953	366.5239
369.5953	368.5715
370.1072	368.5715
370.1072	370.1072
370.6191	370.1072
370.6191	372.1548
371.1310	372.1548
371.1310	373.1786
370.6191	373.1786
370.6191	372.1548
370.1072	372.1548
370.1072	371.6429
369.5953	371.6429
369.5953	371.1310
369.0834	371.1310
369.0834	370.1072
368.5715	370.1072
368.5715	369.0834
368.0596	369.0834
368.0596	368.5715
367.5477	368.5715
367.5477	366.5239
367.0358	366.5239
367.0358	365.5001
366.5239	365.5001
366.5239	363.9644
366.0120	363.9644
366.0120	362.9405
365.5001	362.9405
365.5001	360.8929
364.9882	360.8929
364.9882	359.8691
364.4763	359.8691
364.4763	358.8453
363.9644	358.8453
363.9644	357.3096
363.4525	357.3096
363.4525	356.2858
362.9405	356.2858
362.9405	355.2620
362.4286	355.2620
362.4286	354.2382
361.9167	354.2382
361.9167	353.7263
361.4048	353.7263
361.4048	352.1905
360.8929	352.1905
360.8929	351.1667
360.3810	351.1667
360.3810	350.1429
359.8691	350.1429
359.8691	348.0953
359.3572	348.0953
359.3572	347.0715
358.8453	347.0715
358.8453	346.0477
358.3334	346.0477
358.3334	344.0001
357.8215	344.0001
357.8215	342.9763
357.3096	342.9763
357.3096	341.9524
356.7977	341.9524
356.7977	340.9286
356.2858	340.9286
356.2858	339.9048
355.7739	339.9048
355.7739	339.3929
355.2620	339.3929
355.2620	338.8810
354.7501	338.8810
354.7501	338.3691
354.2382	338.3691
354.2382	337.8572
353.7263	337.8572
353.7263	337.3453
352.7024	337.3453
352.7024	336.3215
352.1905	336.3215
352.1905	335.8096
351.6786	335.8096
351.6786	335.2977
351.1667	335.2977
351.1667	334.7858
350.6548	334.7858
350.6548	334.2739
350.1429	334.2739
350.1429	333.7620
349.6310	333.7620
349.6310	333.2501
349.1191	333.2501
349.1191	332.7382
348.6072	332.7382
348.6072	332.2263
347.5834	332.2263
347.5834	331.7143
346.5596	331.7143
346.5596	331.2024
344.0001	331.2024
344.0001	330.6905
340.9286	330.6905
340.9286	331.2024
338.3691	331.2024
338.3691	331.7143
337.3453	331.7143
337.3453	332.2263
336.3215	332.2263
336.3215	332.7382
335.2977	332.7382
335.2977	332.2263
334.7858	332.2263
334.7858	331.7143
334.2739	331.7143
334.2739	331.2024
333.7620	331.2024
333.7620	328.6429
333.2501	328.6429
333.2501	326.0834
332.7382	326.0834
332.7382	325.0596
332.2263	325.0596
332.2263	324.0358
331.7143	324.0358
331.7143	323.5239
331.2024	323.5239
331.2024	323.0120
330.6905	323.0120
330.6905	322.5001
330.1786	322.5001
330.1786	321.9882
329.6667	321.9882
329.6667	321.4763
329.1548	321.4763
329.1548	320.9643
328.1310	320.9643
328.1310	320.4524
327.1072	320.4524
327.1072	319.9405
324.5477	319.9405
324.5477	319.4286
324.0358	319.4286
324.0358	318.9167
323.5239	318.9167
323.5239	318.4048
323.0120	318.4048
323.0120	317.8929
322.5001	317.8929
322.5001	317.3810
321.9882	317.3810
321.9882	316.8691
320.9643	316.8691
320.9643	316.3572
319.9405	316.3572
319.9405	315.8453
318.9167	315.8453
318.9167	315.3334
318.4048	315.3334
318.4048	314.8215
317.8929	314.8215
317.8929	314.3096
317.3810	314.3096
317.3810	313.7977
316.8691	313.7977
316.8691	313.2858
316.3572	313.2858
316.3572	312.7739
315.3334	312.7739
315.3334	312.2620
314.3096	312.2620
314.3096	311.7501
311.7501	311.7501
311.7501	311.2382
308.6786	311.2382
308.6786	311.7501
306.1191	311.7501
306.1191	312.2620
305.0953	312.2620
305.0953	312.7739
304.0715	312.7739
304.0715	313.2858
303.5596	313.2858
303.5596	312.7739
303.0477	312.7739
303.0477	310.2143
302.5358	310.2143
302.5358	308.1667
302.0239	308.1667
302.0239	307.1429
301.5120	307.1429
301.5120	304.5834
301.0001	304.5834
301.0001	303.5596
300.4882	303.5596
300.4882	302.5358
299.9762	302.5358
299.9762	302.0239
299.4643	302.0239
299.4643	301.5120
298.9524	301.5120
298.9524	301.0001
298.4405	301.0001
298.4405	300.4882
297.9286	300.4882
297.9286	299.9762
297.4167	299.9762
297.4167	299.4643
296.9048	299.4643
296.9048	298.9524
295.8810	298.9524
295.8810	298.4405
295.3691	298.4405
295.3691	297.9286
294.8572	297.9286
294.8572	297.4167
293.8334	297.4167
293.8334	296.9048
292.8096	296.9048
292.8096	296.3929
290.7620	296.3929
290.7620	295.3691
290.2501	295.3691
290.2501	294.3453
289.7382	294.3453
289.7382	293.3215
289.2262	293.3215
289.2262	292.8096
288.7143	292.8096
288.7143	292.2977
288.2024	292.2977
288.2024	291.7858
287.6905	291.7858
287.6905	291.2739
287.1786	291.2739
287.1786	290.7620
286.1548	290.7620
286.1548	290.2501
285.1310	290.2501
285.1310	289.7382
283.0834	289.7382
283.0834	289.2262
282.0596	289.2262
282.0596	288.7143
279.5001	288.7143
279.5001	288.2024
275.4048	288.2024
275.4048	288.7143
272.8453	288.7143
272.8453	289.2262
271.8215	289.2262
271.8215	289.7382
271.3096	289.7382
271.3096	287.1786
272.3334	287.1786
272.3334	286.6667
273.3572	286.6667
273.3572	286.1548
274.3810	286.1548
274.3810	285.6429
274.8929	285.6429
274.8929	285.1310
275.4048	285.1310
275.4048	284.6191
275.9167	284.6191
275.9167	284.1072
276.4286	284.1072
276.4286	283.5953
276.9405	283.5953
276.9405	282.5715
277.4524	282.5715
277.4524	281.5477
277.9643	281.5477
277.9643	280.0120
278.4762	280.0120
278.4762	277.4524
278.9881	277.4524
278.9881	276.9405
279.5001	276.9405
279.5001	276.4286
280.0120	276.4286
280.0120	275.9167
280.5239	275.9167
280.5239	275.4048
281.0358	275.4048
281.0358	274.3810
281.5477	274.3810
281.5477	273.3572
282.0596	273.3572
282.0596	270.7977
282.5715	270.7977
282.5715	268.2381
282.0596	268.2381
282.0596	265.6786
281.5477	265.6786
281.5477	264.6548
281.0358	264.6548
281.0358	263.6310
280.5239	263.6310
280.5239	263.1191
280.0120	263.1191
280.0120	262.6072
279.5001	262.6072
279.5001	262.0953
278.9881	262.0953
278.9881	261.5834
278.4762	261.5834
278.4762	261.0715
277.4524	261.0715
277.4524	260.5596
276.4286	260.5596
276.4286	260.0477
273.8691	260.0477
273.8691	259.5358
270.7977	259.5358
270.7977	260.0477
268.2381	260.0477
268.2381	260.5596
267.2143	260.5596
267.2143	261.0715
266.1905	261.0715
266.1905	261.5834
265.6786	261.5834
265.6786	262.0953
265.1667	262.0953
265.1667	262.6072
264.6548	262.6072
264.6548	263.1191
264.1429	263.1191
264.1429	262.6072
263.6310	262.6072
263.6310	260.5596
264.1429	260.5596
264.1429	260.0477
264.6548	260.0477
264.6548	259.5358
265.1667	259.5358
265.1667	259.0239
265.6786	259.0239
265.6786	258.5120
266.1905	258.5120
266.1905	258.0000
266.7024	258.0000
266.7024	256.9762
267.2143	256.9762
267.2143	255.9524
267.7262	255.9524
267.7262	254.4167
269.2620	254.4167
269.2620	254.9286
273.3572	254.9286
273.3572	254.4167
275.4048	254.4167
275.4048	254.9286
280.5239	254.9286
280.5239	254.4167
283.0834	254.4167
283.0834	253.9048
284.1072	253.9048
284.1072	253.3929
286.1548	253.3929
286.1548	252.8810
288.7143	252.8810
288.7143	252.3691
291.2739	252.3691
291.2739	251.8572
292.2977	251.8572
292.2977	251.3453
293.3215	251.3453
293.3215	250.8334
293.8334	250.8334
293.8334	250.3215
294.3453	250.3215
294.3453	249.8096
294.8572	249.8096
294.8572	249.2977
295.3691	249.2977
295.3691	248.7858
295.8810	248.7858
295.8810	247.7620
297.4167	247.7620
297.4167	248.2739
302.5358	248.2739
302.5358	247.7620
305.0953	247.7620
305.0953	247.2500
306.1191	247.2500
306.1191	246.7381
307.1429	246.7381
307.1429	246.2262
307.6548	246.2262
307.6548	245.7143
308.1667	245.7143
308.1667	245.2024
308.6786	245.2024
308.6786	244.6905
309.1905	244.6905
309.1905	244.1786
309.7024	244.1786
309.7024	243.6667
310.2143	243.6667
310.2143	242.6429
310.7262	242.6429
310.7262	242.1310
312.7739	242.1310
312.7739	241.6191
313.7977	241.6191
313.7977	241.1072
314.8215	241.1072
314.8215	240.5953
315.8453	240.5953
315.8453	240.0834
316.3572	240.0834
316.3572	239.5715
316.8691	239.5715
316.8691	239.0596
317.3810	239.0596
317.3810	238.5477
318.4048	238.5477
318.4048	238.0358
320.9643	238.0358
320.9643	237.5239
322.5001	237.5239
322.5001	237.0119
324.0358	237.0119
324.0358	236.5000
325.0596	236.5000
325.0596	235.9881
326.0834	235.9881
326.0834	235.4762
327.1072	235.4762
327.1072	234.9643
328.1310	234.9643
328.1310	234.4524
329.1548	234.4524
329.1548	233.9405
329.6667	233.9405
329.6667	233.4286
330.1786	233.4286
330.1786	232.9167
330.6905	232.9167
330.6905	232.4048
331.2024	232.4048
331.2024	231.8929
331.7143	231.8929
331.7143	230.8691
332.2263	230.8691
332.2263	229.8453
332.7382	229.8453
332.7382	227.2858
333.2501	227.2858
