332.7382	228.3096
333.2501	228.3096
333.2501	229.3334
333.7620	229.3334
333.7620	229.8453
334.2739	229.8453
334.2739	230.3572
334.7858	230.3572
334.7858	230.8691
335.2977	230.8691
335.2977	231.3810
335.8096	231.3810
335.8096	231.8929
336.3215	231.8929
336.3215	232.4048
336.8334	232.4048
336.8334	232.9167
337.8572	232.9167
337.8572	233.4286
338.8810	233.4286
338.8810	233.9405
339.9048	233.9405
339.9048	234.4524
341.4405	234.4524
341.4405	234.9643
344.0001	234.9643
344.0001	235.4762
351.1667	235.4762
351.1667	234.9643
352.7024	234.9643
352.7024	235.4762
353.2144	235.4762
353.2144	235.9881
354.2382	235.9881
354.2382	237.0119
354.7501	237.0119
354.7501	238.0358
355.2620	238.0358
355.2620	239.0596
355.7739	239.0596
355.7739	239.5715
356.2858	239.5715
356.2858	240.0834
356.7977	240.0834
356.7977	240.5953
357.3096	240.5953
357.3096	241.1072
357.8215	241.1072
357.8215	241.6191
358.8453	241.6191
358.8453	242.1310
359.8691	242.1310
359.8691	242.6429
362.4286	242.6429
362.4286	243.1548
366.5239	243.1548
366.5239	243.6667
372.1548	243.6667
372.1548	243.1548
374.7144	243.1548
374.7144	242.6429
375.7382	242.6429
375.7382	242.1310
376.7620	242.1310
376.7620	242.6429
377.2739	242.6429
377.2739	243.1548
377.7858	243.1548
377.7858	243.6667
378.2977	243.6667
378.2977	244.6905
378.8096	244.6905
378.8096	246.7381
378.2977	246.7381
378.2977	250.3215
378.8096	250.3215
378.8096	252.8810
379.3215	252.8810
379.3215	253.9048
379.8334	253.9048
379.8334	254.9286
380.3453	254.9286
380.3453	255.4405
380.8572	255.4405
380.8572	255.9524
381.3691	255.9524
381.3691	256.4643
381.8810	256.4643
381.8810	256.9762
382.3929	256.9762
382.3929	257.4881
382.9048	257.4881
382.9048	258.0000
383.9286	258.0000
383.9286	258.5120
384.9525	258.5120
384.9525	259.5358
385.4644	259.5358
385.4644	260.0477
385.9763	260.0477
385.9763	262.0953
386.4882	262.0953
386.4882	263.1191
387.0001	263.1191
387.0001	264.1429
387.5120	264.1429
387.5120	264.6548
388.0239	264.6548
388.0239	265.1667
388.5358	265.1667
388.5358	265.6786
389.0477	265.6786
389.0477	266.1905
389.5596	266.1905
389.5596	266.7024
390.5834	266.7024
390.5834	267.2143
391.6072	267.2143
391.6072	267.7262
393.6548	267.7262
393.6548	268.2381
396.2144	268.2381
396.2144	268.7501
396.7263	268.7501
396.7263	271.3096
397.2382	271.3096
397.2382	272.3334
397.7501	272.3334
397.7501	273.3572
398.2620	273.3572
398.2620	273.8691
398.7739	273.8691
398.7739	274.3810
399.2858	274.3810
399.2858	274.8929
399.7977	274.8929
399.7977	275.4048
400.3096	275.4048
400.3096	275.9167
400.8215	275.9167
400.8215	276.4286
401.3334	276.4286
401.3334	276.9405
402.3572	276.9405
402.3572	277.4524
403.3810	277.4524
403.3810	277.9643
403.8929	277.9643
403.8929	278.4762
404.4048	278.4762
404.4048	279.5001
403.8929	279.5001
403.8929	280.5239
403.3810	280.5239
403.3810	283.0834
402.8691	283.0834
402.8691	286.1548
403.3810	286.1548
403.3810	288.7143
403.8929	288.7143
403.8929	289.2262
403.3810	289.2262
403.3810	292.2977
403.8929	292.2977
403.8929	294.8572
404.4048	294.8572
404.4048	295.8810
404.9167	295.8810
404.9167	296.9048
404.4048	296.9048
404.4048	297.4167
401.8453	297.4167
401.8453	297.9286
400.8215	297.9286
400.8215	298.4405
399.7977	298.4405
399.7977	298.9524
398.7739	298.9524
398.7739	299.4643
398.2620	299.4643
398.2620	299.9762
395.1906	299.9762
395.1906	300.4882
392.6310	300.4882
392.6310	301.0001
391.6072	301.0001
391.6072	301.5120
390.5834	301.5120
390.5834	302.0239
390.0715	302.0239
390.0715	302.5358
389.5596	302.5358
389.5596	303.0477
389.0477	303.0477
389.0477	303.5596
388.5358	303.5596
388.5358	304.0715
388.0239	304.0715
388.0239	305.0953
387.5120	305.0953
387.5120	306.1191
387.0001	306.1191
387.0001	308.1667
386.4882	308.1667
386.4882	310.7262
385.9763	310.7262
385.9763	311.2382
384.4405	311.2382
384.4405	311.7501
383.4167	311.7501
383.4167	311.2382
382.3929	311.2382
382.3929	310.7262
381.3691	310.7262
381.3691	310.2143
378.8096	310.2143
378.8096	309.7024
375.2263	309.7024
375.2263	310.2143
372.6667	310.2143
372.6667	310.7262
371.6429	310.7262
371.6429	311.2382
370.6191	311.2382
370.6191	311.7501
370.1072	311.7501
370.1072	312.2620
369.5953	312.2620
369.5953	312.7739
369.0834	312.7739
369.0834	313.2858
368.5715	313.2858
368.5715	313.7977
368.0596	313.7977
368.0596	314.8215
367.5477	314.8215
367.5477	315.8453
367.0358	315.8453
367.0358	317.8929
366.5239	317.8929
366.5239	318.4048
366.0120	318.4048
366.0120	318.9167
365.5001	318.9167
365.5001	319.4286
364.9882	319.4286
364.9882	319.9405
364.4763	319.9405
364.4763	320.4524
363.9644	320.4524
363.9644	320.9643
363.4525	320.9643
363.4525	321.9882
362.9405	321.9882
362.9405	323.0120
362.4286	323.0120
362.4286	324.0358
361.9167	324.0358
361.9167	326.5953
361.4048	326.5953
361.4048	330.1786
360.8929	330.1786
360.8929	331.2024
360.3810	331.2024
360.3810	333.7620
359.8691	333.7620
359.8691	336.3215
360.3810	336.3215
360.3810	338.8810
360.8929	338.8810
360.8929	339.9048
361.4048	339.9048
361.4048	341.9524
361.9167	341.9524
361.9167	343.4882
362.4286	343.4882
362.4286	344.5120
362.9405	344.5120
362.9405	345.5358
363.4525	345.5358
363.4525	347.0715
363.9644	347.0715
363.9644	348.0953
364.4763	348.0953
364.4763	349.1191
364.9882	349.1191
364.9882	349.6310
365.5001	349.6310
365.5001	350.1429
366.0120	350.1429
366.0120	351.1667
366.5239	351.1667
366.5239	352.1905
367.0358	352.1905
367.0358	353.2144
367.5477	353.2144
367.5477	354.2382
368.0596	354.2382
368.0596	355.7739
368.5715	355.7739
368.5715	359.3572
369.0834	359.3572
369.0834	361.9167
369.5953	361.9167
369.5953	362.9405
370.1072	362.9405
370.1072	364.9882
370.6191	364.9882
370.6191	366.5239
371.1310	366.5239
371.1310	368.0596
371.6429	368.0596
371.6429	370.6191
372.1548	370.6191
372.1548	372.6667
372.6667	372.6667
372.6667	373.6905
373.1786	373.6905
373.1786	375.7382
372.1548	375.7382
372.1548	374.7144
371.6429	374.7144
371.6429	374.2025
371.1310	374.2025
371.1310	373.6905
370.6191	373.6905
370.6191	372.1548
370.1072	372.1548
370.1072	371.1310
369.5953	371.1310
369.5953	370.1072
369.0834	370.1072
369.0834	368.5715
368.5715	368.5715
368.5715	367.5477
368.0596	367.5477
368.0596	366.5239
367.5477	366.5239
367.5477	363.9644
367.0358	363.9644
367.0358	361.9167
366.5239	361.9167
366.5239	360.3810
366.0120	360.3810
366.0120	359.3572
365.5001	359.3572
365.5001	358.3334
364.9882	358.3334
364.9882	357.8215
364.4763	357.8215
364.4763	355.7739
363.9644	355.7739
363.9644	354.7501
363.4525	354.7501
363.4525	353.2144
362.9405	353.2144
362.9405	352.1905
362.4286	352.1905
362.4286	351.1667
361.9167	351.1667
361.9167	350.1429
361.4048	350.1429
361.4048	348.6072
360.8929	348.6072
360.8929	347.5834
360.3810	347.5834
360.3810	345.5358
359.8691	345.5358
359.8691	344.5120
359.3572	344.5120
359.3572	343.4882
358.8453	343.4882
358.8453	342.4644
358.3334	342.4644
358.3334	341.9524
357.8215	341.9524
357.8215	340.9286
357.3096	340.9286
357.3096	339.9048
356.7977	339.9048
356.7977	339.3929
356.2858	339.3929
356.2858	338.8810
355.7739	338.8810
355.7739	338.3691
355.2620	338.3691
355.2620	337.8572
354.7501	337.8572
354.7501	337.3453
354.2382	337.3453
354.2382	336.8334
353.7263	336.8334
353.7263	336.3215
353.2144	336.3215
353.2144	335.8096
352.7024	335.8096
352.7024	335.2977
352.1905	335.2977
352.1905	334.7858
351.6786	334.7858
351.6786	334.2739
351.1667	334.2739
351.1667	333.7620
350.6548	333.7620
350.6548	333.2501
350.1429	333.2501
350.1429	332.7382
349.1191	332.7382
349.1191	332.2263
348.0953	332.2263
348.0953	331.7143
345.5358	331.7143
345.5358	331.2024
342.9763	331.2024
342.9763	331.7143
336.3215	331.7143
336.3215	332.2263
335.2977	332.2263
335.2977	331.7143
334.7858	331.7143
334.7858	330.1786
334.2739	330.1786
334.2739	329.1548
333.7620	329.1548
333.7620	328.1310
333.2501	328.1310
333.2501	327.6191
332.7382	327.6191
332.7382	327.1072
332.2263	327.1072
332.2263	326.5953
331.7143	326.5953
331.7143	326.0834
331.2024	326.0834
331.2024	325.5715
330.6905	325.5715
330.6905	325.0596
330.1786	325.0596
330.1786	324.5477
329.6667	324.5477
329.6667	324.0358
329.1548	324.0358
329.1548	323.5239
328.6429	323.5239
328.6429	323.0120
327.6191	323.0120
327.6191	321.9882
327.1072	321.9882
327.1072	321.4763
326.5953	321.4763
326.5953	320.9643
326.0834	320.9643
326.0834	320.4524
325.5715	320.4524
325.5715	319.9405
325.0596	319.9405
325.0596	318.9167
324.5477	318.9167
324.5477	318.4048
324.0358	318.4048
324.0358	317.8929
323.5239	317.8929
323.5239	317.3810
323.0120	317.3810
323.0120	316.8691
322.5001	316.8691
322.5001	316.3572
321.4763	316.3572
321.4763	315.8453
320.4524	315.8453
320.4524	315.3334
319.4286	315.3334
319.4286	314.8215
318.9167	314.8215
318.9167	313.7977
318.4048	313.7977
318.4048	313.2858
317.8929	313.2858
317.8929	312.7739
317.3810	312.7739
317.3810	312.2620
316.8691	312.2620
316.8691	311.7501
316.3572	311.7501
316.3572	311.2382
315.8453	311.2382
315.8453	310.7262
314.8215	310.7262
314.8215	310.2143
313.7977	310.2143
313.7977	309.7024
311.2382	309.7024
311.2382	309.1905
308.6786	309.1905
308.6786	309.7024
306.1191	309.7024
306.1191	310.2143
304.5834	310.2143
304.5834	309.7024
303.5596	309.7024
303.5596	309.1905
302.5358	309.1905
302.5358	308.6786
301.0001	308.6786
301.0001	308.1667
300.4882	308.1667
300.4882	307.6548
299.4643	307.6548
299.4643	307.1429
298.4405	307.1429
298.4405	306.6310
295.8810	306.6310
295.8810	306.1191
292.2977	306.1191
292.2977	306.6310
291.7858	306.6310
291.7858	306.1191
291.2739	306.1191
291.2739	305.6072
290.7620	305.6072
290.7620	305.0953
289.7382	305.0953
289.7382	304.5834
288.7143	304.5834
288.7143	304.0715
286.1548	304.0715
286.1548	303.5596
282.5715	303.5596
282.5715	304.0715
280.0120	304.0715
280.0120	304.5834
278.9881	304.5834
278.9881	305.0953
277.9643	305.0953
277.9643	305.6072
277.4524	305.6072
277.4524	306.1191
276.9405	306.1191
276.9405	306.6310
276.4286	306.6310
276.4286	307.1429
275.9167	307.1429
275.9167	307.6548
275.4048	307.6548
275.4048	308.6786
274.8929	308.6786
274.8929	309.7024
274.3810	309.7024
274.3810	311.7501
273.8691	311.7501
273.8691	312.7739
271.3096	312.7739
271.3096	313.2858
270.2858	313.2858
270.2858	313.7977
269.2620	313.7977
269.2620	314.3096
268.7501	314.3096
268.7501	314.8215
268.2381	314.8215
268.2381	315.3334
267.7262	315.3334
267.7262	315.8453
267.2143	315.8453
267.2143	316.3572
266.7024	316.3572
266.7024	316.8691
266.1905	316.8691
266.1905	317.8929
265.6786	317.8929
265.6786	318.9167
265.1667	318.9167
265.1667	321.4763
264.6548	321.4763
264.6548	324.0358
265.1667	324.0358
265.1667	326.5953
265.6786	326.5953
265.6786	327.6191
266.1905	327.6191
266.1905	328.6429
266.7024	328.6429
266.7024	329.1548
267.2143	329.1548
267.2143	329.6667
267.7262	329.6667
267.7262	330.1786
268.2381	330.1786
268.2381	330.6905
268.7501	330.6905
268.7501	331.2024
269.7739	331.2024
269.7739	335.8096
269.2620	335.8096
269.2620	336.3215
266.7024	336.3215
266.7024	335.8096
265.6786	335.8096
265.6786	335.2977
264.6548	335.2977
264.6548	334.7858
264.1429	334.7858
264.1429	333.7620
264.6548	333.7620
264.6548	331.2024
265.1667	331.2024
265.1667	328.6429
264.6548	328.6429
264.6548	326.0834
264.1429	326.0834
264.1429	325.0596
263.6310	325.0596
263.6310	324.0358
263.1191	324.0358
263.1191	323.5239
262.6072	323.5239
262.6072	323.0120
262.0953	323.0120
262.0953	322.5001
261.5834	322.5001
261.5834	321.9882
261.0715	321.9882
261.0715	321.4763
260.5596	321.4763
260.5596	320.9643
259.5358	320.9643
259.5358	320.4524
258.5120	320.4524
258.5120	319.9405
255.9524	319.9405
255.9524	319.4286
253.3929	319.4286
253.3929	318.9167
250.3215	318.9167
250.3215	318.4048
248.2739	318.4048
248.2739	315.8453
247.7620	315.8453
247.7620	314.8215
247.2500	314.8215
247.2500	313.7977
246.7381	313.7977
246.7381	312.7739
246.2262	312.7739
246.2262	312.2620
245.7143	312.2620
245.7143	311.7501
245.2024	311.7501
245.2024	311.2382
244.6905	311.2382
244.6905	310.7262
244.1786	310.7262
244.1786	310.2143
243.6667	310.2143
243.6667	309.7024
242.6429	309.7024
242.6429	309.1905
241.6191	309.1905
241.6191	308.6786
239.0596	308.6786
239.0596	308.1667
235.9881	308.1667
235.9881	307.6548
235.4762	307.6548
235.4762	307.1429
234.9643	307.1429
234.9643	306.1191
234.4524	306.1191
234.4524	305.0953
234.9643	305.0953
234.9643	304.5834
235.4762	304.5834
235.4762	304.0715
235.9881	304.0715
235.9881	303.5596
236.5000	303.5596
236.5000	303.0477
237.0119	303.0477
237.0119	302.0239
237.5239	302.0239
237.5239	301.0001
238.0358	301.0001
238.0358	298.4405
238.5477	298.4405
238.5477	295.3691
238.0358	295.3691
238.0358	294.8572
238.5477	294.8572
238.5477	294.3453
239.5715	294.3453
239.5715	294.8572
240.0834	294.8572
240.0834	295.3691
240.5953	295.3691
240.5953	295.8810
241.1072	295.8810
241.1072	296.3929
242.1310	296.3929
242.1310	296.9048
243.1548	296.9048
243.1548	297.4167
245.7143	297.4167
245.7143	297.9286
249.2977	297.9286
249.2977	297.4167
251.8572	297.4167
251.8572	296.9048
252.8810	296.9048
252.8810	296.3929
254.4167	296.3929
254.4167	296.9048
255.4405	296.9048
255.4405	297.4167
255.9524	297.4167
255.9524	297.9286
256.9762	297.9286
256.9762	298.4405
258.0000	298.4405
258.0000	298.9524
260.5596	298.9524
260.5596	299.4643
263.1191	299.4643
263.1191	298.9524
265.6786	298.9524
265.6786	298.4405
266.7024	298.4405
266.7024	297.9286
267.7262	297.9286
267.7262	297.4167
268.2381	297.4167
268.2381	296.9048
268.7501	296.9048
268.7501	296.3929
269.2620	296.3929
269.2620	295.8810
269.7739	295.8810
269.7739	295.3691
270.2858	295.3691
270.2858	294.3453
270.7977	294.3453
270.7977	293.3215
271.3096	293.3215
271.3096	290.7620
271.8215	290.7620
271.8215	287.1786
271.3096	287.1786
271.3096	284.6191
270.7977	284.6191
270.7977	283.5953
270.2858	283.5953
270.2858	282.5715
269.7739	282.5715
269.7739	282.0596
269.2620	282.0596
269.2620	281.5477
268.7501	281.5477
268.7501	281.0358
268.2381	281.0358
268.2381	280.5239
267.7262	280.5239
267.7262	279.5001
267.2143	279.5001
267.2143	278.4762
267.7262	278.4762
267.7262	277.9643
269.7739	277.9643
269.7739	277.4524
270.7977	277.4524
270.7977	276.9405
271.8215	276.9405
271.8215	276.4286
272.3334	276.4286
272.3334	275.9167
272.8453	275.9167
272.8453	275.4048
273.3572	275.4048
273.3572	274.8929
273.8691	274.8929
273.8691	274.3810
274.3810	274.3810
274.3810	273.3572
274.8929	273.3572
274.8929	272.3334
275.4048	272.3334
275.4048	269.7739
275.9167	269.7739
275.9167	267.2143
275.4048	267.2143
275.4048	264.6548
274.8929	264.6548
274.8929	263.6310
274.3810	263.6310
274.3810	262.6072
273.8691	262.6072
273.8691	262.0953
273.3572	262.0953
273.3572	261.5834
272.8453	261.5834
272.8453	261.0715
272.3334	261.0715
272.3334	260.5596
271.8215	260.5596
271.8215	259.5358
271.3096	259.5358
271.3096	258.5120
270.7977	258.5120
270.7977	258.0000
270.2858	258.0000
270.2858	257.4881
269.7739	257.4881
269.7739	256.9762
269.2620	256.9762
269.2620	256.4643
268.7501	256.4643
268.7501	255.9524
267.7262	255.9524
267.7262	255.4405
267.2143	255.4405
267.2143	254.4167
268.7501	254.4167
268.7501	253.9048
269.7739	253.9048
269.7739	253.3929
270.7977	253.3929
270.7977	252.8810
271.8215	252.8810
271.8215	252.3691
272.8453	252.3691
272.8453	251.8572
273.8691	251.8572
273.8691	252.3691
276.4286	252.3691
276.4286	252.8810
281.0358	252.8810
281.0358	253.3929
285.1310	253.3929
285.1310	252.8810
287.6905	252.8810
287.6905	252.3691
290.2501	252.3691
290.2501	251.8572
292.8096	251.8572
292.8096	251.3453
293.8334	251.3453
293.8334	250.8334
294.8572	250.8334
294.8572	250.3215
295.3691	250.3215
295.3691	249.8096
295.8810	249.8096
295.8810	249.2977
296.3929	249.2977
296.3929	248.7858
296.9048	248.7858
296.9048	248.2739
297.9286	248.2739
297.9286	248.7858
300.4882	248.7858
300.4882	249.2977
303.0477	249.2977
303.0477	248.7858
305.6072	248.7858
305.6072	248.2739
306.6310	248.2739
306.6310	247.7620
307.6548	247.7620
307.6548	247.2500
308.1667	247.2500
308.1667	246.7381
308.6786	246.7381
308.6786	246.2262
309.1905	246.2262
309.1905	245.7143
309.7024	245.7143
309.7024	245.2024
310.2143	245.2024
310.2143	244.6905
310.7262	244.6905
310.7262	243.6667
311.2382	243.6667
311.2382	243.1548
311.7501	243.1548
311.7501	242.6429
312.2620	242.6429
312.2620	242.1310
312.7739	242.1310
312.7739	241.1072
314.8215	241.1072
314.8215	240.5953
315.8453	240.5953
315.8453	240.0834
316.8691	240.0834
316.8691	239.5715
319.9405	239.5715
319.9405	239.0596
322.5001	239.0596
322.5001	238.5477
323.5239	238.5477
323.5239	238.0358
324.5477	238.0358
324.5477	237.5239
325.0596	237.5239
325.0596	237.0119
326.0834	237.0119
326.0834	236.5000
327.1072	236.5000
327.1072	235.9881
327.6191	235.9881
327.6191	235.4762
328.1310	235.4762
328.1310	234.9643
328.6429	234.9643
328.6429	234.4524
329.1548	234.4524
329.1548	233.9405
329.6667	233.9405
329.6667	233.4286
330.1786	233.4286
330.1786	232.9167
330.6905	232.9167
330.6905	231.8929
331.2024	231.8929
331.2024	230.8691
331.7143	230.8691
331.7143	228.3096
332.2263	228.3096
332.2263	227.7977
332.7382	227.7977
