352.1905	201.6905
354.7501	201.6905
354.7501	202.2024
359.3572	202.2024
359.3572	202.7143
361.9167	202.7143
361.9167	202.2024
363.4525	202.2024
363.4525	202.7143
364.4763	202.7143
364.4763	203.2262
366.0120	203.2262
366.0120	203.7381
366.5239	203.7381
366.5239	204.2500
367.0358	204.2500
367.0358	204.7619
368.0596	204.7619
368.0596	205.2738
368.5715	205.2738
368.5715	205.7858
369.0834	205.7858
369.0834	206.2977
369.5953	206.2977
369.5953	206.8096
370.1072	206.8096
370.1072	207.3215
371.1310	207.3215
371.1310	207.8334
372.1548	207.8334
372.1548	208.3453
373.1786	208.3453
373.1786	208.8572
374.2025	208.8572
374.2025	209.3691
374.7144	209.3691
374.7144	209.8810
375.7382	209.8810
375.7382	210.3929
376.7620	210.3929
376.7620	210.9048
377.7858	210.9048
377.7858	211.4167
380.3453	211.4167
380.3453	211.9286
381.3691	211.9286
381.3691	212.4405
381.8810	212.4405
381.8810	212.9524
382.3929	212.9524
382.3929	213.9762
382.9048	213.9762
382.9048	214.4881
383.4167	214.4881
383.4167	215.0000
383.9286	215.0000
383.9286	215.5119
384.4405	215.5119
384.4405	216.0239
384.9525	216.0239
384.9525	216.5358
385.4644	216.5358
385.4644	217.0477
386.4882	217.0477
386.4882	217.5596
387.5120	217.5596
387.5120	218.0715
388.5358	218.0715
388.5358	219.0953
388.0239	219.0953
388.0239	221.6548
388.5358	221.6548
388.5358	224.2143
389.0477	224.2143
389.0477	228.3096
389.5596	228.3096
389.5596	230.8691
390.0715	230.8691
390.0715	233.9405
390.5834	233.9405
390.5834	236.5000
391.0953	236.5000
391.0953	245.7143
391.6072	245.7143
391.6072	248.2739
392.1191	248.2739
392.1191	249.2977
392.6310	249.2977
392.6310	250.3215
393.1429	250.3215
393.1429	250.8334
393.6548	250.8334
393.6548	251.8572
394.1667	251.8572
394.1667	252.3691
394.6786	252.3691
394.6786	252.8810
395.1906	252.8810
395.1906	253.3929
395.7025	253.3929
395.7025	254.4167
396.2144	254.4167
396.2144	254.9286
396.7263	254.9286
396.7263	255.4405
397.2382	255.4405
397.2382	255.9524
397.7501	255.9524
397.7501	256.4643
398.2620	256.4643
398.2620	256.9762
399.2858	256.9762
399.2858	257.4881
400.3096	257.4881
400.3096	258.0000
402.8691	258.0000
402.8691	258.5120
406.4525	258.5120
406.4525	259.0239
407.4763	259.0239
407.4763	259.5358
407.9882	259.5358
407.9882	262.0953
408.5001	262.0953
408.5001	263.1191
409.0120	263.1191
409.0120	264.1429
409.5239	264.1429
409.5239	265.1667
410.0358	265.1667
410.0358	265.6786
410.5477	265.6786
410.5477	267.2143
411.0596	267.2143
411.0596	269.7739
411.5715	269.7739
411.5715	270.7977
412.0834	270.7977
412.0834	271.8215
412.5953	271.8215
412.5953	272.8453
413.1072	272.8453
413.1072	273.8691
413.6191	273.8691
413.6191	274.3810
414.1310	274.3810
414.1310	275.4048
414.6429	275.4048
414.6429	275.9167
415.1548	275.9167
415.1548	277.4524
415.6667	277.4524
415.6667	278.4762
416.1787	278.4762
416.1787	279.5001
416.6906	279.5001
416.6906	280.5239
417.2025	280.5239
417.2025	281.0358
417.7144	281.0358
417.7144	281.5477
418.2263	281.5477
418.2263	282.0596
418.7382	282.0596
418.7382	282.5715
419.2501	282.5715
419.2501	283.0834
419.7620	283.0834
419.7620	283.5953
420.2739	283.5953
420.2739	284.1072
420.7858	284.1072
420.7858	284.6191
421.2977	284.6191
421.2977	285.6429
421.8096	285.6429
421.8096	286.1548
422.3215	286.1548
422.3215	287.1786
422.8334	287.1786
422.8334	289.7382
423.3453	289.7382
423.3453	291.7858
423.8572	291.7858
423.8572	295.8810
423.3453	295.8810
423.3453	298.9524
422.3215	298.9524
422.3215	299.4643
421.2977	299.4643
421.2977	299.9762
420.7858	299.9762
420.7858	300.4882
419.7620	300.4882
419.7620	301.0001
418.7382	301.0001
418.7382	301.5120
417.7144	301.5120
417.7144	302.0239
417.2025	302.0239
417.2025	302.5358
416.6906	302.5358
416.6906	303.0477
416.1787	303.0477
416.1787	303.5596
415.6667	303.5596
415.6667	304.0715
415.1548	304.0715
415.1548	304.5834
414.6429	304.5834
414.6429	305.6072
414.1310	305.6072
414.1310	306.6310
413.6191	306.6310
413.6191	308.1667
413.1072	308.1667
413.1072	309.7024
412.5953	309.7024
412.5953	311.2382
412.0834	311.2382
412.0834	313.7977
411.5715	313.7977
411.5715	316.3572
412.0834	316.3572
412.0834	318.9167
412.5953	318.9167
412.5953	320.4524
413.1072	320.4524
413.1072	321.4763
413.6191	321.4763
413.6191	323.0120
413.1072	323.0120
413.1072	324.0358
412.5953	324.0358
412.5953	324.5477
410.0358	324.5477
410.0358	325.0596
407.4763	325.0596
407.4763	325.5715
406.4525	325.5715
406.4525	326.0834
405.4286	326.0834
405.4286	326.5953
404.9167	326.5953
404.9167	327.1072
404.4048	327.1072
404.4048	327.6191
403.8929	327.6191
403.8929	328.1310
403.3810	328.1310
403.3810	328.6429
402.8691	328.6429
402.8691	329.1548
400.8215	329.1548
400.8215	328.6429
397.2382	328.6429
397.2382	328.1310
389.0477	328.1310
389.0477	328.6429
381.3691	328.6429
381.3691	328.1310
379.3215	328.1310
379.3215	327.6191
376.7620	327.6191
376.7620	327.1072
371.1310	327.1072
371.1310	326.0834
370.6191	326.0834
370.6191	323.5239
370.1072	323.5239
370.1072	320.9643
369.5953	320.9643
369.5953	319.9405
369.0834	319.9405
369.0834	318.9167
368.5715	318.9167
368.5715	318.4048
368.0596	318.4048
368.0596	317.8929
367.5477	317.8929
367.5477	317.3810
367.0358	317.3810
367.0358	316.8691
366.5239	316.8691
366.5239	316.3572
365.5001	316.3572
365.5001	315.8453
364.4763	315.8453
364.4763	315.3334
361.9167	315.3334
361.9167	314.8215
359.3572	314.8215
359.3572	315.3334
356.7977	315.3334
356.7977	315.8453
355.7739	315.8453
355.7739	316.3572
354.7501	316.3572
354.7501	316.8691
354.2382	316.8691
354.2382	317.3810
353.7263	317.3810
353.7263	317.8929
353.2144	317.8929
353.2144	318.4048
352.7024	318.4048
352.7024	318.9167
352.1905	318.9167
352.1905	319.4286
350.6548	319.4286
350.6548	318.9167
350.1429	318.9167
350.1429	318.4048
349.6310	318.4048
349.6310	317.8929
349.1191	317.8929
349.1191	317.3810
348.0953	317.3810
348.0953	316.8691
347.0715	316.8691
347.0715	316.3572
344.5120	316.3572
344.5120	315.8453
340.4167	315.8453
340.4167	316.3572
339.3929	316.3572
339.3929	315.8453
335.8096	315.8453
335.8096	316.3572
333.2501	316.3572
333.2501	316.8691
332.2263	316.8691
332.2263	317.3810
331.2024	317.3810
331.2024	317.8929
330.6905	317.8929
330.6905	318.4048
330.1786	318.4048
330.1786	318.9167
329.6667	318.9167
329.6667	319.4286
329.1548	319.4286
329.1548	319.9405
327.6191	319.9405
327.6191	319.4286
327.1072	319.4286
327.1072	317.8929
327.6191	317.8929
327.6191	312.7739
327.1072	312.7739
327.1072	310.2143
326.5953	310.2143
326.5953	309.1905
326.0834	309.1905
326.0834	308.1667
325.5715	308.1667
325.5715	307.1429
325.0596	307.1429
325.0596	306.6310
324.5477	306.6310
324.5477	306.1191
324.0358	306.1191
324.0358	305.6072
323.5239	305.6072
323.5239	305.0953
323.0120	305.0953
323.0120	304.5834
322.5001	304.5834
322.5001	304.0715
321.9882	304.0715
321.9882	303.5596
321.4763	303.5596
321.4763	303.0477
320.4524	303.0477
320.4524	302.5358
319.4286	302.5358
319.4286	302.0239
316.8691	302.0239
316.8691	301.5120
310.7262	301.5120
310.7262	301.0001
309.7024	301.0001
309.7024	300.4882
309.1905	300.4882
309.1905	299.9762
308.6786	299.9762
308.6786	298.9524
308.1667	298.9524
308.1667	297.4167
307.6548	297.4167
307.6548	294.8572
307.1429	294.8572
307.1429	293.8334
306.6310	293.8334
306.6310	292.8096
306.1191	292.8096
306.1191	292.2977
305.6072	292.2977
305.6072	291.7858
305.0953	291.7858
305.0953	291.2739
304.5834	291.2739
304.5834	290.7620
304.0715	290.7620
304.0715	290.2501
303.5596	290.2501
303.5596	289.7382
302.5358	289.7382
302.5358	289.2262
301.5120	289.2262
301.5120	288.7143
298.9524	288.7143
298.9524	288.2024
297.9286	288.2024
297.9286	287.6905
297.4167	287.6905
297.4167	286.1548
296.9048	286.1548
296.9048	283.0834
296.3929	283.0834
296.3929	280.5239
295.8810	280.5239
295.8810	279.5001
295.3691	279.5001
295.3691	278.4762
294.8572	278.4762
294.8572	277.9643
294.3453	277.9643
294.3453	277.4524
293.8334	277.4524
293.8334	276.9405
293.3215	276.9405
293.3215	276.4286
292.8096	276.4286
292.8096	275.9167
292.2977	275.9167
292.2977	275.4048
291.7858	275.4048
291.7858	274.8929
290.7620	274.8929
290.7620	274.3810
289.7382	274.3810
289.7382	273.8691
289.2262	273.8691
289.2262	273.3572
288.7143	273.3572
288.7143	272.8453
288.2024	272.8453
288.2024	272.3334
287.6905	272.3334
287.6905	271.8215
287.1786	271.8215
287.1786	271.3096
286.6667	271.3096
286.6667	270.7977
285.6429	270.7977
285.6429	270.2858
284.6191	270.2858
284.6191	269.7739
283.0834	269.7739
283.0834	269.2620
283.5953	269.2620
283.5953	264.6548
283.0834	264.6548
283.0834	263.1191
283.5953	263.1191
283.5953	260.5596
284.1072	260.5596
284.1072	255.9524
284.6191	255.9524
284.6191	255.4405
285.1310	255.4405
285.1310	254.4167
286.1548	254.4167
286.1548	253.9048
288.7143	253.9048
288.7143	253.3929
289.7382	253.3929
289.7382	252.8810
290.7620	252.8810
290.7620	252.3691
291.7858	252.3691
291.7858	251.8572
292.2977	251.8572
292.2977	251.3453
292.8096	251.3453
292.8096	250.8334
293.3215	250.8334
293.3215	250.3215
293.8334	250.3215
293.8334	249.8096
294.3453	249.8096
294.3453	248.7858
294.8572	248.7858
294.8572	247.7620
295.3691	247.7620
295.3691	246.2262
295.8810	246.2262
295.8810	245.2024
296.3929	245.2024
296.3929	244.1786
296.9048	244.1786
296.9048	243.1548
297.4167	243.1548
297.4167	241.6191
297.9286	241.6191
297.9286	239.0596
298.4405	239.0596
298.4405	234.9643
297.9286	234.9643
297.9286	232.4048
297.4167	232.4048
297.4167	231.3810
296.9048	231.3810
296.9048	230.3572
297.4167	230.3572
297.4167	229.3334
297.9286	229.3334
297.9286	228.3096
298.4405	228.3096
298.4405	225.7500
298.9524	225.7500
298.9524	223.1905
299.4643	223.1905
299.4643	222.6786
300.4882	222.6786
300.4882	222.1667
301.0001	222.1667
301.0001	221.6548
301.5120	221.6548
301.5120	221.1429
302.0239	221.1429
302.0239	220.6310
302.5358	220.6310
302.5358	220.1191
303.0477	220.1191
303.0477	219.6072
303.5596	219.6072
303.5596	219.0953
304.0715	219.0953
304.0715	218.5834
305.0953	218.5834
305.0953	219.0953
311.2382	219.0953
311.2382	218.5834
313.7977	218.5834
313.7977	218.0715
314.8215	218.0715
314.8215	217.5596
315.8453	217.5596
315.8453	217.0477
316.3572	217.0477
316.3572	216.5358
317.3810	216.5358
317.3810	216.0239
317.8929	216.0239
317.8929	215.5119
318.4048	215.5119
318.4048	215.0000
320.9643	215.0000
320.9643	214.4881
324.5477	214.4881
324.5477	213.9762
328.6429	213.9762
328.6429	213.4643
331.2024	213.4643
331.2024	212.9524
333.7620	212.9524
333.7620	212.4405
334.7858	212.4405
334.7858	211.9286
335.8096	211.9286
335.8096	211.4167
336.3215	211.4167
336.3215	210.9048
338.3691	210.9048
338.3691	210.3929
339.3929	210.3929
339.3929	209.8810
340.4167	209.8810
340.4167	209.3691
340.9286	209.3691
340.9286	208.8572
341.4405	208.8572
341.4405	208.3453
341.9524	208.3453
341.9524	207.8334
342.4644	207.8334
342.4644	207.3215
342.9763	207.3215
342.9763	206.8096
343.4882	206.8096
343.4882	206.2977
344.0001	206.2977
344.0001	205.7858
344.5120	205.7858
344.5120	205.2738
345.0239	205.2738
345.0239	204.2500
345.5358	204.2500
345.5358	203.2262
346.0477	203.2262
346.0477	202.2024
346.5596	202.2024
346.5596	201.6905
349.1191	201.6905
349.1191	201.1786
352.1905	201.1786
