293.8334	194.5238
295.3691	194.5238
295.3691	195.0358
295.8810	195.0358
295.8810	196.0596
296.3929	196.0596
296.3929	197.0834
296.9048	197.0834
296.9048	200.1548
297.4167	200.1548
297.4167	201.1786
296.9048	201.1786
296.9048	205.2738
297.4167	205.2738
297.4167	207.8334
297.9286	207.8334
297.9286	208.8572
298.4405	208.8572
298.4405	209.8810
298.9524	209.8810
298.9524	210.3929
299.4643	210.3929
299.4643	211.4167
299.9762	211.4167
299.9762	211.9286
300.4882	211.9286
300.4882	212.4405
301.0001	212.4405
301.0001	212.9524
301.5120	212.9524
301.5120	213.4643
302.0239	213.4643
302.0239	213.9762
302.5358	213.9762
302.5358	214.4881
303.0477	214.4881
303.0477	215.0000
303.5596	215.0000
303.5596	215.5119
304.5834	215.5119
304.5834	216.0239
305.6072	216.0239
305.6072	216.5358
308.1667	216.5358
308.1667	217.0477
310.7262	217.0477
310.7262	216.5358
313.2858	216.5358
313.2858	216.0239
314.3096	216.0239
314.3096	215.5119
315.8453	215.5119
315.8453	215.0000
316.8691	215.0000
316.8691	214.4881
319.4286	214.4881
319.4286	213.9762
321.9882	213.9762
321.9882	213.4643
323.0120	213.4643
323.0120	212.9524
325.0596	212.9524
325.0596	212.4405
326.0834	212.4405
326.0834	211.9286
327.1072	211.9286
327.1072	211.4167
327.6191	211.4167
327.6191	210.9048
328.1310	210.9048
328.1310	210.3929
329.1548	210.3929
329.1548	209.8810
330.6905	209.8810
330.6905	209.3691
332.7382	209.3691
332.7382	209.8810
335.2977	209.8810
335.2977	210.3929
338.8810	210.3929
338.8810	209.8810
341.4405	209.8810
341.4405	209.3691
342.4644	209.3691
342.4644	208.8572
343.4882	208.8572
343.4882	208.3453
344.0001	208.3453
344.0001	207.8334
344.5120	207.8334
344.5120	207.3215
345.0239	207.3215
345.0239	206.8096
345.5358	206.8096
345.5358	206.2977
346.0477	206.2977
346.0477	205.7858
347.5834	205.7858
347.5834	205.2738
351.6786	205.2738
351.6786	205.7858
352.7024	205.7858
352.7024	206.2977
355.2620	206.2977
355.2620	206.8096
359.8691	206.8096
359.8691	207.3215
367.0358	207.3215
367.0358	207.8334
367.5477	207.8334
367.5477	208.3453
368.0596	208.3453
368.0596	208.8572
368.5715	208.8572
368.5715	209.3691
369.0834	209.3691
369.0834	209.8810
370.1072	209.8810
370.1072	210.3929
370.6191	210.3929
370.6191	210.9048
371.6429	210.9048
371.6429	211.4167
372.6667	211.4167
372.6667	211.9286
373.1786	211.9286
373.1786	212.4405
374.2025	212.4405
374.2025	212.9524
375.2263	212.9524
375.2263	213.4643
377.7858	213.4643
377.7858	213.9762
380.3453	213.9762
380.3453	214.4881
380.8572	214.4881
380.8572	215.0000
381.8810	215.0000
381.8810	215.5119
382.3929	215.5119
382.3929	216.5358
382.9048	216.5358
382.9048	218.5834
383.4167	218.5834
383.4167	219.6072
383.9286	219.6072
383.9286	220.6310
384.4405	220.6310
384.4405	221.1429
384.9525	221.1429
384.9525	221.6548
385.4644	221.6548
385.4644	222.1667
385.9763	222.1667
385.9763	222.6786
386.4882	222.6786
386.4882	223.1905
387.0001	223.1905
387.0001	223.7024
387.5120	223.7024
387.5120	226.2619
388.0239	226.2619
388.0239	227.2858
388.5358	227.2858
388.5358	228.3096
389.0477	228.3096
389.0477	229.3334
389.5596	229.3334
389.5596	230.3572
390.0715	230.3572
390.0715	231.3810
390.5834	231.3810
390.5834	232.4048
391.0953	232.4048
391.0953	232.9167
391.6072	232.9167
391.6072	233.4286
392.1191	233.4286
392.1191	234.9643
392.6310	234.9643
392.6310	235.9881
393.1429	235.9881
393.1429	237.0119
393.6548	237.0119
393.6548	237.5239
394.1667	237.5239
394.1667	240.0834
394.6786	240.0834
394.6786	242.6429
395.1906	242.6429
395.1906	243.6667
395.7025	243.6667
395.7025	244.6905
396.2144	244.6905
396.2144	245.7143
396.7263	245.7143
396.7263	246.2262
397.2382	246.2262
397.2382	247.2500
397.7501	247.2500
397.7501	247.7620
398.2620	247.7620
398.2620	248.2739
398.7739	248.2739
398.7739	249.2977
399.2858	249.2977
399.2858	249.8096
399.7977	249.8096
399.7977	251.3453
400.3096	251.3453
400.3096	252.3691
400.8215	252.3691
400.8215	253.3929
401.3334	253.3929
401.3334	253.9048
401.8453	253.9048
401.8453	254.4167
402.3572	254.4167
402.3572	254.9286
402.8691	254.9286
402.8691	255.4405
403.3810	255.4405
403.3810	255.9524
403.8929	255.9524
403.8929	256.4643
404.9167	256.4643
404.9167	256.9762
405.9406	256.9762
405.9406	257.4881
408.5001	257.4881
408.5001	258.0000
409.0120	258.0000
409.0120	259.0239
409.5239	259.0239
409.5239	261.5834
410.0358	261.5834
410.0358	263.6310
410.5477	263.6310
410.5477	264.6548
411.0596	264.6548
411.0596	267.2143
411.5715	267.2143
411.5715	268.2381
412.0834	268.2381
412.0834	269.2620
412.5953	269.2620
412.5953	269.7739
413.1072	269.7739
413.1072	270.2858
413.6191	270.2858
413.6191	270.7977
414.1310	270.7977
414.1310	271.3096
414.6429	271.3096
414.6429	272.3334
415.1548	272.3334
415.1548	273.3572
415.6667	273.3572
415.6667	274.8929
416.1787	274.8929
416.1787	275.9167
416.6906	275.9167
416.6906	276.9405
417.2025	276.9405
417.2025	277.9643
417.7144	277.9643
417.7144	278.9881
418.2263	278.9881
418.2263	279.5001
418.7382	279.5001
418.7382	280.5239
419.2501	280.5239
419.2501	281.5477
419.7620	281.5477
419.7620	282.5715
420.2739	282.5715
420.2739	283.0834
420.7858	283.0834
420.7858	283.5953
421.2977	283.5953
421.2977	284.1072
421.8096	284.1072
421.8096	285.1310
422.3215	285.1310
422.3215	287.1786
422.8334	287.1786
422.8334	288.7143
422.3215	288.7143
422.3215	289.7382
421.8096	289.7382
421.8096	292.2977
421.2977	292.2977
421.2977	294.8572
420.7858	294.8572
420.7858	295.3691
420.2739	295.3691
420.2739	295.8810
419.7620	295.8810
419.7620	296.3929
419.2501	296.3929
419.2501	296.9048
418.7382	296.9048
418.7382	297.4167
418.2263	297.4167
418.2263	297.9286
417.7144	297.9286
417.7144	298.9524
417.2025	298.9524
417.2025	299.9762
416.6906	299.9762
416.6906	301.5120
416.1787	301.5120
416.1787	304.0715
415.6667	304.0715
415.6667	304.5834
415.1548	304.5834
415.1548	305.6072
414.6429	305.6072
414.6429	306.6310
414.1310	306.6310
414.1310	309.1905
413.6191	309.1905
413.6191	316.8691
414.1310	316.8691
414.1310	319.4286
414.6429	319.4286
414.6429	321.9882
410.5477	321.9882
410.5477	322.5001
407.9882	322.5001
407.9882	323.0120
406.9644	323.0120
406.9644	323.5239
405.9406	323.5239
405.9406	324.0358
405.4286	324.0358
405.4286	324.5477
404.9167	324.5477
404.9167	325.0596
404.4048	325.0596
404.4048	325.5715
403.8929	325.5715
403.8929	326.0834
403.3810	326.0834
403.3810	326.5953
402.8691	326.5953
402.8691	327.1072
402.3572	327.1072
402.3572	327.6191
401.3334	327.6191
401.3334	327.1072
399.7977	327.1072
399.7977	326.5953
397.2382	326.5953
397.2382	326.0834
394.6786	326.0834
394.6786	325.5715
390.5834	325.5715
390.5834	326.0834
385.4644	326.0834
385.4644	325.5715
381.8810	325.5715
381.8810	326.0834
380.3453	326.0834
380.3453	325.5715
378.8096	325.5715
378.8096	325.0596
378.2977	325.0596
378.2977	324.5477
377.7858	324.5477
377.7858	324.0358
377.2739	324.0358
377.2739	323.5239
376.2501	323.5239
376.2501	323.0120
375.2263	323.0120
375.2263	322.5001
374.7144	322.5001
374.7144	321.9882
374.2025	321.9882
374.2025	320.9643
373.6905	320.9643
373.6905	319.9405
373.1786	319.9405
373.1786	319.4286
372.6667	319.4286
372.6667	318.9167
372.1548	318.9167
372.1548	318.4048
371.6429	318.4048
371.6429	317.8929
371.1310	317.8929
371.1310	317.3810
370.1072	317.3810
370.1072	316.8691
369.0834	316.8691
369.0834	316.3572
367.5477	316.3572
367.5477	315.8453
364.9882	315.8453
364.9882	315.3334
359.3572	315.3334
359.3572	315.8453
356.7977	315.8453
356.7977	316.3572
355.7739	316.3572
355.7739	316.8691
354.7501	316.8691
354.7501	317.3810
354.2382	317.3810
354.2382	317.8929
353.7263	317.8929
353.7263	318.4048
353.2144	318.4048
353.2144	318.9167
352.7024	318.9167
352.7024	319.4286
352.1905	319.4286
352.1905	319.9405
351.6786	319.9405
351.6786	320.4524
351.1667	320.4524
351.1667	319.9405
350.6548	319.9405
350.6548	319.4286
350.1429	319.4286
350.1429	318.9167
349.6310	318.9167
349.6310	318.4048
349.1191	318.4048
349.1191	317.8929
348.0953	317.8929
348.0953	317.3810
347.0715	317.3810
347.0715	316.8691
344.5120	316.8691
344.5120	316.3572
336.8334	316.3572
336.8334	316.8691
334.2739	316.8691
334.2739	317.3810
333.2501	317.3810
333.2501	317.8929
330.1786	317.8929
330.1786	317.3810
329.6667	317.3810
329.6667	316.3572
329.1548	316.3572
329.1548	315.8453
328.6429	315.8453
328.6429	315.3334
328.1310	315.3334
328.1310	314.3096
327.6191	314.3096
327.6191	313.2858
327.1072	313.2858
327.1072	312.7739
326.5953	312.7739
326.5953	312.2620
326.0834	312.2620
326.0834	311.7501
325.5715	311.7501
325.5715	311.2382
325.0596	311.2382
325.0596	310.7262
324.5477	310.7262
324.5477	310.2143
324.0358	310.2143
324.0358	309.7024
323.0120	309.7024
323.0120	309.1905
321.9882	309.1905
321.9882	308.6786
321.4763	308.6786
321.4763	308.1667
320.9643	308.1667
320.9643	307.6548
320.4524	307.6548
320.4524	307.1429
319.9405	307.1429
319.9405	306.6310
318.9167	306.6310
318.9167	306.1191
317.8929	306.1191
317.8929	305.6072
315.8453	305.6072
315.8453	305.0953
313.2858	305.0953
313.2858	304.5834
312.7739	304.5834
312.7739	303.5596
312.2620	303.5596
312.2620	303.0477
311.7501	303.0477
311.7501	302.5358
311.2382	302.5358
311.2382	294.8572
310.7262	294.8572
310.7262	293.8334
311.2382	293.8334
311.2382	290.7620
310.7262	290.7620
310.7262	288.2024
310.2143	288.2024
310.2143	287.1786
309.7024	287.1786
309.7024	286.1548
309.1905	286.1548
309.1905	285.6429
308.6786	285.6429
308.6786	285.1310
308.1667	285.1310
308.1667	284.6191
307.6548	284.6191
307.6548	284.1072
307.1429	284.1072
307.1429	283.5953
306.1191	283.5953
306.1191	283.0834
305.0953	283.0834
305.0953	282.5715
304.0715	282.5715
304.0715	281.5477
303.5596	281.5477
303.5596	281.0358
303.0477	281.0358
303.0477	280.5239
302.5358	280.5239
302.5358	280.0120
302.0239	280.0120
302.0239	279.5001
301.5120	279.5001
301.5120	278.9881
300.4882	278.9881
300.4882	278.4762
299.4643	278.4762
299.4643	277.9643
298.9524	277.9643
298.9524	275.4048
298.4405	275.4048
298.4405	274.3810
297.9286	274.3810
297.9286	273.3572
297.4167	273.3572
297.4167	272.3334
296.9048	272.3334
296.9048	271.8215
296.3929	271.8215
296.3929	271.3096
295.8810	271.3096
295.8810	270.7977
295.3691	270.7977
295.3691	270.2858
294.8572	270.2858
294.8572	269.7739
293.8334	269.7739
293.8334	269.2620
292.8096	269.2620
292.8096	268.7501
290.7620	268.7501
290.7620	268.2381
290.2501	268.2381
290.2501	267.7262
289.7382	267.7262
289.7382	267.2143
289.2262	267.2143
289.2262	266.7024
288.7143	266.7024
288.7143	265.6786
288.2024	265.6786
288.2024	265.1667
287.6905	265.1667
287.6905	264.6548
287.1786	264.6548
287.1786	264.1429
286.6667	264.1429
286.6667	263.6310
286.1548	263.6310
286.1548	262.6072
286.6667	262.6072
286.6667	260.0477
287.1786	260.0477
287.1786	256.9762
286.6667	256.9762
286.6667	255.9524
287.1786	255.9524
287.1786	254.9286
287.6905	254.9286
287.6905	254.4167
288.2024	254.4167
288.2024	253.9048
289.2262	253.9048
289.2262	253.3929
291.7858	253.3929
291.7858	252.8810
292.8096	252.8810
292.8096	252.3691
293.8334	252.3691
293.8334	251.8572
294.3453	251.8572
294.3453	251.3453
294.8572	251.3453
294.8572	250.8334
295.3691	250.8334
295.3691	250.3215
295.8810	250.3215
295.8810	249.8096
296.3929	249.8096
296.3929	249.2977
296.9048	249.2977
296.9048	248.7858
297.4167	248.7858
297.4167	247.7620
297.9286	247.7620
297.9286	246.7381
298.4405	246.7381
298.4405	244.1786
298.9524	244.1786
298.9524	239.5715
298.4405	239.5715
298.4405	235.4762
297.9286	235.4762
297.9286	226.2619
298.4405	226.2619
298.4405	224.2143
298.9524	224.2143
298.9524	223.1905
299.4643	223.1905
299.4643	220.6310
299.9762	220.6310
299.9762	218.0715
299.4643	218.0715
299.4643	215.5119
298.9524	215.5119
298.9524	214.4881
298.4405	214.4881
298.4405	213.4643
297.9286	213.4643
297.9286	212.9524
297.4167	212.9524
297.4167	211.9286
296.9048	211.9286
296.9048	211.4167
296.3929	211.4167
296.3929	210.9048
295.8810	210.9048
295.8810	208.8572
296.3929	208.8572
296.3929	205.7858
295.8810	205.7858
295.8810	203.2262
295.3691	203.2262
295.3691	202.2024
294.8572	202.2024
294.8572	201.1786
294.3453	201.1786
294.3453	198.6191
293.8334	198.6191
293.8334	197.5953
293.3215	197.5953
293.3215	196.5715
292.8096	196.5715
292.8096	196.0596
292.2977	196.0596
292.2977	195.5477
291.7858	195.5477
291.7858	195.0358
292.2977	195.0358
292.2977	194.5238
292.8096	194.5238
292.8096	194.0119
293.8334	194.0119
