355.2620	192.4762
356.2858	192.4762
356.2858	192.9881
357.3096	192.9881
357.3096	193.5000
359.3572	193.5000
359.3572	194.0119
360.3810	194.0119
360.3810	194.5238
360.8929	194.5238
360.8929	195.0358
361.9167	195.0358
361.9167	195.5477
362.4286	195.5477
362.4286	196.5715
361.9167	196.5715
361.9167	201.6905
362.4286	201.6905
362.4286	204.2500
362.9405	204.2500
362.9405	205.2738
363.4525	205.2738
363.4525	206.2977
363.9644	206.2977
363.9644	206.8096
364.4763	206.8096
364.4763	207.3215
364.9882	207.3215
364.9882	207.8334
365.5001	207.8334
365.5001	208.3453
366.0120	208.3453
366.0120	208.8572
367.0358	208.8572
367.0358	209.3691
368.0596	209.3691
368.0596	209.8810
370.6191	209.8810
370.6191	210.3929
371.6429	210.3929
371.6429	210.9048
372.6667	210.9048
372.6667	211.4167
374.2025	211.4167
374.2025	211.9286
375.7382	211.9286
375.7382	212.4405
376.2501	212.4405
376.2501	212.9524
377.2739	212.9524
377.2739	213.4643
377.7858	213.4643
377.7858	213.9762
378.8096	213.9762
378.8096	214.4881
379.8334	214.4881
379.8334	215.0000
380.8572	215.0000
380.8572	215.5119
381.3691	215.5119
381.3691	216.0239
381.8810	216.0239
381.8810	216.5358
382.9048	216.5358
382.9048	217.0477
383.4167	217.0477
383.4167	217.5596
383.9286	217.5596
383.9286	218.0715
384.4405	218.0715
384.4405	218.5834
384.9525	218.5834
384.9525	219.0953
385.9763	219.0953
385.9763	219.6072
387.0001	219.6072
387.0001	220.6310
387.5120	220.6310
387.5120	222.1667
388.0239	222.1667
388.0239	224.7262
388.5358	224.7262
388.5358	227.2858
389.0477	227.2858
389.0477	228.3096
389.5596	228.3096
389.5596	229.3334
390.0715	229.3334
390.0715	229.8453
390.5834	229.8453
390.5834	230.8691
391.0953	230.8691
391.0953	231.3810
391.6072	231.3810
391.6072	232.4048
392.1191	232.4048
392.1191	233.4286
392.6310	233.4286
392.6310	234.4524
393.1429	234.4524
393.1429	235.4762
393.6548	235.4762
393.6548	237.0119
394.1667	237.0119
394.1667	238.0358
394.6786	238.0358
394.6786	239.5715
395.1906	239.5715
395.1906	240.5953
395.7025	240.5953
395.7025	243.1548
396.2144	243.1548
396.2144	244.1786
396.7263	244.1786
396.7263	245.2024
397.2382	245.2024
397.2382	246.2262
397.7501	246.2262
397.7501	247.2500
398.2620	247.2500
398.2620	248.2739
398.7739	248.2739
398.7739	249.2977
399.2858	249.2977
399.2858	250.3215
399.7977	250.3215
399.7977	251.3453
400.3096	251.3453
400.3096	252.3691
400.8215	252.3691
400.8215	253.3929
401.3334	253.3929
401.3334	254.4167
401.8453	254.4167
401.8453	254.9286
402.3572	254.9286
402.3572	255.4405
402.8691	255.4405
402.8691	255.9524
403.3810	255.9524
403.3810	256.4643
403.8929	256.4643
403.8929	256.9762
404.4048	256.9762
404.4048	257.4881
404.9167	257.4881
404.9167	258.0000
405.9406	258.0000
405.9406	258.5120
406.9644	258.5120
406.9644	259.0239
407.9882	259.0239
407.9882	260.0477
408.5001	260.0477
408.5001	264.1429
409.0120	264.1429
409.0120	266.7024
409.5239	266.7024
409.5239	267.7262
410.0358	267.7262
410.0358	269.2620
410.5477	269.2620
410.5477	270.2858
411.0596	270.2858
411.0596	271.3096
411.5715	271.3096
411.5715	273.8691
412.0834	273.8691
412.0834	275.4048
412.5953	275.4048
412.5953	277.9643
413.1072	277.9643
413.1072	278.9881
413.6191	278.9881
413.6191	280.0120
414.1310	280.0120
414.1310	281.0358
414.6429	281.0358
414.6429	281.5477
415.1548	281.5477
415.1548	282.5715
415.6667	282.5715
415.6667	283.0834
416.1787	283.0834
416.1787	283.5953
416.6906	283.5953
416.6906	284.6191
417.2025	284.6191
417.2025	285.6429
417.7144	285.6429
417.7144	286.6667
418.2263	286.6667
418.2263	287.1786
418.7382	287.1786
418.7382	289.2262
419.2501	289.2262
419.2501	290.2501
419.7620	290.2501
419.7620	291.2739
420.2739	291.2739
420.2739	292.2977
420.7858	292.2977
420.7858	292.8096
421.2977	292.8096
421.2977	293.3215
421.8096	293.3215
421.8096	294.3453
422.3215	294.3453
422.3215	295.3691
422.8334	295.3691
422.8334	296.9048
422.3215	296.9048
422.3215	297.4167
419.2501	297.4167
419.2501	297.9286
416.6906	297.9286
416.6906	298.4405
415.6667	298.4405
415.6667	298.9524
414.6429	298.9524
414.6429	299.4643
414.1310	299.4643
414.1310	299.9762
413.6191	299.9762
413.6191	300.4882
413.1072	300.4882
413.1072	301.0001
412.5953	301.0001
412.5953	301.5120
412.0834	301.5120
412.0834	302.5358
411.5715	302.5358
411.5715	303.5596
411.0596	303.5596
411.0596	305.0953
410.5477	305.0953
410.5477	307.1429
410.0358	307.1429
410.0358	308.1667
409.5239	308.1667
409.5239	310.7262
409.0120	310.7262
409.0120	318.9167
409.5239	318.9167
409.5239	321.4763
410.0358	321.4763
410.0358	322.5001
409.5239	322.5001
409.5239	323.0120
405.9406	323.0120
405.9406	323.5239
403.3810	323.5239
403.3810	324.0358
402.3572	324.0358
402.3572	324.5477
399.7977	324.5477
399.7977	325.0596
397.7501	325.0596
397.7501	325.5715
395.7025	325.5715
395.7025	326.0834
394.6786	326.0834
394.6786	325.5715
393.6548	325.5715
393.6548	325.0596
392.6310	325.0596
392.6310	324.5477
390.0715	324.5477
390.0715	324.0358
386.4882	324.0358
386.4882	324.5477
383.9286	324.5477
383.9286	325.0596
372.1548	325.0596
372.1548	325.5715
370.6191	325.5715
370.6191	325.0596
369.5953	325.0596
369.5953	324.5477
369.0834	324.5477
369.0834	324.0358
368.0596	324.0358
368.0596	321.4763
367.5477	321.4763
367.5477	320.4524
367.0358	320.4524
367.0358	319.4286
366.5239	319.4286
366.5239	318.4048
366.0120	318.4048
366.0120	317.8929
365.5001	317.8929
365.5001	317.3810
364.9882	317.3810
364.9882	316.8691
364.4763	316.8691
364.4763	316.3572
363.9644	316.3572
363.9644	315.8453
362.9405	315.8453
362.9405	315.3334
361.9167	315.3334
361.9167	314.8215
359.3572	314.8215
359.3572	314.3096
356.7977	314.3096
356.7977	314.8215
354.2382	314.8215
354.2382	315.3334
349.6310	315.3334
349.6310	315.8453
346.0477	315.8453
346.0477	315.3334
339.3929	315.3334
339.3929	315.8453
326.5953	315.8453
326.5953	315.3334
326.0834	315.3334
326.0834	314.3096
325.5715	314.3096
325.5715	313.2858
325.0596	313.2858
325.0596	312.7739
324.5477	312.7739
324.5477	312.2620
324.0358	312.2620
324.0358	311.7501
323.5239	311.7501
323.5239	311.2382
323.0120	311.2382
323.0120	310.7262
322.5001	310.7262
322.5001	308.1667
321.9882	308.1667
321.9882	307.1429
321.4763	307.1429
321.4763	306.1191
320.9643	306.1191
320.9643	305.0953
320.4524	305.0953
320.4524	304.0715
319.9405	304.0715
319.9405	303.0477
319.4286	303.0477
319.4286	302.5358
318.9167	302.5358
318.9167	300.4882
319.4286	300.4882
319.4286	291.7858
318.9167	291.7858
318.9167	289.2262
318.4048	289.2262
318.4048	288.2024
317.8929	288.2024
317.8929	287.1786
317.3810	287.1786
317.3810	286.1548
316.8691	286.1548
316.8691	285.6429
316.3572	285.6429
316.3572	285.1310
315.8453	285.1310
315.8453	284.6191
315.3334	284.6191
315.3334	284.1072
314.8215	284.1072
314.8215	283.5953
314.3096	283.5953
314.3096	283.0834
313.2858	283.0834
313.2858	282.5715
312.2620	282.5715
312.2620	282.0596
311.7501	282.0596
311.7501	281.5477
311.2382	281.5477
311.2382	281.0358
310.2143	281.0358
310.2143	280.5239
309.1905	280.5239
309.1905	280.0120
308.6786	280.0120
308.6786	279.5001
308.1667	279.5001
308.1667	278.9881
307.6548	278.9881
307.6548	278.4762
307.1429	278.4762
307.1429	277.9643
306.6310	277.9643
306.6310	277.4524
306.1191	277.4524
306.1191	276.9405
305.6072	276.9405
305.6072	276.4286
305.0953	276.4286
305.0953	275.9167
304.5834	275.9167
304.5834	275.4048
304.0715	275.4048
304.0715	274.8929
303.5596	274.8929
303.5596	274.3810
303.0477	274.3810
303.0477	273.3572
302.5358	273.3572
302.5358	272.8453
302.0239	272.8453
302.0239	272.3334
301.5120	272.3334
301.5120	271.8215
301.0001	271.8215
301.0001	271.3096
300.4882	271.3096
300.4882	270.2858
299.9762	270.2858
299.9762	269.7739
299.4643	269.7739
299.4643	269.2620
298.9524	269.2620
298.9524	268.7501
298.4405	268.7501
298.4405	268.2381
297.9286	268.2381
297.9286	267.7262
297.4167	267.7262
297.4167	267.2143
296.9048	267.2143
296.9048	266.7024
295.8810	266.7024
295.8810	266.1905
294.8572	266.1905
294.8572	265.6786
292.2977	265.6786
292.2977	265.1667
291.7858	265.1667
291.7858	264.6548
290.7620	264.6548
290.7620	264.1429
290.2501	264.1429
290.2501	263.6310
289.7382	263.6310
289.7382	262.6072
289.2262	262.6072
289.2262	259.0239
288.7143	259.0239
288.7143	256.4643
288.2024	256.4643
288.2024	253.9048
288.7143	253.9048
288.7143	252.8810
289.2262	252.8810
289.2262	252.3691
290.2501	252.3691
290.2501	251.8572
291.7858	251.8572
291.7858	251.3453
292.8096	251.3453
292.8096	250.8334
293.8334	250.8334
293.8334	250.3215
294.3453	250.3215
294.3453	249.8096
294.8572	249.8096
294.8572	249.2977
295.3691	249.2977
295.3691	248.7858
295.8810	248.7858
295.8810	248.2739
296.3929	248.2739
296.3929	247.2500
296.9048	247.2500
296.9048	246.2262
297.4167	246.2262
297.4167	243.6667
297.9286	243.6667
297.9286	240.5953
297.4167	240.5953
297.4167	238.0358
296.9048	238.0358
296.9048	235.4762
296.3929	235.4762
296.3929	233.4286
296.9048	233.4286
296.9048	232.4048
297.4167	232.4048
297.4167	229.8453
297.9286	229.8453
297.9286	223.1905
298.4405	223.1905
298.4405	222.1667
298.9524	222.1667
298.9524	219.6072
299.4643	219.6072
299.4643	215.0000
299.9762	215.0000
299.9762	214.4881
301.0001	214.4881
301.0001	215.0000
303.5596	215.0000
303.5596	215.5119
304.5834	215.5119
304.5834	216.0239
307.1429	216.0239
307.1429	216.5358
309.7024	216.5358
309.7024	216.0239
312.2620	216.0239
312.2620	215.5119
313.2858	215.5119
313.2858	215.0000
314.3096	215.0000
314.3096	214.4881
315.3334	214.4881
315.3334	213.9762
316.3572	213.9762
316.3572	213.4643
316.8691	213.4643
316.8691	212.9524
318.4048	212.9524
318.4048	212.4405
320.4524	212.4405
320.4524	211.9286
321.4763	211.9286
321.4763	211.4167
322.5001	211.4167
322.5001	210.9048
324.5477	210.9048
324.5477	210.3929
325.5715	210.3929
325.5715	209.8810
326.5953	209.8810
326.5953	209.3691
329.1548	209.3691
329.1548	208.8572
330.1786	208.8572
330.1786	208.3453
331.2024	208.3453
331.2024	207.8334
332.7382	207.8334
332.7382	208.3453
337.3453	208.3453
337.3453	207.8334
339.9048	207.8334
339.9048	207.3215
340.9286	207.3215
340.9286	206.8096
341.9524	206.8096
341.9524	206.2977
342.4644	206.2977
342.4644	205.7858
342.9763	205.7858
342.9763	205.2738
346.0477	205.2738
346.0477	204.7619
348.6072	204.7619
348.6072	204.2500
349.6310	204.2500
349.6310	203.7381
350.6548	203.7381
350.6548	203.2262
351.1667	203.2262
351.1667	202.7143
351.6786	202.7143
351.6786	202.2024
352.1905	202.2024
352.1905	201.6905
352.7024	201.6905
352.7024	201.1786
353.2144	201.1786
353.2144	200.6667
353.7263	200.6667
353.7263	199.6429
354.2382	199.6429
354.2382	198.6191
354.7501	198.6191
354.7501	196.0596
355.2620	196.0596
355.2620	192.9881
354.7501	192.9881
354.7501	191.9643
355.2620	191.9643
