383.4167	182.7500
386.4882	182.7500
386.4882	183.2619
387.5120	183.2619
387.5120	183.7738
390.0715	183.7738
390.0715	184.2857
395.1906	184.2857
395.1906	184.7977
398.2620	184.7977
398.2620	185.3096
399.7977	185.3096
399.7977	185.8215
401.3334	185.8215
401.3334	186.3334
402.3572	186.3334
402.3572	186.8453
403.8929	186.8453
403.8929	187.3572
404.9167	187.3572
404.9167	187.8691
407.4763	187.8691
407.4763	188.3810
410.5477	188.3810
410.5477	188.8929
411.0596	188.8929
411.0596	189.4048
411.5715	189.4048
411.5715	190.4286
412.0834	190.4286
412.0834	191.4524
412.5953	191.4524
412.5953	191.9643
413.1072	191.9643
413.1072	192.4762
413.6191	192.4762
413.6191	192.9881
414.1310	192.9881
414.1310	193.5000
414.6429	193.5000
414.6429	194.0119
415.6667	194.0119
415.6667	194.5238
416.1787	194.5238
416.1787	195.0358
416.6906	195.0358
416.6906	195.5477
417.2025	195.5477
417.2025	196.0596
418.2263	196.0596
418.2263	196.5715
418.7382	196.5715
418.7382	197.0834
419.7620	197.0834
419.7620	197.5953
420.2739	197.5953
420.2739	198.1072
421.2977	198.1072
421.2977	199.1310
421.8096	199.1310
421.8096	200.1548
422.3215	200.1548
422.3215	200.6667
422.8334	200.6667
422.8334	201.1786
423.3453	201.1786
423.3453	201.6905
423.8572	201.6905
423.8572	202.2024
424.3691	202.2024
424.3691	202.7143
424.8810	202.7143
424.8810	203.2262
425.3929	203.2262
425.3929	203.7381
425.9048	203.7381
425.9048	204.2500
426.4167	204.2500
426.4167	204.7619
426.9287	204.7619
426.9287	205.7858
427.4406	205.7858
427.4406	206.2977
427.9525	206.2977
427.9525	206.8096
428.4644	206.8096
428.4644	207.3215
428.9763	207.3215
428.9763	208.3453
429.4882	208.3453
429.4882	208.8572
430.0001	208.8572
430.0001	209.8810
430.5120	209.8810
430.5120	210.3929
431.0239	210.3929
431.0239	210.9048
431.5358	210.9048
431.5358	211.9286
432.0477	211.9286
432.0477	212.4405
432.5596	212.4405
432.5596	212.9524
433.0715	212.9524
433.0715	213.4643
433.5834	213.4643
433.5834	214.4881
434.0953	214.4881
434.0953	215.0000
434.6072	215.0000
434.6072	216.0239
435.1191	216.0239
435.1191	216.5358
435.6310	216.5358
435.6310	217.0477
436.1429	217.0477
436.1429	218.0715
436.6548	218.0715
436.6548	219.0953
437.1667	219.0953
437.1667	219.6072
437.6787	219.6072
437.6787	220.6310
438.1906	220.6310
438.1906	224.7262
438.7025	224.7262
438.7025	227.2858
439.2144	227.2858
439.2144	228.3096
439.7263	228.3096
439.7263	229.8453
440.2382	229.8453
440.2382	230.8691
440.7501	230.8691
440.7501	233.9405
441.2620	233.9405
441.2620	236.5000
441.7739	236.5000
441.7739	239.0596
442.2858	239.0596
442.2858	241.6191
442.7977	241.6191
442.7977	243.6667
443.3096	243.6667
443.3096	244.6905
443.8215	244.6905
443.8215	245.7143
444.3334	245.7143
444.3334	246.2262
444.8453	246.2262
444.8453	246.7381
445.3572	246.7381
445.3572	247.2500
445.8691	247.2500
445.8691	247.7620
446.3810	247.7620
446.3810	248.2739
447.4048	248.2739
447.4048	248.7858
448.4287	248.7858
448.4287	249.2977
450.9882	249.2977
450.9882	249.8096
453.5477	249.8096
453.5477	249.2977
456.1072	249.2977
456.1072	248.7858
457.6429	248.7858
457.6429	248.2739
460.7144	248.2739
460.7144	248.7858
461.2263	248.7858
461.2263	249.2977
461.7382	249.2977
461.7382	249.8096
462.7620	249.8096
462.7620	250.3215
463.7858	250.3215
463.7858	251.3453
463.2739	251.3453
463.2739	253.9048
462.7620	253.9048
462.7620	254.4167
462.2501	254.4167
462.2501	254.9286
461.7382	254.9286
461.7382	255.4405
461.2263	255.4405
461.2263	256.4643
455.5953	256.4643
455.5953	256.9762
449.4525	256.9762
449.4525	257.4881
446.8929	257.4881
446.8929	258.0000
445.8691	258.0000
445.8691	258.5120
444.8453	258.5120
444.8453	259.0239
444.3334	259.0239
444.3334	259.5358
443.8215	259.5358
443.8215	260.0477
443.3096	260.0477
443.3096	260.5596
442.7977	260.5596
442.7977	261.0715
442.2858	261.0715
442.2858	262.0953
441.7739	262.0953
441.7739	263.1191
441.2620	263.1191
441.2620	265.6786
440.7501	265.6786
440.7501	268.2381
441.2620	268.2381
441.2620	270.7977
441.7739	270.7977
441.7739	271.8215
442.2858	271.8215
442.2858	272.3334
441.7739	272.3334
441.7739	274.3810
441.2620	274.3810
441.2620	276.9405
440.7501	276.9405
440.7501	280.0120
440.2382	280.0120
440.2382	283.0834
439.7263	283.0834
439.7263	285.1310
439.2144	285.1310
439.2144	286.1548
438.7025	286.1548
438.7025	287.6905
438.1906	287.6905
438.1906	289.2262
437.6787	289.2262
437.6787	290.2501
437.1667	290.2501
437.1667	291.2739
436.6548	291.2739
436.6548	292.2977
436.1429	292.2977
436.1429	292.8096
435.6310	292.8096
435.6310	293.3215
435.1191	293.3215
435.1191	294.3453
434.6072	294.3453
434.6072	295.3691
434.0953	295.3691
434.0953	295.8810
433.5834	295.8810
433.5834	296.3929
433.0715	296.3929
433.0715	296.9048
432.5596	296.9048
432.5596	297.4167
432.0477	297.4167
432.0477	297.9286
431.5358	297.9286
431.5358	298.4405
431.0239	298.4405
431.0239	299.4643
430.5120	299.4643
430.5120	300.4882
430.0001	300.4882
430.0001	301.5120
429.4882	301.5120
429.4882	303.0477
428.9763	303.0477
428.9763	304.0715
428.4644	304.0715
428.4644	305.0953
427.9525	305.0953
427.9525	307.6548
427.4406	307.6548
427.4406	310.2143
427.9525	310.2143
427.9525	312.7739
428.4644	312.7739
428.4644	313.7977
428.9763	313.7977
428.9763	314.8215
429.4882	314.8215
429.4882	315.3334
430.0001	315.3334
430.0001	315.8453
430.5120	315.8453
430.5120	316.3572
431.0239	316.3572
431.0239	316.8691
431.5358	316.8691
431.5358	317.3810
432.5596	317.3810
432.5596	317.8929
433.5834	317.8929
433.5834	318.4048
436.1429	318.4048
436.1429	318.9167
438.7025	318.9167
438.7025	319.4286
439.2144	319.4286
439.2144	320.9643
436.6548	320.9643
436.6548	321.4763
435.6310	321.4763
435.6310	321.9882
434.6072	321.9882
434.6072	322.5001
433.5834	322.5001
433.5834	323.0120
433.0715	323.0120
433.0715	323.5239
432.5596	323.5239
432.5596	324.0358
432.0477	324.0358
432.0477	324.5477
431.5358	324.5477
431.5358	325.0596
431.0239	325.0596
431.0239	326.0834
430.5120	326.0834
430.5120	327.1072
430.0001	327.1072
430.0001	329.6667
429.4882	329.6667
429.4882	332.7382
428.4644	332.7382
428.4644	332.2263
427.9525	332.2263
427.9525	331.7143
427.4406	331.7143
427.4406	331.2024
426.9287	331.2024
426.9287	330.6905
426.4167	330.6905
426.4167	330.1786
425.3929	330.1786
425.3929	329.6667
424.3691	329.6667
424.3691	329.1548
421.8096	329.1548
421.8096	328.6429
418.7382	328.6429
418.7382	329.1548
416.1787	329.1548
416.1787	329.6667
415.1548	329.6667
415.1548	330.1786
414.1310	330.1786
414.1310	330.6905
413.6191	330.6905
413.6191	331.2024
413.1072	331.2024
413.1072	331.7143
412.0834	331.7143
412.0834	331.2024
411.0596	331.2024
411.0596	330.6905
410.0358	330.6905
410.0358	330.1786
407.4763	330.1786
407.4763	329.6667
404.4048	329.6667
404.4048	330.1786
401.8453	330.1786
401.8453	330.6905
400.8215	330.6905
400.8215	330.1786
398.2620	330.1786
398.2620	329.6667
395.1906	329.6667
395.1906	330.1786
392.6310	330.1786
392.6310	330.6905
389.0477	330.6905
389.0477	330.1786
383.4167	330.1786
383.4167	329.6667
378.8096	329.6667
378.8096	330.1786
376.2501	330.1786
376.2501	330.6905
375.2263	330.6905
375.2263	331.2024
374.2025	331.2024
374.2025	331.7143
373.6905	331.7143
373.6905	332.2263
373.1786	332.2263
373.1786	332.7382
372.6667	332.7382
372.6667	333.2501
372.1548	333.2501
372.1548	333.7620
371.6429	333.7620
371.6429	334.2739
371.1310	334.2739
371.1310	334.7858
370.6191	334.7858
370.6191	335.8096
370.1072	335.8096
370.1072	336.8334
369.5953	336.8334
369.5953	337.8572
369.0834	337.8572
369.0834	338.3691
368.5715	338.3691
368.5715	338.8810
368.0596	338.8810
368.0596	339.3929
367.0358	339.3929
367.0358	339.9048
366.0120	339.9048
366.0120	340.4167
364.9882	340.4167
364.9882	340.9286
363.9644	340.9286
363.9644	341.4405
358.3334	341.4405
358.3334	341.9524
353.7263	341.9524
353.7263	342.4644
351.1667	342.4644
351.1667	341.9524
349.6310	341.9524
349.6310	341.4405
348.6072	341.4405
348.6072	340.9286
346.0477	340.9286
346.0477	340.4167
339.3929	340.4167
339.3929	339.9048
336.3215	339.9048
336.3215	339.3929
335.2977	339.3929
335.2977	338.8810
333.7620	338.8810
333.7620	338.3691
331.2024	338.3691
331.2024	337.8572
330.6905	337.8572
330.6905	337.3453
330.1786	337.3453
330.1786	336.8334
329.1548	336.8334
329.1548	336.3215
328.6429	336.3215
328.6429	335.8096
328.1310	335.8096
328.1310	335.2977
327.6191	335.2977
327.6191	334.7858
327.1072	334.7858
327.1072	334.2739
326.5953	334.2739
326.5953	333.7620
325.5715	333.7620
325.5715	333.2501
324.5477	333.2501
324.5477	332.2263
324.0358	332.2263
324.0358	331.7143
323.5239	331.7143
323.5239	331.2024
323.0120	331.2024
323.0120	330.6905
322.5001	330.6905
322.5001	330.1786
321.9882	330.1786
321.9882	329.1548
321.4763	329.1548
321.4763	328.1310
320.9643	328.1310
320.9643	327.1072
320.4524	327.1072
320.4524	326.5953
319.9405	326.5953
319.9405	325.5715
319.4286	325.5715
319.4286	324.5477
318.9167	324.5477
318.9167	323.5239
318.4048	323.5239
318.4048	323.0120
317.8929	323.0120
317.8929	322.5001
317.3810	322.5001
317.3810	321.9882
316.8691	321.9882
316.8691	321.4763
316.3572	321.4763
316.3572	320.9643
315.3334	320.9643
315.3334	320.4524
314.8215	320.4524
314.8215	319.9405
313.7977	319.9405
313.7977	319.4286
312.7739	319.4286
312.7739	318.9167
312.2620	318.9167
312.2620	318.4048
311.2382	318.4048
311.2382	317.8929
310.2143	317.8929
310.2143	317.3810
309.1905	317.3810
309.1905	316.8691
307.6548	316.8691
307.6548	316.3572
306.6310	316.3572
306.6310	315.8453
305.6072	315.8453
305.6072	315.3334
304.5834	315.3334
304.5834	314.8215
304.0715	314.8215
304.0715	314.3096
303.5596	314.3096
303.5596	313.7977
302.5358	313.7977
302.5358	313.2858
301.5120	313.2858
301.5120	312.7739
301.0001	312.7739
301.0001	312.2620
300.4882	312.2620
300.4882	311.7501
299.9762	311.7501
299.9762	311.2382
299.4643	311.2382
299.4643	310.7262
298.9524	310.7262
298.9524	310.2143
298.4405	310.2143
298.4405	309.7024
297.9286	309.7024
297.9286	309.1905
297.4167	309.1905
297.4167	308.6786
296.9048	308.6786
296.9048	308.1667
295.8810	308.1667
295.8810	307.6548
294.8572	307.6548
294.8572	307.1429
293.8334	307.1429
293.8334	306.1191
293.3215	306.1191
293.3215	305.6072
292.8096	305.6072
292.8096	305.0953
292.2977	305.0953
292.2977	304.5834
291.7858	304.5834
291.7858	304.0715
291.2739	304.0715
291.2739	303.5596
290.2501	303.5596
290.2501	303.0477
289.2262	303.0477
289.2262	302.5358
287.6905	302.5358
287.6905	302.0239
287.1786	302.0239
287.1786	301.5120
286.1548	301.5120
286.1548	301.0001
285.1310	301.0001
285.1310	300.4882
284.1072	300.4882
284.1072	299.9762
281.5477	299.9762
281.5477	299.4643
281.0358	299.4643
281.0358	298.9524
280.5239	298.9524
280.5239	298.4405
280.0120	298.4405
280.0120	297.9286
279.5001	297.9286
279.5001	297.4167
278.9881	297.4167
278.9881	296.9048
278.4762	296.9048
278.4762	296.3929
277.9643	296.3929
277.9643	295.8810
277.4524	295.8810
277.4524	295.3691
276.9405	295.3691
276.9405	294.8572
276.4286	294.8572
276.4286	294.3453
275.4048	294.3453
275.4048	293.8334
274.3810	293.8334
274.3810	293.3215
271.8215	293.3215
271.8215	292.8096
267.7262	292.8096
267.7262	293.3215
266.1905	293.3215
266.1905	290.7620
265.6786	290.7620
265.6786	289.2262
265.1667	289.2262
265.1667	288.2024
264.6548	288.2024
264.6548	287.1786
264.1429	287.1786
264.1429	286.6667
263.6310	286.6667
263.6310	286.1548
263.1191	286.1548
263.1191	285.6429
262.6072	285.6429
262.6072	285.1310
262.0953	285.1310
262.0953	284.6191
261.5834	284.6191
261.5834	284.1072
261.0715	284.1072
261.0715	283.5953
260.5596	283.5953
260.5596	283.0834
260.0477	283.0834
260.0477	282.0596
259.5358	282.0596
259.5358	281.5477
259.0239	281.5477
259.0239	281.0358
258.5120	281.0358
258.5120	280.5239
258.0000	280.5239
258.0000	280.0120
257.4881	280.0120
257.4881	279.5001
256.4643	279.5001
256.4643	278.9881
255.4405	278.9881
255.4405	278.4762
254.9286	278.4762
254.9286	277.9643
254.4167	277.9643
254.4167	277.4524
253.9048	277.4524
253.9048	276.9405
253.3929	276.9405
253.3929	276.4286
252.8810	276.4286
252.8810	275.4048
252.3691	275.4048
252.3691	274.8929
251.8572	274.8929
251.8572	272.3334
251.3453	272.3334
251.3453	270.7977
250.8334	270.7977
250.8334	269.7739
250.3215	269.7739
250.3215	268.7501
249.8096	268.7501
249.8096	268.2381
249.2977	268.2381
249.2977	267.2143
248.7858	267.2143
248.7858	266.7024
248.2739	266.7024
248.2739	266.1905
247.7620	266.1905
247.7620	265.6786
247.2500	265.6786
247.2500	264.6548
246.7381	264.6548
246.7381	263.6310
246.2262	263.6310
246.2262	261.5834
245.7143	261.5834
245.7143	259.5358
245.2024	259.5358
245.2024	256.9762
244.6905	256.9762
244.6905	255.9524
244.1786	255.9524
244.1786	254.9286
243.6667	254.9286
243.6667	254.4167
243.1548	254.4167
243.1548	248.7858
243.6667	248.7858
243.6667	246.7381
244.1786	246.7381
244.1786	245.2024
244.6905	245.2024
244.6905	243.6667
245.2024	243.6667
245.2024	242.1310
245.7143	242.1310
245.7143	241.1072
246.2262	241.1072
246.2262	240.0834
246.7381	240.0834
246.7381	238.0358
247.2500	238.0358
247.2500	235.9881
247.7620	235.9881
247.7620	235.4762
248.2739	235.4762
248.2739	234.4524
248.7858	234.4524
248.7858	233.4286
249.2977	233.4286
249.2977	231.3810
249.8096	231.3810
249.8096	230.8691
250.3215	230.8691
250.3215	230.3572
251.3453	230.3572
251.3453	229.8453
252.3691	229.8453
252.3691	229.3334
252.8810	229.3334
252.8810	228.8215
253.3929	228.8215
253.3929	228.3096
253.9048	228.3096
253.9048	227.7977
254.4167	227.7977
254.4167	227.2858
254.9286	227.2858
254.9286	226.7739
255.4405	226.7739
255.4405	225.7500
255.9524	225.7500
255.9524	224.7262
256.4643	224.7262
256.4643	224.2143
256.9762	224.2143
256.9762	223.7024
257.4881	223.7024
257.4881	223.1905
258.0000	223.1905
258.0000	222.6786
258.5120	222.6786
258.5120	222.1667
259.0239	222.1667
259.0239	221.6548
259.5358	221.6548
259.5358	221.1429
260.0477	221.1429
260.0477	220.6310
260.5596	220.6310
260.5596	219.6072
261.0715	219.6072
261.0715	218.5834
261.5834	218.5834
261.5834	216.0239
262.0953	216.0239
262.0953	212.9524
261.5834	212.9524
261.5834	210.3929
261.0715	210.3929
261.0715	209.3691
260.5596	209.3691
260.5596	208.3453
262.0953	208.3453
262.0953	207.8334
263.1191	207.8334
263.1191	207.3215
264.1429	207.3215
264.1429	206.8096
264.6548	206.8096
264.6548	206.2977
265.1667	206.2977
265.1667	205.7858
265.6786	205.7858
265.6786	205.2738
266.1905	205.2738
266.1905	204.7619
266.7024	204.7619
266.7024	204.2500
267.2143	204.2500
267.2143	203.7381
267.7262	203.7381
267.7262	203.2262
268.7501	203.2262
268.7501	202.7143
269.7739	202.7143
269.7739	202.2024
270.7977	202.2024
270.7977	201.6905
271.3096	201.6905
271.3096	201.1786
272.3334	201.1786
272.3334	200.6667
273.3572	200.6667
273.3572	200.1548
274.3810	200.1548
274.3810	199.6429
276.9405	199.6429
276.9405	199.1310
277.9643	199.1310
277.9643	198.6191
278.9881	198.6191
278.9881	198.1072
281.0358	198.1072
281.0358	197.5953
282.0596	197.5953
282.0596	197.0834
288.2024	197.0834
288.2024	196.5715
289.2262	196.5715
289.2262	197.0834
291.2739	197.0834
291.2739	197.5953
292.8096	197.5953
292.8096	198.1072
294.3453	198.1072
294.3453	200.1548
294.8572	200.1548
294.8572	201.1786
295.3691	201.1786
295.3691	202.2024
295.8810	202.2024
295.8810	202.7143
296.3929	202.7143
296.3929	203.2262
296.9048	203.2262
296.9048	203.7381
297.4167	203.7381
297.4167	204.7619
297.9286	204.7619
297.9286	205.7858
298.4405	205.7858
298.4405	206.8096
298.9524	206.8096
298.9524	207.3215
299.4643	207.3215
299.4643	207.8334
299.9762	207.8334
299.9762	208.3453
300.4882	208.3453
300.4882	208.8572
301.0001	208.8572
301.0001	209.3691
302.0239	209.3691
302.0239	209.8810
303.0477	209.8810
303.0477	210.3929
305.6072	210.3929
305.6072	210.9048
309.1905	210.9048
309.1905	210.3929
311.7501	210.3929
311.7501	209.8810
312.7739	209.8810
312.7739	209.3691
313.7977	209.3691
313.7977	209.8810
319.9405	209.8810
319.9405	209.3691
322.5001	209.3691
322.5001	208.8572
323.5239	208.8572
323.5239	208.3453
324.5477	208.3453
324.5477	207.8334
325.5715	207.8334
325.5715	207.3215
326.0834	207.3215
326.0834	206.8096
326.5953	206.8096
326.5953	206.2977
327.1072	206.2977
327.1072	205.7858
327.6191	205.7858
327.6191	205.2738
328.1310	205.2738
328.1310	204.2500
328.6429	204.2500
328.6429	203.2262
329.1548	203.2262
329.1548	200.6667
329.6667	200.6667
329.6667	198.1072
329.1548	198.1072
329.1548	196.5715
329.6667	196.5715
329.6667	195.5477
330.1786	195.5477
330.1786	195.0358
332.7382	195.0358
332.7382	195.5477
337.8572	195.5477
337.8572	195.0358
340.4167	195.0358
340.4167	194.5238
341.4405	194.5238
341.4405	194.0119
342.4644	194.0119
342.4644	193.5000
343.4882	193.5000
343.4882	192.9881
344.5120	192.9881
344.5120	192.4762
345.5358	192.4762
345.5358	191.9643
346.5596	191.9643
346.5596	191.4524
347.0715	191.4524
347.0715	190.9405
347.5834	190.9405
347.5834	190.4286
348.0953	190.4286
348.0953	189.9167
348.6072	189.9167
348.6072	189.4048
349.1191	189.4048
349.1191	188.8929
350.1429	188.8929
350.1429	188.3810
352.1905	188.3810
352.1905	187.8691
353.2144	187.8691
353.2144	187.3572
355.7739	187.3572
355.7739	186.8453
360.8929	186.8453
360.8929	186.3334
363.4525	186.3334
363.4525	185.8215
364.9882	185.8215
364.9882	185.3096
367.5477	185.3096
367.5477	184.7977
370.1072	184.7977
370.1072	184.2857
372.1548	184.2857
372.1548	183.7738
378.2977	183.7738
378.2977	183.2619
380.8572	183.2619
380.8572	182.7500
381.8810	182.7500
381.8810	182.2381
383.4167	182.2381
