420.7858	160.7381
421.8096	160.7381
421.8096	161.2500
424.3691	161.2500
424.3691	161.7619
425.9048	161.7619
425.9048	162.2738
426.4167	162.2738
426.4167	162.7857
427.4406	162.7857
427.4406	163.8096
427.9525	163.8096
427.9525	164.3215
428.4644	164.3215
428.4644	164.8334
428.9763	164.8334
428.9763	165.3453
429.4882	165.3453
429.4882	165.8572
430.0001	165.8572
430.0001	166.3691
430.5120	166.3691
430.5120	166.8810
431.5358	166.8810
431.5358	167.3929
432.0477	167.3929
432.0477	167.9048
432.5596	167.9048
432.5596	168.4167
433.0715	168.4167
433.0715	169.4405
433.5834	169.4405
433.5834	170.4643
434.0953	170.4643
434.0953	171.4881
434.6072	171.4881
434.6072	172.5119
435.1191	172.5119
435.1191	173.0238
435.6310	173.0238
435.6310	173.5357
436.1429	173.5357
436.1429	174.0477
436.6548	174.0477
436.6548	174.5596
437.1667	174.5596
437.1667	175.0715
437.6787	175.0715
437.6787	175.5834
438.1906	175.5834
438.1906	176.0953
438.7025	176.0953
438.7025	176.6072
439.2144	176.6072
439.2144	177.1191
439.7263	177.1191
439.7263	177.6310
440.2382	177.6310
440.2382	178.1429
440.7501	178.1429
440.7501	178.6548
441.2620	178.6548
441.2620	179.1667
442.2858	179.1667
442.2858	179.6786
443.3096	179.6786
443.3096	180.7024
443.8215	180.7024
443.8215	181.2143
444.3334	181.2143
444.3334	181.7262
444.8453	181.7262
444.8453	182.2381
445.3572	182.2381
445.3572	182.7500
445.8691	182.7500
445.8691	183.2619
446.3810	183.2619
446.3810	183.7738
447.4048	183.7738
447.4048	184.2857
448.4287	184.2857
448.4287	184.7977
450.9882	184.7977
450.9882	185.3096
452.0120	185.3096
452.0120	185.8215
452.5239	185.8215
452.5239	189.4048
453.0358	189.4048
453.0358	191.9643
453.5477	191.9643
453.5477	192.9881
454.0596	192.9881
454.0596	194.0119
454.5715	194.0119
454.5715	195.0358
455.0834	195.0358
455.0834	195.5477
455.5953	195.5477
455.5953	196.0596
456.1072	196.0596
456.1072	196.5715
456.6191	196.5715
456.6191	197.5953
457.1310	197.5953
457.1310	198.6191
457.6429	198.6191
457.6429	199.1310
458.1548	199.1310
458.1548	199.6429
458.6668	199.6429
458.6668	200.1548
459.1787	200.1548
459.1787	200.6667
459.6906	200.6667
459.6906	201.1786
460.7144	201.1786
460.7144	201.6905
461.7382	201.6905
461.7382	202.2024
463.7858	202.2024
463.7858	202.7143
464.2977	202.7143
464.2977	203.2262
464.8096	203.2262
464.8096	204.2500
465.3215	204.2500
465.3215	205.2738
465.8334	205.2738
465.8334	205.7858
466.3453	205.7858
466.3453	206.8096
466.8572	206.8096
466.8572	207.8334
467.3691	207.8334
467.3691	208.3453
467.8810	208.3453
467.8810	209.3691
468.3929	209.3691
468.3929	209.8810
468.9049	209.8810
468.9049	211.4167
469.4168	211.4167
469.4168	212.4405
469.9287	212.4405
469.9287	213.4643
470.4406	213.4643
470.4406	214.4881
470.9525	214.4881
470.9525	217.0477
471.4644	217.0477
471.4644	218.0715
471.9763	218.0715
471.9763	219.0953
472.4882	219.0953
472.4882	220.6310
473.0001	220.6310
473.0001	222.6786
473.5120	222.6786
473.5120	223.7024
474.0239	223.7024
474.0239	224.7262
474.5358	224.7262
474.5358	225.7500
475.0477	225.7500
475.0477	226.7739
475.5596	226.7739
475.5596	227.7977
476.0715	227.7977
476.0715	228.3096
476.5834	228.3096
476.5834	228.8215
477.0953	228.8215
477.0953	229.3334
477.6072	229.3334
477.6072	229.8453
478.1191	229.8453
478.1191	230.3572
479.1429	230.3572
479.1429	230.8691
480.1668	230.8691
480.1668	231.3810
482.7263	231.3810
482.7263	231.8929
486.3096	231.8929
486.3096	231.3810
489.3810	231.3810
489.3810	230.8691
491.4287	230.8691
491.4287	231.3810
494.5001	231.3810
494.5001	230.8691
496.0358	230.8691
496.0358	231.3810
497.0596	231.3810
497.0596	231.8929
498.5953	231.8929
498.5953	232.4048
499.1072	232.4048
499.1072	233.4286
498.0834	233.4286
498.0834	233.9405
497.5715	233.9405
497.5715	234.4524
497.0596	234.4524
497.0596	234.9643
496.0358	234.9643
496.0358	235.4762
495.0120	235.4762
495.0120	235.9881
493.9882	235.9881
493.9882	236.5000
492.9644	236.5000
492.9644	237.0119
491.9406	237.0119
491.9406	237.5239
485.2858	237.5239
485.2858	238.0358
482.7263	238.0358
482.7263	238.5477
481.7025	238.5477
481.7025	239.0596
480.6787	239.0596
480.6787	239.5715
480.1668	239.5715
480.1668	240.0834
479.6549	240.0834
479.6549	240.5953
479.1429	240.5953
479.1429	241.1072
478.6310	241.1072
478.6310	241.6191
478.1191	241.6191
478.1191	242.1310
477.6072	242.1310
477.6072	243.1548
477.0953	243.1548
477.0953	244.1786
476.5834	244.1786
476.5834	245.2024
476.0715	245.2024
476.0715	247.7620
475.5596	247.7620
475.5596	251.3453
476.0715	251.3453
476.0715	253.9048
476.5834	253.9048
476.5834	255.9524
477.0953	255.9524
477.0953	256.9762
476.5834	256.9762
476.5834	258.5120
476.0715	258.5120
476.0715	259.5358
475.5596	259.5358
475.5596	260.5596
475.0477	260.5596
475.0477	262.0953
474.5358	262.0953
474.5358	262.6072
474.0239	262.6072
474.0239	263.1191
473.5120	263.1191
473.5120	263.6310
473.0001	263.6310
473.0001	264.6548
472.4882	264.6548
472.4882	265.6786
471.9763	265.6786
471.9763	266.7024
471.4644	266.7024
471.4644	267.7262
470.9525	267.7262
470.9525	268.2381
469.9287	268.2381
469.9287	268.7501
469.4168	268.7501
469.4168	269.2620
468.3929	269.2620
468.3929	269.7739
467.3691	269.7739
467.3691	270.2858
466.8572	270.2858
466.8572	270.7977
466.3453	270.7977
466.3453	271.3096
465.8334	271.3096
465.8334	271.8215
465.3215	271.8215
465.3215	272.3334
464.8096	272.3334
464.8096	272.8453
464.2977	272.8453
464.2977	273.3572
463.7858	273.3572
463.7858	273.8691
463.2739	273.8691
463.2739	274.3810
462.7620	274.3810
462.7620	274.8929
462.2501	274.8929
462.2501	275.9167
461.7382	275.9167
461.7382	276.4286
461.2263	276.4286
461.2263	277.4524
460.7144	277.4524
460.7144	278.4762
460.2025	278.4762
460.2025	280.0120
459.6906	280.0120
459.6906	280.5239
459.1787	280.5239
459.1787	281.5477
458.6668	281.5477
458.6668	282.5715
458.1548	282.5715
458.1548	283.0834
457.6429	283.0834
457.6429	283.5953
457.1310	283.5953
457.1310	284.1072
456.6191	284.1072
456.6191	285.1310
456.1072	285.1310
456.1072	285.6429
455.5953	285.6429
455.5953	286.6667
455.0834	286.6667
455.0834	287.6905
454.5715	287.6905
454.5715	288.7143
454.0596	288.7143
454.0596	289.7382
453.5477	289.7382
453.5477	290.2501
453.0358	290.2501
453.0358	290.7620
452.5239	290.7620
452.5239	291.7858
452.0120	291.7858
452.0120	292.2977
451.5001	292.2977
451.5001	293.3215
450.9882	293.3215
450.9882	294.3453
450.4763	294.3453
450.4763	296.9048
449.9644	296.9048
449.9644	299.9762
450.4763	299.9762
450.4763	302.5358
450.9882	302.5358
450.9882	303.5596
451.5001	303.5596
451.5001	304.5834
452.0120	304.5834
452.0120	305.0953
452.5239	305.0953
452.5239	305.6072
453.0358	305.6072
453.0358	306.1191
453.5477	306.1191
453.5477	306.6310
454.0596	306.6310
454.0596	307.1429
455.0834	307.1429
455.0834	307.6548
456.1072	307.6548
456.1072	308.1667
458.6668	308.1667
458.6668	308.6786
461.7382	308.6786
461.7382	308.1667
464.2977	308.1667
464.2977	307.6548
465.3215	307.6548
465.3215	308.1667
464.8096	308.1667
464.8096	308.6786
464.2977	308.6786
464.2977	309.1905
463.7858	309.1905
463.7858	310.2143
463.2739	310.2143
463.2739	311.2382
462.7620	311.2382
462.7620	313.7977
462.2501	313.7977
462.2501	316.3572
462.7620	316.3572
462.7620	318.9167
463.2739	318.9167
463.2739	320.4524
463.7858	320.4524
463.7858	322.5001
464.2977	322.5001
464.2977	325.0596
464.8096	325.0596
464.8096	326.5953
464.2977	326.5953
464.2977	327.1072
462.2501	327.1072
462.2501	326.5953
461.2263	326.5953
461.2263	326.0834
460.2025	326.0834
460.2025	325.5715
457.6429	325.5715
457.6429	325.0596
454.5715	325.0596
454.5715	325.5715
452.0120	325.5715
452.0120	326.0834
450.9882	326.0834
450.9882	326.5953
449.9644	326.5953
449.9644	327.1072
449.4525	327.1072
449.4525	327.6191
448.9406	327.6191
448.9406	328.1310
448.4287	328.1310
448.4287	328.6429
446.8929	328.6429
446.8929	328.1310
444.3334	328.1310
444.3334	328.6429
442.2858	328.6429
442.2858	328.1310
436.1429	328.1310
436.1429	328.6429
435.6310	328.6429
435.6310	328.1310
435.1191	328.1310
435.1191	327.6191
434.6072	327.6191
434.6072	327.1072
434.0953	327.1072
434.0953	326.5953
433.5834	326.5953
433.5834	326.0834
432.5596	326.0834
432.5596	325.5715
431.5358	325.5715
431.5358	325.0596
428.9763	325.0596
428.9763	324.5477
426.4167	324.5477
426.4167	325.0596
423.8572	325.0596
423.8572	325.5715
422.8334	325.5715
422.8334	326.0834
421.8096	326.0834
421.8096	326.5953
421.2977	326.5953
421.2977	327.1072
420.7858	327.1072
420.7858	327.6191
420.2739	327.6191
420.2739	328.1310
419.7620	328.1310
419.7620	328.6429
418.2263	328.6429
418.2263	328.1310
415.1548	328.1310
415.1548	327.6191
410.0358	327.6191
410.0358	328.1310
407.4763	328.1310
407.4763	328.6429
406.4525	328.6429
406.4525	329.1548
405.4286	329.1548
405.4286	329.6667
404.4048	329.6667
404.4048	330.1786
403.3810	330.1786
403.3810	330.6905
402.3572	330.6905
402.3572	331.2024
401.8453	331.2024
401.8453	331.7143
400.8215	331.7143
400.8215	332.2263
399.7977	332.2263
399.7977	332.7382
399.2858	332.7382
399.2858	333.2501
398.7739	333.2501
398.7739	333.7620
398.2620	333.7620
398.2620	334.2739
397.7501	334.2739
397.7501	334.7858
397.2382	334.7858
397.2382	335.2977
396.2144	335.2977
396.2144	335.8096
395.7025	335.8096
395.7025	336.3215
395.1906	336.3215
395.1906	336.8334
394.6786	336.8334
394.6786	337.3453
393.6548	337.3453
393.6548	337.8572
391.6072	337.8572
391.6072	338.3691
390.5834	338.3691
390.5834	338.8810
389.5596	338.8810
389.5596	339.3929
388.5358	339.3929
388.5358	339.9048
386.4882	339.9048
386.4882	340.4167
385.4644	340.4167
385.4644	340.9286
384.4405	340.9286
384.4405	341.4405
383.9286	341.4405
383.9286	341.9524
382.9048	341.9524
382.9048	342.4644
382.3929	342.4644
382.3929	342.9763
379.3215	342.9763
379.3215	342.4644
376.7620	342.4644
376.7620	342.9763
374.2025	342.9763
374.2025	343.4882
370.1072	343.4882
370.1072	344.0001
367.5477	344.0001
367.5477	344.5120
366.5239	344.5120
366.5239	345.0239
360.3810	345.0239
360.3810	345.5358
359.3572	345.5358
359.3572	345.0239
355.2620	345.0239
355.2620	344.5120
354.7501	344.5120
354.7501	344.0001
354.2382	344.0001
354.2382	343.4882
353.7263	343.4882
353.7263	342.9763
352.7024	342.9763
352.7024	342.4644
351.6786	342.4644
351.6786	341.9524
350.1429	341.9524
350.1429	341.4405
347.5834	341.4405
347.5834	340.9286
347.0715	340.9286
347.0715	340.4167
346.5596	340.4167
346.5596	339.9048
346.0477	339.9048
346.0477	339.3929
345.5358	339.3929
345.5358	338.8810
344.5120	338.8810
344.5120	338.3691
343.4882	338.3691
343.4882	337.8572
342.4644	337.8572
342.4644	337.3453
341.4405	337.3453
341.4405	336.8334
339.3929	336.8334
339.3929	336.3215
337.8572	336.3215
337.8572	335.8096
336.8334	335.8096
336.8334	335.2977
335.8096	335.2977
335.8096	334.7858
334.7858	334.7858
334.7858	334.2739
334.2739	334.2739
334.2739	333.7620
333.2501	333.7620
333.2501	333.2501
332.2263	333.2501
332.2263	332.7382
331.2024	332.7382
331.2024	331.7143
330.6905	331.7143
330.6905	331.2024
330.1786	331.2024
330.1786	330.6905
329.6667	330.6905
329.6667	330.1786
329.1548	330.1786
329.1548	329.6667
328.6429	329.6667
328.6429	329.1548
328.1310	329.1548
328.1310	328.6429
327.6191	328.6429
327.6191	328.1310
327.1072	328.1310
327.1072	327.6191
326.5953	327.6191
326.5953	327.1072
326.0834	327.1072
326.0834	326.5953
325.5715	326.5953
325.5715	325.5715
325.0596	325.5715
325.0596	324.5477
324.5477	324.5477
324.5477	324.0358
324.0358	324.0358
324.0358	323.0120
323.5239	323.0120
323.5239	321.9882
323.0120	321.9882
323.0120	321.4763
322.5001	321.4763
322.5001	319.9405
321.9882	319.9405
321.9882	317.8929
321.4763	317.8929
321.4763	315.3334
320.9643	315.3334
320.9643	309.7024
320.4524	309.7024
320.4524	307.1429
319.9405	307.1429
319.9405	306.1191
319.4286	306.1191
319.4286	305.0953
318.9167	305.0953
318.9167	304.5834
318.4048	304.5834
318.4048	304.0715
317.8929	304.0715
317.8929	303.5596
317.3810	303.5596
317.3810	303.0477
316.8691	303.0477
316.8691	301.5120
316.3572	301.5120
316.3572	298.4405
316.8691	298.4405
316.8691	291.2739
316.3572	291.2739
316.3572	288.7143
315.8453	288.7143
315.8453	287.6905
315.3334	287.6905
315.3334	286.6667
314.8215	286.6667
314.8215	286.1548
314.3096	286.1548
314.3096	285.6429
313.7977	285.6429
313.7977	285.1310
313.2858	285.1310
313.2858	284.6191
312.7739	284.6191
312.7739	284.1072
311.7501	284.1072
311.7501	283.5953
310.7262	283.5953
310.7262	283.0834
308.1667	283.0834
308.1667	282.5715
305.6072	282.5715
305.6072	282.0596
305.0953	282.0596
305.0953	281.0358
304.5834	281.0358
304.5834	280.5239
304.0715	280.5239
304.0715	280.0120
303.5596	280.0120
303.5596	279.5001
303.0477	279.5001
303.0477	278.9881
302.5358	278.9881
302.5358	278.4762
301.5120	278.4762
301.5120	277.9643
300.4882	277.9643
300.4882	277.4524
298.9524	277.4524
298.9524	276.9405
296.3929	276.9405
296.3929	276.4286
293.8334	276.4286
293.8334	275.9167
292.8096	275.9167
292.8096	271.8215
292.2977	271.8215
292.2977	269.2620
291.7858	269.2620
291.7858	268.2381
291.2739	268.2381
291.2739	267.2143
290.7620	267.2143
290.7620	266.1905
290.2501	266.1905
290.2501	265.1667
289.7382	265.1667
289.7382	264.6548
289.2262	264.6548
289.2262	264.1429
288.7143	264.1429
288.7143	263.6310
288.2024	263.6310
288.2024	263.1191
287.6905	263.1191
287.6905	262.6072
287.1786	262.6072
287.1786	262.0953
286.1548	262.0953
286.1548	261.5834
285.1310	261.5834
285.1310	261.0715
284.1072	261.0715
284.1072	260.5596
283.0834	260.5596
283.0834	260.0477
281.5477	260.0477
281.5477	259.5358
278.9881	259.5358
278.9881	259.0239
278.4762	259.0239
278.4762	258.5120
277.9643	258.5120
277.9643	255.9524
277.4524	255.9524
277.4524	253.3929
276.9405	253.3929
276.9405	251.8572
277.4524	251.8572
277.4524	247.7620
276.9405	247.7620
276.9405	245.2024
276.4286	245.2024
276.4286	244.1786
275.9167	244.1786
275.9167	243.1548
275.4048	243.1548
275.4048	242.6429
274.8929	242.6429
274.8929	242.1310
274.3810	242.1310
274.3810	241.6191
273.8691	241.6191
273.8691	241.1072
273.3572	241.1072
273.3572	240.5953
272.8453	240.5953
272.8453	240.0834
272.3334	240.0834
272.3334	239.5715
271.3096	239.5715
271.3096	239.0596
270.2858	239.0596
270.2858	238.5477
268.7501	238.5477
268.7501	238.0358
266.1905	238.0358
266.1905	237.5239
265.6786	237.5239
265.6786	237.0119
265.1667	237.0119
265.1667	236.5000
264.6548	236.5000
264.6548	235.9881
264.1429	235.9881
264.1429	235.4762
263.1191	235.4762
263.1191	234.9643
262.0953	234.9643
262.0953	234.4524
261.0715	234.4524
261.0715	233.9405
258.5120	233.9405
258.5120	232.4048
258.0000	232.4048
258.0000	231.3810
257.4881	231.3810
257.4881	230.3572
256.9762	230.3572
256.9762	228.8215
256.4643	228.8215
256.4643	227.7977
256.9762	227.7977
256.9762	225.7500
257.4881	225.7500
257.4881	223.1905
258.0000	223.1905
258.0000	219.6072
257.4881	219.6072
257.4881	217.0477
256.9762	217.0477
256.9762	216.0239
256.4643	216.0239
256.4643	215.0000
255.9524	215.0000
255.9524	212.9524
256.4643	212.9524
256.4643	212.4405
256.9762	212.4405
256.9762	211.9286
257.4881	211.9286
257.4881	211.4167
258.0000	211.4167
258.0000	210.9048
258.5120	210.9048
258.5120	210.3929
259.0239	210.3929
259.0239	209.3691
259.5358	209.3691
259.5358	208.3453
260.0477	208.3453
260.0477	207.3215
260.5596	207.3215
260.5596	204.7619
261.0715	204.7619
261.0715	199.1310
261.5834	199.1310
261.5834	197.5953
262.0953	197.5953
262.0953	196.0596
262.6072	196.0596
262.6072	194.5238
263.1191	194.5238
263.1191	193.5000
263.6310	193.5000
263.6310	192.4762
264.1429	192.4762
264.1429	191.9643
264.6548	191.9643
264.6548	190.9405
265.1667	190.9405
265.1667	189.9167
265.6786	189.9167
265.6786	189.4048
266.1905	189.4048
266.1905	188.8929
266.7024	188.8929
266.7024	188.3810
267.2143	188.3810
267.2143	187.8691
267.7262	187.8691
267.7262	187.3572
268.2381	187.3572
268.2381	186.8453
268.7501	186.8453
268.7501	185.8215
269.2620	185.8215
269.2620	185.3096
269.7739	185.3096
269.7739	184.2857
270.2858	184.2857
270.2858	183.2619
270.7977	183.2619
270.7977	182.2381
271.3096	182.2381
271.3096	181.7262
272.3334	181.7262
272.3334	181.2143
272.8453	181.2143
272.8453	180.7024
273.3572	180.7024
273.3572	180.1905
273.8691	180.1905
273.8691	179.6786
274.3810	179.6786
274.3810	179.1667
274.8929	179.1667
274.8929	178.6548
275.9167	178.6548
275.9167	178.1429
276.4286	178.1429
276.4286	177.6310
276.9405	177.6310
276.9405	177.1191
277.4524	177.1191
277.4524	176.6072
278.4762	176.6072
278.4762	176.0953
279.5001	176.0953
279.5001	175.5834
280.5239	175.5834
280.5239	175.0715
281.5477	175.0715
281.5477	174.5596
282.5715	174.5596
282.5715	174.0477
283.5953	174.0477
283.5953	173.5357
285.6429	173.5357
285.6429	173.0238
290.7620	173.0238
290.7620	172.5119
296.9048	172.5119
296.9048	172.0000
299.4643	172.0000
299.4643	171.4881
300.4882	171.4881
300.4882	172.0000
305.0953	172.0000
305.0953	172.5119
307.6548	172.5119
307.6548	173.0238
313.2858	173.0238
313.2858	173.5357
315.3334	173.5357
315.3334	174.0477
317.8929	174.0477
317.8929	174.5596
320.4524	174.5596
320.4524	175.0715
324.5477	175.0715
324.5477	175.5834
327.1072	175.5834
327.1072	176.0953
328.1310	176.0953
328.1310	176.6072
329.1548	176.6072
329.1548	177.1191
331.7143	177.1191
331.7143	177.6310
334.2739	177.6310
334.2739	178.1429
335.2977	178.1429
335.2977	178.6548
336.3215	178.6548
336.3215	179.1667
338.3691	179.1667
338.3691	179.6786
339.3929	179.6786
339.3929	180.1905
340.4167	180.1905
340.4167	180.7024
342.4644	180.7024
342.4644	181.2143
342.9763	181.2143
342.9763	181.7262
344.0001	181.7262
344.0001	182.2381
344.5120	182.2381
344.5120	182.7500
345.0239	182.7500
345.0239	183.2619
345.5358	183.2619
345.5358	183.7738
346.5596	183.7738
346.5596	184.2857
347.5834	184.2857
347.5834	184.7977
350.1429	184.7977
350.1429	185.3096
352.7024	185.3096
352.7024	184.7977
355.2620	184.7977
355.2620	184.2857
356.2858	184.2857
356.2858	183.7738
357.3096	183.7738
357.3096	183.2619
357.8215	183.2619
357.8215	182.7500
358.3334	182.7500
358.3334	182.2381
358.8453	182.2381
358.8453	181.7262
359.3572	181.7262
359.3572	181.2143
359.8691	181.2143
359.8691	180.1905
360.3810	180.1905
360.3810	179.6786
360.8929	179.6786
360.8929	178.6548
361.4048	178.6548
361.4048	178.1429
361.9167	178.1429
361.9167	177.6310
362.4286	177.6310
362.4286	177.1191
362.9405	177.1191
362.9405	176.6072
363.4525	176.6072
363.4525	176.0953
364.4763	176.0953
364.4763	175.5834
365.5001	175.5834
365.5001	175.0715
366.5239	175.0715
366.5239	174.5596
368.5715	174.5596
368.5715	174.0477
370.1072	174.0477
370.1072	173.5357
371.6429	173.5357
371.6429	173.0238
374.2025	173.0238
374.2025	172.5119
376.7620	172.5119
376.7620	172.0000
377.7858	172.0000
377.7858	171.4881
378.8096	171.4881
378.8096	170.9762
384.9525	170.9762
384.9525	170.4643
387.5120	170.4643
387.5120	169.9524
388.5358	169.9524
388.5358	169.4405
389.5596	169.4405
389.5596	168.9286
390.5834	168.9286
390.5834	168.4167
391.0953	168.4167
391.0953	167.9048
392.1191	167.9048
392.1191	167.3929
393.1429	167.3929
393.1429	166.8810
394.1667	166.8810
394.1667	166.3691
395.1906	166.3691
395.1906	165.8572
396.2144	165.8572
396.2144	165.3453
397.2382	165.3453
397.2382	164.8334
399.2858	164.8334
399.2858	164.3215
400.8215	164.3215
400.8215	163.8096
401.8453	163.8096
401.8453	163.2977
402.8691	163.2977
402.8691	162.7857
404.9167	162.7857
404.9167	162.2738
406.4525	162.2738
406.4525	161.7619
409.5239	161.7619
409.5239	161.2500
413.1072	161.2500
413.1072	160.7381
415.6667	160.7381
415.6667	160.2262
420.7858	160.2262
