424.3691	141.2857
428.9763	141.2857
428.9763	141.7976
432.5596	141.7976
432.5596	142.3096
434.6072	142.3096
434.6072	142.8215
435.1191	142.8215
435.1191	143.3334
435.6310	143.3334
435.6310	143.8453
436.1429	143.8453
436.1429	144.3572
437.1667	144.3572
437.1667	144.8691
437.6787	144.8691
437.6787	145.3810
438.1906	145.3810
438.1906	145.8929
438.7025	145.8929
438.7025	146.4048
439.2144	146.4048
439.2144	146.9167
439.7263	146.9167
439.7263	147.4286
440.2382	147.4286
440.2382	147.9405
441.2620	147.9405
441.2620	148.4524
442.2858	148.4524
442.2858	148.9643
444.8453	148.9643
444.8453	149.4762
445.3572	149.4762
445.3572	149.9881
445.8691	149.9881
445.8691	150.5000
446.3810	150.5000
446.3810	151.0119
446.8929	151.0119
446.8929	151.5238
447.4048	151.5238
447.4048	152.0357
447.9168	152.0357
447.9168	153.0596
448.4287	153.0596
448.4287	155.1072
448.9406	155.1072
448.9406	156.6429
449.4525	156.6429
449.4525	157.6667
449.9644	157.6667
449.9644	158.6905
450.4763	158.6905
450.4763	159.2024
450.9882	159.2024
450.9882	161.2500
451.5001	161.2500
451.5001	162.2738
452.0120	162.2738
452.0120	163.2977
452.5239	163.2977
452.5239	164.3215
453.0358	164.3215
453.0358	164.8334
453.5477	164.8334
453.5477	165.3453
454.0596	165.3453
454.0596	166.8810
454.5715	166.8810
454.5715	167.9048
455.0834	167.9048
455.0834	168.9286
455.5953	168.9286
455.5953	169.4405
456.1072	169.4405
456.1072	169.9524
456.6191	169.9524
456.6191	170.4643
457.1310	170.4643
457.1310	170.9762
457.6429	170.9762
457.6429	171.4881
458.6668	171.4881
458.6668	172.0000
459.6906	172.0000
459.6906	172.5119
460.7144	172.5119
460.7144	173.0238
461.2263	173.0238
461.2263	173.5357
461.7382	173.5357
461.7382	174.0477
462.2501	174.0477
462.2501	174.5596
462.7620	174.5596
462.7620	175.0715
463.2739	175.0715
463.2739	175.5834
463.7858	175.5834
463.7858	176.0953
464.8096	176.0953
464.8096	176.6072
465.8334	176.6072
465.8334	177.1191
466.8572	177.1191
466.8572	177.6310
468.9049	177.6310
468.9049	178.1429
469.4168	178.1429
469.4168	180.7024
469.9287	180.7024
469.9287	182.7500
470.4406	182.7500
470.4406	183.7738
470.9525	183.7738
470.9525	184.7977
471.4644	184.7977
471.4644	185.3096
471.9763	185.3096
471.9763	185.8215
472.4882	185.8215
472.4882	186.3334
473.0001	186.3334
473.0001	186.8453
473.5120	186.8453
473.5120	187.3572
474.0239	187.3572
474.0239	187.8691
474.5358	187.8691
474.5358	188.3810
475.5596	188.3810
475.5596	188.8929
476.5834	188.8929
476.5834	191.4524
477.0953	191.4524
477.0953	192.9881
477.6072	192.9881
477.6072	194.0119
478.1191	194.0119
478.1191	195.0358
478.6310	195.0358
478.6310	195.5477
479.1429	195.5477
479.1429	196.0596
479.6549	196.0596
479.6549	196.5715
480.1668	196.5715
480.1668	197.0834
480.6787	197.0834
480.6787	197.5953
481.1906	197.5953
481.1906	198.1072
482.2144	198.1072
482.2144	198.6191
483.2382	198.6191
483.2382	199.1310
483.7501	199.1310
483.7501	200.1548
484.2620	200.1548
484.2620	201.1786
484.7739	201.1786
484.7739	201.6905
485.2858	201.6905
485.2858	205.2738
485.7977	205.2738
485.7977	207.8334
486.3096	207.8334
486.3096	208.8572
486.8215	208.8572
486.8215	209.8810
487.3334	209.8810
487.3334	210.3929
487.8453	210.3929
487.8453	210.9048
488.3572	210.9048
488.3572	211.4167
488.8691	211.4167
488.8691	211.9286
489.3810	211.9286
489.3810	212.4405
489.8930	212.4405
489.8930	212.9524
490.9168	212.9524
490.9168	213.4643
491.9406	213.4643
491.9406	213.9762
493.9882	213.9762
493.9882	214.4881
494.5001	214.4881
494.5001	215.0000
495.0120	215.0000
495.0120	215.5119
496.0358	215.5119
496.0358	216.0239
497.0596	216.0239
497.0596	216.5358
499.6191	216.5358
499.6191	217.0477
500.6430	217.0477
500.6430	217.5596
501.1549	217.5596
501.1549	219.0953
500.1310	219.0953
500.1310	219.6072
497.0596	219.6072
497.0596	220.1191
492.9644	220.1191
492.9644	220.6310
490.4049	220.6310
490.4049	221.1429
489.3810	221.1429
489.3810	221.6548
488.3572	221.6548
488.3572	222.1667
487.8453	222.1667
487.8453	222.6786
487.3334	222.6786
487.3334	223.1905
486.8215	223.1905
486.8215	223.7024
486.3096	223.7024
486.3096	224.2143
485.7977	224.2143
485.7977	225.2381
485.2858	225.2381
485.2858	226.2619
484.7739	226.2619
484.7739	228.8215
484.2620	228.8215
484.2620	231.8929
484.7739	231.8929
484.7739	234.4524
485.2858	234.4524
485.2858	235.9881
485.7977	235.9881
485.7977	237.0119
486.3096	237.0119
486.3096	238.0358
486.8215	238.0358
486.8215	238.5477
487.3334	238.5477
487.3334	242.6429
487.8453	242.6429
487.8453	252.3691
487.3334	252.3691
487.3334	253.3929
486.8215	253.3929
486.8215	254.4167
486.3096	254.4167
486.3096	256.4643
485.7977	256.4643
485.7977	259.0239
485.2858	259.0239
485.2858	259.5358
484.7739	259.5358
484.7739	260.5596
484.2620	260.5596
484.2620	261.0715
483.7501	261.0715
483.7501	261.5834
483.2382	261.5834
483.2382	262.0953
482.7263	262.0953
482.7263	262.6072
482.2144	262.6072
482.2144	263.1191
481.7025	263.1191
481.7025	263.6310
481.1906	263.6310
481.1906	264.1429
480.6787	264.1429
480.6787	264.6548
480.1668	264.6548
480.1668	265.1667
479.6549	265.1667
479.6549	265.6786
479.1429	265.6786
479.1429	266.1905
478.6310	266.1905
478.6310	267.2143
478.1191	267.2143
478.1191	268.2381
477.6072	268.2381
477.6072	269.2620
477.0953	269.2620
477.0953	269.7739
476.5834	269.7739
476.5834	270.2858
476.0715	270.2858
476.0715	271.3096
475.5596	271.3096
475.5596	271.8215
475.0477	271.8215
475.0477	272.8453
474.5358	272.8453
474.5358	273.3572
474.0239	273.3572
474.0239	273.8691
473.5120	273.8691
473.5120	274.3810
473.0001	274.3810
473.0001	274.8929
472.4882	274.8929
472.4882	275.9167
471.9763	275.9167
471.9763	276.9405
471.4644	276.9405
471.4644	277.9643
470.9525	277.9643
470.9525	278.9881
470.4406	278.9881
470.4406	279.5001
469.9287	279.5001
469.9287	280.0120
469.4168	280.0120
469.4168	280.5239
468.9049	280.5239
468.9049	281.0358
468.3929	281.0358
468.3929	281.5477
467.8810	281.5477
467.8810	282.5715
467.3691	282.5715
467.3691	283.5953
466.8572	283.5953
466.8572	286.1548
466.3453	286.1548
466.3453	291.2739
466.8572	291.2739
466.8572	296.3929
467.3691	296.3929
467.3691	296.9048
466.8572	296.9048
466.8572	297.9286
466.3453	297.9286
466.3453	300.4882
465.8334	300.4882
465.8334	302.0239
465.3215	302.0239
465.3215	304.5834
464.8096	304.5834
464.8096	307.1429
464.2977	307.1429
464.2977	309.7024
464.8096	309.7024
464.8096	312.2620
465.3215	312.2620
465.3215	313.2858
465.8334	313.2858
465.8334	313.7977
465.3215	313.7977
465.3215	315.3334
464.8096	315.3334
464.8096	317.3810
464.2977	317.3810
464.2977	319.4286
463.7858	319.4286
463.7858	319.9405
462.7620	319.9405
462.7620	320.4524
462.2501	320.4524
462.2501	320.9643
461.2263	320.9643
461.2263	321.4763
460.2025	321.4763
460.2025	321.9882
459.1787	321.9882
459.1787	322.5001
458.1548	322.5001
458.1548	323.0120
457.6429	323.0120
457.6429	323.5239
456.1072	323.5239
456.1072	323.0120
454.0596	323.0120
454.0596	322.5001
453.5477	322.5001
453.5477	321.9882
452.5239	321.9882
452.5239	320.4524
453.0358	320.4524
453.0358	315.3334
452.5239	315.3334
452.5239	312.7739
452.0120	312.7739
452.0120	311.7501
451.5001	311.7501
451.5001	310.7262
450.9882	310.7262
450.9882	310.2143
450.4763	310.2143
450.4763	309.7024
449.9644	309.7024
449.9644	309.1905
449.4525	309.1905
449.4525	308.6786
448.9406	308.6786
448.9406	308.1667
447.9168	308.1667
447.9168	307.6548
447.4048	307.6548
447.4048	307.1429
446.3810	307.1429
446.3810	306.6310
445.3572	306.6310
445.3572	306.1191
442.7977	306.1191
442.7977	305.6072
440.2382	305.6072
440.2382	306.1191
437.6787	306.1191
437.6787	306.6310
436.6548	306.6310
436.6548	307.1429
435.6310	307.1429
435.6310	307.6548
435.1191	307.6548
435.1191	308.1667
434.6072	308.1667
434.6072	308.6786
434.0953	308.6786
434.0953	309.1905
433.5834	309.1905
433.5834	309.7024
433.0715	309.7024
433.0715	310.7262
432.5596	310.7262
432.5596	311.7501
432.0477	311.7501
432.0477	314.3096
431.5358	314.3096
431.5358	316.8691
431.0239	316.8691
431.0239	318.4048
430.5120	318.4048
430.5120	320.9643
430.0001	320.9643
430.0001	321.4763
429.4882	321.4763
429.4882	321.9882
428.9763	321.9882
428.9763	322.5001
427.4406	322.5001
427.4406	323.0120
426.4167	323.0120
426.4167	323.5239
425.3929	323.5239
425.3929	324.0358
424.8810	324.0358
424.8810	324.5477
424.3691	324.5477
424.3691	325.0596
423.8572	325.0596
423.8572	325.5715
423.3453	325.5715
423.3453	326.0834
422.3215	326.0834
422.3215	326.5953
421.2977	326.5953
421.2977	327.1072
420.2739	327.1072
420.2739	327.6191
419.2501	327.6191
419.2501	328.1310
418.7382	328.1310
418.7382	328.6429
418.2263	328.6429
418.2263	329.1548
417.7144	329.1548
417.7144	329.6667
417.2025	329.6667
417.2025	330.1786
416.6906	330.1786
416.6906	330.6905
416.1787	330.6905
416.1787	331.7143
415.6667	331.7143
415.6667	332.7382
415.1548	332.7382
415.1548	333.2501
414.6429	333.2501
414.6429	333.7620
413.6191	333.7620
413.6191	334.2739
413.1072	334.2739
413.1072	334.7858
412.5953	334.7858
412.5953	335.2977
412.0834	335.2977
412.0834	335.8096
411.5715	335.8096
411.5715	336.3215
411.0596	336.3215
411.0596	336.8334
410.0358	336.8334
410.0358	337.3453
409.0120	337.3453
409.0120	337.8572
407.9882	337.8572
407.9882	338.3691
407.4763	338.3691
407.4763	338.8810
406.4525	338.8810
406.4525	339.3929
405.4286	339.3929
405.4286	339.9048
404.4048	339.9048
404.4048	340.4167
403.8929	340.4167
403.8929	340.9286
403.3810	340.9286
403.3810	341.4405
402.8691	341.4405
402.8691	341.9524
402.3572	341.9524
402.3572	342.4644
401.8453	342.4644
401.8453	342.9763
400.8215	342.9763
400.8215	343.4882
399.7977	343.4882
399.7977	344.0001
399.2858	344.0001
399.2858	344.5120
396.7263	344.5120
396.7263	345.0239
395.7025	345.0239
395.7025	345.5358
390.0715	345.5358
390.0715	345.0239
389.0477	345.0239
389.0477	341.4405
388.5358	341.4405
388.5358	338.8810
388.0239	338.8810
388.0239	337.8572
387.5120	337.8572
387.5120	336.8334
387.0001	336.8334
387.0001	336.3215
386.4882	336.3215
386.4882	335.8096
385.9763	335.8096
385.9763	335.2977
385.4644	335.2977
385.4644	334.7858
384.9525	334.7858
384.9525	334.2739
383.9286	334.2739
383.9286	333.7620
382.9048	333.7620
382.9048	333.2501
380.3453	333.2501
380.3453	332.7382
377.2739	332.7382
377.2739	333.2501
372.1548	333.2501
372.1548	333.7620
369.5953	333.7620
369.5953	334.2739
368.5715	334.2739
368.5715	334.7858
367.5477	334.7858
367.5477	335.2977
366.5239	335.2977
366.5239	335.8096
366.0120	335.8096
366.0120	336.3215
365.5001	336.3215
365.5001	336.8334
364.9882	336.8334
364.9882	337.3453
364.4763	337.3453
364.4763	337.8572
362.9405	337.8572
362.9405	337.3453
361.9167	337.3453
361.9167	336.8334
359.3572	336.8334
359.3572	336.3215
356.2858	336.3215
356.2858	335.8096
355.2620	335.8096
355.2620	335.2977
354.2382	335.2977
354.2382	334.7858
352.1905	334.7858
352.1905	334.2739
351.1667	334.2739
351.1667	333.7620
349.6310	333.7620
349.6310	333.2501
348.0953	333.2501
348.0953	332.7382
346.5596	332.7382
346.5596	332.2263
345.5358	332.2263
345.5358	331.7143
344.5120	331.7143
344.5120	331.2024
343.4882	331.2024
343.4882	330.6905
342.4644	330.6905
342.4644	330.1786
341.4405	330.1786
341.4405	329.6667
340.9286	329.6667
340.9286	329.1548
340.4167	329.1548
340.4167	328.6429
339.9048	328.6429
339.9048	328.1310
339.3929	328.1310
339.3929	327.6191
338.8810	327.6191
338.8810	326.0834
338.3691	326.0834
338.3691	325.0596
337.8572	325.0596
337.8572	323.5239
338.3691	323.5239
338.3691	318.9167
337.8572	318.9167
337.8572	316.3572
337.3453	316.3572
337.3453	315.3334
336.8334	315.3334
336.8334	314.3096
336.3215	314.3096
336.3215	313.7977
335.8096	313.7977
335.8096	313.2858
335.2977	313.2858
335.2977	312.7739
334.7858	312.7739
334.7858	312.2620
334.2739	312.2620
334.2739	311.7501
333.7620	311.7501
333.7620	311.2382
332.7382	311.2382
332.7382	310.7262
331.7143	310.7262
331.7143	310.2143
329.1548	310.2143
329.1548	305.0953
328.6429	305.0953
328.6429	302.5358
328.1310	302.5358
328.1310	301.5120
327.6191	301.5120
327.6191	300.4882
327.1072	300.4882
327.1072	299.9762
326.5953	299.9762
326.5953	299.4643
326.0834	299.4643
326.0834	298.9524
325.5715	298.9524
325.5715	298.4405
325.0596	298.4405
325.0596	297.9286
324.5477	297.9286
324.5477	297.4167
323.5239	297.4167
323.5239	296.9048
323.0120	296.9048
323.0120	295.8810
323.5239	295.8810
323.5239	294.8572
324.0358	294.8572
324.0358	293.8334
324.5477	293.8334
324.5477	291.2739
325.0596	291.2739
325.0596	288.7143
324.5477	288.7143
324.5477	286.1548
324.0358	286.1548
324.0358	285.1310
323.5239	285.1310
323.5239	284.1072
323.0120	284.1072
323.0120	283.5953
322.5001	283.5953
322.5001	283.0834
321.9882	283.0834
321.9882	282.5715
321.4763	282.5715
321.4763	282.0596
320.9643	282.0596
320.9643	281.5477
320.4524	281.5477
320.4524	281.0358
319.4286	281.0358
319.4286	280.5239
318.4048	280.5239
318.4048	280.0120
315.8453	280.0120
315.8453	279.5001
310.2143	279.5001
310.2143	278.9881
309.1905	278.9881
309.1905	278.4762
306.6310	278.4762
306.6310	277.9643
303.5596	277.9643
303.5596	278.4762
302.5358	278.4762
302.5358	277.9643
301.5120	277.9643
301.5120	277.4524
301.0001	277.4524
301.0001	276.9405
300.4882	276.9405
300.4882	276.4286
299.9762	276.4286
299.9762	275.9167
299.4643	275.9167
299.4643	275.4048
298.4405	275.4048
298.4405	274.8929
297.4167	274.8929
297.4167	274.3810
295.8810	274.3810
295.8810	273.8691
293.3215	273.8691
293.3215	271.8215
292.8096	271.8215
292.8096	270.7977
292.2977	270.7977
292.2977	269.7739
291.7858	269.7739
291.7858	269.2620
291.2739	269.2620
291.2739	268.7501
290.7620	268.7501
290.7620	268.2381
290.2501	268.2381
290.2501	267.7262
289.7382	267.7262
289.7382	267.2143
289.2262	267.2143
289.2262	266.1905
288.7143	266.1905
288.7143	264.6548
289.2262	264.6548
289.2262	264.1429
289.7382	264.1429
289.7382	263.6310
290.7620	263.6310
290.7620	263.1191
291.7858	263.1191
291.7858	262.6072
292.8096	262.6072
292.8096	262.0953
293.3215	262.0953
293.3215	261.5834
293.8334	261.5834
293.8334	261.0715
294.3453	261.0715
294.3453	260.5596
294.8572	260.5596
294.8572	260.0477
295.3691	260.0477
295.3691	259.0239
295.8810	259.0239
295.8810	258.0000
296.3929	258.0000
296.3929	255.4405
296.9048	255.4405
296.9048	252.8810
296.3929	252.8810
296.3929	250.3215
295.8810	250.3215
295.8810	249.2977
295.3691	249.2977
295.3691	248.2739
294.8572	248.2739
294.8572	247.7620
294.3453	247.7620
294.3453	247.2500
293.8334	247.2500
293.8334	246.7381
293.3215	246.7381
293.3215	246.2262
292.8096	246.2262
292.8096	245.7143
292.2977	245.7143
292.2977	245.2024
291.7858	245.2024
291.7858	244.6905
291.2739	244.6905
291.2739	244.1786
290.7620	244.1786
290.7620	243.6667
289.7382	243.6667
289.7382	243.1548
288.7143	243.1548
288.7143	242.6429
286.6667	242.6429
286.6667	242.1310
284.1072	242.1310
284.1072	241.6191
279.5001	241.6191
279.5001	242.1310
278.4762	242.1310
278.4762	241.6191
277.9643	241.6191
277.9643	241.1072
277.4524	241.1072
277.4524	238.5477
276.9405	238.5477
276.9405	237.5239
276.4286	237.5239
276.4286	236.5000
275.9167	236.5000
275.9167	235.4762
275.4048	235.4762
275.4048	234.9643
274.8929	234.9643
274.8929	234.4524
274.3810	234.4524
274.3810	233.9405
273.8691	233.9405
273.8691	233.4286
273.3572	233.4286
273.3572	232.9167
272.3334	232.9167
272.3334	232.4048
271.3096	232.4048
271.3096	231.8929
268.7501	231.8929
268.7501	231.3810
266.1905	231.3810
266.1905	231.8929
264.1429	231.8929
264.1429	231.3810
263.1191	231.3810
263.1191	230.8691
262.0953	230.8691
262.0953	230.3572
260.0477	230.3572
260.0477	229.8453
257.4881	229.8453
257.4881	229.3334
255.4405	229.3334
255.4405	228.8215
254.9286	228.8215
254.9286	226.7739
255.4405	226.7739
255.4405	225.7500
255.9524	225.7500
255.9524	224.7262
256.4643	224.7262
256.4643	223.7024
256.9762	223.7024
256.9762	223.1905
257.4881	223.1905
257.4881	222.6786
258.0000	222.6786
258.0000	221.6548
258.5120	221.6548
258.5120	221.1429
259.0239	221.1429
259.0239	220.6310
260.0477	220.6310
260.0477	220.1191
260.5596	220.1191
260.5596	219.6072
261.0715	219.6072
261.0715	219.0953
261.5834	219.0953
261.5834	218.5834
262.0953	218.5834
262.0953	218.0715
262.6072	218.0715
262.6072	217.5596
263.1191	217.5596
263.1191	217.0477
263.6310	217.0477
263.6310	216.5358
264.1429	216.5358
264.1429	215.5119
264.6548	215.5119
264.6548	215.0000
265.1667	215.0000
265.1667	214.4881
265.6786	214.4881
265.6786	213.9762
266.1905	213.9762
266.1905	213.4643
266.7024	213.4643
266.7024	212.9524
267.2143	212.9524
267.2143	212.4405
268.2381	212.4405
268.2381	211.9286
268.7501	211.9286
268.7501	211.4167
269.2620	211.4167
269.2620	210.9048
269.7739	210.9048
269.7739	210.3929
270.2858	210.3929
270.2858	209.8810
270.7977	209.8810
270.7977	209.3691
271.3096	209.3691
271.3096	208.8572
271.8215	208.8572
271.8215	208.3453
272.3334	208.3453
272.3334	207.8334
272.8453	207.8334
272.8453	207.3215
273.3572	207.3215
273.3572	206.8096
274.3810	206.8096
274.3810	206.2977
274.8929	206.2977
274.8929	205.7858
275.4048	205.7858
275.4048	205.2738
275.9167	205.2738
275.9167	204.7619
276.4286	204.7619
276.4286	204.2500
276.9405	204.2500
276.9405	203.7381
277.4524	203.7381
277.4524	202.7143
277.9643	202.7143
277.9643	201.6905
278.4762	201.6905
278.4762	200.1548
278.9881	200.1548
278.9881	198.1072
279.5001	198.1072
279.5001	196.5715
280.0120	196.5715
280.0120	195.0358
280.5239	195.0358
280.5239	194.0119
281.0358	194.0119
281.0358	192.9881
281.5477	192.9881
281.5477	191.9643
282.0596	191.9643
282.0596	189.4048
282.5715	189.4048
282.5715	186.8453
282.0596	186.8453
282.0596	184.2857
281.5477	184.2857
281.5477	183.7738
282.0596	183.7738
282.0596	182.7500
282.5715	182.7500
282.5715	180.7024
283.0834	180.7024
283.0834	180.1905
283.5953	180.1905
283.5953	179.6786
284.1072	179.6786
284.1072	179.1667
284.6191	179.1667
284.6191	178.1429
285.1310	178.1429
285.1310	177.6310
285.6429	177.6310
285.6429	177.1191
286.1548	177.1191
286.1548	176.6072
286.6667	176.6072
286.6667	176.0953
287.1786	176.0953
287.1786	175.5834
287.6905	175.5834
287.6905	174.5596
288.2024	174.5596
288.2024	173.5357
288.7143	173.5357
288.7143	170.9762
289.2262	170.9762
289.2262	168.4167
289.7382	168.4167
289.7382	167.9048
290.2501	167.9048
290.2501	167.3929
290.7620	167.3929
290.7620	166.8810
291.2739	166.8810
291.2739	166.3691
291.7858	166.3691
291.7858	165.8572
292.2977	165.8572
292.2977	165.3453
292.8096	165.3453
292.8096	164.8334
293.3215	164.8334
293.3215	164.3215
294.3453	164.3215
294.3453	163.8096
295.3691	163.8096
295.3691	163.2977
296.3929	163.2977
296.3929	162.7857
297.4167	162.7857
297.4167	162.2738
298.4405	162.2738
298.4405	161.7619
299.4643	161.7619
299.4643	161.2500
300.4882	161.2500
300.4882	160.7381
303.0477	160.7381
303.0477	160.2262
304.5834	160.2262
304.5834	159.7143
306.1191	159.7143
306.1191	159.2024
307.6548	159.2024
307.6548	159.7143
312.7739	159.7143
312.7739	159.2024
314.8215	159.2024
314.8215	159.7143
315.8453	159.7143
315.8453	160.2262
318.4048	160.2262
318.4048	161.2500
318.9167	161.2500
318.9167	161.7619
319.4286	161.7619
319.4286	162.2738
319.9405	162.2738
319.9405	162.7857
320.4524	162.7857
320.4524	163.2977
320.9643	163.2977
320.9643	163.8096
321.9882	163.8096
321.9882	164.3215
322.5001	164.3215
322.5001	164.8334
323.0120	164.8334
323.0120	165.3453
324.0358	165.3453
324.0358	165.8572
325.0596	165.8572
325.0596	166.3691
327.6191	166.3691
327.6191	166.8810
330.6905	166.8810
330.6905	166.3691
333.2501	166.3691
333.2501	165.8572
334.2739	165.8572
334.2739	165.3453
335.2977	165.3453
335.2977	164.8334
335.8096	164.8334
335.8096	164.3215
336.3215	164.3215
336.3215	163.8096
336.8334	163.8096
336.8334	163.2977
337.3453	163.2977
337.3453	162.7857
337.8572	162.7857
337.8572	161.7619
338.3691	161.7619
338.3691	160.7381
338.8810	160.7381
338.8810	159.7143
339.3929	159.7143
339.3929	159.2024
339.9048	159.2024
339.9048	158.6905
340.4167	158.6905
340.4167	158.1786
340.9286	158.1786
340.9286	157.6667
341.9524	157.6667
341.9524	157.1548
342.4644	157.1548
342.4644	156.6429
342.9763	156.6429
342.9763	156.1310
343.4882	156.1310
343.4882	155.6191
344.0001	155.6191
344.0001	155.1072
345.5358	155.1072
345.5358	154.5953
346.5596	154.5953
346.5596	154.0834
347.5834	154.0834
347.5834	153.5715
349.1191	153.5715
349.1191	154.0834
351.6786	154.0834
351.6786	153.5715
355.7739	153.5715
355.7739	153.0596
361.4048	153.0596
361.4048	153.5715
362.4286	153.5715
362.4286	154.0834
364.9882	154.0834
364.9882	154.5953
372.1548	154.5953
372.1548	154.0834
376.2501	154.0834
376.2501	153.5715
377.7858	153.5715
377.7858	154.0834
380.3453	154.0834
380.3453	154.5953
384.4405	154.5953
384.4405	154.0834
389.0477	154.0834
389.0477	153.5715
391.6072	153.5715
391.6072	153.0596
392.6310	153.0596
392.6310	152.5476
393.6548	152.5476
393.6548	152.0357
394.1667	152.0357
394.1667	151.5238
395.1906	151.5238
395.1906	151.0119
396.2144	151.0119
396.2144	150.5000
397.2382	150.5000
397.2382	149.9881
397.7501	149.9881
397.7501	149.4762
399.2858	149.4762
399.2858	148.9643
400.3096	148.9643
400.3096	148.4524
401.3334	148.4524
401.3334	147.9405
401.8453	147.9405
401.8453	147.4286
403.3810	147.4286
403.3810	146.9167
404.4048	146.9167
404.4048	146.4048
405.4286	146.4048
405.4286	145.8929
405.9406	145.8929
405.9406	145.3810
407.9882	145.3810
407.9882	144.8691
409.0120	144.8691
409.0120	144.3572
410.0358	144.3572
410.0358	143.8453
410.5477	143.8453
410.5477	143.3334
411.0596	143.3334
411.0596	142.8215
411.5715	142.8215
411.5715	142.3096
416.6906	142.3096
416.6906	141.7976
419.7620	141.7976
419.7620	141.2857
422.3215	141.2857
422.3215	140.7738
424.3691	140.7738
