334.7858	96.7500
336.8334	96.7500
336.8334	97.2619
338.8810	97.2619
338.8810	97.7738
339.9048	97.7738
339.9048	98.2857
340.9286	98.2857
340.9286	98.7976
343.4882	98.7976
343.4882	99.3095
344.5120	99.3095
344.5120	99.8214
345.5358	99.8214
345.5358	100.3334
346.5596	100.3334
346.5596	100.8453
348.6072	100.8453
348.6072	101.3572
349.1191	101.3572
349.1191	101.8691
350.1429	101.8691
350.1429	102.3810
351.1667	102.3810
351.1667	102.8929
352.1905	102.8929
352.1905	103.4048
352.7024	103.4048
352.7024	103.9167
353.2144	103.9167
353.2144	104.9405
353.7263	104.9405
353.7263	105.4524
354.2382	105.4524
354.2382	106.4762
354.7501	106.4762
354.7501	106.9881
355.2620	106.9881
355.2620	108.0119
355.7739	108.0119
355.7739	108.5238
356.2858	108.5238
356.2858	109.0357
356.7977	109.0357
356.7977	109.5476
357.3096	109.5476
357.3096	110.0595
357.8215	110.0595
357.8215	111.0834
358.3334	111.0834
358.3334	111.5953
358.8453	111.5953
358.8453	112.1072
359.3572	112.1072
359.3572	113.6429
359.8691	113.6429
359.8691	115.1786
360.3810	115.1786
360.3810	116.2024
360.8929	116.2024
360.8929	117.2262
361.4048	117.2262
361.4048	118.7619
361.9167	118.7619
361.9167	120.2976
362.4286	120.2976
362.4286	121.8334
362.9405	121.8334
362.9405	123.3691
363.4525	123.3691
363.4525	126.4405
363.9644	126.4405
363.9644	129.0000
364.4763	129.0000
364.4763	133.6072
364.9882	133.6072
364.9882	138.2143
365.5001	138.2143
365.5001	140.7738
366.0120	140.7738
366.0120	141.7976
366.5239	141.7976
366.5239	142.8215
367.0358	142.8215
367.0358	143.3334
367.5477	143.3334
367.5477	143.8453
368.0596	143.8453
368.0596	144.3572
368.5715	144.3572
368.5715	144.8691
369.0834	144.8691
369.0834	145.3810
370.1072	145.3810
370.1072	145.8929
371.1310	145.8929
371.1310	146.4048
373.6905	146.4048
373.6905	146.9167
390.0715	146.9167
390.0715	147.4286
391.6072	147.4286
391.6072	147.9405
393.1429	147.9405
393.1429	148.4524
395.7025	148.4524
395.7025	148.9643
398.2620	148.9643
398.2620	149.4762
400.8215	149.4762
400.8215	149.9881
404.9167	149.9881
404.9167	149.4762
407.4763	149.4762
407.4763	148.9643
408.5001	148.9643
408.5001	148.4524
409.5239	148.4524
409.5239	147.9405
410.0358	147.9405
410.0358	147.4286
410.5477	147.4286
410.5477	146.9167
411.0596	146.9167
411.0596	146.4048
411.5715	146.4048
411.5715	145.8929
412.5953	145.8929
412.5953	145.3810
413.6191	145.3810
413.6191	144.8691
414.6429	144.8691
414.6429	144.3572
415.6667	144.3572
415.6667	143.8453
416.1787	143.8453
416.1787	143.3334
418.7382	143.3334
418.7382	142.8215
420.2739	142.8215
420.2739	142.3096
421.8096	142.3096
421.8096	141.7976
422.8334	141.7976
422.8334	141.2857
423.8572	141.2857
423.8572	140.7738
424.3691	140.7738
424.3691	141.2857
428.9763	141.2857
428.9763	140.7738
431.5358	140.7738
431.5358	140.2619
433.5834	140.2619
433.5834	139.7500
440.7501	139.7500
440.7501	140.2619
441.7739	140.2619
441.7739	140.7738
442.7977	140.7738
442.7977	141.2857
445.3572	141.2857
445.3572	141.7976
450.4763	141.7976
450.4763	142.3096
453.5477	142.3096
453.5477	141.7976
455.0834	141.7976
455.0834	142.3096
455.5953	142.3096
455.5953	144.8691
456.1072	144.8691
456.1072	145.8929
456.6191	145.8929
456.6191	146.9167
457.1310	146.9167
457.1310	147.4286
457.6429	147.4286
457.6429	147.9405
458.1548	147.9405
458.1548	148.4524
458.6668	148.4524
458.6668	149.4762
459.1787	149.4762
459.1787	149.9881
459.6906	149.9881
459.6906	150.5000
460.2025	150.5000
460.2025	151.0119
460.7144	151.0119
460.7144	151.5238
461.2263	151.5238
461.2263	152.0357
462.2501	152.0357
462.2501	152.5476
463.2739	152.5476
463.2739	154.0834
463.7858	154.0834
463.7858	155.1072
464.2977	155.1072
464.2977	156.1310
464.8096	156.1310
464.8096	159.7143
465.3215	159.7143
465.3215	162.2738
465.8334	162.2738
465.8334	163.2977
466.3453	163.2977
466.3453	165.3453
466.8572	165.3453
466.8572	166.3691
467.3691	166.3691
467.3691	167.3929
467.8810	167.3929
467.8810	167.9048
466.8572	167.9048
466.8572	168.4167
466.3453	168.4167
466.3453	168.9286
465.8334	168.9286
465.8334	169.4405
465.3215	169.4405
465.3215	169.9524
464.8096	169.9524
464.8096	170.4643
464.2977	170.4643
464.2977	171.4881
463.7858	171.4881
463.7858	172.5119
463.2739	172.5119
463.2739	175.0715
462.7620	175.0715
462.7620	177.6310
463.2739	177.6310
463.2739	180.1905
463.7858	180.1905
463.7858	181.2143
464.2977	181.2143
464.2977	182.2381
464.8096	182.2381
464.8096	182.7500
465.3215	182.7500
465.3215	183.2619
465.8334	183.2619
465.8334	183.7738
466.3453	183.7738
466.3453	184.2857
466.8572	184.2857
466.8572	184.7977
467.8810	184.7977
467.8810	185.3096
468.9049	185.3096
468.9049	185.8215
469.9287	185.8215
469.9287	186.8453
470.4406	186.8453
470.4406	187.3572
470.9525	187.3572
470.9525	187.8691
471.4644	187.8691
471.4644	188.3810
471.9763	188.3810
471.9763	192.9881
472.4882	192.9881
472.4882	195.5477
473.0001	195.5477
473.0001	199.6429
473.5120	199.6429
473.5120	202.2024
474.0239	202.2024
474.0239	203.2262
473.5120	203.2262
473.5120	203.7381
473.0001	203.7381
473.0001	204.7619
471.9763	204.7619
471.9763	204.2500
469.4168	204.2500
469.4168	204.7619
466.8572	204.7619
466.8572	205.2738
465.8334	205.2738
465.8334	205.7858
464.8096	205.7858
464.8096	206.2977
464.2977	206.2977
464.2977	206.8096
463.7858	206.8096
463.7858	207.3215
463.2739	207.3215
463.2739	207.8334
462.7620	207.8334
462.7620	208.3453
462.2501	208.3453
462.2501	209.3691
461.7382	209.3691
461.7382	210.3929
461.2263	210.3929
461.2263	212.9524
460.7144	212.9524
460.7144	216.0239
461.2263	216.0239
461.2263	218.5834
461.7382	218.5834
461.7382	219.6072
462.2501	219.6072
462.2501	222.1667
462.7620	222.1667
462.7620	223.1905
463.2739	223.1905
463.2739	224.2143
463.7858	224.2143
463.7858	224.7262
464.2977	224.7262
464.2977	225.2381
464.8096	225.2381
464.8096	225.7500
465.3215	225.7500
465.3215	226.2619
465.8334	226.2619
465.8334	227.2858
466.3453	227.2858
466.3453	227.7977
466.8572	227.7977
466.8572	228.3096
467.3691	228.3096
467.3691	228.8215
467.8810	228.8215
467.8810	229.3334
468.3929	229.3334
468.3929	229.8453
468.9049	229.8453
468.9049	230.3572
469.9287	230.3572
469.9287	230.8691
470.9525	230.8691
470.9525	231.3810
473.5120	231.3810
473.5120	231.8929
474.0239	231.8929
474.0239	232.4048
474.5358	232.4048
474.5358	232.9167
475.0477	232.9167
475.0477	233.4286
475.5596	233.4286
475.5596	233.9405
475.0477	233.9405
475.0477	234.4524
474.0239	234.4524
474.0239	234.9643
473.0001	234.9643
473.0001	235.4762
471.9763	235.4762
471.9763	235.9881
471.4644	235.9881
471.4644	236.5000
470.9525	236.5000
470.9525	237.0119
470.4406	237.0119
470.4406	237.5239
469.9287	237.5239
469.9287	238.0358
469.4168	238.0358
469.4168	239.0596
468.9049	239.0596
468.9049	240.0834
468.3929	240.0834
468.3929	242.6429
467.8810	242.6429
467.8810	245.2024
468.3929	245.2024
468.3929	247.7620
468.9049	247.7620
468.9049	248.7858
469.4168	248.7858
469.4168	249.8096
469.9287	249.8096
469.9287	250.8334
470.4406	250.8334
470.4406	251.3453
470.9525	251.3453
470.9525	253.3929
471.4644	253.3929
471.4644	254.4167
471.9763	254.4167
471.9763	255.4405
472.4882	255.4405
472.4882	256.9762
473.0001	256.9762
473.0001	258.0000
473.5120	258.0000
473.5120	259.0239
474.0239	259.0239
474.0239	264.1429
474.5358	264.1429
474.5358	270.2858
474.0239	270.2858
474.0239	271.3096
473.5120	271.3096
473.5120	272.3334
473.0001	272.3334
473.0001	274.3810
472.4882	274.3810
472.4882	275.4048
471.9763	275.4048
471.9763	276.9405
471.4644	276.9405
471.4644	277.9643
470.9525	277.9643
470.9525	278.9881
470.4406	278.9881
470.4406	280.0120
469.9287	280.0120
469.9287	282.5715
469.4168	282.5715
469.4168	286.6667
469.9287	286.6667
469.9287	289.2262
470.4406	289.2262
470.4406	291.7858
469.9287	291.7858
469.9287	294.8572
469.4168	294.8572
469.4168	295.3691
468.9049	295.3691
468.9049	295.8810
468.3929	295.8810
468.3929	296.3929
467.8810	296.3929
467.8810	296.9048
467.3691	296.9048
467.3691	297.4167
466.8572	297.4167
466.8572	298.4405
466.3453	298.4405
466.3453	299.4643
465.8334	299.4643
465.8334	300.4882
465.3215	300.4882
465.3215	301.5120
464.8096	301.5120
464.8096	302.0239
464.2977	302.0239
464.2977	303.0477
463.7858	303.0477
463.7858	304.0715
463.2739	304.0715
463.2739	306.6310
462.7620	306.6310
462.7620	309.7024
463.2739	309.7024
463.2739	312.2620
463.7858	312.2620
463.7858	313.2858
464.2977	313.2858
464.2977	314.3096
464.8096	314.3096
464.8096	314.8215
465.3215	314.8215
465.3215	315.3334
465.8334	315.3334
465.8334	315.8453
466.3453	315.8453
466.3453	316.3572
466.8572	316.3572
466.8572	316.8691
467.3691	316.8691
467.3691	317.3810
467.8810	317.3810
467.8810	317.8929
468.3929	317.8929
468.3929	318.4048
468.9049	318.4048
468.9049	318.9167
469.4168	318.9167
469.4168	319.4286
469.9287	319.4286
469.9287	319.9405
470.4406	319.9405
470.4406	320.4524
470.9525	320.4524
470.9525	320.9643
471.4644	320.9643
471.4644	321.4763
472.4882	321.4763
472.4882	321.9882
473.0001	321.9882
473.0001	323.0120
473.5120	323.0120
473.5120	323.5239
474.0239	323.5239
474.0239	324.0358
474.5358	324.0358
474.5358	325.0596
475.0477	325.0596
475.0477	326.0834
475.5596	326.0834
475.5596	327.6191
476.0715	327.6191
476.0715	329.6667
476.5834	329.6667
476.5834	335.2977
477.0953	335.2977
477.0953	337.8572
477.6072	337.8572
477.6072	340.9286
478.1191	340.9286
478.1191	343.4882
477.6072	343.4882
477.6072	350.6548
477.0953	350.6548
477.0953	351.6786
476.5834	351.6786
476.5834	352.7024
476.0715	352.7024
476.0715	353.7263
475.5596	353.7263
475.5596	355.7739
475.0477	355.7739
475.0477	356.2858
473.5120	356.2858
473.5120	356.7977
472.4882	356.7977
472.4882	357.3096
471.4644	357.3096
471.4644	357.8215
470.9525	357.8215
470.9525	358.3334
470.4406	358.3334
470.4406	358.8453
469.9287	358.8453
469.9287	359.3572
469.4168	359.3572
469.4168	359.8691
468.3929	359.8691
468.3929	360.3810
467.8810	360.3810
467.8810	360.8929
466.8572	360.8929
466.8572	361.4048
465.8334	361.4048
465.8334	361.9167
465.3215	361.9167
465.3215	362.4286
464.8096	362.4286
464.8096	362.9405
463.7858	362.9405
463.7858	363.4525
463.2739	363.4525
463.2739	363.9644
462.7620	363.9644
462.7620	364.4763
462.2501	364.4763
462.2501	364.9882
461.7382	364.9882
461.7382	365.5001
461.2263	365.5001
461.2263	366.5239
460.7144	366.5239
460.7144	367.5477
460.2025	367.5477
460.2025	370.1072
459.6906	370.1072
459.6906	382.3929
460.2025	382.3929
460.2025	385.9763
460.7144	385.9763
460.7144	388.5358
461.2263	388.5358
461.2263	390.0715
461.7382	390.0715
461.7382	391.0953
462.2501	391.0953
462.2501	392.1191
462.7620	392.1191
462.7620	392.6310
463.2739	392.6310
463.2739	393.1429
463.7858	393.1429
463.7858	395.7025
464.2977	395.7025
464.2977	397.2382
464.8096	397.2382
464.8096	398.2620
465.3215	398.2620
465.3215	399.2858
464.8096	399.2858
464.8096	399.7977
464.2977	399.7977
464.2977	400.3096
463.7858	400.3096
463.7858	400.8215
463.2739	400.8215
463.2739	401.3334
462.7620	401.3334
462.7620	401.8453
462.2501	401.8453
462.2501	402.8691
461.7382	402.8691
461.7382	403.8929
461.2263	403.8929
461.2263	405.9406
460.7144	405.9406
460.7144	406.4525
460.2025	406.4525
460.2025	405.9406
459.6906	405.9406
459.6906	405.4286
459.1787	405.4286
459.1787	404.4048
458.6668	404.4048
458.6668	403.3810
458.1548	403.3810
458.1548	402.3572
457.6429	402.3572
457.6429	401.3334
457.1310	401.3334
457.1310	400.3096
456.6191	400.3096
456.6191	399.7977
456.1072	399.7977
456.1072	398.7739
455.5953	398.7739
455.5953	398.2620
455.0834	398.2620
455.0834	397.2382
454.5715	397.2382
454.5715	396.7263
454.0596	396.7263
454.0596	396.2144
453.5477	396.2144
453.5477	395.7025
453.0358	395.7025
453.0358	395.1906
452.5239	395.1906
452.5239	394.1667
452.0120	394.1667
452.0120	393.6548
451.5001	393.6548
451.5001	393.1429
450.9882	393.1429
450.9882	392.1191
450.4763	392.1191
450.4763	391.0953
449.9644	391.0953
449.9644	390.5834
449.4525	390.5834
449.4525	390.0715
448.9406	390.0715
448.9406	389.5596
448.4287	389.5596
448.4287	389.0477
447.9168	389.0477
447.9168	387.5120
447.4048	387.5120
447.4048	380.8572
446.8929	380.8572
446.8929	377.2739
446.3810	377.2739
446.3810	374.7144
445.8691	374.7144
445.8691	373.6905
445.3572	373.6905
445.3572	372.6667
444.8453	372.6667
444.8453	372.1548
444.3334	372.1548
444.3334	371.6429
443.8215	371.6429
443.8215	371.1310
443.3096	371.1310
443.3096	370.6191
442.7977	370.6191
442.7977	370.1072
441.7739	370.1072
441.7739	369.5953
440.7501	369.5953
440.7501	369.0834
438.1906	369.0834
438.1906	368.5715
435.6310	368.5715
435.6310	368.0596
435.1191	368.0596
435.1191	367.5477
434.0953	367.5477
434.0953	367.0358
433.0715	367.0358
433.0715	366.5239
430.5120	366.5239
430.5120	366.0120
427.4406	366.0120
427.4406	366.5239
424.8810	366.5239
424.8810	367.0358
423.8572	367.0358
423.8572	367.5477
422.8334	367.5477
422.8334	368.0596
420.2739	368.0596
420.2739	367.5477
419.7620	367.5477
419.7620	367.0358
419.2501	367.0358
419.2501	366.5239
418.7382	366.5239
418.7382	365.5001
418.2263	365.5001
418.2263	364.9882
417.7144	364.9882
417.7144	364.4763
417.2025	364.4763
417.2025	363.9644
416.6906	363.9644
416.6906	363.4525
416.1787	363.4525
416.1787	362.9405
415.1548	362.9405
415.1548	362.4286
414.1310	362.4286
414.1310	361.9167
411.5715	361.9167
411.5715	361.4048
407.4763	361.4048
407.4763	360.8929
404.9167	360.8929
404.9167	360.3810
402.3572	360.3810
402.3572	359.8691
401.3334	359.8691
401.3334	359.3572
400.3096	359.3572
400.3096	358.8453
397.7501	358.8453
397.7501	358.3334
395.1906	358.3334
395.1906	358.8453
392.6310	358.8453
392.6310	359.3572
391.6072	359.3572
391.6072	359.8691
390.5834	359.8691
390.5834	360.3810
390.0715	360.3810
390.0715	360.8929
389.0477	360.8929
389.0477	361.4048
388.0239	361.4048
388.0239	361.9167
387.0001	361.9167
387.0001	362.4286
386.4882	362.4286
386.4882	362.9405
385.9763	362.9405
385.9763	363.4525
385.4644	363.4525
385.4644	363.9644
384.4405	363.9644
384.4405	364.4763
382.9048	364.4763
382.9048	364.9882
375.2263	364.9882
375.2263	365.5001
371.1310	365.5001
371.1310	366.0120
361.9167	366.0120
361.9167	365.5001
360.8929	365.5001
360.8929	364.9882
359.8691	364.9882
359.8691	364.4763
357.3096	364.4763
357.3096	363.9644
354.2382	363.9644
354.2382	364.4763
351.6786	364.4763
351.6786	364.9882
350.6548	364.9882
350.6548	365.5001
349.6310	365.5001
349.6310	366.0120
348.6072	366.0120
348.6072	366.5239
347.5834	366.5239
347.5834	367.0358
346.5596	367.0358
346.5596	367.5477
344.0001	367.5477
344.0001	368.0596
342.9763	368.0596
342.9763	368.5715
341.9524	368.5715
341.9524	368.0596
338.8810	368.0596
338.8810	368.5715
336.3215	368.5715
336.3215	369.0834
335.2977	369.0834
335.2977	369.5953
334.2739	369.5953
334.2739	369.0834
329.6667	369.0834
329.6667	368.5715
328.6429	368.5715
328.6429	367.5477
328.1310	367.5477
328.1310	367.0358
327.6191	367.0358
327.6191	366.5239
327.1072	366.5239
327.1072	366.0120
326.5953	366.0120
326.5953	365.5001
326.0834	365.5001
326.0834	364.9882
325.5715	364.9882
325.5715	364.4763
324.5477	364.4763
324.5477	363.9644
323.5239	363.9644
323.5239	363.4525
321.9882	363.4525
321.9882	362.9405
321.4763	362.9405
321.4763	362.4286
320.9643	362.4286
320.9643	361.9167
320.4524	361.9167
320.4524	361.4048
319.9405	361.4048
319.9405	360.8929
319.4286	360.8929
319.4286	360.3810
318.9167	360.3810
318.9167	359.8691
317.8929	359.8691
317.8929	359.3572
317.3810	359.3572
317.3810	358.8453
316.3572	358.8453
316.3572	358.3334
315.3334	358.3334
315.3334	357.8215
312.7739	357.8215
312.7739	357.3096
309.7024	357.3096
309.7024	357.8215
307.1429	357.8215
307.1429	358.3334
306.1191	358.3334
306.1191	358.8453
304.0715	358.8453
304.0715	358.3334
303.5596	358.3334
303.5596	357.8215
302.5358	357.8215
302.5358	357.3096
301.5120	357.3096
301.5120	356.7977
299.4643	356.7977
299.4643	356.2858
296.9048	356.2858
296.9048	353.7263
296.3929	353.7263
296.3929	351.6786
295.8810	351.6786
295.8810	350.6548
295.3691	350.6548
295.3691	349.6310
294.8572	349.6310
294.8572	349.1191
294.3453	349.1191
294.3453	348.6072
293.8334	348.6072
293.8334	348.0953
293.3215	348.0953
293.3215	347.0715
292.8096	347.0715
292.8096	345.5358
292.2977	345.5358
292.2977	344.5120
291.7858	344.5120
291.7858	343.4882
291.2739	343.4882
291.2739	342.9763
290.7620	342.9763
290.7620	342.4644
290.2501	342.4644
290.2501	341.9524
289.7382	341.9524
289.7382	341.4405
289.2262	341.4405
289.2262	340.9286
288.2024	340.9286
288.2024	340.4167
287.1786	340.4167
287.1786	339.9048
286.1548	339.9048
286.1548	339.3929
283.5953	339.3929
283.5953	338.8810
283.0834	338.8810
283.0834	337.8572
283.5953	337.8572
283.5953	335.2977
284.1072	335.2977
284.1072	330.6905
283.5953	330.6905
283.5953	328.1310
283.0834	328.1310
283.0834	327.1072
282.5715	327.1072
282.5715	324.5477
283.0834	324.5477
283.0834	321.9882
283.5953	321.9882
283.5953	318.4048
283.0834	318.4048
283.0834	315.8453
282.5715	315.8453
282.5715	314.8215
282.0596	314.8215
282.0596	313.7977
281.5477	313.7977
281.5477	313.2858
281.0358	313.2858
281.0358	312.7739
280.5239	312.7739
280.5239	312.2620
280.0120	312.2620
280.0120	311.7501
279.5001	311.7501
279.5001	311.2382
278.4762	311.2382
278.4762	308.1667
277.9643	308.1667
277.9643	305.6072
277.4524	305.6072
277.4524	304.5834
276.9405	304.5834
276.9405	303.5596
276.4286	303.5596
276.4286	303.0477
275.9167	303.0477
275.9167	302.5358
275.4048	302.5358
275.4048	302.0239
274.8929	302.0239
274.8929	301.5120
274.3810	301.5120
274.3810	301.0001
273.3572	301.0001
273.3572	300.4882
272.3334	300.4882
272.3334	299.9762
269.7739	299.9762
269.7739	299.4643
267.2143	299.4643
267.2143	299.9762
264.1429	299.9762
264.1429	300.4882
261.5834	300.4882
261.5834	301.0001
261.0715	301.0001
261.0715	300.4882
260.0477	300.4882
260.0477	299.9762
258.5120	299.9762
258.5120	299.4643
255.9524	299.4643
255.9524	298.9524
253.3929	298.9524
253.3929	299.4643
252.3691	299.4643
252.3691	298.9524
249.2977	298.9524
249.2977	298.4405
248.2739	298.4405
248.2739	297.9286
246.7381	297.9286
246.7381	297.4167
245.7143	297.4167
245.7143	296.9048
245.2024	296.9048
245.2024	296.3929
246.2262	296.3929
246.2262	295.8810
247.2500	295.8810
247.2500	295.3691
248.2739	295.3691
248.2739	294.8572
249.2977	294.8572
249.2977	295.3691
251.8572	295.3691
251.8572	295.8810
254.4167	295.8810
254.4167	295.3691
256.9762	295.3691
256.9762	294.8572
258.0000	294.8572
258.0000	294.3453
259.0239	294.3453
259.0239	293.8334
259.5358	293.8334
259.5358	293.3215
260.0477	293.3215
260.0477	292.8096
260.5596	292.8096
260.5596	292.2977
261.0715	292.2977
261.0715	291.7858
261.5834	291.7858
261.5834	291.2739
262.0953	291.2739
262.0953	290.2501
263.1191	290.2501
263.1191	289.7382
263.6310	289.7382
263.6310	289.2262
264.1429	289.2262
264.1429	288.7143
264.6548	288.7143
264.6548	288.2024
265.1667	288.2024
265.1667	287.6905
266.1905	287.6905
266.1905	287.1786
267.2143	287.1786
267.2143	286.6667
268.2381	286.6667
268.2381	286.1548
269.2620	286.1548
269.2620	285.6429
269.7739	285.6429
269.7739	285.1310
270.2858	285.1310
270.2858	284.6191
270.7977	284.6191
270.7977	284.1072
271.3096	284.1072
271.3096	283.5953
271.8215	283.5953
271.8215	283.0834
273.3572	283.0834
273.3572	282.5715
278.9881	282.5715
278.9881	283.5953
279.5001	283.5953
279.5001	284.6191
280.0120	284.6191
280.0120	285.1310
280.5239	285.1310
280.5239	285.6429
281.0358	285.6429
281.0358	286.1548
281.5477	286.1548
281.5477	286.6667
282.0596	286.6667
282.0596	287.1786
282.5715	287.1786
282.5715	287.6905
283.5953	287.6905
283.5953	288.2024
284.1072	288.2024
284.1072	289.7382
284.6191	289.7382
284.6191	290.7620
285.1310	290.7620
285.1310	291.7858
285.6429	291.7858
285.6429	292.2977
286.1548	292.2977
286.1548	292.8096
286.6667	292.8096
286.6667	293.3215
287.1786	293.3215
287.1786	293.8334
287.6905	293.8334
287.6905	294.3453
288.7143	294.3453
288.7143	294.8572
289.7382	294.8572
289.7382	295.3691
292.2977	295.3691
292.2977	295.8810
294.8572	295.8810
294.8572	295.3691
297.4167	295.3691
297.4167	294.8572
298.9524	294.8572
298.9524	294.3453
301.5120	294.3453
301.5120	293.8334
304.0715	293.8334
304.0715	293.3215
305.0953	293.3215
305.0953	292.8096
306.1191	292.8096
306.1191	292.2977
307.1429	292.2977
307.1429	291.7858
307.6548	291.7858
307.6548	291.2739
308.1667	291.2739
308.1667	290.7620
308.6786	290.7620
308.6786	290.2501
309.1905	290.2501
309.1905	289.7382
309.7024	289.7382
309.7024	289.2262
310.2143	289.2262
310.2143	288.7143
310.7262	288.7143
310.7262	288.2024
311.2382	288.2024
311.2382	287.6905
311.7501	287.6905
311.7501	286.6667
312.2620	286.6667
312.2620	285.6429
312.7739	285.6429
312.7739	285.1310
313.2858	285.1310
313.2858	284.6191
313.7977	284.6191
313.7977	283.5953
314.3096	283.5953
314.3096	282.5715
314.8215	282.5715
314.8215	280.0120
315.3334	280.0120
315.3334	277.4524
314.8215	277.4524
314.8215	274.8929
314.3096	274.8929
314.3096	273.8691
313.7977	273.8691
313.7977	272.8453
313.2858	272.8453
313.2858	272.3334
312.7739	272.3334
312.7739	271.8215
312.2620	271.8215
312.2620	271.3096
311.7501	271.3096
311.7501	270.7977
311.2382	270.7977
311.2382	270.2858
310.7262	270.2858
310.7262	269.7739
309.7024	269.7739
309.7024	269.2620
308.6786	269.2620
308.6786	268.7501
306.1191	268.7501
306.1191	267.7262
305.6072	267.7262
305.6072	267.2143
305.0953	267.2143
305.0953	266.7024
304.5834	266.7024
304.5834	266.1905
304.0715	266.1905
304.0715	265.6786
303.5596	265.6786
303.5596	265.1667
303.0477	265.1667
303.0477	264.6548
302.5358	264.6548
302.5358	264.1429
302.0239	264.1429
302.0239	262.6072
301.5120	262.6072
301.5120	260.0477
302.0239	260.0477
302.0239	259.5358
302.5358	259.5358
302.5358	258.5120
303.0477	258.5120
303.0477	257.4881
303.5596	257.4881
303.5596	254.9286
304.0715	254.9286
304.0715	252.3691
303.5596	252.3691
303.5596	249.8096
303.0477	249.8096
303.0477	248.7858
302.5358	248.7858
302.5358	247.7620
302.0239	247.7620
302.0239	247.2500
301.5120	247.2500
301.5120	246.7381
301.0001	246.7381
301.0001	246.2262
300.4882	246.2262
300.4882	245.7143
299.9762	245.7143
299.9762	245.2024
298.9524	245.2024
298.9524	244.6905
297.9286	244.6905
297.9286	244.1786
296.9048	244.1786
296.9048	243.6667
294.3453	243.6667
294.3453	243.1548
291.7858	243.1548
291.7858	243.6667
289.2262	243.6667
289.2262	244.1786
286.1548	244.1786
286.1548	243.6667
282.5715	243.6667
282.5715	243.1548
280.0120	243.1548
280.0120	242.6429
276.9405	242.6429
276.9405	243.1548
274.3810	243.1548
274.3810	243.6667
273.3572	243.6667
273.3572	244.1786
272.3334	244.1786
272.3334	244.6905
271.8215	244.6905
271.8215	245.2024
270.7977	245.2024
270.7977	245.7143
269.7739	245.7143
269.7739	246.2262
269.2620	246.2262
269.2620	246.7381
268.7501	246.7381
268.7501	247.2500
268.2381	247.2500
268.2381	247.7620
267.2143	247.7620
267.2143	247.2500
265.6786	247.2500
265.6786	246.7381
264.1429	246.7381
264.1429	246.2262
263.6310	246.2262
263.6310	245.7143
263.1191	245.7143
263.1191	245.2024
262.6072	245.2024
262.6072	244.6905
261.5834	244.6905
261.5834	244.1786
260.5596	244.1786
260.5596	243.6667
259.5358	243.6667
259.5358	243.1548
258.5120	243.1548
258.5120	242.6429
255.9524	242.6429
255.9524	242.1310
254.9286	242.1310
254.9286	241.6191
252.3691	241.6191
252.3691	241.1072
249.8096	241.1072
249.8096	241.6191
249.2977	241.6191
249.2977	241.1072
247.2500	241.1072
247.2500	240.5953
244.6905	240.5953
244.6905	240.0834
241.6191	240.0834
241.6191	240.5953
239.0596	240.5953
239.0596	241.1072
238.0358	241.1072
238.0358	241.6191
237.0119	241.6191
237.0119	242.1310
236.5000	242.1310
236.5000	242.6429
235.9881	242.6429
235.9881	243.1548
235.4762	243.1548
235.4762	243.6667
234.9643	243.6667
234.9643	244.1786
234.4524	244.1786
234.4524	245.2024
233.9405	245.2024
233.9405	246.2262
233.4286	246.2262
233.4286	247.2500
232.9167	247.2500
232.9167	249.8096
232.4048	249.8096
232.4048	250.3215
231.8929	250.3215
231.8929	250.8334
231.3810	250.8334
231.3810	251.8572
230.8691	251.8572
230.8691	252.8810
230.3572	252.8810
230.3572	255.4405
229.8453	255.4405
229.8453	258.0000
230.3572	258.0000
230.3572	260.5596
230.8691	260.5596
230.8691	261.5834
231.3810	261.5834
231.3810	262.6072
231.8929	262.6072
231.8929	263.1191
232.4048	263.1191
232.4048	263.6310
232.9167	263.6310
232.9167	264.1429
233.4286	264.1429
233.4286	264.6548
233.9405	264.6548
233.9405	265.1667
234.9643	265.1667
234.9643	265.6786
235.9881	265.6786
235.9881	266.1905
238.5477	266.1905
238.5477	266.7024
236.5000	266.7024
236.5000	267.2143
233.9405	267.2143
233.9405	267.7262
232.9167	267.7262
232.9167	268.2381
231.8929	268.2381
231.8929	268.7501
231.3810	268.7501
231.3810	269.2620
230.8691	269.2620
230.8691	269.7739
230.3572	269.7739
230.3572	270.2858
229.8453	270.2858
229.8453	270.7977
229.3334	270.7977
229.3334	271.3096
228.8215	271.3096
228.8215	272.3334
228.3096	272.3334
228.3096	273.3572
227.7977	273.3572
227.7977	275.9167
226.7739	275.9167
226.7739	274.8929
227.2858	274.8929
227.2858	272.3334
227.7977	272.3334
227.7977	269.2620
227.2858	269.2620
227.2858	266.7024
226.7739	266.7024
226.7739	265.6786
226.2619	265.6786
226.2619	264.6548
225.7500	264.6548
225.7500	264.1429
225.2381	264.1429
225.2381	263.6310
224.7262	263.6310
224.7262	263.1191
224.2143	263.1191
224.2143	262.6072
223.7024	262.6072
223.7024	262.0953
222.6786	262.0953
222.6786	261.5834
221.6548	261.5834
221.6548	261.0715
220.6310	261.0715
220.6310	260.5596
219.6072	260.5596
219.6072	260.0477
218.5834	260.0477
218.5834	259.5358
216.0239	259.5358
216.0239	257.4881
215.5119	257.4881
215.5119	252.3691
215.0000	252.3691
215.0000	249.8096
214.4881	249.8096
214.4881	245.7143
215.0000	245.7143
215.0000	244.1786
215.5119	244.1786
215.5119	242.1310
216.0239	242.1310
216.0239	241.1072
216.5358	241.1072
216.5358	240.0834
217.0477	240.0834
217.0477	239.5715
217.5596	239.5715
217.5596	239.0596
218.0715	239.0596
218.0715	238.5477
218.5834	238.5477
218.5834	238.0358
219.0953	238.0358
219.0953	237.5239
219.6072	237.5239
219.6072	237.0119
220.1191	237.0119
220.1191	235.9881
220.6310	235.9881
220.6310	235.4762
221.1429	235.4762
221.1429	234.9643
221.6548	234.9643
221.6548	234.4524
222.1667	234.4524
222.1667	233.9405
222.6786	233.9405
222.6786	233.4286
223.1905	233.4286
223.1905	232.9167
223.7024	232.9167
223.7024	232.4048
224.2143	232.4048
224.2143	231.8929
224.7262	231.8929
224.7262	231.3810
225.2381	231.3810
225.2381	230.8691
225.7500	230.8691
225.7500	229.8453
226.2619	229.8453
226.2619	228.8215
226.7739	228.8215
226.7739	228.3096
227.2858	228.3096
227.2858	227.2858
227.7977	227.2858
227.7977	226.7739
228.3096	226.7739
228.3096	226.2619
228.8215	226.2619
228.8215	225.7500
229.3334	225.7500
229.3334	225.2381
229.8453	225.2381
229.8453	224.7262
230.3572	224.7262
230.3572	223.7024
230.8691	223.7024
230.8691	223.1905
231.3810	223.1905
231.3810	222.6786
231.8929	222.6786
231.8929	222.1667
232.4048	222.1667
232.4048	221.6548
232.9167	221.6548
232.9167	221.1429
233.4286	221.1429
233.4286	220.6310
233.9405	220.6310
233.9405	220.1191
234.4524	220.1191
234.4524	219.6072
234.9643	219.6072
234.9643	219.0953
235.4762	219.0953
235.4762	218.0715
236.5000	218.0715
236.5000	217.5596
241.6191	217.5596
241.6191	217.0477
245.2024	217.0477
245.2024	216.5358
247.7620	216.5358
247.7620	216.0239
248.7858	216.0239
248.7858	215.5119
249.8096	215.5119
249.8096	215.0000
250.3215	215.0000
250.3215	214.4881
250.8334	214.4881
250.8334	213.9762
251.3453	213.9762
251.3453	213.4643
251.8572	213.4643
251.8572	212.9524
252.3691	212.9524
252.3691	211.9286
252.8810	211.9286
252.8810	210.9048
253.3929	210.9048
253.3929	209.8810
253.9048	209.8810
253.9048	209.3691
254.4167	209.3691
254.4167	208.8572
254.9286	208.8572
254.9286	208.3453
255.4405	208.3453
255.4405	207.8334
255.9524	207.8334
255.9524	207.3215
256.4643	207.3215
256.4643	206.2977
256.9762	206.2977
256.9762	205.2738
257.4881	205.2738
257.4881	203.7381
258.0000	203.7381
258.0000	203.2262
258.5120	203.2262
258.5120	202.7143
259.0239	202.7143
259.0239	202.2024
260.0477	202.2024
260.0477	201.6905
260.5596	201.6905
260.5596	201.1786
261.0715	201.1786
261.0715	200.6667
261.5834	200.6667
261.5834	200.1548
264.1429	200.1548
264.1429	199.6429
265.6786	199.6429
265.6786	199.1310
266.7024	199.1310
266.7024	198.6191
267.7262	198.6191
267.7262	198.1072
268.2381	198.1072
268.2381	197.5953
268.7501	197.5953
268.7501	197.0834
269.2620	197.0834
269.2620	196.5715
269.7739	196.5715
269.7739	196.0596
270.2858	196.0596
270.2858	195.5477
270.7977	195.5477
270.7977	195.0358
271.3096	195.0358
271.3096	194.5238
271.8215	194.5238
271.8215	193.5000
272.3334	193.5000
272.3334	192.4762
272.8453	192.4762
272.8453	191.4524
273.3572	191.4524
273.3572	190.4286
273.8691	190.4286
273.8691	189.4048
274.3810	189.4048
274.3810	188.8929
274.8929	188.8929
274.8929	187.8691
275.4048	187.8691
275.4048	186.8453
275.9167	186.8453
275.9167	185.3096
276.4286	185.3096
276.4286	184.2857
276.9405	184.2857
276.9405	183.7738
277.4524	183.7738
277.4524	183.2619
277.9643	183.2619
277.9643	182.7500
278.4762	182.7500
278.4762	182.2381
278.9881	182.2381
278.9881	181.7262
279.5001	181.7262
279.5001	181.2143
280.0120	181.2143
280.0120	180.7024
280.5239	180.7024
280.5239	180.1905
281.0358	180.1905
281.0358	179.6786
281.5477	179.6786
281.5477	179.1667
282.0596	179.1667
282.0596	178.6548
282.5715	178.6548
282.5715	178.1429
283.0834	178.1429
283.0834	177.6310
283.5953	177.6310
283.5953	177.1191
284.1072	177.1191
284.1072	176.6072
284.6191	176.6072
284.6191	176.0953
285.1310	176.0953
285.1310	175.5834
285.6429	175.5834
285.6429	175.0715
286.1548	175.0715
286.1548	174.5596
286.6667	174.5596
286.6667	174.0477
287.1786	174.0477
287.1786	173.5357
287.6905	173.5357
287.6905	173.0238
288.2024	173.0238
288.2024	172.5119
288.7143	172.5119
288.7143	172.0000
289.7382	172.0000
289.7382	171.4881
290.2501	171.4881
290.2501	170.9762
290.7620	170.9762
290.7620	170.4643
291.2739	170.4643
291.2739	169.9524
291.7858	169.9524
291.7858	169.4405
292.2977	169.4405
292.2977	168.9286
293.3215	168.9286
293.3215	168.4167
293.8334	168.4167
293.8334	167.9048
294.3453	167.9048
294.3453	167.3929
295.3691	167.3929
295.3691	166.8810
295.8810	166.8810
295.8810	166.3691
296.9048	166.3691
296.9048	165.8572
297.9286	165.8572
297.9286	165.3453
299.4643	165.3453
299.4643	164.8334
301.0001	164.8334
301.0001	164.3215
308.1667	164.3215
308.1667	163.8096
310.7262	163.8096
310.7262	163.2977
311.7501	163.2977
311.7501	162.7857
312.7739	162.7857
312.7739	162.2738
313.2858	162.2738
313.2858	161.7619
313.7977	161.7619
313.7977	161.2500
314.3096	161.2500
314.3096	160.7381
314.8215	160.7381
314.8215	160.2262
315.3334	160.2262
315.3334	159.2024
315.8453	159.2024
315.8453	158.1786
316.3572	158.1786
316.3572	155.6191
316.8691	155.6191
316.8691	153.0596
316.3572	153.0596
316.3572	150.5000
315.8453	150.5000
315.8453	149.4762
315.3334	149.4762
315.3334	148.4524
314.8215	148.4524
314.8215	147.9405
314.3096	147.9405
314.3096	147.4286
313.7977	147.4286
313.7977	146.9167
313.2858	146.9167
313.2858	146.4048
312.7739	146.4048
312.7739	145.3810
312.2620	145.3810
312.2620	144.3572
311.7501	144.3572
311.7501	143.3334
311.2382	143.3334
311.2382	142.8215
310.7262	142.8215
310.7262	142.3096
310.2143	142.3096
310.2143	141.7976
309.7024	141.7976
309.7024	141.2857
309.1905	141.2857
309.1905	140.7738
308.1667	140.7738
308.1667	140.2619
307.1429	140.2619
307.1429	139.7500
304.5834	139.7500
304.5834	139.2381
299.9762	139.2381
299.9762	139.7500
298.9524	139.7500
298.9524	137.1905
298.4405	137.1905
298.4405	135.6548
297.9286	135.6548
297.9286	134.6310
297.4167	134.6310
297.4167	133.6072
296.9048	133.6072
296.9048	128.4881
296.3929	128.4881
296.3929	127.4643
297.4167	127.4643
297.4167	126.9524
297.9286	126.9524
297.9286	126.4405
298.4405	126.4405
298.4405	125.9286
298.9524	125.9286
298.9524	125.4167
299.4643	125.4167
299.4643	124.9048
299.9762	124.9048
299.9762	124.3929
300.4882	124.3929
300.4882	123.3691
301.0001	123.3691
301.0001	122.3453
301.5120	122.3453
301.5120	120.8095
302.0239	120.8095
302.0239	119.7857
302.5358	119.7857
302.5358	119.2738
303.0477	119.2738
303.0477	118.2500
303.5596	118.2500
303.5596	117.2262
304.0715	117.2262
304.0715	116.2024
304.5834	116.2024
304.5834	115.1786
305.0953	115.1786
305.0953	113.6429
305.6072	113.6429
305.6072	112.6191
306.1191	112.6191
306.1191	111.5953
306.6310	111.5953
306.6310	110.5714
307.1429	110.5714
307.1429	109.5476
307.6548	109.5476
307.6548	109.0357
308.1667	109.0357
308.1667	108.5238
309.1905	108.5238
309.1905	108.0119
309.7024	108.0119
309.7024	107.5000
310.2143	107.5000
310.2143	106.9881
310.7262	106.9881
310.7262	106.4762
311.2382	106.4762
311.2382	105.9643
311.7501	105.9643
311.7501	105.4524
312.2620	105.4524
312.2620	104.9405
312.7739	104.9405
312.7739	104.4286
313.2858	104.4286
313.2858	103.9167
313.7977	103.9167
313.7977	103.4048
314.8215	103.4048
314.8215	102.8929
315.3334	102.8929
315.3334	102.3810
315.8453	102.3810
315.8453	101.8691
316.3572	101.8691
316.3572	101.3572
317.3810	101.3572
317.3810	100.8453
318.4048	100.8453
318.4048	100.3334
318.9167	100.3334
318.9167	99.8214
319.9405	99.8214
319.9405	99.3095
320.9643	99.3095
320.9643	98.7976
321.9882	98.7976
321.9882	98.2857
323.0120	98.2857
323.0120	97.7738
323.5239	97.7738
323.5239	97.2619
326.0834	97.2619
326.0834	96.7500
328.6429	96.7500
328.6429	96.2381
334.7858	96.2381
