332.2263	96.2381
334.7858	96.2381
334.7858	96.7500
336.8334	96.7500
336.8334	97.2619
337.8572	97.2619
337.8572	97.7738
338.8810	97.7738
338.8810	98.2857
339.9048	98.2857
339.9048	98.7976
341.4405	98.7976
341.4405	99.3095
342.4644	99.3095
342.4644	99.8214
344.0001	99.8214
344.0001	100.3334
344.5120	100.3334
344.5120	100.8453
345.5358	100.8453
345.5358	101.3572
346.0477	101.3572
346.0477	101.8691
346.5596	101.8691
346.5596	102.3810
347.0715	102.3810
347.0715	102.8929
348.0953	102.8929
348.0953	103.4048
349.1191	103.4048
349.1191	103.9167
349.6310	103.9167
349.6310	104.4286
350.1429	104.4286
350.1429	104.9405
350.6548	104.9405
350.6548	105.4524
351.1667	105.4524
351.1667	105.9643
351.6786	105.9643
351.6786	106.9881
352.1905	106.9881
352.1905	107.5000
352.7024	107.5000
352.7024	108.0119
353.2144	108.0119
353.2144	108.5238
353.7263	108.5238
353.7263	109.5476
354.2382	109.5476
354.2382	110.0595
354.7501	110.0595
354.7501	111.0834
355.2620	111.0834
355.2620	111.5953
355.7739	111.5953
355.7739	112.1072
356.2858	112.1072
356.2858	112.6191
356.7977	112.6191
356.7977	113.1310
357.3096	113.1310
357.3096	113.6429
358.3334	113.6429
358.3334	114.6667
358.8453	114.6667
358.8453	115.6905
359.3572	115.6905
359.3572	116.2024
359.8691	116.2024
359.8691	117.2262
360.3810	117.2262
360.3810	117.7381
360.8929	117.7381
360.8929	118.7619
361.4048	118.7619
361.4048	119.7857
361.9167	119.7857
361.9167	120.8095
362.4286	120.8095
362.4286	122.3453
362.9405	122.3453
362.9405	123.8810
363.4525	123.8810
363.4525	126.4405
363.9644	126.4405
363.9644	129.0000
364.4763	129.0000
364.4763	131.5595
364.9882	131.5595
364.9882	133.6072
365.5001	133.6072
365.5001	136.1667
366.0120	136.1667
366.0120	138.7262
366.5239	138.7262
366.5239	140.7738
367.0358	140.7738
367.0358	141.7976
367.5477	141.7976
367.5477	142.8215
368.0596	142.8215
368.0596	143.3334
368.5715	143.3334
368.5715	143.8453
369.0834	143.8453
369.0834	144.3572
369.5953	144.3572
369.5953	144.8691
370.1072	144.8691
370.1072	145.3810
371.1310	145.3810
371.1310	145.8929
372.1548	145.8929
372.1548	146.4048
374.7144	146.4048
374.7144	146.9167
379.3215	146.9167
379.3215	146.4048
382.9048	146.4048
382.9048	145.8929
385.4644	145.8929
385.4644	145.3810
388.0239	145.3810
388.0239	145.8929
390.5834	145.8929
390.5834	146.4048
394.6786	146.4048
394.6786	146.9167
397.7501	146.9167
397.7501	147.4286
399.2858	147.4286
399.2858	147.9405
400.3096	147.9405
400.3096	148.4524
401.3334	148.4524
401.3334	148.9643
403.8929	148.9643
403.8929	149.4762
406.9644	149.4762
406.9644	148.9643
409.5239	148.9643
409.5239	148.4524
410.5477	148.4524
410.5477	147.9405
411.5715	147.9405
411.5715	147.4286
412.0834	147.4286
412.0834	146.9167
412.5953	146.9167
412.5953	146.4048
413.1072	146.4048
413.1072	145.8929
413.6191	145.8929
413.6191	145.3810
414.1310	145.3810
414.1310	144.8691
414.6429	144.8691
414.6429	143.8453
415.1548	143.8453
415.1548	143.3334
416.1787	143.3334
416.1787	142.8215
417.2025	142.8215
417.2025	142.3096
418.2263	142.3096
418.2263	141.7976
418.7382	141.7976
418.7382	141.2857
421.2977	141.2857
421.2977	140.7738
425.9048	140.7738
425.9048	140.2619
428.4644	140.2619
428.4644	139.7500
430.0001	139.7500
430.0001	139.2381
431.0239	139.2381
431.0239	138.7262
432.0477	138.7262
432.0477	138.2143
436.1429	138.2143
436.1429	137.7024
438.1906	137.7024
438.1906	138.2143
439.2144	138.2143
439.2144	138.7262
440.2382	138.7262
440.2382	139.2381
442.7977	139.2381
442.7977	139.7500
447.4048	139.7500
447.4048	140.2619
449.9644	140.2619
449.9644	140.7738
452.5239	140.7738
452.5239	140.2619
454.5715	140.2619
454.5715	140.7738
455.0834	140.7738
455.0834	143.3334
455.5953	143.3334
455.5953	144.3572
456.1072	144.3572
456.1072	145.3810
456.6191	145.3810
456.6191	146.9167
457.1310	146.9167
457.1310	147.9405
457.6429	147.9405
457.6429	149.4762
458.1548	149.4762
458.1548	150.5000
458.6668	150.5000
458.6668	152.0357
459.1787	152.0357
459.1787	154.5953
459.6906	154.5953
459.6906	155.6191
460.2025	155.6191
460.2025	156.6429
460.7144	156.6429
460.7144	157.1548
461.2263	157.1548
461.2263	157.6667
461.7382	157.6667
461.7382	158.1786
462.2501	158.1786
462.2501	158.6905
462.7620	158.6905
462.7620	159.2024
463.2739	159.2024
463.2739	159.7143
464.2977	159.7143
464.2977	160.2262
465.3215	160.2262
465.3215	160.7381
466.3453	160.7381
466.3453	161.2500
468.9049	161.2500
468.9049	161.7619
469.4168	161.7619
469.4168	162.2738
469.9287	162.2738
469.9287	162.7857
470.4406	162.7857
470.4406	163.2977
470.9525	163.2977
470.9525	163.8096
471.9763	163.8096
471.9763	164.3215
473.0001	164.3215
473.0001	164.8334
475.0477	164.8334
475.0477	165.3453
477.6072	165.3453
477.6072	166.8810
478.1191	166.8810
478.1191	167.9048
478.6310	167.9048
478.6310	168.9286
479.1429	168.9286
479.1429	169.4405
479.6549	169.4405
479.6549	169.9524
480.1668	169.9524
480.1668	170.4643
480.6787	170.4643
480.6787	170.9762
481.1906	170.9762
481.1906	172.5119
481.7025	172.5119
481.7025	176.6072
481.1906	176.6072
481.1906	181.2143
481.7025	181.2143
481.7025	182.7500
481.1906	182.7500
481.1906	185.8215
480.6787	185.8215
480.6787	188.8929
480.1668	188.8929
480.1668	190.4286
479.6549	190.4286
479.6549	191.4524
479.1429	191.4524
479.1429	192.4762
478.6310	192.4762
478.6310	193.5000
478.1191	193.5000
478.1191	194.5238
477.6072	194.5238
477.6072	196.0596
477.0953	196.0596
477.0953	196.5715
476.5834	196.5715
476.5834	197.5953
476.0715	197.5953
476.0715	198.6191
475.5596	198.6191
475.5596	200.1548
475.0477	200.1548
475.0477	202.7143
474.0239	202.7143
474.0239	203.2262
473.0001	203.2262
473.0001	203.7381
471.9763	203.7381
471.9763	204.2500
471.4644	204.2500
471.4644	204.7619
470.9525	204.7619
470.9525	205.2738
468.3929	205.2738
468.3929	205.7858
465.8334	205.7858
465.8334	206.2977
464.8096	206.2977
464.8096	206.8096
463.7858	206.8096
463.7858	207.3215
463.2739	207.3215
463.2739	207.8334
462.7620	207.8334
462.7620	208.3453
462.2501	208.3453
462.2501	208.8572
461.7382	208.8572
461.7382	209.3691
461.2263	209.3691
461.2263	210.3929
460.7144	210.3929
460.7144	211.4167
460.2025	211.4167
460.2025	213.9762
459.6906	213.9762
459.6906	216.5358
460.2025	216.5358
460.2025	219.0953
460.7144	219.0953
460.7144	220.1191
461.2263	220.1191
461.2263	221.1429
461.7382	221.1429
461.7382	222.1667
462.2501	222.1667
462.2501	222.6786
462.7620	222.6786
462.7620	223.1905
463.2739	223.1905
463.2739	223.7024
463.7858	223.7024
463.7858	224.2143
464.2977	224.2143
464.2977	225.2381
464.8096	225.2381
464.8096	225.7500
465.3215	225.7500
465.3215	226.2619
465.8334	226.2619
465.8334	226.7739
466.3453	226.7739
466.3453	227.2858
466.8572	227.2858
466.8572	227.7977
467.3691	227.7977
467.3691	228.3096
468.3929	228.3096
468.3929	228.8215
468.9049	228.8215
468.9049	229.3334
468.3929	229.3334
468.3929	229.8453
467.8810	229.8453
467.8810	230.8691
467.3691	230.8691
467.3691	231.8929
466.8572	231.8929
466.8572	234.4524
466.3453	234.4524
466.3453	237.5239
466.8572	237.5239
466.8572	240.0834
467.3691	240.0834
467.3691	241.1072
467.8810	241.1072
467.8810	242.1310
468.3929	242.1310
468.3929	242.6429
468.9049	242.6429
468.9049	243.1548
469.4168	243.1548
469.4168	243.6667
469.9287	243.6667
469.9287	244.1786
470.4406	244.1786
470.4406	244.6905
470.9525	244.6905
470.9525	245.2024
471.4644	245.2024
471.4644	245.7143
471.9763	245.7143
471.9763	246.2262
472.4882	246.2262
472.4882	246.7381
473.0001	246.7381
473.0001	247.2500
473.5120	247.2500
473.5120	248.2739
474.0239	248.2739
474.0239	248.7858
474.5358	248.7858
474.5358	249.8096
475.0477	249.8096
475.0477	250.8334
475.5596	250.8334
475.5596	251.3453
476.0715	251.3453
476.0715	252.3691
476.5834	252.3691
476.5834	253.3929
477.0953	253.3929
477.0953	254.4167
477.6072	254.4167
477.6072	256.4643
478.1191	256.4643
478.1191	259.5358
477.6072	259.5358
477.6072	261.5834
477.0953	261.5834
477.0953	264.1429
476.5834	264.1429
476.5834	266.1905
476.0715	266.1905
476.0715	267.2143
475.5596	267.2143
475.5596	268.7501
475.0477	268.7501
475.0477	270.2858
474.5358	270.2858
474.5358	271.3096
474.0239	271.3096
474.0239	272.3334
473.5120	272.3334
473.5120	273.8691
473.0001	273.8691
473.0001	274.8929
472.4882	274.8929
472.4882	275.9167
471.9763	275.9167
471.9763	276.9405
471.4644	276.9405
471.4644	277.4524
470.9525	277.4524
470.9525	278.4762
470.4406	278.4762
470.4406	278.9881
469.9287	278.9881
469.9287	279.5001
469.4168	279.5001
469.4168	280.0120
468.9049	280.0120
468.9049	281.0358
468.3929	281.0358
468.3929	282.0596
467.8810	282.0596
467.8810	284.6191
467.3691	284.6191
467.3691	287.6905
467.8810	287.6905
467.8810	291.2739
468.3929	291.2739
468.3929	293.8334
467.8810	293.8334
467.8810	296.9048
467.3691	296.9048
467.3691	297.9286
466.8572	297.9286
466.8572	298.9524
466.3453	298.9524
466.3453	300.4882
465.8334	300.4882
465.8334	302.5358
465.3215	302.5358
465.3215	303.5596
464.8096	303.5596
464.8096	304.5834
464.2977	304.5834
464.2977	307.1429
463.7858	307.1429
463.7858	309.7024
464.2977	309.7024
464.2977	312.2620
464.8096	312.2620
464.8096	313.2858
465.3215	313.2858
465.3215	314.3096
465.8334	314.3096
465.8334	314.8215
466.3453	314.8215
466.3453	315.3334
466.8572	315.3334
466.8572	315.8453
467.3691	315.8453
467.3691	316.3572
467.8810	316.3572
467.8810	316.8691
468.3929	316.8691
468.3929	317.3810
468.9049	317.3810
468.9049	317.8929
469.4168	317.8929
469.4168	318.4048
470.4406	318.4048
470.4406	318.9167
470.9525	318.9167
470.9525	319.4286
471.9763	319.4286
471.9763	319.9405
472.4882	319.9405
472.4882	320.4524
473.5120	320.4524
473.5120	320.9643
474.0239	320.9643
474.0239	321.4763
474.5358	321.4763
474.5358	321.9882
475.0477	321.9882
475.0477	323.5239
475.5596	323.5239
475.5596	324.5477
476.0715	324.5477
476.0715	327.1072
476.5834	327.1072
476.5834	331.7143
477.0953	331.7143
477.0953	335.2977
477.6072	335.2977
477.6072	337.8572
478.1191	337.8572
478.1191	339.9048
478.6310	339.9048
478.6310	341.9524
479.1429	341.9524
479.1429	346.5596
479.6549	346.5596
479.6549	349.6310
479.1429	349.6310
479.1429	350.6548
478.6310	350.6548
478.6310	352.7024
478.1191	352.7024
478.1191	354.2382
477.6072	354.2382
477.6072	355.2620
476.5834	355.2620
476.5834	355.7739
475.5596	355.7739
475.5596	356.2858
474.5358	356.2858
474.5358	356.7977
474.0239	356.7977
474.0239	357.3096
473.5120	357.3096
473.5120	357.8215
473.0001	357.8215
473.0001	358.3334
472.4882	358.3334
472.4882	358.8453
471.9763	358.8453
471.9763	359.3572
471.4644	359.3572
471.4644	359.8691
470.4406	359.8691
470.4406	360.3810
469.9287	360.3810
469.9287	360.8929
469.4168	360.8929
469.4168	361.4048
468.9049	361.4048
468.9049	361.9167
467.8810	361.9167
467.8810	362.4286
465.3215	362.4286
465.3215	362.9405
463.7858	362.9405
463.7858	363.4525
462.7620	363.4525
462.7620	363.9644
461.7382	363.9644
461.7382	364.4763
461.2263	364.4763
461.2263	364.9882
460.7144	364.9882
460.7144	365.5001
460.2025	365.5001
460.2025	366.0120
459.6906	366.0120
459.6906	366.5239
459.1787	366.5239
459.1787	367.5477
458.6668	367.5477
458.6668	368.5715
458.1548	368.5715
458.1548	371.1310
457.6429	371.1310
457.6429	376.2501
457.1310	376.2501
457.1310	379.3215
457.6429	379.3215
457.6429	382.9048
458.1548	382.9048
458.1548	385.4644
458.6668	385.4644
458.6668	386.4882
459.1787	386.4882
459.1787	392.1191
459.6906	392.1191
459.6906	393.6548
458.6668	393.6548
458.6668	394.1667
458.1548	394.1667
458.1548	394.6786
457.6429	394.6786
457.6429	395.1906
457.1310	395.1906
457.1310	395.7025
456.6191	395.7025
456.6191	396.2144
456.1072	396.2144
456.1072	396.7263
455.5953	396.7263
455.5953	396.2144
448.9406	396.2144
448.9406	396.7263
445.8691	396.7263
445.8691	396.2144
445.3572	396.2144
445.3572	395.1906
444.8453	395.1906
444.8453	392.6310
445.3572	392.6310
445.3572	391.6072
445.8691	391.6072
445.8691	389.0477
446.3810	389.0477
446.3810	388.0239
446.8929	388.0239
446.8929	385.4644
447.4048	385.4644
447.4048	382.9048
446.8929	382.9048
446.8929	377.7858
446.3810	377.7858
446.3810	375.2263
445.8691	375.2263
445.8691	373.1786
445.3572	373.1786
445.3572	372.1548
444.8453	372.1548
444.8453	371.1310
444.3334	371.1310
444.3334	370.6191
443.8215	370.6191
443.8215	370.1072
443.3096	370.1072
443.3096	369.5953
442.7977	369.5953
442.7977	369.0834
442.2858	369.0834
442.2858	368.5715
441.7739	368.5715
441.7739	368.0596
440.7501	368.0596
440.7501	367.5477
439.7263	367.5477
439.7263	367.0358
437.1667	367.0358
437.1667	366.5239
435.6310	366.5239
435.6310	366.0120
434.6072	366.0120
434.6072	365.5001
433.5834	365.5001
433.5834	364.9882
432.5596	364.9882
432.5596	364.4763
430.0001	364.4763
430.0001	363.9644
426.9287	363.9644
426.9287	364.4763
424.3691	364.4763
424.3691	364.9882
423.3453	364.9882
423.3453	365.5001
422.3215	365.5001
422.3215	366.0120
421.8096	366.0120
421.8096	366.5239
417.7144	366.5239
417.7144	366.0120
417.2025	366.0120
417.2025	365.5001
416.6906	365.5001
416.6906	364.9882
416.1787	364.9882
416.1787	364.4763
415.6667	364.4763
415.6667	363.9644
414.6429	363.9644
414.6429	363.4525
413.6191	363.4525
413.6191	362.9405
411.0596	362.9405
411.0596	362.4286
405.9406	362.4286
405.9406	361.9167
404.9167	361.9167
404.9167	361.4048
403.8929	361.4048
403.8929	360.8929
401.3334	360.8929
401.3334	360.3810
398.7739	360.3810
398.7739	359.8691
396.2144	359.8691
396.2144	359.3572
393.6548	359.3572
393.6548	358.8453
390.0715	358.8453
390.0715	359.3572
387.5120	359.3572
387.5120	359.8691
386.4882	359.8691
386.4882	360.3810
385.4644	360.3810
385.4644	360.8929
384.9525	360.8929
384.9525	361.4048
384.4405	361.4048
384.4405	361.9167
383.9286	361.9167
383.9286	362.4286
383.4167	362.4286
383.4167	362.9405
382.9048	362.9405
382.9048	363.4525
382.3929	363.4525
382.3929	364.4763
381.3691	364.4763
381.3691	364.9882
380.8572	364.9882
380.8572	365.5001
379.3215	365.5001
379.3215	364.9882
376.7620	364.9882
376.7620	365.5001
376.2501	365.5001
376.2501	364.9882
372.6667	364.9882
372.6667	365.5001
370.1072	365.5001
370.1072	366.0120
368.5715	366.0120
368.5715	365.5001
364.9882	365.5001
364.9882	366.0120
364.4763	366.0120
364.4763	365.5001
363.4525	365.5001
363.4525	364.9882
362.9405	364.9882
362.9405	364.4763
361.9167	364.4763
361.9167	363.9644
361.4048	363.9644
361.4048	363.4525
360.3810	363.4525
360.3810	362.9405
359.3572	362.9405
359.3572	362.4286
356.7977	362.4286
356.7977	361.9167
353.2144	361.9167
353.2144	362.4286
350.6548	362.4286
350.6548	362.9405
349.6310	362.9405
349.6310	363.4525
348.6072	363.4525
348.6072	363.9644
348.0953	363.9644
348.0953	364.4763
347.0715	364.4763
347.0715	364.9882
345.0239	364.9882
345.0239	365.5001
344.0001	365.5001
344.0001	366.0120
342.9763	366.0120
342.9763	366.5239
341.4405	366.5239
341.4405	367.0358
339.9048	367.0358
339.9048	367.5477
338.8810	367.5477
338.8810	368.0596
336.8334	368.0596
336.8334	367.5477
330.6905	367.5477
330.6905	368.0596
329.1548	368.0596
329.1548	367.5477
328.1310	367.5477
328.1310	367.0358
326.5953	367.0358
326.5953	366.5239
326.0834	366.5239
326.0834	366.0120
325.5715	366.0120
325.5715	365.5001
325.0596	365.5001
325.0596	364.9882
324.5477	364.9882
324.5477	362.4286
324.0358	362.4286
324.0358	361.4048
323.5239	361.4048
323.5239	360.3810
323.0120	360.3810
323.0120	359.3572
322.5001	359.3572
322.5001	358.8453
321.9882	358.8453
321.9882	358.3334
321.4763	358.3334
321.4763	357.8215
320.9643	357.8215
320.9643	357.3096
320.4524	357.3096
320.4524	356.7977
319.4286	356.7977
319.4286	356.2858
318.4048	356.2858
318.4048	355.7739
315.8453	355.7739
315.8453	355.2620
309.1905	355.2620
309.1905	355.7739
306.6310	355.7739
306.6310	356.2858
305.6072	356.2858
305.6072	356.7977
303.5596	356.7977
303.5596	357.3096
302.5358	357.3096
302.5358	357.8215
301.0001	357.8215
301.0001	356.7977
300.4882	356.7977
300.4882	355.7739
299.9762	355.7739
299.9762	355.2620
299.4643	355.2620
299.4643	354.7501
298.9524	354.7501
298.9524	354.2382
298.4405	354.2382
298.4405	353.7263
297.9286	353.7263
297.9286	353.2144
297.4167	353.2144
297.4167	352.7024
296.9048	352.7024
296.9048	352.1905
295.8810	352.1905
295.8810	351.6786
295.3691	351.6786
295.3691	349.1191
294.8572	349.1191
294.8572	346.5596
294.3453	346.5596
294.3453	345.5358
293.8334	345.5358
293.8334	344.5120
293.3215	344.5120
293.3215	344.0001
292.8096	344.0001
292.8096	343.4882
292.2977	343.4882
292.2977	342.9763
291.7858	342.9763
291.7858	342.4644
291.2739	342.4644
291.2739	341.9524
290.2501	341.9524
290.2501	341.4405
289.2262	341.4405
289.2262	340.9286
288.7143	340.9286
288.7143	340.4167
288.2024	340.4167
288.2024	339.9048
287.6905	339.9048
287.6905	339.3929
287.1786	339.3929
287.1786	338.8810
286.1548	338.8810
286.1548	338.3691
285.1310	338.3691
285.1310	337.8572
284.6191	337.8572
284.6191	337.3453
284.1072	337.3453
284.1072	336.8334
283.5953	336.8334
283.5953	335.2977
284.1072	335.2977
284.1072	334.7858
285.1310	334.7858
285.1310	334.2739
285.6429	334.2739
285.6429	333.7620
286.1548	333.7620
286.1548	333.2501
286.6667	333.2501
286.6667	332.7382
287.1786	332.7382
287.1786	332.2263
287.6905	332.2263
287.6905	331.7143
288.2024	331.7143
288.2024	330.6905
288.7143	330.6905
288.7143	329.6667
289.2262	329.6667
289.2262	327.1072
289.7382	327.1072
289.7382	324.5477
289.2262	324.5477
289.2262	321.9882
288.7143	321.9882
288.7143	320.9643
288.2024	320.9643
288.2024	319.9405
287.6905	319.9405
287.6905	318.4048
287.1786	318.4048
287.1786	315.8453
286.6667	315.8453
286.6667	314.8215
286.1548	314.8215
286.1548	313.7977
285.6429	313.7977
285.6429	313.2858
285.1310	313.2858
285.1310	312.7739
284.6191	312.7739
284.6191	312.2620
284.1072	312.2620
284.1072	311.7501
283.5953	311.7501
283.5953	311.2382
283.0834	311.2382
283.0834	310.7262
282.0596	310.7262
282.0596	310.2143
281.0358	310.2143
281.0358	309.7024
279.5001	309.7024
279.5001	309.1905
276.9405	309.1905
276.9405	307.6548
276.4286	307.6548
276.4286	306.6310
275.9167	306.6310
275.9167	305.6072
275.4048	305.6072
275.4048	305.0953
274.8929	305.0953
274.8929	304.5834
274.3810	304.5834
274.3810	304.0715
273.8691	304.0715
273.8691	303.5596
273.3572	303.5596
273.3572	303.0477
272.8453	303.0477
272.8453	302.5358
271.8215	302.5358
271.8215	302.0239
270.7977	302.0239
270.7977	301.5120
268.2381	301.5120
268.2381	301.0001
264.6548	301.0001
264.6548	301.5120
261.0715	301.5120
261.0715	301.0001
259.5358	301.0001
259.5358	300.4882
258.5120	300.4882
258.5120	299.9762
257.4881	299.9762
257.4881	299.4643
254.9286	299.4643
254.9286	298.9524
252.3691	298.9524
252.3691	299.4643
248.7858	299.4643
248.7858	298.9524
246.2262	298.9524
246.2262	298.4405
245.2024	298.4405
245.2024	297.9286
244.1786	297.9286
244.1786	297.4167
242.6429	297.4167
242.6429	296.9048
242.1310	296.9048
242.1310	296.3929
241.6191	296.3929
241.6191	295.8810
241.1072	295.8810
241.1072	295.3691
240.0834	295.3691
240.0834	294.8572
239.5715	294.8572
239.5715	294.3453
240.0834	294.3453
240.0834	293.3215
240.5953	293.3215
240.5953	290.7620
241.1072	290.7620
241.1072	288.2024
240.5953	288.2024
240.5953	285.6429
240.0834	285.6429
240.0834	284.6191
239.5715	284.6191
239.5715	283.5953
239.0596	283.5953
239.0596	283.0834
238.5477	283.0834
238.5477	282.5715
238.0358	282.5715
238.0358	282.0596
237.5239	282.0596
237.5239	281.5477
237.0119	281.5477
237.0119	281.0358
235.9881	281.0358
235.9881	280.5239
234.9643	280.5239
234.9643	280.0120
233.4286	280.0120
233.4286	279.5001
230.8691	279.5001
230.8691	278.9881
227.7977	278.9881
227.7977	278.4762
225.7500	278.4762
225.7500	277.9643
225.2381	277.9643
225.2381	277.4524
224.7262	277.4524
224.7262	276.9405
223.7024	276.9405
223.7024	276.4286
222.6786	276.4286
222.6786	275.9167
221.1429	275.9167
221.1429	275.4048
220.1191	275.4048
220.1191	274.8929
219.6072	274.8929
219.6072	274.3810
219.0953	274.3810
219.0953	273.8691
218.5834	273.8691
218.5834	272.8453
218.0715	272.8453
218.0715	270.7977
217.5596	270.7977
217.5596	269.7739
217.0477	269.7739
217.0477	268.7501
216.5358	268.7501
216.5358	268.2381
216.0239	268.2381
216.0239	267.7262
215.5119	267.7262
215.5119	267.2143
215.0000	267.2143
215.0000	265.6786
214.4881	265.6786
214.4881	265.1667
215.0000	265.1667
215.0000	261.5834
214.4881	261.5834
214.4881	259.0239
213.9762	259.0239
213.9762	258.0000
213.4643	258.0000
213.4643	253.9048
213.9762	253.9048
213.9762	252.3691
214.4881	252.3691
214.4881	249.8096
215.0000	249.8096
215.0000	246.7381
215.5119	246.7381
215.5119	244.6905
216.0239	244.6905
216.0239	243.6667
216.5358	243.6667
216.5358	242.6429
217.0477	242.6429
217.0477	241.1072
217.5596	241.1072
217.5596	239.5715
218.0715	239.5715
218.0715	238.5477
218.5834	238.5477
218.5834	238.0358
219.0953	238.0358
219.0953	237.5239
219.6072	237.5239
219.6072	236.5000
220.1191	236.5000
220.1191	235.9881
220.6310	235.9881
220.6310	234.9643
221.1429	234.9643
221.1429	233.9405
221.6548	233.9405
221.6548	232.9167
222.1667	232.9167
222.1667	231.3810
222.6786	231.3810
222.6786	229.8453
223.1905	229.8453
223.1905	228.3096
223.7024	228.3096
223.7024	227.2858
224.7262	227.2858
224.7262	226.7739
225.7500	226.7739
225.7500	226.2619
226.2619	226.2619
226.2619	225.7500
226.7739	225.7500
226.7739	225.2381
227.2858	225.2381
227.2858	224.7262
227.7977	224.7262
227.7977	224.2143
228.3096	224.2143
228.3096	223.7024
228.8215	223.7024
228.8215	223.1905
229.3334	223.1905
229.3334	222.6786
229.8453	222.6786
229.8453	222.1667
230.3572	222.1667
230.3572	221.6548
230.8691	221.6548
230.8691	221.1429
231.3810	221.1429
231.3810	220.1191
231.8929	220.1191
231.8929	219.0953
232.4048	219.0953
232.4048	218.5834
233.4286	218.5834
233.4286	218.0715
240.5953	218.0715
240.5953	217.5596
243.1548	217.5596
243.1548	217.0477
244.1786	217.0477
244.1786	216.5358
245.2024	216.5358
245.2024	216.0239
247.7620	216.0239
247.7620	215.5119
248.7858	215.5119
248.7858	215.0000
249.8096	215.0000
249.8096	214.4881
250.8334	214.4881
250.8334	213.9762
251.3453	213.9762
251.3453	213.4643
251.8572	213.4643
251.8572	212.9524
252.3691	212.9524
252.3691	212.4405
252.8810	212.4405
252.8810	211.9286
253.3929	211.9286
253.3929	211.4167
253.9048	211.4167
253.9048	210.3929
254.4167	210.3929
254.4167	209.8810
254.9286	209.8810
254.9286	208.8572
255.4405	208.8572
255.4405	207.8334
255.9524	207.8334
255.9524	206.8096
256.4643	206.8096
256.4643	204.2500
256.9762	204.2500
256.9762	201.1786
257.4881	201.1786
257.4881	200.6667
258.0000	200.6667
258.0000	200.1548
258.5120	200.1548
258.5120	199.6429
259.5358	199.6429
259.5358	199.1310
260.5596	199.1310
260.5596	198.6191
263.1191	198.6191
263.1191	198.1072
265.6786	198.1072
265.6786	197.5953
266.7024	197.5953
266.7024	197.0834
267.7262	197.0834
267.7262	196.5715
268.2381	196.5715
268.2381	196.0596
268.7501	196.0596
268.7501	195.5477
269.2620	195.5477
269.2620	195.0358
269.7739	195.0358
269.7739	194.5238
270.2858	194.5238
270.2858	193.5000
270.7977	193.5000
270.7977	192.4762
271.3096	192.4762
271.3096	190.4286
271.8215	190.4286
271.8215	189.4048
272.3334	189.4048
272.3334	188.8929
272.8453	188.8929
272.8453	188.3810
273.3572	188.3810
273.3572	187.8691
273.8691	187.8691
273.8691	187.3572
274.3810	187.3572
274.3810	186.8453
274.8929	186.8453
274.8929	185.8215
275.4048	185.8215
275.4048	184.7977
275.9167	184.7977
275.9167	183.7738
276.4286	183.7738
276.4286	183.2619
276.9405	183.2619
276.9405	182.2381
277.4524	182.2381
277.4524	181.7262
277.9643	181.7262
277.9643	181.2143
278.4762	181.2143
278.4762	180.7024
278.9881	180.7024
278.9881	180.1905
279.5001	180.1905
279.5001	179.6786
280.0120	179.6786
280.0120	179.1667
280.5239	179.1667
280.5239	178.1429
281.0358	178.1429
281.0358	177.1191
281.5477	177.1191
281.5477	176.6072
282.0596	176.6072
282.0596	176.0953
282.5715	176.0953
282.5715	175.5834
283.0834	175.5834
283.0834	175.0715
283.5953	175.0715
283.5953	174.5596
284.1072	174.5596
284.1072	174.0477
284.6191	174.0477
284.6191	173.5357
285.1310	173.5357
285.1310	173.0238
285.6429	173.0238
285.6429	172.5119
286.1548	172.5119
286.1548	172.0000
286.6667	172.0000
286.6667	171.4881
287.1786	171.4881
287.1786	170.4643
287.6905	170.4643
287.6905	169.9524
288.7143	169.9524
288.7143	169.4405
289.2262	169.4405
289.2262	168.9286
289.7382	168.9286
289.7382	168.4167
290.2501	168.4167
290.2501	167.9048
291.2739	167.9048
291.2739	167.3929
291.7858	167.3929
291.7858	166.8810
292.8096	166.8810
292.8096	166.3691
293.8334	166.3691
293.8334	165.8572
294.3453	165.8572
294.3453	165.3453
294.8572	165.3453
294.8572	164.8334
295.3691	164.8334
295.3691	164.3215
297.4167	164.3215
297.4167	163.8096
298.4405	163.8096
298.4405	163.2977
299.4643	163.2977
299.4643	162.7857
301.0001	162.7857
301.0001	162.2738
303.0477	162.2738
303.0477	161.7619
305.0953	161.7619
305.0953	161.2500
306.1191	161.2500
306.1191	160.7381
307.1429	160.7381
307.1429	160.2262
307.6548	160.2262
307.6548	159.7143
308.1667	159.7143
308.1667	159.2024
308.6786	159.2024
308.6786	158.6905
309.1905	158.6905
309.1905	158.1786
309.7024	158.1786
309.7024	157.1548
310.2143	157.1548
310.2143	156.1310
310.7262	156.1310
310.7262	153.5715
311.2382	153.5715
311.2382	149.9881
310.7262	149.9881
310.7262	147.4286
310.2143	147.4286
310.2143	144.8691
309.7024	144.8691
309.7024	143.8453
309.1905	143.8453
309.1905	142.8215
308.6786	142.8215
308.6786	141.7976
308.1667	141.7976
308.1667	140.7738
307.6548	140.7738
307.6548	140.2619
307.1429	140.2619
307.1429	139.7500
306.6310	139.7500
306.6310	139.2381
306.1191	139.2381
306.1191	138.7262
305.6072	138.7262
305.6072	138.2143
304.5834	138.2143
304.5834	137.7024
303.5596	137.7024
303.5596	137.1905
302.5358	137.1905
302.5358	136.6786
301.5120	136.6786
301.5120	135.6548
302.0239	135.6548
302.0239	132.0715
301.5120	132.0715
301.5120	129.5119
301.0001	129.5119
301.0001	128.4881
300.4882	128.4881
300.4882	127.4643
299.9762	127.4643
299.9762	126.9524
299.4643	126.9524
299.4643	126.4405
298.9524	126.4405
298.9524	125.9286
298.4405	125.9286
298.4405	125.4167
297.9286	125.4167
297.9286	124.9048
296.9048	124.9048
296.9048	123.8810
297.4167	123.8810
297.4167	122.8572
297.9286	122.8572
297.9286	121.8334
298.4405	121.8334
298.4405	120.8095
298.9524	120.8095
298.9524	119.7857
299.4643	119.7857
299.4643	118.7619
299.9762	118.7619
299.9762	118.2500
300.4882	118.2500
300.4882	117.2262
301.0001	117.2262
301.0001	116.2024
301.5120	116.2024
301.5120	114.6667
302.0239	114.6667
302.0239	113.6429
302.5358	113.6429
302.5358	113.1310
303.0477	113.1310
303.0477	112.6191
303.5596	112.6191
303.5596	112.1072
304.0715	112.1072
304.0715	111.5953
304.5834	111.5953
304.5834	111.0834
305.0953	111.0834
305.0953	110.5714
305.6072	110.5714
305.6072	109.5476
306.1191	109.5476
306.1191	108.5238
306.6310	108.5238
306.6310	108.0119
307.1429	108.0119
307.1429	106.9881
307.6548	106.9881
307.6548	105.9643
308.1667	105.9643
308.1667	104.9405
309.1905	104.9405
309.1905	104.4286
309.7024	104.4286
309.7024	103.9167
310.2143	103.9167
310.2143	103.4048
310.7262	103.4048
310.7262	102.8929
311.2382	102.8929
311.2382	102.3810
312.2620	102.3810
312.2620	101.8691
313.2858	101.8691
313.2858	101.3572
314.3096	101.3572
314.3096	100.8453
315.3334	100.8453
315.3334	100.3334
316.3572	100.3334
316.3572	99.8214
316.8691	99.8214
316.8691	99.3095
317.8929	99.3095
317.8929	98.7976
318.9167	98.7976
318.9167	98.2857
319.9405	98.2857
319.9405	97.7738
320.9643	97.7738
320.9643	97.2619
322.5001	97.2619
322.5001	96.7500
324.0358	96.7500
324.0358	96.2381
326.5953	96.2381
326.5953	95.7262
332.2263	95.7262
