361.4048	207.8334
363.9644	207.8334
363.9644	208.3453
367.0358	208.3453
367.0358	208.8572
369.5953	208.8572
369.5953	209.3691
373.1786	209.3691
373.1786	209.8810
375.7382	209.8810
375.7382	210.3929
376.2501	210.3929
376.2501	210.9048
376.7620	210.9048
376.7620	211.9286
377.2739	211.9286
377.2739	212.9524
377.7858	212.9524
377.7858	213.4643
378.2977	213.4643
378.2977	213.9762
378.8096	213.9762
378.8096	214.4881
379.3215	214.4881
379.3215	215.0000
379.8334	215.0000
379.8334	215.5119
380.8572	215.5119
380.8572	216.0239
381.8810	216.0239
381.8810	216.5358
384.4405	216.5358
384.4405	217.0477
387.0001	217.0477
387.0001	217.5596
388.0239	217.5596
388.0239	218.0715
388.5358	218.0715
388.5358	218.5834
389.0477	218.5834
389.0477	219.0953
389.5596	219.0953
389.5596	219.6072
390.5834	219.6072
390.5834	220.1191
391.0953	220.1191
391.0953	220.6310
391.6072	220.6310
391.6072	221.1429
392.1191	221.1429
392.1191	221.6548
392.6310	221.6548
392.6310	222.1667
393.1429	222.1667
393.1429	222.6786
393.6548	222.6786
393.6548	223.1905
394.1667	223.1905
394.1667	223.7024
394.6786	223.7024
394.6786	224.2143
395.7025	224.2143
395.7025	224.7262
396.7263	224.7262
396.7263	225.2381
397.7501	225.2381
397.7501	225.7500
399.7977	225.7500
399.7977	226.2619
400.8215	226.2619
400.8215	226.7739
401.3334	226.7739
401.3334	227.2858
402.3572	227.2858
402.3572	227.7977
403.3810	227.7977
403.3810	228.3096
405.9406	228.3096
405.9406	228.8215
406.4525	228.8215
406.4525	229.3334
406.9644	229.3334
406.9644	230.8691
407.4763	230.8691
407.4763	232.4048
407.9882	232.4048
407.9882	233.4286
408.5001	233.4286
408.5001	234.4524
409.0120	234.4524
409.0120	234.9643
409.5239	234.9643
409.5239	235.4762
410.0358	235.4762
410.0358	235.9881
410.5477	235.9881
410.5477	236.5000
411.0596	236.5000
411.0596	237.0119
411.5715	237.0119
411.5715	237.5239
412.0834	237.5239
412.0834	238.0358
413.1072	238.0358
413.1072	238.5477
414.1310	238.5477
414.1310	239.0596
414.6429	239.0596
414.6429	239.5715
415.1548	239.5715
415.1548	240.0834
415.6667	240.0834
415.6667	241.1072
416.1787	241.1072
416.1787	241.6191
416.6906	241.6191
416.6906	242.1310
417.2025	242.1310
417.2025	243.1548
417.7144	243.1548
417.7144	244.1786
418.2263	244.1786
418.2263	245.2024
418.7382	245.2024
418.7382	245.7143
419.2501	245.7143
419.2501	247.2500
419.7620	247.2500
419.7620	248.2739
420.2739	248.2739
420.2739	250.3215
420.7858	250.3215
420.7858	255.4405
421.2977	255.4405
421.2977	264.1429
420.7858	264.1429
420.7858	266.7024
420.2739	266.7024
420.2739	270.2858
420.7858	270.2858
420.7858	274.8929
420.2739	274.8929
420.2739	277.4524
419.7620	277.4524
419.7620	283.0834
420.2739	283.0834
420.2739	286.6667
420.7858	286.6667
420.7858	289.2262
421.2977	289.2262
421.2977	290.2501
421.8096	290.2501
421.8096	291.2739
422.3215	291.2739
422.3215	291.7858
422.8334	291.7858
422.8334	292.8096
419.7620	292.8096
419.7620	293.3215
417.2025	293.3215
417.2025	293.8334
416.1787	293.8334
416.1787	294.3453
415.1548	294.3453
415.1548	294.8572
414.6429	294.8572
414.6429	295.3691
414.1310	295.3691
414.1310	295.8810
413.6191	295.8810
413.6191	296.3929
413.1072	296.3929
413.1072	296.9048
412.5953	296.9048
412.5953	297.4167
412.0834	297.4167
412.0834	298.4405
411.5715	298.4405
411.5715	299.4643
411.0596	299.4643
411.0596	300.4882
410.5477	300.4882
410.5477	302.5358
410.0358	302.5358
410.0358	305.0953
409.5239	305.0953
409.5239	306.1191
409.0120	306.1191
409.0120	307.1429
408.5001	307.1429
408.5001	308.6786
407.9882	308.6786
407.9882	311.2382
407.4763	311.2382
407.4763	313.7977
404.4048	313.7977
404.4048	314.3096
401.8453	314.3096
401.8453	314.8215
400.8215	314.8215
400.8215	315.3334
399.7977	315.3334
399.7977	315.8453
399.2858	315.8453
399.2858	316.3572
398.7739	316.3572
398.7739	316.8691
398.2620	316.8691
398.2620	317.3810
397.7501	317.3810
397.7501	317.8929
397.2382	317.8929
397.2382	318.9167
396.2144	318.9167
396.2144	319.4286
395.7025	319.4286
395.7025	319.9405
395.1906	319.9405
395.1906	320.4524
394.6786	320.4524
394.6786	320.9643
394.1667	320.9643
394.1667	321.4763
393.1429	321.4763
393.1429	320.9643
387.5120	320.9643
387.5120	321.4763
384.9525	321.4763
384.9525	321.9882
381.3691	321.9882
381.3691	322.5001
378.8096	322.5001
378.8096	323.0120
377.7858	323.0120
377.7858	323.5239
376.7620	323.5239
376.7620	324.0358
376.2501	324.0358
376.2501	324.5477
375.7382	324.5477
375.7382	325.0596
375.2263	325.0596
375.2263	325.5715
374.7144	325.5715
374.7144	326.0834
374.2025	326.0834
374.2025	326.5953
373.6905	326.5953
373.6905	327.6191
373.1786	327.6191
373.1786	328.6429
372.6667	328.6429
372.6667	331.2024
371.6429	331.2024
371.6429	330.6905
371.1310	330.6905
371.1310	330.1786
370.1072	330.1786
370.1072	329.6667
369.0834	329.6667
369.0834	329.1548
368.5715	329.1548
368.5715	328.6429
368.0596	328.6429
368.0596	328.1310
367.5477	328.1310
367.5477	327.6191
367.0358	327.6191
367.0358	327.1072
366.5239	327.1072
366.5239	326.5953
365.5001	326.5953
365.5001	326.0834
364.4763	326.0834
364.4763	325.5715
361.9167	325.5715
361.9167	325.0596
359.3572	325.0596
359.3572	324.5477
355.2620	324.5477
355.2620	325.0596
352.7024	325.0596
352.7024	325.5715
351.1667	325.5715
351.1667	326.0834
338.8810	326.0834
338.8810	325.5715
336.8334	325.5715
336.8334	325.0596
335.8096	325.0596
335.8096	322.5001
335.2977	322.5001
335.2977	321.4763
334.7858	321.4763
334.7858	320.4524
334.2739	320.4524
334.2739	319.4286
333.7620	319.4286
333.7620	318.9167
333.2501	318.9167
333.2501	318.4048
332.7382	318.4048
332.7382	317.8929
332.2263	317.8929
332.2263	317.3810
331.7143	317.3810
331.7143	316.8691
331.2024	316.8691
331.2024	313.7977
330.6905	313.7977
330.6905	311.2382
330.1786	311.2382
330.1786	310.2143
329.6667	310.2143
329.6667	309.1905
329.1548	309.1905
329.1548	308.6786
328.6429	308.6786
328.6429	308.1667
328.1310	308.1667
328.1310	305.6072
327.6191	305.6072
327.6191	304.5834
327.1072	304.5834
327.1072	303.5596
326.5953	303.5596
326.5953	302.5358
326.0834	302.5358
326.0834	302.0239
325.5715	302.0239
325.5715	301.5120
325.0596	301.5120
325.0596	301.0001
324.5477	301.0001
324.5477	300.4882
324.0358	300.4882
324.0358	299.9762
323.0120	299.9762
323.0120	299.4643
321.9882	299.4643
321.9882	298.9524
319.4286	298.9524
319.4286	298.4405
314.3096	298.4405
314.3096	298.9524
313.2858	298.9524
313.2858	298.4405
312.2620	298.4405
312.2620	297.9286
311.7501	297.9286
311.7501	297.4167
311.2382	297.4167
311.2382	296.3929
310.7262	296.3929
310.7262	295.8810
310.2143	295.8810
310.2143	294.8572
309.7024	294.8572
309.7024	293.8334
309.1905	293.8334
309.1905	292.8096
308.6786	292.8096
308.6786	291.7858
308.1667	291.7858
308.1667	291.2739
307.6548	291.2739
307.6548	290.2501
307.1429	290.2501
307.1429	289.2262
306.6310	289.2262
306.6310	288.2024
306.1191	288.2024
306.1191	287.6905
305.6072	287.6905
305.6072	286.1548
306.1191	286.1548
306.1191	285.6429
306.6310	285.6429
306.6310	285.1310
307.1429	285.1310
307.1429	284.6191
307.6548	284.6191
307.6548	284.1072
308.1667	284.1072
308.1667	283.0834
308.6786	283.0834
308.6786	282.0596
309.1905	282.0596
309.1905	281.0358
309.7024	281.0358
309.7024	278.4762
310.2143	278.4762
310.2143	274.8929
309.7024	274.8929
309.7024	272.3334
309.1905	272.3334
309.1905	271.3096
308.6786	271.3096
308.6786	270.2858
308.1667	270.2858
308.1667	269.2620
307.6548	269.2620
307.6548	268.7501
307.1429	268.7501
307.1429	268.2381
306.6310	268.2381
306.6310	267.7262
306.1191	267.7262
306.1191	267.2143
305.6072	267.2143
305.6072	266.7024
304.5834	266.7024
304.5834	266.1905
303.5596	266.1905
303.5596	265.6786
301.0001	265.6786
301.0001	265.1667
298.4405	265.1667
298.4405	264.6548
295.8810	264.6548
295.8810	264.1429
294.3453	264.1429
294.3453	263.1191
294.8572	263.1191
294.8572	256.9762
295.3691	256.9762
295.3691	256.4643
295.8810	256.4643
295.8810	255.9524
296.3929	255.9524
296.3929	255.4405
296.9048	255.4405
296.9048	254.4167
297.4167	254.4167
297.4167	253.3929
297.9286	253.3929
297.9286	252.3691
298.9524	252.3691
298.9524	251.8572
299.4643	251.8572
299.4643	251.3453
299.9762	251.3453
299.9762	250.8334
300.4882	250.8334
300.4882	250.3215
301.0001	250.3215
301.0001	249.8096
301.5120	249.8096
301.5120	249.2977
302.0239	249.2977
302.0239	248.7858
302.5358	248.7858
302.5358	248.2739
303.0477	248.2739
303.0477	247.2500
303.5596	247.2500
303.5596	246.7381
304.0715	246.7381
304.0715	246.2262
304.5834	246.2262
304.5834	245.7143
305.0953	245.7143
305.0953	245.2024
305.6072	245.2024
305.6072	244.6905
306.1191	244.6905
306.1191	243.6667
306.6310	243.6667
306.6310	243.1548
307.1429	243.1548
307.1429	242.6429
307.6548	242.6429
307.6548	242.1310
308.1667	242.1310
308.1667	241.6191
308.6786	241.6191
308.6786	241.1072
309.1905	241.1072
309.1905	240.5953
310.2143	240.5953
310.2143	240.0834
311.2382	240.0834
311.2382	239.5715
311.7501	239.5715
311.7501	239.0596
312.2620	239.0596
312.2620	238.5477
312.7739	238.5477
312.7739	238.0358
313.7977	238.0358
313.7977	237.5239
314.3096	237.5239
314.3096	237.0119
314.8215	237.0119
314.8215	236.5000
315.3334	236.5000
315.3334	235.9881
315.8453	235.9881
315.8453	235.4762
316.3572	235.4762
316.3572	234.9643
317.3810	234.9643
317.3810	234.4524
318.4048	234.4524
318.4048	233.9405
318.9167	233.9405
318.9167	233.4286
319.9405	233.4286
319.9405	232.9167
320.9643	232.9167
320.9643	232.4048
321.4763	232.4048
321.4763	231.8929
321.9882	231.8929
321.9882	231.3810
322.5001	231.3810
322.5001	230.8691
323.0120	230.8691
323.0120	230.3572
323.5239	230.3572
323.5239	229.8453
324.0358	229.8453
324.0358	228.8215
324.5477	228.8215
324.5477	227.7977
325.0596	227.7977
325.0596	227.2858
325.5715	227.2858
325.5715	226.2619
326.0834	226.2619
326.0834	225.2381
326.5953	225.2381
326.5953	224.7262
327.1072	224.7262
327.1072	224.2143
327.6191	224.2143
327.6191	223.1905
328.6429	223.1905
328.6429	222.6786
329.1548	222.6786
329.1548	222.1667
329.6667	222.1667
329.6667	221.6548
330.1786	221.6548
330.1786	221.1429
330.6905	221.1429
330.6905	220.6310
331.2024	220.6310
331.2024	220.1191
331.7143	220.1191
331.7143	219.0953
332.2263	219.0953
332.2263	218.5834
332.7382	218.5834
332.7382	218.0715
333.2501	218.0715
333.2501	217.0477
333.7620	217.0477
333.7620	216.5358
334.2739	216.5358
334.2739	216.0239
335.2977	216.0239
335.2977	215.5119
336.8334	215.5119
336.8334	215.0000
342.4644	215.0000
342.4644	214.4881
345.0239	214.4881
345.0239	213.9762
347.0715	213.9762
347.0715	213.4643
349.1191	213.4643
349.1191	212.9524
350.6548	212.9524
350.6548	212.4405
353.2144	212.4405
353.2144	211.9286
355.2620	211.9286
355.2620	211.4167
356.2858	211.4167
356.2858	210.9048
357.3096	210.9048
357.3096	210.3929
357.8215	210.3929
357.8215	209.8810
358.3334	209.8810
358.3334	209.3691
358.8453	209.3691
358.8453	208.8572
359.3572	208.8572
359.3572	208.3453
359.8691	208.3453
359.8691	207.3215
361.4048	207.3215
