364.4763	209.8810
371.6429	209.8810
371.6429	210.3929
373.1786	210.3929
373.1786	210.9048
374.2025	210.9048
374.2025	211.4167
375.7382	211.4167
375.7382	211.9286
377.2739	211.9286
377.2739	212.4405
379.8334	212.4405
379.8334	212.9524
380.3453	212.9524
380.3453	213.4643
380.8572	213.4643
380.8572	213.9762
381.3691	213.9762
381.3691	214.4881
381.8810	214.4881
381.8810	215.0000
382.3929	215.0000
382.3929	215.5119
383.4167	215.5119
383.4167	216.0239
384.4405	216.0239
384.4405	216.5358
384.9525	216.5358
384.9525	217.0477
385.9763	217.0477
385.9763	217.5596
387.0001	217.5596
387.0001	218.0715
388.0239	218.0715
388.0239	218.5834
390.5834	218.5834
390.5834	219.0953
391.0953	219.0953
391.0953	219.6072
391.6072	219.6072
391.6072	220.1191
392.1191	220.1191
392.1191	220.6310
392.6310	220.6310
392.6310	221.1429
393.1429	221.1429
393.1429	221.6548
393.6548	221.6548
393.6548	222.1667
394.1667	222.1667
394.1667	222.6786
394.6786	222.6786
394.6786	223.1905
395.7025	223.1905
395.7025	223.7024
396.7263	223.7024
396.7263	224.2143
397.2382	224.2143
397.2382	224.7262
397.7501	224.7262
397.7501	225.2381
398.7739	225.2381
398.7739	225.7500
399.2858	225.7500
399.2858	226.2619
399.7977	226.2619
399.7977	226.7739
400.8215	226.7739
400.8215	227.2858
401.3334	227.2858
401.3334	227.7977
401.8453	227.7977
401.8453	228.3096
402.8691	228.3096
402.8691	228.8215
403.8929	228.8215
403.8929	229.3334
405.9406	229.3334
405.9406	229.8453
408.5001	229.8453
408.5001	230.3572
409.0120	230.3572
409.0120	230.8691
409.5239	230.8691
409.5239	231.8929
410.0358	231.8929
410.0358	232.9167
410.5477	232.9167
410.5477	233.4286
411.0596	233.4286
411.0596	233.9405
411.5715	233.9405
411.5715	234.4524
412.0834	234.4524
412.0834	234.9643
412.5953	234.9643
412.5953	235.4762
413.1072	235.4762
413.1072	235.9881
414.1310	235.9881
414.1310	236.5000
415.1548	236.5000
415.1548	237.0119
415.6667	237.0119
415.6667	237.5239
416.1787	237.5239
416.1787	238.0358
417.2025	238.0358
417.2025	238.5477
417.7144	238.5477
417.7144	239.5715
418.2263	239.5715
418.2263	240.0834
418.7382	240.0834
418.7382	241.1072
419.2501	241.1072
419.2501	243.1548
419.7620	243.1548
419.7620	244.1786
420.2739	244.1786
420.2739	245.2024
420.7858	245.2024
420.7858	245.7143
421.2977	245.7143
421.2977	246.7381
421.8096	246.7381
421.8096	247.7620
422.3215	247.7620
422.3215	248.2739
422.8334	248.2739
422.8334	249.2977
423.3453	249.2977
423.3453	250.3215
423.8572	250.3215
423.8572	250.8334
424.3691	250.8334
424.3691	253.9048
424.8810	253.9048
424.8810	256.4643
425.3929	256.4643
425.3929	259.0239
425.9048	259.0239
425.9048	267.2143
426.4167	267.2143
426.4167	279.5001
425.9048	279.5001
425.9048	283.5953
426.4167	283.5953
426.4167	285.1310
425.9048	285.1310
425.9048	286.1548
425.3929	286.1548
425.3929	288.2024
424.8810	288.2024
424.8810	288.7143
424.3691	288.7143
424.3691	289.2262
423.8572	289.2262
423.8572	290.2501
423.3453	290.2501
423.3453	291.2739
422.8334	291.2739
422.8334	291.7858
422.3215	291.7858
422.3215	292.2977
421.8096	292.2977
421.8096	292.8096
421.2977	292.8096
421.2977	293.3215
420.7858	293.3215
420.7858	294.3453
419.7620	294.3453
419.7620	294.8572
418.7382	294.8572
418.7382	295.3691
418.2263	295.3691
418.2263	295.8810
417.7144	295.8810
417.7144	296.3929
417.2025	296.3929
417.2025	296.9048
416.6906	296.9048
416.6906	297.4167
416.1787	297.4167
416.1787	297.9286
415.6667	297.9286
415.6667	298.9524
415.1548	298.9524
415.1548	299.9762
414.6429	299.9762
414.6429	300.4882
414.1310	300.4882
414.1310	301.0001
413.6191	301.0001
413.6191	301.5120
413.1072	301.5120
413.1072	302.5358
412.5953	302.5358
412.5953	303.5596
412.0834	303.5596
412.0834	306.1191
411.5715	306.1191
411.5715	309.1905
411.0596	309.1905
411.0596	316.3572
410.5477	316.3572
410.5477	320.9643
411.0596	320.9643
411.0596	321.4763
410.5477	321.4763
410.5477	322.5001
409.5239	322.5001
409.5239	321.9882
409.0120	321.9882
409.0120	321.4763
407.9882	321.4763
407.9882	320.9643
406.9644	320.9643
406.9644	320.4524
404.4048	320.4524
404.4048	319.9405
401.3334	319.9405
401.3334	320.4524
398.7739	320.4524
398.7739	320.9643
397.7501	320.9643
397.7501	321.4763
396.7263	321.4763
396.7263	321.9882
395.7025	321.9882
395.7025	322.5001
395.1906	322.5001
395.1906	323.0120
394.1667	323.0120
394.1667	323.5239
393.6548	323.5239
393.6548	324.0358
392.6310	324.0358
392.6310	323.5239
389.0477	323.5239
389.0477	324.0358
386.4882	324.0358
386.4882	324.5477
385.4644	324.5477
385.4644	324.0358
382.3929	324.0358
382.3929	324.5477
379.8334	324.5477
379.8334	325.0596
378.8096	325.0596
378.8096	325.5715
377.7858	325.5715
377.7858	326.0834
377.2739	326.0834
377.2739	326.5953
376.7620	326.5953
376.7620	327.1072
376.2501	327.1072
376.2501	327.6191
375.7382	327.6191
375.7382	328.1310
375.2263	328.1310
375.2263	328.6429
374.7144	328.6429
374.7144	329.6667
373.6905	329.6667
373.6905	329.1548
372.6667	329.1548
372.6667	328.6429
371.6429	328.6429
371.6429	328.1310
370.6191	328.1310
370.6191	327.6191
370.1072	327.6191
370.1072	327.1072
369.5953	327.1072
369.5953	326.5953
369.0834	326.5953
369.0834	326.0834
368.5715	326.0834
368.5715	325.5715
368.0596	325.5715
368.0596	325.0596
367.5477	325.0596
367.5477	324.5477
367.0358	324.5477
367.0358	324.0358
366.0120	324.0358
366.0120	323.5239
364.9882	323.5239
364.9882	323.0120
363.4525	323.0120
363.4525	322.5001
360.8929	322.5001
360.8929	321.9882
357.8215	321.9882
357.8215	322.5001
355.2620	322.5001
355.2620	323.0120
354.2382	323.0120
354.2382	323.5239
353.2144	323.5239
353.2144	324.0358
352.1905	324.0358
352.1905	324.5477
351.6786	324.5477
351.6786	325.0596
344.5120	325.0596
344.5120	324.5477
343.4882	324.5477
343.4882	324.0358
341.4405	324.0358
341.4405	323.5239
340.4167	323.5239
340.4167	323.0120
338.8810	323.0120
338.8810	322.5001
336.3215	322.5001
336.3215	321.9882
335.2977	321.9882
335.2977	321.4763
332.7382	321.4763
332.7382	320.9643
328.1310	320.9643
328.1310	320.4524
327.1072	320.4524
327.1072	319.4286
326.5953	319.4286
326.5953	318.9167
326.0834	318.9167
326.0834	318.4048
325.5715	318.4048
325.5715	317.8929
325.0596	317.8929
325.0596	317.3810
324.5477	317.3810
324.5477	316.8691
323.5239	316.8691
323.5239	316.3572
322.5001	316.3572
322.5001	315.8453
319.9405	315.8453
319.9405	315.3334
317.3810	315.3334
317.3810	314.8215
318.4048	314.8215
318.4048	314.3096
319.4286	314.3096
319.4286	313.7977
319.9405	313.7977
319.9405	313.2858
320.4524	313.2858
320.4524	312.7739
320.9643	312.7739
320.9643	312.2620
321.4763	312.2620
321.4763	311.7501
321.9882	311.7501
321.9882	310.7262
322.5001	310.7262
322.5001	309.7024
323.0120	309.7024
323.0120	307.1429
323.5239	307.1429
323.5239	304.0715
323.0120	304.0715
323.0120	301.5120
322.5001	301.5120
322.5001	300.4882
321.9882	300.4882
321.9882	299.4643
321.4763	299.4643
321.4763	298.9524
320.9643	298.9524
320.9643	298.4405
320.4524	298.4405
320.4524	297.9286
319.9405	297.9286
319.9405	297.4167
319.4286	297.4167
319.4286	296.9048
318.4048	296.9048
318.4048	296.3929
317.3810	296.3929
317.3810	295.8810
314.8215	295.8810
314.8215	295.3691
310.7262	295.3691
310.7262	293.8334
310.2143	293.8334
310.2143	292.8096
309.7024	292.8096
309.7024	291.7858
309.1905	291.7858
309.1905	291.2739
308.6786	291.2739
308.6786	290.7620
308.1667	290.7620
308.1667	290.2501
307.6548	290.2501
307.6548	288.7143
308.6786	288.7143
308.6786	288.2024
309.7024	288.2024
309.7024	287.6905
310.2143	287.6905
310.2143	287.1786
310.7262	287.1786
310.7262	286.6667
311.2382	286.6667
311.2382	286.1548
311.7501	286.1548
311.7501	285.6429
312.2620	285.6429
312.2620	284.6191
312.7739	284.6191
312.7739	283.5953
313.2858	283.5953
313.2858	281.0358
313.7977	281.0358
313.7977	277.9643
313.2858	277.9643
313.2858	275.4048
312.7739	275.4048
312.7739	274.3810
312.2620	274.3810
312.2620	273.3572
311.7501	273.3572
311.7501	272.3334
311.2382	272.3334
311.2382	271.3096
310.7262	271.3096
310.7262	270.2858
310.2143	270.2858
310.2143	269.7739
309.7024	269.7739
309.7024	269.2620
309.1905	269.2620
309.1905	268.7501
308.6786	268.7501
308.6786	268.2381
308.1667	268.2381
308.1667	267.7262
307.1429	267.7262
307.1429	267.2143
306.1191	267.2143
306.1191	266.7024
303.5596	266.7024
303.5596	266.1905
299.9762	266.1905
299.9762	266.7024
295.8810	266.7024
295.8810	266.1905
295.3691	266.1905
295.3691	265.6786
294.8572	265.6786
294.8572	265.1667
294.3453	265.1667
294.3453	264.6548
293.8334	264.6548
293.8334	264.1429
293.3215	264.1429
293.3215	263.6310
292.2977	263.6310
292.2977	263.1191
292.8096	263.1191
292.8096	262.0953
293.3215	262.0953
293.3215	259.5358
293.8334	259.5358
293.8334	256.9762
294.3453	256.9762
294.3453	256.4643
294.8572	256.4643
294.8572	255.4405
295.3691	255.4405
295.3691	254.4167
295.8810	254.4167
295.8810	252.8810
296.3929	252.8810
296.3929	252.3691
296.9048	252.3691
296.9048	251.8572
297.4167	251.8572
297.4167	250.8334
297.9286	250.8334
297.9286	250.3215
298.4405	250.3215
298.4405	249.8096
298.9524	249.8096
298.9524	249.2977
299.4643	249.2977
299.4643	248.7858
299.9762	248.7858
299.9762	247.7620
300.4882	247.7620
300.4882	247.2500
301.0001	247.2500
301.0001	246.7381
301.5120	246.7381
301.5120	246.2262
302.0239	246.2262
302.0239	245.7143
302.5358	245.7143
302.5358	245.2024
303.0477	245.2024
303.0477	244.6905
303.5596	244.6905
303.5596	244.1786
304.0715	244.1786
304.0715	243.6667
304.5834	243.6667
304.5834	243.1548
305.0953	243.1548
305.0953	242.1310
305.6072	242.1310
305.6072	241.1072
306.6310	241.1072
306.6310	240.5953
307.6548	240.5953
307.6548	240.0834
308.6786	240.0834
308.6786	239.5715
309.7024	239.5715
309.7024	239.0596
310.2143	239.0596
310.2143	238.5477
311.2382	238.5477
311.2382	238.0358
312.2620	238.0358
312.2620	237.5239
312.7739	237.5239
312.7739	237.0119
313.2858	237.0119
313.2858	236.5000
314.3096	236.5000
314.3096	235.9881
315.3334	235.9881
315.3334	235.4762
316.3572	235.4762
316.3572	234.9643
316.8691	234.9643
316.8691	234.4524
317.3810	234.4524
317.3810	233.9405
317.8929	233.9405
317.8929	233.4286
318.4048	233.4286
318.4048	232.9167
318.9167	232.9167
318.9167	232.4048
319.4286	232.4048
319.4286	231.8929
321.9882	231.8929
321.9882	231.3810
323.0120	231.3810
323.0120	230.8691
324.0358	230.8691
324.0358	230.3572
325.0596	230.3572
325.0596	229.8453
325.5715	229.8453
325.5715	229.3334
326.0834	229.3334
326.0834	228.8215
326.5953	228.8215
326.5953	228.3096
327.1072	228.3096
327.1072	227.7977
327.6191	227.7977
327.6191	227.2858
328.1310	227.2858
328.1310	226.7739
328.6429	226.7739
328.6429	225.7500
329.1548	225.7500
329.1548	224.7262
329.6667	224.7262
329.6667	223.7024
330.1786	223.7024
330.1786	223.1905
331.2024	223.1905
331.2024	222.6786
331.7143	222.6786
331.7143	222.1667
332.2263	222.1667
332.2263	221.6548
332.7382	221.6548
332.7382	221.1429
333.2501	221.1429
333.2501	220.6310
333.7620	220.6310
333.7620	220.1191
334.2739	220.1191
334.2739	219.0953
334.7858	219.0953
334.7858	218.5834
335.2977	218.5834
335.2977	218.0715
335.8096	218.0715
335.8096	217.5596
336.3215	217.5596
336.3215	217.0477
336.8334	217.0477
336.8334	216.5358
337.3453	216.5358
337.3453	215.5119
337.8572	215.5119
337.8572	215.0000
338.3691	215.0000
338.3691	214.4881
338.8810	214.4881
338.8810	213.9762
339.3929	213.9762
339.3929	213.4643
340.9286	213.4643
340.9286	212.9524
341.9524	212.9524
341.9524	212.4405
342.9763	212.4405
342.9763	211.9286
344.5120	211.9286
344.5120	211.4167
347.5834	211.4167
347.5834	210.9048
350.1429	210.9048
350.1429	211.4167
351.6786	211.4167
351.6786	211.9286
354.2382	211.9286
354.2382	212.4405
356.7977	212.4405
356.7977	211.9286
359.3572	211.9286
359.3572	211.4167
360.3810	211.4167
360.3810	210.9048
361.4048	210.9048
361.4048	210.3929
361.9167	210.3929
361.9167	209.8810
362.4286	209.8810
362.4286	209.3691
364.4763	209.3691
