382.9048	209.8810
383.4167	209.8810
383.4167	210.3929
383.9286	210.3929
383.9286	210.9048
384.4405	210.9048
384.4405	211.4167
385.4644	211.4167
385.4644	211.9286
386.4882	211.9286
386.4882	212.4405
388.0239	212.4405
388.0239	213.9762
387.5120	213.9762
387.5120	217.0477
388.0239	217.0477
388.0239	219.6072
388.5358	219.6072
388.5358	220.6310
389.0477	220.6310
389.0477	221.6548
389.5596	221.6548
389.5596	222.1667
390.0715	222.1667
390.0715	222.6786
390.5834	222.6786
390.5834	223.1905
391.0953	223.1905
391.0953	223.7024
391.6072	223.7024
391.6072	224.2143
392.6310	224.2143
392.6310	224.7262
393.6548	224.7262
393.6548	225.2381
395.1906	225.2381
395.1906	225.7500
396.2144	225.7500
396.2144	226.2619
397.2382	226.2619
397.2382	226.7739
397.7501	226.7739
397.7501	227.2858
398.2620	227.2858
398.2620	227.7977
398.7739	227.7977
398.7739	228.3096
399.7977	228.3096
399.7977	228.8215
400.8215	228.8215
400.8215	229.3334
403.3810	229.3334
403.3810	229.8453
405.9406	229.8453
405.9406	229.3334
406.4525	229.3334
406.4525	230.3572
406.9644	230.3572
406.9644	231.3810
407.4763	231.3810
407.4763	231.8929
407.9882	231.8929
407.9882	232.4048
408.5001	232.4048
408.5001	232.9167
409.0120	232.9167
409.0120	233.4286
409.5239	233.4286
409.5239	233.9405
410.5477	233.9405
410.5477	234.4524
411.5715	234.4524
411.5715	234.9643
413.6191	234.9643
413.6191	235.4762
415.1548	235.4762
415.1548	237.5239
415.6667	237.5239
415.6667	238.5477
416.1787	238.5477
416.1787	239.5715
416.6906	239.5715
416.6906	240.0834
417.2025	240.0834
417.2025	240.5953
417.7144	240.5953
417.7144	241.1072
418.2263	241.1072
418.2263	241.6191
418.7382	241.6191
418.7382	242.1310
419.7620	242.1310
419.7620	242.6429
420.7858	242.6429
420.7858	243.1548
421.8096	243.1548
421.8096	243.6667
422.3215	243.6667
422.3215	244.1786
422.8334	244.1786
422.8334	245.2024
423.3453	245.2024
423.3453	247.7620
423.8572	247.7620
423.8572	249.2977
424.3691	249.2977
424.3691	250.3215
424.8810	250.3215
424.8810	251.3453
425.3929	251.3453
425.3929	251.8572
425.9048	251.8572
425.9048	252.3691
426.4167	252.3691
426.4167	252.8810
426.9287	252.8810
426.9287	253.3929
427.4406	253.3929
427.4406	254.4167
427.9525	254.4167
427.9525	254.9286
428.4644	254.9286
428.4644	255.9524
428.9763	255.9524
428.9763	256.4643
429.4882	256.4643
429.4882	257.4881
430.0001	257.4881
430.0001	258.5120
430.5120	258.5120
430.5120	260.0477
431.0239	260.0477
431.0239	261.0715
431.5358	261.0715
431.5358	262.6072
432.0477	262.6072
432.0477	265.1667
432.5596	265.1667
432.5596	268.2381
433.0715	268.2381
433.0715	270.7977
433.5834	270.7977
433.5834	274.8929
434.0953	274.8929
434.0953	277.4524
434.6072	277.4524
434.6072	278.4762
435.1191	278.4762
435.1191	279.5001
435.6310	279.5001
435.6310	280.5239
436.1429	280.5239
436.1429	283.0834
436.6548	283.0834
436.6548	285.6429
437.1667	285.6429
437.1667	286.6667
436.6548	286.6667
436.6548	287.1786
436.1429	287.1786
436.1429	287.6905
435.6310	287.6905
435.6310	288.2024
435.1191	288.2024
435.1191	288.7143
434.6072	288.7143
434.6072	289.7382
434.0953	289.7382
434.0953	290.7620
433.5834	290.7620
433.5834	291.7858
433.0715	291.7858
433.0715	293.3215
432.0477	293.3215
432.0477	293.8334
431.5358	293.8334
431.5358	294.3453
431.0239	294.3453
431.0239	294.8572
430.5120	294.8572
430.5120	295.3691
430.0001	295.3691
430.0001	295.8810
429.4882	295.8810
429.4882	296.9048
428.9763	296.9048
428.9763	297.9286
427.9525	297.9286
427.9525	298.4405
427.4406	298.4405
427.4406	298.9524
426.9287	298.9524
426.9287	299.4643
426.4167	299.4643
426.4167	299.9762
425.9048	299.9762
425.9048	300.4882
425.3929	300.4882
425.3929	301.0001
424.8810	301.0001
424.8810	301.5120
424.3691	301.5120
424.3691	302.5358
423.3453	302.5358
423.3453	303.0477
422.3215	303.0477
422.3215	303.5596
421.8096	303.5596
421.8096	304.0715
421.2977	304.0715
421.2977	304.5834
420.7858	304.5834
420.7858	305.0953
420.2739	305.0953
420.2739	305.6072
419.7620	305.6072
419.7620	306.1191
419.2501	306.1191
419.2501	307.1429
418.7382	307.1429
418.7382	307.6548
418.2263	307.6548
418.2263	308.6786
417.7144	308.6786
417.7144	309.7024
417.2025	309.7024
417.2025	310.2143
416.6906	310.2143
416.6906	310.7262
416.1787	310.7262
416.1787	311.7501
415.6667	311.7501
415.6667	312.7739
415.1548	312.7739
415.1548	315.3334
414.6429	315.3334
414.6429	318.9167
415.1548	318.9167
415.1548	321.4763
415.6667	321.4763
415.6667	323.0120
415.1548	323.0120
415.1548	324.0358
414.6429	324.0358
414.6429	326.5953
414.1310	326.5953
414.1310	330.1786
414.6429	330.1786
414.6429	330.6905
413.1072	330.6905
413.1072	331.2024
412.0834	331.2024
412.0834	331.7143
411.0596	331.7143
411.0596	332.2263
410.5477	332.2263
410.5477	332.7382
410.0358	332.7382
410.0358	333.2501
409.5239	333.2501
409.5239	333.7620
409.0120	333.7620
409.0120	334.2739
408.5001	334.2739
408.5001	334.7858
407.9882	334.7858
407.9882	335.8096
407.4763	335.8096
407.4763	336.3215
406.4525	336.3215
406.4525	335.8096
405.4286	335.8096
405.4286	335.2977
404.4048	335.2977
404.4048	334.7858
403.3810	334.7858
403.3810	334.2739
400.8215	334.2739
400.8215	333.7620
398.2620	333.7620
398.2620	333.2501
393.1429	333.2501
393.1429	333.7620
388.5358	333.7620
388.5358	334.2739
385.9763	334.2739
385.9763	334.7858
383.9286	334.7858
383.9286	335.2977
382.9048	335.2977
382.9048	335.8096
381.8810	335.8096
381.8810	336.3215
381.3691	336.3215
381.3691	336.8334
380.8572	336.8334
380.8572	337.3453
380.3453	337.3453
380.3453	337.8572
379.8334	337.8572
379.8334	338.3691
379.3215	338.3691
379.3215	339.3929
377.7858	339.3929
377.7858	338.8810
377.2739	338.8810
377.2739	338.3691
376.7620	338.3691
376.7620	337.8572
375.7382	337.8572
375.7382	337.3453
374.7144	337.3453
374.7144	336.8334
373.6905	336.8334
373.6905	336.3215
371.1310	336.3215
371.1310	335.8096
366.5239	335.8096
366.5239	336.3215
363.9644	336.3215
363.9644	336.8334
361.4048	336.8334
361.4048	337.3453
359.3572	337.3453
359.3572	337.8572
358.3334	337.8572
358.3334	338.3691
357.3096	338.3691
357.3096	338.8810
356.2858	338.8810
356.2858	339.3929
354.7501	339.3929
354.7501	339.9048
353.7263	339.9048
353.7263	340.4167
350.1429	340.4167
350.1429	339.9048
349.6310	339.9048
349.6310	339.3929
348.6072	339.3929
348.6072	338.8810
347.5834	338.8810
347.5834	338.3691
345.0239	338.3691
345.0239	337.8572
341.4405	337.8572
341.4405	338.3691
335.8096	338.3691
335.8096	337.8572
333.7620	337.8572
333.7620	337.3453
332.2263	337.3453
332.2263	336.8334
329.6667	336.8334
329.6667	336.3215
327.1072	336.3215
327.1072	335.8096
326.0834	335.8096
326.0834	335.2977
325.0596	335.2977
325.0596	334.7858
324.5477	334.7858
324.5477	334.2739
324.0358	334.2739
324.0358	333.7620
323.5239	333.7620
323.5239	333.2501
322.5001	333.2501
322.5001	332.7382
321.4763	332.7382
321.4763	332.2263
319.9405	332.2263
319.9405	331.7143
319.4286	331.7143
319.4286	331.2024
318.4048	331.2024
318.4048	330.6905
317.3810	330.6905
317.3810	330.1786
316.3572	330.1786
316.3572	329.6667
315.8453	329.6667
315.8453	329.1548
316.3572	329.1548
316.3572	326.5953
316.8691	326.5953
316.8691	323.5239
316.3572	323.5239
316.3572	320.9643
315.8453	320.9643
315.8453	319.9405
315.3334	319.9405
315.3334	318.9167
314.8215	318.9167
314.8215	318.4048
314.3096	318.4048
314.3096	317.8929
313.7977	317.8929
313.7977	317.3810
313.2858	317.3810
313.2858	316.8691
312.7739	316.8691
312.7739	316.3572
312.2620	316.3572
312.2620	315.8453
311.2382	315.8453
311.2382	315.3334
310.2143	315.3334
310.2143	314.8215
307.6548	314.8215
307.6548	314.3096
307.1429	314.3096
307.1429	313.2858
306.6310	313.2858
306.6310	312.2620
306.1191	312.2620
306.1191	311.2382
305.6072	311.2382
305.6072	310.7262
305.0953	310.7262
305.0953	307.6548
304.5834	307.6548
304.5834	305.0953
304.0715	305.0953
304.0715	304.0715
303.5596	304.0715
303.5596	303.0477
303.0477	303.0477
303.0477	302.5358
302.5358	302.5358
302.5358	301.5120
302.0239	301.5120
302.0239	300.4882
301.5120	300.4882
301.5120	299.9762
301.0001	299.9762
301.0001	299.4643
300.4882	299.4643
300.4882	298.9524
299.9762	298.9524
299.9762	298.4405
299.4643	298.4405
299.4643	297.9286
298.4405	297.9286
298.4405	297.4167
297.4167	297.4167
297.4167	296.9048
294.8572	296.9048
294.8572	296.3929
291.7858	296.3929
291.7858	293.8334
291.2739	293.8334
291.2739	292.8096
291.7858	292.8096
291.7858	285.1310
291.2739	285.1310
291.2739	282.5715
290.7620	282.5715
290.7620	277.4524
291.2739	277.4524
291.2739	274.8929
291.7858	274.8929
291.7858	273.8691
292.2977	273.8691
292.2977	273.3572
292.8096	273.3572
292.8096	272.3334
293.3215	272.3334
293.3215	271.3096
293.8334	271.3096
293.8334	270.2858
294.3453	270.2858
294.3453	269.2620
294.8572	269.2620
294.8572	267.2143
295.3691	267.2143
295.3691	266.1905
295.8810	266.1905
295.8810	265.1667
296.3929	265.1667
296.3929	264.6548
296.9048	264.6548
296.9048	264.1429
297.4167	264.1429
297.4167	263.1191
297.9286	263.1191
297.9286	262.0953
298.4405	262.0953
298.4405	261.0715
298.9524	261.0715
298.9524	260.0477
299.4643	260.0477
299.4643	259.5358
299.9762	259.5358
299.9762	258.5120
300.4882	258.5120
300.4882	257.4881
301.0001	257.4881
301.0001	256.4643
301.5120	256.4643
301.5120	255.9524
302.0239	255.9524
302.0239	255.4405
302.5358	255.4405
302.5358	254.9286
303.0477	254.9286
303.0477	254.4167
303.5596	254.4167
303.5596	253.9048
304.0715	253.9048
304.0715	253.3929
304.5834	253.3929
304.5834	252.8810
305.0953	252.8810
305.0953	252.3691
305.6072	252.3691
305.6072	251.3453
306.6310	251.3453
306.6310	250.8334
307.1429	250.8334
307.1429	250.3215
307.6548	250.3215
307.6548	249.8096
308.1667	249.8096
308.1667	249.2977
309.1905	249.2977
309.1905	248.7858
309.7024	248.7858
309.7024	248.2739
310.2143	248.2739
310.2143	247.7620
310.7262	247.7620
310.7262	247.2500
311.7501	247.2500
311.7501	246.7381
312.7739	246.7381
312.7739	246.2262
313.2858	246.2262
313.2858	245.7143
314.3096	245.7143
314.3096	245.2024
314.8215	245.2024
314.8215	244.6905
315.3334	244.6905
315.3334	244.1786
316.3572	244.1786
316.3572	243.6667
316.8691	243.6667
316.8691	243.1548
317.3810	243.1548
317.3810	242.6429
318.9167	242.6429
318.9167	242.1310
319.9405	242.1310
319.9405	241.6191
321.4763	241.6191
321.4763	241.1072
322.5001	241.1072
322.5001	240.5953
323.5239	240.5953
323.5239	240.0834
324.5477	240.0834
324.5477	239.5715
325.5715	239.5715
325.5715	239.0596
326.0834	239.0596
326.0834	238.5477
326.5953	238.5477
326.5953	238.0358
327.1072	238.0358
327.1072	237.5239
327.6191	237.5239
327.6191	237.0119
328.1310	237.0119
328.1310	236.5000
328.6429	236.5000
328.6429	235.9881
329.1548	235.9881
329.1548	234.9643
329.6667	234.9643
329.6667	234.4524
330.1786	234.4524
330.1786	233.9405
330.6905	233.9405
330.6905	233.4286
331.2024	233.4286
331.2024	232.4048
331.7143	232.4048
331.7143	231.8929
333.2501	231.8929
333.2501	231.3810
334.7858	231.3810
334.7858	230.8691
335.8096	230.8691
335.8096	230.3572
336.8334	230.3572
336.8334	229.8453
337.3453	229.8453
337.3453	229.3334
338.3691	229.3334
338.3691	228.8215
339.3929	228.8215
339.3929	228.3096
340.4167	228.3096
340.4167	227.7977
340.9286	227.7977
340.9286	227.2858
341.9524	227.2858
341.9524	226.7739
342.9763	226.7739
342.9763	226.2619
345.0239	226.2619
345.0239	225.7500
346.5596	225.7500
346.5596	225.2381
347.5834	225.2381
347.5834	224.7262
348.6072	224.7262
348.6072	224.2143
349.1191	224.2143
349.1191	223.7024
349.6310	223.7024
349.6310	223.1905
353.7263	223.1905
353.7263	223.7024
356.2858	223.7024
356.2858	224.2143
358.8453	224.2143
358.8453	224.7262
363.4525	224.7262
363.4525	224.2143
366.5239	224.2143
366.5239	223.7024
369.0834	223.7024
369.0834	223.1905
370.1072	223.1905
370.1072	222.6786
371.1310	222.6786
371.1310	222.1667
371.6429	222.1667
371.6429	221.6548
372.1548	221.6548
372.1548	221.1429
372.6667	221.1429
372.6667	220.6310
373.1786	220.6310
373.1786	220.1191
373.6905	220.1191
373.6905	219.6072
374.7144	219.6072
374.7144	219.0953
375.7382	219.0953
375.7382	218.5834
376.7620	218.5834
376.7620	218.0715
377.2739	218.0715
377.2739	217.5596
378.2977	217.5596
378.2977	217.0477
378.8096	217.0477
378.8096	216.5358
379.3215	216.5358
379.3215	216.0239
379.8334	216.0239
379.8334	215.5119
380.3453	215.5119
380.3453	215.0000
380.8572	215.0000
380.8572	213.9762
381.3691	213.9762
381.3691	212.9524
381.8810	212.9524
381.8810	211.9286
382.3929	211.9286
382.3929	209.3691
382.9048	209.3691
