358.3334	229.8453
358.8453	229.8453
358.8453	230.8691
359.3572	230.8691
359.3572	232.9167
359.8691	232.9167
359.8691	233.9405
360.3810	233.9405
360.3810	234.9643
360.8929	234.9643
360.8929	235.4762
361.4048	235.4762
361.4048	235.9881
361.9167	235.9881
361.9167	236.5000
362.4286	236.5000
362.4286	237.0119
362.9405	237.0119
362.9405	237.5239
363.9644	237.5239
363.9644	238.0358
364.4763	238.0358
364.4763	238.5477
364.9882	238.5477
364.9882	239.0596
366.0120	239.0596
366.0120	239.5715
367.0358	239.5715
367.0358	240.0834
367.5477	240.0834
367.5477	240.5953
368.0596	240.5953
368.0596	241.1072
368.5715	241.1072
368.5715	241.6191
369.0834	241.6191
369.0834	242.1310
370.1072	242.1310
370.1072	242.6429
370.6191	242.6429
370.6191	243.1548
371.1310	243.1548
371.1310	243.6667
371.6429	243.6667
371.6429	244.1786
372.1548	244.1786
372.1548	244.6905
372.6667	244.6905
372.6667	245.2024
373.1786	245.2024
373.1786	245.7143
374.2025	245.7143
374.2025	246.7381
374.7144	246.7381
374.7144	247.7620
375.2263	247.7620
375.2263	248.2739
375.7382	248.2739
375.7382	248.7858
376.2501	248.7858
376.2501	249.2977
376.7620	249.2977
376.7620	250.8334
377.2739	250.8334
377.2739	251.8572
377.7858	251.8572
377.7858	252.8810
378.2977	252.8810
378.2977	254.9286
378.8096	254.9286
378.8096	256.9762
379.3215	256.9762
379.3215	258.5120
379.8334	258.5120
379.8334	260.0477
380.3453	260.0477
380.3453	261.0715
380.8572	261.0715
380.8572	262.0953
381.3691	262.0953
381.3691	262.6072
381.8810	262.6072
381.8810	263.1191
382.3929	263.1191
382.3929	263.6310
382.9048	263.6310
382.9048	264.6548
383.4167	264.6548
383.4167	267.2143
382.9048	267.2143
382.9048	268.7501
381.3691	268.7501
381.3691	269.2620
380.3453	269.2620
380.3453	269.7739
379.3215	269.7739
379.3215	270.2858
378.8096	270.2858
378.8096	270.7977
378.2977	270.7977
378.2977	271.3096
377.7858	271.3096
377.7858	271.8215
377.2739	271.8215
377.2739	272.3334
376.7620	272.3334
376.7620	272.8453
376.2501	272.8453
376.2501	273.3572
375.7382	273.3572
375.7382	274.3810
375.2263	274.3810
375.2263	275.4048
374.7144	275.4048
374.7144	276.4286
374.2025	276.4286
374.2025	277.4524
373.6905	277.4524
373.6905	278.4762
373.1786	278.4762
373.1786	281.0358
372.6667	281.0358
372.6667	281.5477
372.1548	281.5477
372.1548	282.0596
371.6429	282.0596
371.6429	282.5715
371.1310	282.5715
371.1310	283.0834
370.6191	283.0834
370.6191	283.5953
370.1072	283.5953
370.1072	284.1072
369.5953	284.1072
369.5953	284.6191
369.0834	284.6191
369.0834	285.6429
368.5715	285.6429
368.5715	286.6667
368.0596	286.6667
368.0596	287.1786
363.9644	287.1786
363.9644	287.6905
361.4048	287.6905
361.4048	288.2024
360.3810	288.2024
360.3810	288.7143
359.3572	288.7143
359.3572	289.2262
358.8453	289.2262
358.8453	289.7382
358.3334	289.7382
358.3334	290.2501
357.8215	290.2501
357.8215	290.7620
357.3096	290.7620
357.3096	291.2739
356.7977	291.2739
356.7977	292.2977
356.2858	292.2977
356.2858	293.3215
355.7739	293.3215
355.7739	294.3453
355.2620	294.3453
355.2620	296.9048
348.0953	296.9048
348.0953	296.3929
346.0477	296.3929
346.0477	295.8810
343.4882	295.8810
343.4882	294.8572
342.9763	294.8572
342.9763	293.8334
342.4644	293.8334
342.4644	293.3215
341.9524	293.3215
341.9524	292.8096
341.4405	292.8096
341.4405	292.2977
340.9286	292.2977
340.9286	291.7858
340.4167	291.7858
340.4167	291.2739
339.3929	291.2739
339.3929	290.7620
338.3691	290.7620
338.3691	290.2501
335.8096	290.2501
335.8096	289.7382
332.7382	289.7382
332.7382	289.2262
330.6905	289.2262
330.6905	288.7143
330.1786	288.7143
330.1786	288.2024
329.6667	288.2024
329.6667	287.6905
329.1548	287.6905
329.1548	287.1786
328.6429	287.1786
328.6429	286.6667
328.1310	286.6667
328.1310	281.0358
327.6191	281.0358
327.6191	277.9643
327.1072	277.9643
327.1072	275.4048
326.5953	275.4048
326.5953	274.3810
326.0834	274.3810
326.0834	273.3572
325.5715	273.3572
325.5715	271.3096
325.0596	271.3096
325.0596	270.2858
324.5477	270.2858
324.5477	269.2620
324.0358	269.2620
324.0358	268.7501
323.5239	268.7501
323.5239	266.1905
323.0120	266.1905
323.0120	264.1429
322.5001	264.1429
322.5001	263.1191
321.9882	263.1191
321.9882	262.0953
321.4763	262.0953
321.4763	261.5834
320.9643	261.5834
320.9643	261.0715
320.4524	261.0715
320.4524	260.5596
319.9405	260.5596
319.9405	260.0477
319.4286	260.0477
319.4286	259.5358
318.9167	259.5358
318.9167	259.0239
317.8929	259.0239
317.8929	258.5120
316.8691	258.5120
316.8691	258.0000
314.3096	258.0000
314.3096	257.4881
313.7977	257.4881
313.7977	256.4643
313.2858	256.4643
313.2858	255.4405
312.7739	255.4405
312.7739	254.4167
312.2620	254.4167
312.2620	253.9048
311.7501	253.9048
311.7501	253.3929
311.2382	253.3929
311.2382	252.8810
310.7262	252.8810
310.7262	252.3691
310.2143	252.3691
310.2143	251.8572
309.7024	251.8572
309.7024	251.3453
315.3334	251.3453
315.3334	250.8334
317.8929	250.8334
317.8929	250.3215
318.9167	250.3215
318.9167	249.8096
319.9405	249.8096
319.9405	249.2977
320.4524	249.2977
320.4524	248.7858
320.9643	248.7858
320.9643	248.2739
321.4763	248.2739
321.4763	247.7620
321.9882	247.7620
321.9882	247.2500
322.5001	247.2500
322.5001	246.2262
323.0120	246.2262
323.0120	245.2024
323.5239	245.2024
323.5239	244.6905
325.0596	244.6905
325.0596	244.1786
328.1310	244.1786
328.1310	243.6667
330.6905	243.6667
330.6905	243.1548
331.7143	243.1548
331.7143	242.6429
332.7382	242.6429
332.7382	242.1310
333.2501	242.1310
333.2501	241.6191
333.7620	241.6191
333.7620	241.1072
334.2739	241.1072
334.2739	240.5953
335.2977	240.5953
335.2977	240.0834
336.3215	240.0834
336.3215	239.5715
336.8334	239.5715
336.8334	239.0596
337.3453	239.0596
337.3453	238.5477
337.8572	238.5477
337.8572	238.0358
338.3691	238.0358
338.3691	237.5239
339.3929	237.5239
339.3929	237.0119
340.4167	237.0119
340.4167	236.5000
340.9286	236.5000
340.9286	235.9881
341.9524	235.9881
341.9524	235.4762
342.9763	235.4762
342.9763	234.9643
344.5120	234.9643
344.5120	234.4524
346.0477	234.4524
346.0477	233.9405
348.6072	233.9405
348.6072	233.4286
351.1667	233.4286
351.1667	232.9167
352.1905	232.9167
352.1905	232.4048
353.2144	232.4048
353.2144	231.8929
353.7263	231.8929
353.7263	231.3810
354.7501	231.3810
354.7501	230.8691
355.2620	230.8691
355.2620	230.3572
355.7739	230.3572
355.7739	229.8453
356.2858	229.8453
356.2858	229.3334
358.3334	229.3334
