355.2620	242.6429
360.3810	242.6429
360.3810	243.1548
361.4048	243.1548
361.4048	243.6667
362.4286	243.6667
362.4286	244.1786
364.9882	244.1786
364.9882	244.6905
370.6191	244.6905
370.6191	244.1786
372.1548	244.1786
372.1548	244.6905
372.6667	244.6905
372.6667	245.2024
373.1786	245.2024
373.1786	245.7143
374.2025	245.7143
374.2025	246.2262
375.2263	246.2262
375.2263	246.7381
375.7382	246.7381
375.7382	247.2500
376.7620	247.2500
376.7620	247.7620
377.7858	247.7620
377.7858	248.2739
378.8096	248.2739
378.8096	248.7858
379.3215	248.7858
379.3215	249.2977
380.3453	249.2977
380.3453	249.8096
381.3691	249.8096
381.3691	250.3215
382.3929	250.3215
382.3929	250.8334
382.9048	250.8334
382.9048	251.3453
383.4167	251.3453
383.4167	251.8572
384.4405	251.8572
384.4405	252.3691
385.4644	252.3691
385.4644	252.8810
386.4882	252.8810
386.4882	253.3929
387.0001	253.3929
387.0001	253.9048
387.5120	253.9048
387.5120	254.4167
388.0239	254.4167
388.0239	254.9286
389.0477	254.9286
389.0477	255.4405
390.0715	255.4405
390.0715	255.9524
391.0953	255.9524
391.0953	256.4643
391.6072	256.4643
391.6072	256.9762
392.1191	256.9762
392.1191	257.4881
393.1429	257.4881
393.1429	258.0000
393.6548	258.0000
393.6548	258.5120
394.1667	258.5120
394.1667	259.0239
395.1906	259.0239
395.1906	259.5358
395.7025	259.5358
395.7025	260.0477
396.2144	260.0477
396.2144	260.5596
396.7263	260.5596
396.7263	261.0715
397.2382	261.0715
397.2382	262.0953
397.7501	262.0953
397.7501	262.6072
398.2620	262.6072
398.2620	263.6310
398.7739	263.6310
398.7739	264.1429
399.2858	264.1429
399.2858	264.6548
399.7977	264.6548
399.7977	265.6786
400.3096	265.6786
400.3096	266.7024
400.8215	266.7024
400.8215	267.2143
401.3334	267.2143
401.3334	268.2381
401.8453	268.2381
401.8453	269.2620
402.3572	269.2620
402.3572	270.2858
402.8691	270.2858
402.8691	271.3096
403.3810	271.3096
403.3810	277.4524
403.8929	277.4524
403.8929	280.5239
404.4048	280.5239
404.4048	283.0834
404.9167	283.0834
404.9167	290.2501
404.4048	290.2501
404.4048	293.3215
403.8929	293.3215
403.8929	295.3691
403.3810	295.3691
403.3810	296.9048
402.8691	296.9048
402.8691	298.4405
402.3572	298.4405
402.3572	299.4643
401.8453	299.4643
401.8453	300.4882
401.3334	300.4882
401.3334	301.0001
400.8215	301.0001
400.8215	301.5120
400.3096	301.5120
400.3096	302.0239
399.7977	302.0239
399.7977	302.5358
399.2858	302.5358
399.2858	303.0477
398.7739	303.0477
398.7739	303.5596
398.2620	303.5596
398.2620	304.0715
397.7501	304.0715
397.7501	304.5834
397.2382	304.5834
397.2382	305.0953
396.7263	305.0953
396.7263	305.6072
396.2144	305.6072
396.2144	306.1191
395.7025	306.1191
395.7025	306.6310
395.1906	306.6310
395.1906	307.1429
394.6786	307.1429
394.6786	307.6548
393.6548	307.6548
393.6548	308.1667
393.1429	308.1667
393.1429	308.6786
392.1191	308.6786
392.1191	309.1905
391.0953	309.1905
391.0953	309.7024
390.0715	309.7024
390.0715	310.2143
389.0477	310.2143
389.0477	310.7262
388.5358	310.7262
388.5358	311.2382
388.0239	311.2382
388.0239	311.7501
387.5120	311.7501
387.5120	312.2620
387.0001	312.2620
387.0001	312.7739
385.9763	312.7739
385.9763	313.2858
384.9525	313.2858
384.9525	313.7977
383.9286	313.7977
383.9286	314.3096
381.8810	314.3096
381.8810	314.8215
379.8334	314.8215
379.8334	315.3334
376.7620	315.3334
376.7620	315.8453
374.7144	315.8453
374.7144	315.3334
374.2025	315.3334
374.2025	314.8215
373.6905	314.8215
373.6905	314.3096
372.6667	314.3096
372.6667	313.7977
371.6429	313.7977
371.6429	313.2858
369.5953	313.2858
369.5953	312.7739
368.5715	312.7739
368.5715	312.2620
367.5477	312.2620
367.5477	311.7501
364.9882	311.7501
364.9882	311.2382
355.7739	311.2382
355.7739	310.7262
354.2382	310.7262
354.2382	310.2143
352.1905	310.2143
352.1905	309.7024
350.6548	309.7024
350.6548	309.1905
350.1429	309.1905
350.1429	308.6786
349.1191	308.6786
349.1191	308.1667
348.6072	308.1667
348.6072	307.6548
348.0953	307.6548
348.0953	307.1429
347.0715	307.1429
347.0715	306.6310
346.5596	306.6310
346.5596	306.1191
346.0477	306.1191
346.0477	305.6072
345.5358	305.6072
345.5358	305.0953
344.5120	305.0953
344.5120	304.5834
344.0001	304.5834
344.0001	304.0715
343.4882	304.0715
343.4882	303.5596
342.9763	303.5596
342.9763	303.0477
341.9524	303.0477
341.9524	302.5358
341.4405	302.5358
341.4405	302.0239
340.9286	302.0239
340.9286	301.5120
340.4167	301.5120
340.4167	301.0001
339.3929	301.0001
339.3929	300.4882
338.8810	300.4882
338.8810	299.9762
338.3691	299.9762
338.3691	299.4643
337.8572	299.4643
337.8572	298.9524
336.8334	298.9524
336.8334	298.4405
336.3215	298.4405
336.3215	297.9286
335.2977	297.9286
335.2977	297.4167
334.7858	297.4167
334.7858	296.9048
334.2739	296.9048
334.2739	296.3929
333.7620	296.3929
333.7620	295.8810
333.2501	295.8810
333.2501	295.3691
332.7382	295.3691
332.7382	294.8572
332.2263	294.8572
332.2263	294.3453
331.7143	294.3453
331.7143	293.8334
331.2024	293.8334
331.2024	293.3215
330.6905	293.3215
330.6905	292.8096
330.1786	292.8096
330.1786	292.2977
329.6667	292.2977
329.6667	291.7858
329.1548	291.7858
329.1548	291.2739
328.1310	291.2739
328.1310	290.7620
327.1072	290.7620
327.1072	290.2501
324.5477	290.2501
324.5477	289.7382
320.4524	289.7382
320.4524	289.2262
319.9405	289.2262
319.9405	288.7143
319.4286	288.7143
319.4286	288.2024
318.9167	288.2024
318.9167	287.6905
318.4048	287.6905
318.4048	286.6667
317.8929	286.6667
317.8929	285.6429
317.3810	285.6429
317.3810	284.1072
317.8929	284.1072
317.8929	283.5953
318.4048	283.5953
318.4048	283.0834
318.9167	283.0834
318.9167	282.0596
319.4286	282.0596
319.4286	281.5477
319.9405	281.5477
319.9405	281.0358
320.4524	281.0358
320.4524	280.5239
320.9643	280.5239
320.9643	280.0120
321.4763	280.0120
321.4763	278.9881
321.9882	278.9881
321.9882	277.9643
322.5001	277.9643
322.5001	275.4048
323.0120	275.4048
323.0120	272.3334
322.5001	272.3334
322.5001	269.7739
321.9882	269.7739
321.9882	268.7501
321.4763	268.7501
321.4763	268.2381
322.5001	268.2381
322.5001	267.7262
323.5239	267.7262
323.5239	267.2143
324.0358	267.2143
324.0358	266.7024
324.5477	266.7024
324.5477	266.1905
325.0596	266.1905
325.0596	265.6786
325.5715	265.6786
325.5715	265.1667
326.0834	265.1667
326.0834	264.6548
326.5953	264.6548
326.5953	263.6310
327.1072	263.6310
327.1072	262.6072
327.6191	262.6072
327.6191	260.0477
328.1310	260.0477
328.1310	255.4405
328.6429	255.4405
328.6429	253.9048
329.1548	253.9048
329.1548	251.3453
329.6667	251.3453
329.6667	246.2262
329.1548	246.2262
329.1548	245.2024
329.6667	245.2024
329.6667	244.6905
332.7382	244.6905
332.7382	245.2024
333.7620	245.2024
333.7620	245.7143
334.7858	245.7143
334.7858	246.2262
335.8096	246.2262
335.8096	246.7381
336.8334	246.7381
336.8334	247.2500
339.3929	247.2500
339.3929	247.7620
345.0239	247.7620
345.0239	247.2500
347.5834	247.2500
347.5834	246.7381
349.6310	246.7381
349.6310	246.2262
350.6548	246.2262
350.6548	245.7143
351.6786	245.7143
351.6786	245.2024
352.1905	245.2024
352.1905	244.6905
352.7024	244.6905
352.7024	244.1786
353.2144	244.1786
353.2144	243.6667
353.7263	243.6667
353.7263	243.1548
354.2382	243.1548
354.2382	242.1310
355.2620	242.1310
