382.9048	205.2738
384.4405	205.2738
384.4405	205.7858
385.4644	205.7858
385.4644	206.2977
387.0001	206.2977
387.0001	206.8096
388.0239	206.8096
388.0239	207.3215
389.5596	207.3215
389.5596	207.8334
390.5834	207.8334
390.5834	208.3453
392.1191	208.3453
392.1191	208.8572
393.1429	208.8572
393.1429	209.3691
394.1667	209.3691
394.1667	209.8810
395.1906	209.8810
395.1906	210.3929
396.2144	210.3929
396.2144	210.9048
396.7263	210.9048
396.7263	211.4167
397.2382	211.4167
397.2382	211.9286
397.7501	211.9286
397.7501	212.4405
398.2620	212.4405
398.2620	212.9524
398.7739	212.9524
398.7739	213.4643
399.2858	213.4643
399.2858	213.9762
400.3096	213.9762
400.3096	214.4881
400.8215	214.4881
400.8215	215.0000
401.3334	215.0000
401.3334	215.5119
401.8453	215.5119
401.8453	216.0239
402.3572	216.0239
402.3572	216.5358
402.8691	216.5358
402.8691	217.0477
403.8929	217.0477
403.8929	217.5596
404.4048	217.5596
404.4048	218.0715
405.4286	218.0715
405.4286	218.5834
405.9406	218.5834
405.9406	219.0953
406.4525	219.0953
406.4525	219.6072
407.4763	219.6072
407.4763	220.1191
407.9882	220.1191
407.9882	220.6310
408.5001	220.6310
408.5001	221.1429
409.0120	221.1429
409.0120	221.6548
409.5239	221.6548
409.5239	222.1667
410.0358	222.1667
410.0358	222.6786
410.5477	222.6786
410.5477	223.1905
411.0596	223.1905
411.0596	224.2143
411.5715	224.2143
411.5715	225.7500
412.0834	225.7500
412.0834	226.7739
412.5953	226.7739
412.5953	228.3096
413.1072	228.3096
413.1072	232.4048
413.6191	232.4048
413.6191	234.4524
413.1072	234.4524
413.1072	239.5715
412.5953	239.5715
412.5953	241.1072
412.0834	241.1072
412.0834	242.1310
411.5715	242.1310
411.5715	243.1548
411.0596	243.1548
411.0596	244.1786
410.5477	244.1786
410.5477	244.6905
410.0358	244.6905
410.0358	245.7143
409.5239	245.7143
409.5239	246.2262
409.0120	246.2262
409.0120	246.7381
408.5001	246.7381
408.5001	247.2500
407.9882	247.2500
407.9882	247.7620
407.4763	247.7620
407.4763	248.2739
406.9644	248.2739
406.9644	248.7858
406.4525	248.7858
406.4525	249.8096
405.9406	249.8096
405.9406	250.3215
405.4286	250.3215
405.4286	251.3453
404.9167	251.3453
404.9167	252.3691
404.4048	252.3691
404.4048	253.3929
403.8929	253.3929
403.8929	254.4167
403.3810	254.4167
403.3810	255.4405
402.8691	255.4405
402.8691	255.9524
402.3572	255.9524
402.3572	256.4643
401.8453	256.4643
401.8453	256.9762
401.3334	256.9762
401.3334	257.4881
400.8215	257.4881
400.8215	258.5120
400.3096	258.5120
400.3096	259.5358
399.7977	259.5358
399.7977	260.0477
399.2858	260.0477
399.2858	260.5596
398.7739	260.5596
398.7739	261.0715
398.2620	261.0715
398.2620	262.0953
397.7501	262.0953
397.7501	263.1191
397.2382	263.1191
397.2382	265.6786
396.7263	265.6786
396.7263	268.7501
397.2382	268.7501
397.2382	271.3096
397.7501	271.3096
397.7501	272.3334
398.2620	272.3334
398.2620	277.9643
398.7739	277.9643
398.7739	281.5477
399.2858	281.5477
399.2858	284.1072
399.7977	284.1072
399.7977	286.6667
400.3096	286.6667
400.3096	288.2024
400.8215	288.2024
400.8215	289.7382
401.3334	289.7382
401.3334	291.7858
401.8453	291.7858
401.8453	293.3215
402.3572	293.3215
402.3572	294.3453
402.8691	294.3453
402.8691	296.3929
403.3810	296.3929
403.3810	297.9286
403.8929	297.9286
403.8929	298.9524
404.4048	298.9524
404.4048	301.0001
404.9167	301.0001
404.9167	302.0239
405.4286	302.0239
405.4286	303.5596
405.9406	303.5596
405.9406	305.6072
405.4286	305.6072
405.4286	310.2143
404.9167	310.2143
404.9167	314.8215
404.4048	314.8215
404.4048	315.8453
403.8929	315.8453
403.8929	317.3810
403.3810	317.3810
403.3810	318.4048
402.8691	318.4048
402.8691	318.9167
402.3572	318.9167
402.3572	319.4286
401.8453	319.4286
401.8453	319.9405
401.3334	319.9405
401.3334	320.4524
400.8215	320.4524
400.8215	320.9643
400.3096	320.9643
400.3096	321.4763
399.7977	321.4763
399.7977	321.9882
399.2858	321.9882
399.2858	322.5001
397.7501	322.5001
397.7501	323.0120
396.7263	323.0120
396.7263	323.5239
396.2144	323.5239
396.2144	323.0120
391.6072	323.0120
391.6072	323.5239
389.0477	323.5239
389.0477	324.0358
388.0239	324.0358
388.0239	324.5477
387.0001	324.5477
387.0001	325.0596
386.4882	325.0596
386.4882	325.5715
382.3929	325.5715
382.3929	326.0834
378.8096	326.0834
378.8096	326.5953
376.2501	326.5953
376.2501	326.0834
375.2263	326.0834
375.2263	325.5715
372.6667	325.5715
372.6667	325.0596
370.1072	325.0596
370.1072	325.5715
367.5477	325.5715
367.5477	326.0834
366.5239	326.0834
366.5239	326.5953
365.5001	326.5953
365.5001	327.1072
362.9405	327.1072
362.9405	326.5953
362.4286	326.5953
362.4286	326.0834
361.9167	326.0834
361.9167	325.5715
361.4048	325.5715
361.4048	325.0596
360.8929	325.0596
360.8929	324.5477
359.8691	324.5477
359.8691	324.0358
358.8453	324.0358
358.8453	323.5239
357.3096	323.5239
357.3096	320.9643
356.7977	320.9643
356.7977	319.9405
356.2858	319.9405
356.2858	318.9167
355.7739	318.9167
355.7739	318.4048
355.2620	318.4048
355.2620	317.8929
354.7501	317.8929
354.7501	317.3810
354.2382	317.3810
354.2382	316.8691
353.7263	316.8691
353.7263	316.3572
352.7024	316.3572
352.7024	315.8453
352.1905	315.8453
352.1905	315.3334
351.6786	315.3334
351.6786	314.8215
351.1667	314.8215
351.1667	314.3096
350.1429	314.3096
350.1429	313.7977
349.6310	313.7977
349.6310	313.2858
349.1191	313.2858
349.1191	312.7739
348.6072	312.7739
348.6072	312.2620
348.0953	312.2620
348.0953	311.7501
347.0715	311.7501
347.0715	311.2382
346.5596	311.2382
346.5596	310.7262
346.0477	310.7262
346.0477	310.2143
345.0239	310.2143
345.0239	309.7024
344.0001	309.7024
344.0001	309.1905
343.4882	309.1905
343.4882	308.6786
342.9763	308.6786
342.9763	308.1667
342.4644	308.1667
342.4644	307.6548
341.9524	307.6548
341.9524	307.1429
341.4405	307.1429
341.4405	306.6310
340.9286	306.6310
340.9286	306.1191
340.4167	306.1191
340.4167	305.6072
339.9048	305.6072
339.9048	305.0953
339.3929	305.0953
339.3929	304.0715
338.8810	304.0715
338.8810	303.5596
338.3691	303.5596
338.3691	303.0477
337.8572	303.0477
337.8572	302.5358
337.3453	302.5358
337.3453	301.5120
336.8334	301.5120
336.8334	300.4882
336.3215	300.4882
336.3215	299.9762
335.8096	299.9762
335.8096	299.4643
335.2977	299.4643
335.2977	298.9524
334.7858	298.9524
334.7858	297.4167
335.2977	297.4167
335.2977	296.9048
335.8096	296.9048
335.8096	296.3929
336.3215	296.3929
336.3215	295.8810
336.8334	295.8810
336.8334	294.8572
337.3453	294.8572
337.3453	293.8334
337.8572	293.8334
337.8572	291.2739
338.3691	291.2739
338.3691	288.7143
337.8572	288.7143
337.8572	286.1548
337.3453	286.1548
337.3453	285.1310
336.8334	285.1310
336.8334	284.1072
336.3215	284.1072
336.3215	283.5953
335.8096	283.5953
335.8096	283.0834
335.2977	283.0834
335.2977	282.5715
334.7858	282.5715
334.7858	282.0596
334.2739	282.0596
334.2739	281.5477
333.2501	281.5477
333.2501	281.0358
332.2263	281.0358
332.2263	280.5239
329.6667	280.5239
329.6667	280.0120
325.5715	280.0120
325.5715	280.5239
322.5001	280.5239
322.5001	281.0358
319.9405	281.0358
319.9405	281.5477
318.9167	281.5477
318.9167	282.0596
317.8929	282.0596
317.8929	282.5715
316.3572	282.5715
316.3572	283.0834
313.2858	283.0834
313.2858	282.5715
312.7739	282.5715
312.7739	282.0596
312.2620	282.0596
312.2620	281.0358
311.7501	281.0358
311.7501	280.5239
311.2382	280.5239
311.2382	280.0120
310.7262	280.0120
310.7262	279.5001
310.2143	279.5001
310.2143	278.9881
309.7024	278.9881
309.7024	278.4762
308.6786	278.4762
308.6786	277.9643
307.6548	277.9643
307.6548	277.4524
306.1191	277.4524
306.1191	276.9405
303.5596	276.9405
303.5596	276.4286
302.0239	276.4286
302.0239	275.9167
301.0001	275.9167
301.0001	274.8929
300.4882	274.8929
300.4882	273.8691
299.9762	273.8691
299.9762	273.3572
299.4643	273.3572
299.4643	272.3334
298.9524	272.3334
298.9524	267.7262
299.4643	267.7262
299.4643	266.7024
299.9762	266.7024
299.9762	264.1429
300.4882	264.1429
300.4882	260.0477
299.9762	260.0477
299.9762	257.4881
299.4643	257.4881
299.4643	256.9762
299.9762	256.9762
299.9762	255.9524
300.4882	255.9524
300.4882	253.3929
301.0001	253.3929
301.0001	249.8096
300.4882	249.8096
300.4882	247.2500
299.9762	247.2500
299.9762	245.7143
300.4882	245.7143
300.4882	244.6905
301.0001	244.6905
301.0001	243.6667
301.5120	243.6667
301.5120	241.1072
302.0239	241.1072
302.0239	237.5239
301.5120	237.5239
301.5120	237.0119
302.0239	237.0119
302.0239	236.5000
305.6072	236.5000
305.6072	237.0119
308.1667	237.0119
308.1667	237.5239
310.7262	237.5239
310.7262	237.0119
313.2858	237.0119
313.2858	236.5000
314.3096	236.5000
314.3096	235.9881
315.3334	235.9881
315.3334	235.4762
315.8453	235.4762
315.8453	234.9643
316.3572	234.9643
316.3572	234.4524
316.8691	234.4524
316.8691	233.9405
317.3810	233.9405
317.3810	233.4286
317.8929	233.4286
317.8929	232.9167
318.4048	232.9167
318.4048	232.4048
319.4286	232.4048
319.4286	232.9167
321.9882	232.9167
321.9882	232.4048
324.5477	232.4048
324.5477	231.8929
325.5715	231.8929
325.5715	231.3810
326.5953	231.3810
326.5953	230.8691
329.1548	230.8691
329.1548	230.3572
331.2024	230.3572
331.2024	229.8453
332.2263	229.8453
332.2263	229.3334
333.2501	229.3334
333.2501	228.8215
333.7620	228.8215
333.7620	228.3096
334.2739	228.3096
334.2739	227.7977
334.7858	227.7977
334.7858	227.2858
335.8096	227.2858
335.8096	227.7977
338.8810	227.7977
338.8810	227.2858
341.4405	227.2858
341.4405	226.7739
342.4644	226.7739
342.4644	226.2619
343.4882	226.2619
343.4882	225.7500
344.0001	225.7500
344.0001	225.2381
344.5120	225.2381
344.5120	224.7262
345.0239	224.7262
345.0239	224.2143
345.5358	224.2143
345.5358	223.7024
346.0477	223.7024
346.0477	223.1905
346.5596	223.1905
346.5596	222.6786
347.5834	222.6786
347.5834	222.1667
348.0953	222.1667
348.0953	221.6548
349.1191	221.6548
349.1191	221.1429
350.1429	221.1429
350.1429	220.6310
350.6548	220.6310
350.6548	220.1191
351.6786	220.1191
351.6786	219.6072
352.1905	219.6072
352.1905	219.0953
352.7024	219.0953
352.7024	218.5834
353.2144	218.5834
353.2144	218.0715
353.7263	218.0715
353.7263	217.5596
354.2382	217.5596
354.2382	217.0477
354.7501	217.0477
354.7501	216.5358
355.2620	216.5358
355.2620	216.0239
356.2858	216.0239
356.2858	215.5119
356.7977	215.5119
356.7977	215.0000
357.8215	215.0000
357.8215	214.4881
358.8453	214.4881
358.8453	213.9762
359.8691	213.9762
359.8691	213.4643
360.8929	213.4643
360.8929	212.9524
361.9167	212.9524
361.9167	212.4405
362.9405	212.4405
362.9405	211.9286
363.4525	211.9286
363.4525	211.4167
365.5001	211.4167
365.5001	210.9048
366.5239	210.9048
366.5239	210.3929
367.5477	210.3929
367.5477	209.8810
368.0596	209.8810
368.0596	209.3691
369.0834	209.3691
369.0834	208.8572
370.1072	208.8572
370.1072	208.3453
371.1310	208.3453
371.1310	207.8334
371.6429	207.8334
371.6429	207.3215
372.6667	207.3215
372.6667	206.8096
373.6905	206.8096
373.6905	206.2977
375.2263	206.2977
375.2263	205.7858
376.7620	205.7858
376.7620	205.2738
381.3691	205.2738
381.3691	204.7619
382.9048	204.7619
