371.1310	231.8929
371.6429	231.8929
371.6429	234.4524
372.1548	234.4524
372.1548	235.4762
372.6667	235.4762
372.6667	236.5000
373.1786	236.5000
373.1786	237.0119
373.6905	237.0119
373.6905	237.5239
374.2025	237.5239
374.2025	238.0358
374.7144	238.0358
374.7144	238.5477
375.2263	238.5477
375.2263	239.0596
376.2501	239.0596
376.2501	239.5715
376.7620	239.5715
376.7620	240.0834
377.2739	240.0834
377.2739	240.5953
377.7858	240.5953
377.7858	241.1072
378.2977	241.1072
378.2977	241.6191
378.8096	241.6191
378.8096	242.1310
379.3215	242.1310
379.3215	242.6429
379.8334	242.6429
379.8334	243.1548
380.8572	243.1548
380.8572	243.6667
381.3691	243.6667
381.3691	244.1786
382.3929	244.1786
382.3929	244.6905
383.4167	244.6905
383.4167	245.2024
383.9286	245.2024
383.9286	245.7143
384.9525	245.7143
384.9525	246.2262
385.4644	246.2262
385.4644	246.7381
385.9763	246.7381
385.9763	247.2500
386.4882	247.2500
386.4882	247.7620
387.0001	247.7620
387.0001	248.7858
387.5120	248.7858
387.5120	251.3453
388.0239	251.3453
388.0239	252.3691
388.5358	252.3691
388.5358	253.3929
389.0477	253.3929
389.0477	254.4167
389.5596	254.4167
389.5596	255.4405
390.0715	255.4405
390.0715	256.9762
390.5834	256.9762
390.5834	258.5120
391.0953	258.5120
391.0953	259.5358
391.6072	259.5358
391.6072	260.5596
392.1191	260.5596
392.1191	261.0715
392.6310	261.0715
392.6310	262.0953
393.1429	262.0953
393.1429	263.1191
393.6548	263.1191
393.6548	263.6310
394.1667	263.6310
394.1667	265.1667
394.6786	265.1667
394.6786	266.1905
395.1906	266.1905
395.1906	267.2143
395.7025	267.2143
395.7025	267.7262
396.2144	267.7262
396.2144	268.2381
396.7263	268.2381
396.7263	270.7977
397.2382	270.7977
397.2382	271.3096
396.7263	271.3096
396.7263	273.3572
396.2144	273.3572
396.2144	274.3810
395.7025	274.3810
395.7025	275.4048
395.1906	275.4048
395.1906	276.4286
394.6786	276.4286
394.6786	278.9881
394.1667	278.9881
394.1667	281.5477
393.6548	281.5477
393.6548	282.5715
393.1429	282.5715
393.1429	283.5953
392.6310	283.5953
392.6310	284.1072
392.1191	284.1072
392.1191	285.1310
391.6072	285.1310
391.6072	285.6429
391.0953	285.6429
391.0953	286.1548
390.5834	286.1548
390.5834	286.6667
390.0715	286.6667
390.0715	287.1786
389.5596	287.1786
389.5596	287.6905
389.0477	287.6905
389.0477	288.2024
388.5358	288.2024
388.5358	288.7143
388.0239	288.7143
388.0239	289.2262
387.5120	289.2262
387.5120	289.7382
386.4882	289.7382
386.4882	290.2501
385.9763	290.2501
385.9763	290.7620
385.4644	290.7620
385.4644	291.2739
384.4405	291.2739
384.4405	291.7858
382.9048	291.7858
382.9048	292.2977
381.8810	292.2977
381.8810	292.8096
377.7858	292.8096
377.7858	293.3215
375.2263	293.3215
375.2263	293.8334
374.2025	293.8334
374.2025	294.3453
372.1548	294.3453
372.1548	294.8572
370.1072	294.8572
370.1072	295.3691
369.0834	295.3691
369.0834	295.8810
368.0596	295.8810
368.0596	296.3929
367.5477	296.3929
367.5477	296.9048
367.0358	296.9048
367.0358	297.4167
366.5239	297.4167
366.5239	297.9286
366.0120	297.9286
366.0120	298.4405
365.5001	298.4405
365.5001	299.4643
364.9882	299.4643
364.9882	300.4882
364.4763	300.4882
364.4763	301.5120
363.9644	301.5120
363.9644	304.0715
363.4525	304.0715
363.4525	304.5834
360.8929	304.5834
360.8929	305.0953
359.3572	305.0953
359.3572	304.5834
356.7977	304.5834
356.7977	304.0715
355.7739	304.0715
355.7739	303.0477
355.2620	303.0477
355.2620	302.5358
354.7501	302.5358
354.7501	301.5120
354.2382	301.5120
354.2382	300.4882
353.7263	300.4882
353.7263	299.9762
353.2144	299.9762
353.2144	299.4643
352.7024	299.4643
352.7024	298.9524
352.1905	298.9524
352.1905	296.9048
351.6786	296.9048
351.6786	295.8810
351.1667	295.8810
351.1667	294.8572
350.6548	294.8572
350.6548	294.3453
350.1429	294.3453
350.1429	293.8334
349.6310	293.8334
349.6310	293.3215
349.1191	293.3215
349.1191	292.8096
348.6072	292.8096
348.6072	292.2977
347.5834	292.2977
347.5834	291.7858
346.5596	291.7858
346.5596	291.2739
344.0001	291.2739
344.0001	290.7620
341.4405	290.7620
341.4405	291.2739
338.8810	291.2739
338.8810	291.7858
336.3215	291.7858
336.3215	291.2739
335.2977	291.2739
335.2977	290.7620
334.7858	290.7620
334.7858	290.2501
334.2739	290.2501
334.2739	289.7382
333.7620	289.7382
333.7620	289.2262
334.2739	289.2262
334.2739	283.0834
333.7620	283.0834
333.7620	280.5239
333.2501	280.5239
333.2501	279.5001
332.7382	279.5001
332.7382	278.4762
332.2263	278.4762
332.2263	277.9643
331.7143	277.9643
331.7143	277.4524
331.2024	277.4524
331.2024	276.4286
330.6905	276.4286
330.6905	275.4048
330.1786	275.4048
330.1786	274.8929
329.6667	274.8929
329.6667	274.3810
329.1548	274.3810
329.1548	273.8691
328.6429	273.8691
328.6429	272.3334
329.1548	272.3334
329.1548	269.2620
328.6429	269.2620
328.6429	268.7501
329.1548	268.7501
329.1548	267.2143
329.6667	267.2143
329.6667	266.1905
330.1786	266.1905
330.1786	263.6310
330.6905	263.6310
330.6905	261.0715
330.1786	261.0715
330.1786	258.5120
329.6667	258.5120
329.6667	257.4881
329.1548	257.4881
329.1548	256.4643
328.6429	256.4643
328.6429	255.9524
328.1310	255.9524
328.1310	255.4405
327.6191	255.4405
327.6191	254.9286
327.1072	254.9286
327.1072	253.9048
329.1548	253.9048
329.1548	253.3929
330.1786	253.3929
330.1786	252.8810
331.2024	252.8810
331.2024	252.3691
331.7143	252.3691
331.7143	251.8572
332.2263	251.8572
332.2263	251.3453
332.7382	251.3453
332.7382	250.8334
333.2501	250.8334
333.2501	250.3215
333.7620	250.3215
333.7620	249.2977
334.2739	249.2977
334.2739	248.2739
334.7858	248.2739
334.7858	245.7143
335.2977	245.7143
335.2977	241.6191
339.9048	241.6191
339.9048	241.1072
342.4644	241.1072
342.4644	240.5953
343.4882	240.5953
343.4882	240.0834
344.5120	240.0834
344.5120	239.5715
345.5358	239.5715
345.5358	239.0596
348.0953	239.0596
348.0953	238.5477
349.1191	238.5477
349.1191	238.0358
351.1667	238.0358
351.1667	237.5239
353.7263	237.5239
353.7263	237.0119
355.2620	237.0119
355.2620	236.5000
356.2858	236.5000
356.2858	235.9881
358.8453	235.9881
358.8453	235.4762
360.3810	235.4762
360.3810	234.9643
361.4048	234.9643
361.4048	234.4524
362.4286	234.4524
362.4286	233.9405
362.9405	233.9405
362.9405	233.4286
363.4525	233.4286
363.4525	232.9167
363.9644	232.9167
363.9644	232.4048
364.4763	232.4048
364.4763	231.8929
364.9882	231.8929
364.9882	230.8691
366.0120	230.8691
366.0120	230.3572
366.5239	230.3572
366.5239	229.8453
368.0596	229.8453
368.0596	229.3334
371.1310	229.3334
