337.3453	169.9524
337.8572	169.9524
337.8572	170.4643
338.3691	170.4643
338.3691	170.9762
338.8810	170.9762
338.8810	172.0000
339.3929	172.0000
339.3929	172.5119
339.9048	172.5119
339.9048	173.0238
340.4167	173.0238
340.4167	173.5357
340.9286	173.5357
340.9286	174.0477
341.4405	174.0477
341.4405	174.5596
341.9524	174.5596
341.9524	175.5834
342.4644	175.5834
342.4644	176.0953
342.9763	176.0953
342.9763	176.6072
343.4882	176.6072
343.4882	177.1191
344.0001	177.1191
344.0001	177.6310
344.5120	177.6310
344.5120	178.1429
345.5358	178.1429
345.5358	178.6548
346.5596	178.6548
346.5596	179.1667
349.1191	179.1667
349.1191	179.6786
352.7024	179.6786
352.7024	179.1667
355.2620	179.1667
355.2620	178.6548
356.2858	178.6548
356.2858	178.1429
358.3334	178.1429
358.3334	177.6310
360.8929	177.6310
360.8929	177.1191
362.4286	177.1191
362.4286	176.6072
363.4525	176.6072
363.4525	176.0953
364.4763	176.0953
364.4763	175.5834
365.5001	175.5834
365.5001	175.0715
366.0120	175.0715
366.0120	174.5596
366.5239	174.5596
366.5239	174.0477
367.0358	174.0477
367.0358	173.5357
367.5477	173.5357
367.5477	173.0238
368.0596	173.0238
368.0596	172.0000
373.1786	172.0000
373.1786	172.5119
375.7382	172.5119
375.7382	173.0238
378.2977	173.0238
378.2977	172.5119
379.3215	172.5119
379.3215	173.0238
383.4167	173.0238
383.4167	172.5119
384.9525	172.5119
384.9525	173.0238
386.4882	173.0238
386.4882	173.5357
387.0001	173.5357
387.0001	174.0477
387.5120	174.0477
387.5120	174.5596
388.0239	174.5596
388.0239	175.5834
388.5358	175.5834
388.5358	176.6072
389.0477	176.6072
389.0477	177.6310
389.5596	177.6310
389.5596	178.1429
390.0715	178.1429
390.0715	178.6548
390.5834	178.6548
390.5834	179.1667
391.0953	179.1667
391.0953	179.6786
391.6072	179.6786
391.6072	180.1905
392.1191	180.1905
392.1191	180.7024
393.1429	180.7024
393.1429	181.2143
394.1667	181.2143
394.1667	181.7262
395.1906	181.7262
395.1906	182.2381
397.2382	182.2381
397.2382	182.7500
398.2620	182.7500
398.2620	183.2619
399.2858	183.2619
399.2858	183.7738
401.8453	183.7738
401.8453	184.2857
404.4048	184.2857
404.4048	184.7977
406.9644	184.7977
406.9644	185.3096
410.0358	185.3096
410.0358	185.8215
410.5477	185.8215
410.5477	186.3334
411.0596	186.3334
411.0596	186.8453
411.5715	186.8453
411.5715	187.3572
412.5953	187.3572
412.5953	187.8691
413.6191	187.8691
413.6191	188.3810
415.6667	188.3810
415.6667	188.8929
416.6906	188.8929
416.6906	189.4048
417.2025	189.4048
417.2025	189.9167
417.7144	189.9167
417.7144	190.4286
418.2263	190.4286
418.2263	190.9405
418.7382	190.9405
418.7382	191.9643
419.2501	191.9643
419.2501	192.9881
419.7620	192.9881
419.7620	193.5000
420.2739	193.5000
420.2739	194.0119
420.7858	194.0119
420.7858	194.5238
421.2977	194.5238
421.2977	195.0358
421.8096	195.0358
421.8096	195.5477
422.8334	195.5477
422.8334	196.0596
423.8572	196.0596
423.8572	196.5715
424.8810	196.5715
424.8810	197.0834
427.4406	197.0834
427.4406	197.5953
429.4882	197.5953
429.4882	198.1072
430.0001	198.1072
430.0001	198.6191
430.5120	198.6191
430.5120	199.1310
431.0239	199.1310
431.0239	199.6429
432.0477	199.6429
432.0477	200.1548
433.0715	200.1548
433.0715	200.6667
434.6072	200.6667
434.6072	201.6905
435.1191	201.6905
435.1191	202.2024
435.6310	202.2024
435.6310	202.7143
436.1429	202.7143
436.1429	203.2262
436.6548	203.2262
436.6548	203.7381
437.1667	203.7381
437.1667	204.2500
437.6787	204.2500
437.6787	204.7619
438.1906	204.7619
438.1906	205.2738
438.7025	205.2738
438.7025	205.7858
439.7263	205.7858
439.7263	206.2977
440.7501	206.2977
440.7501	206.8096
441.7739	206.8096
441.7739	207.3215
442.2858	207.3215
442.2858	207.8334
442.7977	207.8334
442.7977	208.3453
443.3096	208.3453
443.3096	208.8572
444.3334	208.8572
444.3334	209.3691
444.8453	209.3691
444.8453	209.8810
445.3572	209.8810
445.3572	210.3929
445.8691	210.3929
445.8691	210.9048
446.3810	210.9048
446.3810	211.9286
446.8929	211.9286
446.8929	212.4405
447.4048	212.4405
447.4048	212.9524
447.9168	212.9524
447.9168	213.9762
448.4287	213.9762
448.4287	214.4881
448.9406	214.4881
448.9406	215.0000
449.4525	215.0000
449.4525	215.5119
449.9644	215.5119
449.9644	216.5358
450.4763	216.5358
450.4763	217.5596
450.9882	217.5596
450.9882	218.5834
451.5001	218.5834
451.5001	219.6072
452.0120	219.6072
452.0120	220.6310
452.5239	220.6310
452.5239	221.6548
453.0358	221.6548
453.0358	222.1667
453.5477	222.1667
453.5477	222.6786
454.0596	222.6786
454.0596	223.1905
454.5715	223.1905
454.5715	223.7024
455.0834	223.7024
455.0834	224.7262
455.5953	224.7262
455.5953	225.2381
456.1072	225.2381
456.1072	225.7500
456.6191	225.7500
456.6191	226.2619
457.1310	226.2619
457.1310	227.7977
457.6429	227.7977
457.6429	228.8215
458.1548	228.8215
458.1548	231.3810
458.6668	231.3810
458.6668	232.9167
459.1787	232.9167
459.1787	234.9643
459.6906	234.9643
459.6906	235.9881
460.2025	235.9881
460.2025	237.0119
460.7144	237.0119
460.7144	237.5239
461.2263	237.5239
461.2263	239.0596
461.7382	239.0596
461.7382	240.0834
462.2501	240.0834
462.2501	241.1072
462.7620	241.1072
462.7620	241.6191
463.2739	241.6191
463.2739	244.1786
463.7858	244.1786
463.7858	245.7143
464.2977	245.7143
464.2977	249.8096
464.8096	249.8096
464.8096	252.8810
465.3215	252.8810
465.3215	254.4167
464.8096	254.4167
464.8096	255.9524
464.2977	255.9524
464.2977	258.5120
463.7858	258.5120
463.7858	268.2381
464.2977	268.2381
464.2977	275.9167
463.7858	275.9167
463.7858	280.5239
463.2739	280.5239
463.2739	282.0596
462.7620	282.0596
462.7620	284.6191
462.2501	284.6191
462.2501	287.1786
461.7382	287.1786
461.7382	290.7620
461.2263	290.7620
461.2263	296.3929
460.7144	296.3929
460.7144	298.4405
460.2025	298.4405
460.2025	301.0001
459.6906	301.0001
459.6906	302.0239
459.1787	302.0239
459.1787	304.0715
458.6668	304.0715
458.6668	305.6072
458.1548	305.6072
458.1548	308.1667
457.6429	308.1667
457.6429	309.7024
457.1310	309.7024
457.1310	310.2143
456.6191	310.2143
456.6191	311.2382
456.1072	311.2382
456.1072	311.7501
455.5953	311.7501
455.5953	312.2620
455.0834	312.2620
455.0834	312.7739
454.5715	312.7739
454.5715	313.7977
454.0596	313.7977
454.0596	314.8215
453.5477	314.8215
453.5477	315.8453
452.5239	315.8453
452.5239	316.3572
451.5001	316.3572
451.5001	316.8691
450.9882	316.8691
450.9882	317.3810
450.4763	317.3810
450.4763	317.8929
449.9644	317.8929
449.9644	318.4048
449.4525	318.4048
449.4525	318.9167
448.9406	318.9167
448.9406	319.4286
448.4287	319.4286
448.4287	319.9405
447.9168	319.9405
447.9168	320.9643
447.4048	320.9643
447.4048	321.4763
446.8929	321.4763
446.8929	322.5001
446.3810	322.5001
446.3810	323.0120
445.8691	323.0120
445.8691	323.5239
445.3572	323.5239
445.3572	324.0358
444.8453	324.0358
444.8453	324.5477
444.3334	324.5477
444.3334	325.0596
443.8215	325.0596
443.8215	325.5715
443.3096	325.5715
443.3096	326.0834
442.7977	326.0834
442.7977	326.5953
442.2858	326.5953
442.2858	327.1072
441.7739	327.1072
441.7739	327.6191
441.2620	327.6191
441.2620	328.1310
440.7501	328.1310
440.7501	328.6429
440.2382	328.6429
440.2382	329.1548
439.7263	329.1548
439.7263	329.6667
439.2144	329.6667
439.2144	330.1786
438.7025	330.1786
438.7025	330.6905
438.1906	330.6905
438.1906	331.2024
437.6787	331.2024
437.6787	331.7143
436.6548	331.7143
436.6548	332.2263
435.6310	332.2263
435.6310	332.7382
435.1191	332.7382
435.1191	333.2501
434.6072	333.2501
434.6072	333.7620
434.0953	333.7620
434.0953	334.2739
433.5834	334.2739
433.5834	334.7858
432.5596	334.7858
432.5596	335.2977
431.5358	335.2977
431.5358	335.8096
430.5120	335.8096
430.5120	336.3215
429.4882	336.3215
429.4882	336.8334
428.4644	336.8334
428.4644	337.3453
427.4406	337.3453
427.4406	337.8572
426.9287	337.8572
426.9287	338.3691
426.4167	338.3691
426.4167	338.8810
425.3929	338.8810
425.3929	339.3929
423.8572	339.3929
423.8572	339.9048
422.8334	339.9048
422.8334	340.4167
421.8096	340.4167
421.8096	340.9286
421.2977	340.9286
421.2977	341.4405
420.2739	341.4405
420.2739	341.9524
419.2501	341.9524
419.2501	342.4644
418.2263	342.4644
418.2263	342.9763
417.2025	342.9763
417.2025	343.4882
416.1787	343.4882
416.1787	344.0001
415.6667	344.0001
415.6667	344.5120
415.1548	344.5120
415.1548	345.0239
414.1310	345.0239
414.1310	345.5358
413.1072	345.5358
413.1072	346.0477
412.5953	346.0477
412.5953	346.5596
411.5715	346.5596
411.5715	347.0715
410.5477	347.0715
410.5477	347.5834
409.5239	347.5834
409.5239	348.0953
408.5001	348.0953
408.5001	348.6072
407.9882	348.6072
407.9882	349.1191
407.4763	349.1191
407.4763	349.6310
406.9644	349.6310
406.9644	350.1429
405.9406	350.1429
405.9406	350.6548
404.9167	350.6548
404.9167	351.1667
403.8929	351.1667
403.8929	351.6786
403.3810	351.6786
403.3810	352.1905
402.3572	352.1905
402.3572	352.7024
400.8215	352.7024
400.8215	353.2144
398.2620	353.2144
398.2620	353.7263
397.2382	353.7263
397.2382	354.2382
396.2144	354.2382
396.2144	354.7501
395.7025	354.7501
395.7025	355.2620
395.1906	355.2620
395.1906	355.7739
392.6310	355.7739
392.6310	356.2858
390.0715	356.2858
390.0715	356.7977
389.0477	356.7977
389.0477	357.3096
388.0239	357.3096
388.0239	357.8215
386.4882	357.8215
386.4882	358.3334
385.4644	358.3334
385.4644	358.8453
384.4405	358.8453
384.4405	359.3572
381.8810	359.3572
381.8810	359.8691
376.2501	359.8691
376.2501	360.3810
372.6667	360.3810
372.6667	359.8691
370.1072	359.8691
370.1072	359.3572
366.0120	359.3572
366.0120	359.8691
365.5001	359.8691
365.5001	359.3572
362.9405	359.3572
362.9405	358.8453
360.8929	358.8453
360.8929	358.3334
358.3334	358.3334
358.3334	357.8215
356.7977	357.8215
356.7977	357.3096
355.7739	357.3096
355.7739	356.7977
354.7501	356.7977
354.7501	356.2858
353.2144	356.2858
353.2144	355.7739
351.6786	355.7739
351.6786	355.2620
349.6310	355.2620
349.6310	354.7501
348.6072	354.7501
348.6072	354.2382
346.0477	354.2382
346.0477	353.7263
344.0001	353.7263
344.0001	353.2144
341.9524	353.2144
341.9524	352.7024
339.9048	352.7024
339.9048	352.1905
338.8810	352.1905
338.8810	351.6786
337.3453	351.6786
337.3453	351.1667
334.7858	351.1667
334.7858	350.6548
332.2263	350.6548
332.2263	350.1429
331.7143	350.1429
331.7143	346.5596
331.2024	346.5596
331.2024	344.0001
330.6905	344.0001
330.6905	342.9763
330.1786	342.9763
330.1786	341.9524
329.6667	341.9524
329.6667	341.4405
329.1548	341.4405
329.1548	340.9286
328.6429	340.9286
328.6429	340.4167
328.1310	340.4167
328.1310	339.9048
327.6191	339.9048
327.6191	339.3929
326.5953	339.3929
326.5953	338.8810
325.5715	338.8810
325.5715	338.3691
323.0120	338.3691
323.0120	337.8572
318.9167	337.8572
318.9167	338.3691
317.8929	338.3691
317.8929	337.8572
316.8691	337.8572
316.8691	337.3453
314.8215	337.3453
314.8215	336.8334
312.2620	336.8334
312.2620	336.3215
311.2382	336.3215
311.2382	335.8096
310.2143	335.8096
310.2143	335.2977
307.6548	335.2977
307.6548	334.7858
305.0953	334.7858
305.0953	335.2977
302.5358	335.2977
302.5358	335.8096
301.5120	335.8096
301.5120	336.3215
300.4882	336.3215
300.4882	336.8334
299.9762	336.8334
299.9762	337.3453
299.4643	337.3453
299.4643	337.8572
298.4405	337.8572
298.4405	338.3691
297.4167	338.3691
297.4167	338.8810
296.9048	338.8810
296.9048	339.3929
296.3929	339.3929
296.3929	339.9048
295.3691	339.9048
295.3691	339.3929
292.2977	339.3929
292.2977	339.9048
289.7382	339.9048
289.7382	340.4167
288.7143	340.4167
288.7143	340.9286
287.6905	340.9286
287.6905	341.4405
287.1786	341.4405
287.1786	341.9524
286.6667	341.9524
286.6667	342.4644
286.1548	342.4644
286.1548	342.9763
285.6429	342.9763
285.6429	342.4644
286.1548	342.4644
286.1548	341.4405
286.6667	341.4405
286.6667	338.8810
287.1786	338.8810
287.1786	335.8096
286.6667	335.8096
286.6667	333.2501
286.1548	333.2501
286.1548	332.2263
285.6429	332.2263
285.6429	331.2024
285.1310	331.2024
285.1310	330.6905
284.6191	330.6905
284.6191	330.1786
284.1072	330.1786
284.1072	329.6667
283.5953	329.6667
283.5953	329.1548
283.0834	329.1548
283.0834	328.6429
282.0596	328.6429
282.0596	328.1310
281.0358	328.1310
281.0358	327.6191
280.5239	327.6191
280.5239	327.1072
280.0120	327.1072
280.0120	326.5953
279.5001	326.5953
279.5001	325.5715
280.0120	325.5715
280.0120	324.5477
280.5239	324.5477
280.5239	321.9882
281.0358	321.9882
281.0358	319.4286
281.5477	319.4286
281.5477	316.3572
281.0358	316.3572
281.0358	313.7977
280.5239	313.7977
280.5239	312.7739
280.0120	312.7739
280.0120	311.7501
279.5001	311.7501
279.5001	311.2382
278.9881	311.2382
278.9881	310.7262
278.4762	310.7262
278.4762	310.2143
277.9643	310.2143
277.9643	309.7024
277.4524	309.7024
277.4524	308.6786
276.9405	308.6786
276.9405	308.1667
276.4286	308.1667
276.4286	307.6548
275.9167	307.6548
275.9167	307.1429
275.4048	307.1429
275.4048	306.1191
274.8929	306.1191
274.8929	305.0953
274.3810	305.0953
274.3810	304.5834
273.8691	304.5834
273.8691	303.5596
273.3572	303.5596
273.3572	302.5358
272.8453	302.5358
272.8453	302.0239
272.3334	302.0239
272.3334	301.5120
271.8215	301.5120
271.8215	301.0001
271.3096	301.0001
271.3096	300.4882
270.7977	300.4882
270.7977	299.9762
270.2858	299.9762
270.2858	299.4643
269.7739	299.4643
269.7739	298.9524
269.2620	298.9524
269.2620	298.4405
268.2381	298.4405
268.2381	297.9286
267.7262	297.9286
267.7262	291.7858
268.2381	291.7858
268.2381	291.2739
268.7501	291.2739
268.7501	290.2501
269.2620	290.2501
269.2620	289.2262
269.7739	289.2262
269.7739	286.6667
270.2858	286.6667
270.2858	284.1072
269.7739	284.1072
269.7739	281.5477
269.2620	281.5477
269.2620	280.5239
268.7501	280.5239
268.7501	280.0120
269.2620	280.0120
269.2620	277.4524
269.7739	277.4524
269.7739	274.8929
269.2620	274.8929
269.2620	272.3334
268.7501	272.3334
268.7501	271.3096
268.2381	271.3096
268.2381	270.2858
267.7262	270.2858
267.7262	269.2620
268.7501	269.2620
268.7501	268.7501
269.7739	268.7501
269.7739	268.2381
270.7977	268.2381
270.7977	267.7262
271.3096	267.7262
271.3096	267.2143
271.8215	267.2143
271.8215	266.7024
272.3334	266.7024
272.3334	266.1905
272.8453	266.1905
272.8453	265.6786
273.3572	265.6786
273.3572	264.6548
273.8691	264.6548
273.8691	263.6310
274.3810	263.6310
274.3810	261.0715
274.8929	261.0715
274.8929	260.5596
275.4048	260.5596
275.4048	260.0477
275.9167	260.0477
275.9167	259.0239
276.4286	259.0239
276.4286	258.0000
276.9405	258.0000
276.9405	255.4405
277.4524	255.4405
277.4524	252.3691
276.9405	252.3691
276.9405	249.8096
276.4286	249.8096
276.4286	248.7858
275.9167	248.7858
275.9167	247.7620
276.4286	247.7620
276.4286	244.6905
276.9405	244.6905
276.9405	242.1310
277.4524	242.1310
277.4524	233.4286
277.9643	233.4286
277.9643	229.8453
277.4524	229.8453
277.4524	227.2858
276.9405	227.2858
276.9405	226.2619
276.4286	226.2619
276.4286	224.2143
275.9167	224.2143
275.9167	223.1905
276.4286	223.1905
276.4286	222.6786
276.9405	222.6786
276.9405	221.6548
277.4524	221.6548
277.4524	220.6310
277.9643	220.6310
277.9643	220.1191
278.9881	220.1191
278.9881	219.6072
279.5001	219.6072
279.5001	219.0953
280.0120	219.0953
280.0120	218.5834
280.5239	218.5834
280.5239	218.0715
281.0358	218.0715
281.0358	217.5596
283.0834	217.5596
283.0834	217.0477
284.1072	217.0477
284.1072	216.5358
285.1310	216.5358
285.1310	216.0239
285.6429	216.0239
285.6429	215.5119
286.6667	215.5119
286.6667	215.0000
287.1786	215.0000
287.1786	214.4881
287.6905	214.4881
287.6905	213.9762
288.2024	213.9762
288.2024	213.4643
288.7143	213.4643
288.7143	212.9524
289.2262	212.9524
289.2262	212.4405
289.7382	212.4405
289.7382	211.4167
290.2501	211.4167
290.2501	210.3929
290.7620	210.3929
290.7620	208.3453
291.2739	208.3453
291.2739	205.7858
291.7858	205.7858
291.7858	204.7619
292.2977	204.7619
292.2977	203.7381
292.8096	203.7381
292.8096	202.2024
293.3215	202.2024
293.3215	201.6905
293.8334	201.6905
293.8334	200.6667
294.3453	200.6667
294.3453	199.6429
294.8572	199.6429
294.8572	197.5953
295.3691	197.5953
295.3691	196.5715
295.8810	196.5715
295.8810	195.5477
296.9048	195.5477
296.9048	195.0358
297.4167	195.0358
297.4167	194.5238
297.9286	194.5238
297.9286	194.0119
298.4405	194.0119
298.4405	193.5000
301.0001	193.5000
301.0001	192.9881
302.0239	192.9881
302.0239	192.4762
303.0477	192.4762
303.0477	191.9643
303.5596	191.9643
303.5596	191.4524
304.0715	191.4524
304.0715	190.9405
306.1191	190.9405
306.1191	190.4286
307.1429	190.4286
307.1429	189.9167
308.1667	189.9167
308.1667	189.4048
308.6786	189.4048
308.6786	188.8929
309.1905	188.8929
309.1905	188.3810
310.2143	188.3810
310.2143	187.8691
310.7262	187.8691
310.7262	187.3572
313.2858	187.3572
313.2858	186.8453
314.8215	186.8453
314.8215	186.3334
315.8453	186.3334
315.8453	185.8215
316.8691	185.8215
316.8691	185.3096
317.3810	185.3096
317.3810	184.7977
319.4286	184.7977
319.4286	185.3096
323.0120	185.3096
323.0120	184.7977
325.5715	184.7977
325.5715	184.2857
326.5953	184.2857
326.5953	183.7738
327.6191	183.7738
327.6191	183.2619
328.1310	183.2619
328.1310	182.7500
328.6429	182.7500
328.6429	182.2381
329.1548	182.2381
329.1548	181.7262
329.6667	181.7262
329.6667	181.2143
330.1786	181.2143
330.1786	180.1905
330.6905	180.1905
330.6905	179.1667
331.2024	179.1667
331.2024	178.1429
331.7143	178.1429
331.7143	175.5834
332.2263	175.5834
332.2263	172.5119
331.7143	172.5119
331.7143	172.0000
332.2263	172.0000
332.2263	171.4881
333.2501	171.4881
333.2501	170.9762
334.2739	170.9762
334.2739	170.4643
335.2977	170.4643
335.2977	169.9524
336.3215	169.9524
336.3215	169.4405
337.3453	169.4405
