334.7858	159.7143
335.8096	159.7143
335.8096	160.2262
337.3453	160.2262
337.3453	160.7381
338.3691	160.7381
338.3691	161.7619
338.8810	161.7619
338.8810	162.2738
339.3929	162.2738
339.3929	162.7857
339.9048	162.7857
339.9048	163.2977
340.4167	163.2977
340.4167	163.8096
340.9286	163.8096
340.9286	164.3215
341.4405	164.3215
341.4405	164.8334
342.4644	164.8334
342.4644	165.3453
343.4882	165.3453
343.4882	165.8572
346.0477	165.8572
346.0477	166.3691
348.6072	166.3691
348.6072	166.8810
349.1191	166.8810
349.1191	168.4167
349.6310	168.4167
349.6310	169.4405
350.1429	169.4405
350.1429	170.4643
350.6548	170.4643
350.6548	170.9762
351.1667	170.9762
351.1667	171.4881
351.6786	171.4881
351.6786	172.0000
352.1905	172.0000
352.1905	172.5119
352.7024	172.5119
352.7024	173.0238
353.7263	173.0238
353.7263	173.5357
354.7501	173.5357
354.7501	174.0477
357.3096	174.0477
357.3096	174.5596
359.8691	174.5596
359.8691	175.0715
366.0120	175.0715
366.0120	174.5596
368.5715	174.5596
368.5715	174.0477
369.5953	174.0477
369.5953	173.5357
370.6191	173.5357
370.6191	173.0238
374.7144	173.0238
374.7144	173.5357
377.2739	173.5357
377.2739	173.0238
380.3453	173.0238
380.3453	172.5119
382.9048	172.5119
382.9048	172.0000
390.0715	172.0000
390.0715	171.4881
391.6072	171.4881
391.6072	172.0000
394.6786	172.0000
394.6786	172.5119
399.7977	172.5119
399.7977	173.0238
402.3572	173.0238
402.3572	173.5357
407.9882	173.5357
407.9882	174.0477
411.0596	174.0477
411.0596	174.5596
412.0834	174.5596
412.0834	175.0715
413.1072	175.0715
413.1072	175.5834
415.1548	175.5834
415.1548	176.0953
417.7144	176.0953
417.7144	176.6072
420.7858	176.6072
420.7858	176.0953
423.3453	176.0953
423.3453	175.5834
426.4167	175.5834
426.4167	176.0953
426.9287	176.0953
426.9287	176.6072
427.9525	176.6072
427.9525	177.1191
428.9763	177.1191
428.9763	177.6310
431.0239	177.6310
431.0239	178.1429
433.5834	178.1429
433.5834	178.6548
437.1667	178.6548
437.1667	179.1667
437.6787	179.1667
437.6787	180.7024
438.1906	180.7024
438.1906	182.2381
438.7025	182.2381
438.7025	183.2619
439.2144	183.2619
439.2144	184.2857
439.7263	184.2857
439.7263	184.7977
440.2382	184.7977
440.2382	185.3096
440.7501	185.3096
440.7501	185.8215
441.2620	185.8215
441.2620	186.3334
441.7739	186.3334
441.7739	186.8453
442.7977	186.8453
442.7977	187.3572
443.8215	187.3572
443.8215	187.8691
446.3810	187.8691
446.3810	188.3810
451.5001	188.3810
451.5001	187.8691
452.5239	187.8691
452.5239	188.3810
453.0358	188.3810
453.0358	188.8929
453.5477	188.8929
453.5477	189.9167
454.0596	189.9167
454.0596	190.4286
454.5715	190.4286
454.5715	190.9405
455.0834	190.9405
455.0834	192.4762
455.5953	192.4762
455.5953	193.5000
456.1072	193.5000
456.1072	194.5238
456.6191	194.5238
456.6191	195.0358
457.1310	195.0358
457.1310	195.5477
457.6429	195.5477
457.6429	196.0596
458.1548	196.0596
458.1548	196.5715
458.6668	196.5715
458.6668	199.1310
459.1787	199.1310
459.1787	200.1548
459.6906	200.1548
459.6906	201.1786
460.2025	201.1786
460.2025	206.8096
460.7144	206.8096
460.7144	209.3691
461.2263	209.3691
461.2263	213.4643
461.7382	213.4643
461.7382	216.0239
462.2501	216.0239
462.2501	217.0477
462.7620	217.0477
462.7620	218.0715
463.2739	218.0715
463.2739	218.5834
463.7858	218.5834
463.7858	219.0953
464.2977	219.0953
464.2977	219.6072
464.8096	219.6072
464.8096	220.1191
465.3215	220.1191
465.3215	220.6310
466.3453	220.6310
466.3453	221.1429
467.3691	221.1429
467.3691	221.6548
469.9287	221.6548
469.9287	222.1667
472.4882	222.1667
472.4882	221.6548
475.0477	221.6548
475.0477	221.1429
476.5834	221.1429
476.5834	222.1667
477.0953	222.1667
477.0953	223.1905
477.6072	223.1905
477.6072	223.7024
478.1191	223.7024
478.1191	224.7262
478.6310	224.7262
478.6310	227.2858
479.1429	227.2858
479.1429	228.8215
479.6549	228.8215
479.6549	230.8691
480.1668	230.8691
480.1668	231.8929
480.6787	231.8929
480.6787	232.9167
481.1906	232.9167
481.1906	234.9643
481.7025	234.9643
481.7025	237.0119
482.2144	237.0119
482.2144	242.1310
482.7263	242.1310
482.7263	243.1548
482.2144	243.1548
482.2144	246.2262
482.7263	246.2262
482.7263	249.2977
482.2144	249.2977
482.2144	256.9762
481.7025	256.9762
481.7025	263.6310
481.1906	263.6310
481.1906	267.7262
480.6787	267.7262
480.6787	268.7501
480.1668	268.7501
480.1668	271.3096
479.6549	271.3096
479.6549	273.3572
479.1429	273.3572
479.1429	275.4048
478.6310	275.4048
478.6310	277.4524
478.1191	277.4524
478.1191	280.0120
477.6072	280.0120
477.6072	286.1548
477.0953	286.1548
477.0953	292.8096
476.5834	292.8096
476.5834	294.3453
476.0715	294.3453
476.0715	295.8810
475.5596	295.8810
475.5596	298.4405
475.0477	298.4405
475.0477	299.9762
474.5358	299.9762
474.5358	301.0001
474.0239	301.0001
474.0239	302.0239
473.5120	302.0239
473.5120	303.5596
473.0001	303.5596
473.0001	304.0715
472.4882	304.0715
472.4882	305.0953
471.9763	305.0953
471.9763	306.1191
471.4644	306.1191
471.4644	307.1429
470.9525	307.1429
470.9525	307.6548
470.4406	307.6548
470.4406	308.6786
469.9287	308.6786
469.9287	309.7024
469.4168	309.7024
469.4168	310.7262
468.9049	310.7262
468.9049	311.7501
468.3929	311.7501
468.3929	312.2620
467.8810	312.2620
467.8810	312.7739
467.3691	312.7739
467.3691	313.2858
466.8572	313.2858
466.8572	314.3096
466.3453	314.3096
466.3453	314.8215
465.8334	314.8215
465.8334	315.8453
465.3215	315.8453
465.3215	316.8691
464.8096	316.8691
464.8096	317.8929
464.2977	317.8929
464.2977	318.9167
463.7858	318.9167
463.7858	320.4524
463.2739	320.4524
463.2739	320.9643
462.7620	320.9643
462.7620	321.4763
462.2501	321.4763
462.2501	321.9882
461.7382	321.9882
461.7382	322.5001
461.2263	322.5001
461.2263	323.0120
460.7144	323.0120
460.7144	323.5239
460.2025	323.5239
460.2025	324.0358
459.6906	324.0358
459.6906	324.5477
459.1787	324.5477
459.1787	325.0596
458.6668	325.0596
458.6668	325.5715
458.1548	325.5715
458.1548	326.0834
457.6429	326.0834
457.6429	326.5953
457.1310	326.5953
457.1310	327.1072
456.6191	327.1072
456.6191	327.6191
456.1072	327.6191
456.1072	328.1310
455.5953	328.1310
455.5953	328.6429
455.0834	328.6429
455.0834	329.1548
454.5715	329.1548
454.5715	330.1786
454.0596	330.1786
454.0596	330.6905
453.5477	330.6905
453.5477	331.2024
453.0358	331.2024
453.0358	331.7143
452.5239	331.7143
452.5239	332.7382
452.0120	332.7382
452.0120	333.7620
451.5001	333.7620
451.5001	334.7858
450.4763	334.7858
450.4763	335.2977
449.9644	335.2977
449.9644	335.8096
449.4525	335.8096
449.4525	336.3215
448.9406	336.3215
448.9406	336.8334
448.4287	336.8334
448.4287	337.3453
447.9168	337.3453
447.9168	337.8572
447.4048	337.8572
447.4048	338.3691
446.8929	338.3691
446.8929	338.8810
446.3810	338.8810
446.3810	339.3929
445.8691	339.3929
445.8691	339.9048
444.3334	339.9048
444.3334	340.4167
443.3096	340.4167
443.3096	340.9286
442.2858	340.9286
442.2858	341.4405
441.2620	341.4405
441.2620	341.9524
440.7501	341.9524
440.7501	342.4644
440.2382	342.4644
440.2382	342.9763
439.2144	342.9763
439.2144	343.4882
438.7025	343.4882
438.7025	344.0001
438.1906	344.0001
438.1906	344.5120
437.6787	344.5120
437.6787	345.0239
437.1667	345.0239
437.1667	345.5358
436.1429	345.5358
436.1429	346.0477
435.6310	346.0477
435.6310	346.5596
435.1191	346.5596
435.1191	347.0715
434.0953	347.0715
434.0953	347.5834
433.5834	347.5834
433.5834	348.0953
433.0715	348.0953
433.0715	348.6072
432.5596	348.6072
432.5596	349.1191
432.0477	349.1191
432.0477	349.6310
431.5358	349.6310
431.5358	350.1429
429.4882	350.1429
429.4882	350.6548
427.9525	350.6548
427.9525	351.1667
426.9287	351.1667
426.9287	351.6786
425.9048	351.6786
425.9048	352.1905
424.8810	352.1905
424.8810	352.7024
424.3691	352.7024
424.3691	353.2144
423.8572	353.2144
423.8572	353.7263
423.3453	353.7263
423.3453	353.2144
419.2501	353.2144
419.2501	353.7263
416.6906	353.7263
416.6906	354.2382
415.6667	354.2382
415.6667	354.7501
414.6429	354.7501
414.6429	355.2620
414.1310	355.2620
414.1310	355.7739
413.6191	355.7739
413.6191	356.2858
409.0120	356.2858
409.0120	356.7977
406.4525	356.7977
406.4525	357.3096
403.8929	357.3096
403.8929	357.8215
401.3334	357.8215
401.3334	358.3334
398.7739	358.3334
398.7739	358.8453
396.7263	358.8453
396.7263	359.3572
395.7025	359.3572
395.7025	359.8691
393.1429	359.8691
393.1429	359.3572
389.0477	359.3572
389.0477	359.8691
385.4644	359.8691
385.4644	359.3572
376.2501	359.3572
376.2501	358.3334
375.7382	358.3334
375.7382	357.3096
375.2263	357.3096
375.2263	356.2858
374.7144	356.2858
374.7144	355.7739
374.2025	355.7739
374.2025	355.2620
373.6905	355.2620
373.6905	354.7501
373.1786	354.7501
373.1786	354.2382
372.6667	354.2382
372.6667	353.7263
372.1548	353.7263
372.1548	353.2144
371.1310	353.2144
371.1310	352.7024
370.1072	352.7024
370.1072	352.1905
368.0596	352.1905
368.0596	351.6786
365.5001	351.6786
365.5001	351.1667
364.4763	351.1667
364.4763	350.6548
363.4525	350.6548
363.4525	350.1429
360.8929	350.1429
360.8929	349.6310
357.8215	349.6310
357.8215	350.1429
356.2858	350.1429
356.2858	349.6310
355.7739	349.6310
355.7739	349.1191
355.2620	349.1191
355.2620	348.6072
354.7501	348.6072
354.7501	348.0953
353.7263	348.0953
353.7263	347.5834
352.7024	347.5834
352.7024	347.0715
351.6786	347.0715
351.6786	346.5596
351.1667	346.5596
351.1667	346.0477
350.1429	346.0477
350.1429	345.5358
349.6310	345.5358
349.6310	345.0239
348.6072	345.0239
348.6072	344.5120
347.5834	344.5120
347.5834	344.0001
346.5596	344.0001
346.5596	343.4882
345.5358	343.4882
345.5358	342.9763
345.0239	342.9763
345.0239	342.4644
344.0001	342.4644
344.0001	341.9524
342.9763	341.9524
342.9763	341.4405
341.9524	341.4405
341.9524	340.9286
339.9048	340.9286
339.9048	340.4167
339.3929	340.4167
339.3929	339.9048
338.8810	339.9048
338.8810	339.3929
338.3691	339.3929
338.3691	336.8334
337.8572	336.8334
337.8572	334.7858
337.3453	334.7858
337.3453	333.7620
336.8334	333.7620
336.8334	332.7382
336.3215	332.7382
336.3215	332.2263
335.8096	332.2263
335.8096	331.7143
335.2977	331.7143
335.2977	331.2024
334.7858	331.2024
334.7858	330.6905
334.2739	330.6905
334.2739	330.1786
333.2501	330.1786
333.2501	329.6667
332.2263	329.6667
332.2263	329.1548
329.6667	329.1548
329.6667	328.6429
326.0834	328.6429
326.0834	329.1548
325.0596	329.1548
325.0596	328.6429
323.0120	328.6429
323.0120	328.1310
321.9882	328.1310
321.9882	327.6191
321.4763	327.6191
321.4763	327.1072
320.9643	327.1072
320.9643	326.5953
320.4524	326.5953
320.4524	326.0834
319.9405	326.0834
319.9405	325.5715
319.4286	325.5715
319.4286	325.0596
318.9167	325.0596
318.9167	324.5477
318.4048	324.5477
318.4048	324.0358
317.8929	324.0358
317.8929	323.5239
316.8691	323.5239
316.8691	323.0120
316.3572	323.0120
316.3572	322.5001
315.3334	322.5001
315.3334	321.9882
314.3096	321.9882
314.3096	321.4763
311.7501	321.4763
311.7501	320.9643
307.6548	320.9643
307.6548	321.4763
307.1429	321.4763
307.1429	320.9643
306.1191	320.9643
306.1191	320.4524
303.5596	320.4524
303.5596	319.9405
299.4643	319.9405
299.4643	320.4524
296.9048	320.4524
296.9048	320.9643
295.8810	320.9643
295.8810	321.4763
294.8572	321.4763
294.8572	320.9643
294.3453	320.9643
294.3453	320.4524
293.3215	320.4524
293.3215	319.9405
292.2977	319.9405
292.2977	319.4286
289.7382	319.4286
289.7382	318.9167
287.1786	318.9167
287.1786	319.4286
286.6667	319.4286
286.6667	318.9167
287.1786	318.9167
287.1786	316.3572
286.6667	316.3572
286.6667	315.3334
287.1786	315.3334
287.1786	312.7739
287.6905	312.7739
287.6905	305.0953
287.1786	305.0953
287.1786	299.9762
287.6905	299.9762
287.6905	299.4643
288.2024	299.4643
288.2024	298.9524
288.7143	298.9524
288.7143	297.9286
289.2262	297.9286
289.2262	296.9048
289.7382	296.9048
289.7382	294.3453
290.2501	294.3453
290.2501	291.7858
290.7620	291.7858
290.7620	291.2739
291.2739	291.2739
291.2739	290.7620
291.7858	290.7620
291.7858	290.2501
292.2977	290.2501
292.2977	289.7382
292.8096	289.7382
292.8096	288.7143
293.3215	288.7143
293.3215	287.6905
293.8334	287.6905
293.8334	285.1310
294.3453	285.1310
294.3453	281.0358
293.8334	281.0358
293.8334	278.4762
293.3215	278.4762
293.3215	277.4524
292.8096	277.4524
292.8096	276.4286
292.2977	276.4286
292.2977	275.9167
291.7858	275.9167
291.7858	275.4048
291.2739	275.4048
291.2739	274.8929
290.7620	274.8929
290.7620	274.3810
290.2501	274.3810
290.2501	268.2381
290.7620	268.2381
290.7620	267.2143
291.2739	267.2143
291.2739	266.1905
291.7858	266.1905
291.7858	263.6310
292.2977	263.6310
292.2977	261.0715
291.7858	261.0715
291.7858	258.5120
291.2739	258.5120
291.2739	257.4881
290.7620	257.4881
290.7620	256.4643
290.2501	256.4643
290.2501	255.9524
289.7382	255.9524
289.7382	255.4405
289.2262	255.4405
289.2262	254.9286
288.7143	254.9286
288.7143	254.4167
288.2024	254.4167
288.2024	253.9048
287.6905	253.9048
287.6905	251.3453
287.1786	251.3453
287.1786	249.8096
286.6667	249.8096
286.6667	248.7858
287.1786	248.7858
287.1786	247.7620
287.6905	247.7620
287.6905	245.2024
288.2024	245.2024
288.2024	243.1548
288.7143	243.1548
288.7143	242.1310
289.2262	242.1310
289.2262	240.5953
289.7382	240.5953
289.7382	238.5477
290.2501	238.5477
290.2501	235.9881
290.7620	235.9881
290.7620	232.9167
290.2501	232.9167
290.2501	230.3572
289.7382	230.3572
289.7382	227.7977
289.2262	227.7977
289.2262	226.2619
289.7382	226.2619
289.7382	225.2381
290.2501	225.2381
290.2501	222.6786
290.7620	222.6786
290.7620	219.0953
290.2501	219.0953
290.2501	217.5596
290.7620	217.5596
290.7620	217.0477
291.2739	217.0477
291.2739	216.0239
291.7858	216.0239
291.7858	215.0000
292.2977	215.0000
292.2977	213.4643
292.8096	213.4643
292.8096	210.9048
293.3215	210.9048
293.3215	209.3691
293.8334	209.3691
293.8334	208.8572
294.3453	208.8572
294.3453	207.8334
294.8572	207.8334
294.8572	206.8096
295.3691	206.8096
295.3691	205.7858
295.8810	205.7858
295.8810	205.2738
296.3929	205.2738
296.3929	204.7619
296.9048	204.7619
296.9048	204.2500
297.4167	204.2500
297.4167	203.7381
297.9286	203.7381
297.9286	203.2262
298.9524	203.2262
298.9524	202.7143
299.4643	202.7143
299.4643	202.2024
299.9762	202.2024
299.9762	201.6905
300.4882	201.6905
300.4882	201.1786
301.0001	201.1786
301.0001	200.6667
301.5120	200.6667
301.5120	200.1548
302.0239	200.1548
302.0239	199.6429
303.0477	199.6429
303.0477	199.1310
303.5596	199.1310
303.5596	198.6191
304.5834	198.6191
304.5834	198.1072
305.6072	198.1072
305.6072	197.5953
306.1191	197.5953
306.1191	197.0834
306.6310	197.0834
306.6310	196.5715
307.1429	196.5715
307.1429	196.0596
307.6548	196.0596
307.6548	195.5477
308.1667	195.5477
308.1667	195.0358
308.6786	195.0358
308.6786	194.0119
309.1905	194.0119
309.1905	193.5000
310.2143	193.5000
310.2143	192.9881
311.2382	192.9881
311.2382	192.4762
311.7501	192.4762
311.7501	191.9643
312.2620	191.9643
312.2620	191.4524
312.7739	191.4524
312.7739	190.9405
313.2858	190.9405
313.2858	190.4286
315.8453	190.4286
315.8453	189.9167
316.8691	189.9167
316.8691	189.4048
317.8929	189.4048
317.8929	188.8929
318.4048	188.8929
318.4048	188.3810
318.9167	188.3810
318.9167	187.8691
319.4286	187.8691
319.4286	187.3572
320.4524	187.3572
320.4524	186.8453
323.0120	186.8453
323.0120	186.3334
324.0358	186.3334
324.0358	185.8215
325.0596	185.8215
325.0596	185.3096
326.0834	185.3096
326.0834	184.7977
326.5953	184.7977
326.5953	184.2857
327.6191	184.2857
327.6191	183.7738
328.6429	183.7738
328.6429	183.2619
329.1548	183.2619
329.1548	182.7500
329.6667	182.7500
329.6667	182.2381
330.1786	182.2381
330.1786	181.7262
330.6905	181.7262
330.6905	181.2143
331.2024	181.2143
331.2024	180.7024
331.7143	180.7024
331.7143	180.1905
332.2263	180.1905
332.2263	179.1667
332.7382	179.1667
332.7382	178.6548
333.2501	178.6548
333.2501	178.1429
333.7620	178.1429
333.7620	177.6310
334.2739	177.6310
334.2739	176.6072
334.7858	176.6072
334.7858	175.5834
335.2977	175.5834
335.2977	173.0238
335.8096	173.0238
335.8096	169.4405
335.2977	169.4405
335.2977	166.8810
334.7858	166.8810
334.7858	164.3215
334.2739	164.3215
334.2739	161.7619
333.7620	161.7619
333.7620	160.7381
333.2501	160.7381
333.2501	159.2024
334.7858	159.2024
