290.2501	152.5476
290.7620	152.5476
290.7620	153.0596
291.2739	153.0596
291.2739	153.5715
291.7858	153.5715
291.7858	154.0834
292.8096	154.0834
292.8096	154.5953
293.8334	154.5953
293.8334	155.1072
296.3929	155.1072
296.3929	155.6191
299.4643	155.6191
299.4643	155.1072
302.0239	155.1072
302.0239	154.5953
303.0477	154.5953
303.0477	154.0834
304.0715	154.0834
304.0715	153.5715
306.1191	153.5715
306.1191	154.5953
306.6310	154.5953
306.6310	155.1072
307.1429	155.1072
307.1429	155.6191
306.6310	155.6191
306.6310	159.2024
307.1429	159.2024
307.1429	161.7619
307.6548	161.7619
307.6548	162.7857
308.1667	162.7857
308.1667	163.8096
308.6786	163.8096
308.6786	164.3215
309.1905	164.3215
309.1905	164.8334
309.7024	164.8334
309.7024	165.8572
310.2143	165.8572
310.2143	166.8810
310.7262	166.8810
310.7262	167.9048
311.2382	167.9048
311.2382	168.4167
311.7501	168.4167
311.7501	168.9286
312.2620	168.9286
312.2620	169.4405
312.7739	169.4405
312.7739	169.9524
313.2858	169.9524
313.2858	170.4643
313.7977	170.4643
313.7977	170.9762
314.8215	170.9762
314.8215	171.4881
315.8453	171.4881
315.8453	172.0000
318.4048	172.0000
318.4048	172.5119
321.4763	172.5119
321.4763	172.0000
324.0358	172.0000
324.0358	171.4881
326.5953	171.4881
326.5953	170.9762
329.1548	170.9762
329.1548	170.4643
330.1786	170.4643
330.1786	169.9524
331.2024	169.9524
331.2024	169.4405
332.2263	169.4405
332.2263	168.9286
332.7382	168.9286
332.7382	168.4167
334.2739	168.4167
334.2739	167.9048
336.3215	167.9048
336.3215	167.3929
337.3453	167.3929
337.3453	167.9048
339.9048	167.9048
339.9048	168.4167
341.9524	168.4167
341.9524	168.9286
342.9763	168.9286
342.9763	169.4405
345.5358	169.4405
345.5358	169.9524
352.7024	169.9524
352.7024	169.4405
356.2858	169.4405
356.2858	168.9286
358.8453	168.9286
358.8453	169.4405
361.4048	169.4405
361.4048	169.9524
366.0120	169.9524
366.0120	169.4405
367.0358	169.4405
367.0358	169.9524
368.0596	169.9524
368.0596	170.4643
370.6191	170.4643
370.6191	170.9762
373.6905	170.9762
373.6905	170.4643
376.2501	170.4643
376.2501	169.9524
377.2739	169.9524
377.2739	169.4405
383.4167	169.4405
383.4167	169.9524
384.9525	169.9524
384.9525	170.4643
385.4644	170.4643
385.4644	170.9762
386.4882	170.9762
386.4882	171.4881
387.0001	171.4881
387.0001	172.0000
388.0239	172.0000
388.0239	172.5119
389.0477	172.5119
389.0477	173.0238
389.5596	173.0238
389.5596	173.5357
390.5834	173.5357
390.5834	174.0477
391.0953	174.0477
391.0953	174.5596
391.6072	174.5596
391.6072	175.0715
392.6310	175.0715
392.6310	175.5834
393.6548	175.5834
393.6548	176.0953
396.2144	176.0953
396.2144	176.6072
396.7263	176.6072
396.7263	177.1191
397.2382	177.1191
397.2382	177.6310
397.7501	177.6310
397.7501	178.1429
398.7739	178.1429
398.7739	178.6548
399.7977	178.6548
399.7977	179.1667
400.8215	179.1667
400.8215	179.6786
401.8453	179.6786
401.8453	180.1905
402.8691	180.1905
402.8691	180.7024
403.8929	180.7024
403.8929	181.2143
405.4286	181.2143
405.4286	181.7262
406.4525	181.7262
406.4525	182.2381
406.9644	182.2381
406.9644	182.7500
407.4763	182.7500
407.4763	183.2619
407.9882	183.2619
407.9882	183.7738
408.5001	183.7738
408.5001	184.2857
409.0120	184.2857
409.0120	184.7977
409.5239	184.7977
409.5239	185.3096
410.0358	185.3096
410.0358	185.8215
411.0596	185.8215
411.0596	186.3334
412.0834	186.3334
412.0834	186.8453
413.1072	186.8453
413.1072	187.3572
414.1310	187.3572
414.1310	187.8691
414.6429	187.8691
414.6429	188.3810
415.1548	188.3810
415.1548	188.8929
415.6667	188.8929
415.6667	189.4048
416.1787	189.4048
416.1787	189.9167
416.6906	189.9167
416.6906	190.4286
417.2025	190.4286
417.2025	190.9405
417.7144	190.9405
417.7144	191.4524
418.2263	191.4524
418.2263	191.9643
418.7382	191.9643
418.7382	192.4762
419.2501	192.4762
419.2501	192.9881
419.7620	192.9881
419.7620	194.0119
420.2739	194.0119
420.2739	194.5238
420.7858	194.5238
420.7858	195.0358
421.2977	195.0358
421.2977	195.5477
421.8096	195.5477
421.8096	196.0596
422.3215	196.0596
422.3215	196.5715
422.8334	196.5715
422.8334	197.0834
423.8572	197.0834
423.8572	197.5953
424.3691	197.5953
424.3691	198.1072
424.8810	198.1072
424.8810	198.6191
425.3929	198.6191
425.3929	199.6429
425.9048	199.6429
425.9048	200.1548
426.4167	200.1548
426.4167	201.1786
426.9287	201.1786
426.9287	202.7143
427.4406	202.7143
427.4406	203.7381
427.9525	203.7381
427.9525	204.7619
428.4644	204.7619
428.4644	205.7858
428.9763	205.7858
428.9763	206.2977
429.4882	206.2977
429.4882	207.3215
430.0001	207.3215
430.0001	207.8334
430.5120	207.8334
430.5120	208.3453
431.0239	208.3453
431.0239	208.8572
431.5358	208.8572
431.5358	209.3691
432.0477	209.3691
432.0477	209.8810
433.0715	209.8810
433.0715	211.4167
433.5834	211.4167
433.5834	212.4405
434.0953	212.4405
434.0953	213.4643
434.6072	213.4643
434.6072	214.4881
435.1191	214.4881
435.1191	215.5119
435.6310	215.5119
435.6310	216.5358
436.1429	216.5358
436.1429	217.5596
436.6548	217.5596
436.6548	219.0953
437.1667	219.0953
437.1667	220.1191
437.6787	220.1191
437.6787	221.1429
438.1906	221.1429
438.1906	221.6548
438.7025	221.6548
438.7025	223.7024
439.2144	223.7024
439.2144	224.7262
439.7263	224.7262
439.7263	225.7500
440.2382	225.7500
440.2382	226.2619
440.7501	226.2619
440.7501	228.3096
441.2620	228.3096
441.2620	229.3334
441.7739	229.3334
441.7739	231.8929
442.2858	231.8929
442.2858	233.9405
442.7977	233.9405
442.7977	236.5000
443.3096	236.5000
443.3096	238.5477
443.8215	238.5477
443.8215	240.0834
444.3334	240.0834
444.3334	242.1310
444.8453	242.1310
444.8453	243.6667
445.3572	243.6667
445.3572	245.2024
445.8691	245.2024
445.8691	246.2262
446.3810	246.2262
446.3810	248.2739
446.8929	248.2739
446.8929	250.8334
447.4048	250.8334
447.4048	253.3929
447.9168	253.3929
447.9168	254.9286
447.4048	254.9286
447.4048	257.4881
446.8929	257.4881
446.8929	262.6072
446.3810	262.6072
446.3810	264.6548
445.8691	264.6548
445.8691	266.1905
445.3572	266.1905
445.3572	268.2381
444.8453	268.2381
444.8453	270.7977
444.3334	270.7977
444.3334	272.3334
443.8215	272.3334
443.8215	274.8929
443.3096	274.8929
443.3096	276.9405
442.7977	276.9405
442.7977	278.4762
442.2858	278.4762
442.2858	279.5001
441.7739	279.5001
441.7739	281.0358
441.2620	281.0358
441.2620	282.5715
440.7501	282.5715
440.7501	283.5953
440.2382	283.5953
440.2382	284.1072
439.7263	284.1072
439.7263	285.1310
439.2144	285.1310
439.2144	286.1548
438.7025	286.1548
438.7025	287.1786
438.1906	287.1786
438.1906	288.2024
437.6787	288.2024
437.6787	289.2262
437.1667	289.2262
437.1667	289.7382
436.6548	289.7382
436.6548	290.7620
436.1429	290.7620
436.1429	291.7858
435.6310	291.7858
435.6310	292.8096
435.1191	292.8096
435.1191	293.3215
434.6072	293.3215
434.6072	293.8334
434.0953	293.8334
434.0953	294.3453
433.5834	294.3453
433.5834	295.3691
433.0715	295.3691
433.0715	296.3929
432.0477	296.3929
432.0477	296.9048
431.5358	296.9048
431.5358	297.4167
431.0239	297.4167
431.0239	297.9286
430.5120	297.9286
430.5120	298.4405
430.0001	298.4405
430.0001	298.9524
429.4882	298.9524
429.4882	299.4643
428.9763	299.4643
428.9763	299.9762
428.4644	299.9762
428.4644	301.0001
427.9525	301.0001
427.9525	301.5120
427.4406	301.5120
427.4406	302.5358
426.9287	302.5358
426.9287	303.5596
426.4167	303.5596
426.4167	304.0715
425.9048	304.0715
425.9048	304.5834
425.3929	304.5834
425.3929	305.0953
424.8810	305.0953
424.8810	305.6072
424.3691	305.6072
424.3691	306.1191
423.8572	306.1191
423.8572	306.6310
423.3453	306.6310
423.3453	307.1429
422.8334	307.1429
422.8334	307.6548
422.3215	307.6548
422.3215	308.1667
421.8096	308.1667
421.8096	308.6786
421.2977	308.6786
421.2977	309.1905
420.7858	309.1905
420.7858	309.7024
420.2739	309.7024
420.2739	310.2143
419.7620	310.2143
419.7620	310.7262
419.2501	310.7262
419.2501	311.7501
418.7382	311.7501
418.7382	312.2620
418.2263	312.2620
418.2263	312.7739
417.7144	312.7739
417.7144	313.2858
417.2025	313.2858
417.2025	313.7977
416.6906	313.7977
416.6906	314.3096
416.1787	314.3096
416.1787	314.8215
415.6667	314.8215
415.6667	315.3334
415.1548	315.3334
415.1548	315.8453
414.1310	315.8453
414.1310	316.3572
413.6191	316.3572
413.6191	316.8691
412.5953	316.8691
412.5953	317.3810
412.0834	317.3810
412.0834	317.8929
411.5715	317.8929
411.5715	318.4048
410.5477	318.4048
410.5477	318.9167
409.5239	318.9167
409.5239	319.4286
408.5001	319.4286
408.5001	319.9405
407.4763	319.9405
407.4763	320.4524
406.9644	320.4524
406.9644	320.9643
406.4525	320.9643
406.4525	321.4763
405.9406	321.4763
405.9406	321.9882
405.4286	321.9882
405.4286	322.5001
404.9167	322.5001
404.9167	323.0120
404.4048	323.0120
404.4048	324.0358
403.8929	324.0358
403.8929	324.5477
403.3810	324.5477
403.3810	325.5715
402.8691	325.5715
402.8691	326.0834
402.3572	326.0834
402.3572	326.5953
401.8453	326.5953
401.8453	327.1072
401.3334	327.1072
401.3334	327.6191
400.8215	327.6191
400.8215	328.1310
400.3096	328.1310
400.3096	328.6429
399.7977	328.6429
399.7977	329.1548
399.2858	329.1548
399.2858	329.6667
398.7739	329.6667
398.7739	330.1786
397.7501	330.1786
397.7501	330.6905
397.2382	330.6905
397.2382	331.2024
396.2144	331.2024
396.2144	331.7143
395.7025	331.7143
395.7025	332.2263
395.1906	332.2263
395.1906	332.7382
394.6786	332.7382
394.6786	333.2501
394.1667	333.2501
394.1667	333.7620
393.6548	333.7620
393.6548	334.2739
392.6310	334.2739
392.6310	334.7858
391.6072	334.7858
391.6072	335.2977
391.0953	335.2977
391.0953	335.8096
390.5834	335.8096
390.5834	336.3215
390.0715	336.3215
390.0715	336.8334
388.5358	336.8334
388.5358	337.3453
387.5120	337.3453
387.5120	337.8572
386.4882	337.8572
386.4882	338.3691
385.9763	338.3691
385.9763	338.8810
384.9525	338.8810
384.9525	339.3929
383.9286	339.3929
383.9286	339.9048
382.9048	339.9048
382.9048	340.4167
382.3929	340.4167
382.3929	340.9286
380.8572	340.9286
380.8572	341.4405
379.3215	341.4405
379.3215	341.9524
376.2501	341.9524
376.2501	341.4405
371.1310	341.4405
371.1310	341.9524
368.5715	341.9524
368.5715	342.4644
367.0358	342.4644
367.0358	342.9763
360.8929	342.9763
360.8929	343.4882
358.3334	343.4882
358.3334	344.0001
356.7977	344.0001
356.7977	344.5120
354.7501	344.5120
354.7501	345.0239
349.6310	345.0239
349.6310	344.5120
348.6072	344.5120
348.6072	344.0001
348.0953	344.0001
348.0953	343.4882
347.0715	343.4882
347.0715	342.9763
346.0477	342.9763
346.0477	342.4644
343.4882	342.4644
343.4882	341.9524
340.4167	341.9524
340.4167	341.4405
339.3929	341.4405
339.3929	340.9286
336.8334	340.9286
336.8334	340.4167
333.7620	340.4167
333.7620	339.9048
331.2024	339.9048
331.2024	339.3929
328.6429	339.3929
328.6429	338.8810
325.5715	338.8810
325.5715	339.3929
324.0358	339.3929
324.0358	338.8810
321.9882	338.8810
321.9882	338.3691
320.4524	338.3691
320.4524	337.8572
319.4286	337.8572
319.4286	337.3453
316.8691	337.3453
316.8691	336.8334
315.3334	336.8334
315.3334	336.3215
313.7977	336.3215
313.7977	335.8096
311.2382	335.8096
311.2382	335.2977
308.1667	335.2977
308.1667	334.7858
306.6310	334.7858
306.6310	334.2739
306.1191	334.2739
306.1191	333.7620
305.6072	333.7620
305.6072	333.2501
305.0953	333.2501
305.0953	332.7382
304.5834	332.7382
304.5834	332.2263
303.5596	332.2263
303.5596	331.7143
302.5358	331.7143
302.5358	331.2024
301.5120	331.2024
301.5120	330.6905
298.9524	330.6905
298.9524	330.1786
296.3929	330.1786
296.3929	330.6905
295.3691	330.6905
295.3691	330.1786
293.8334	330.1786
293.8334	329.6667
293.3215	329.6667
293.3215	329.1548
292.8096	329.1548
292.8096	328.6429
292.2977	328.6429
292.2977	327.1072
291.7858	327.1072
291.7858	326.0834
291.2739	326.0834
291.2739	325.0596
290.7620	325.0596
290.7620	324.5477
290.2501	324.5477
290.2501	324.0358
289.7382	324.0358
289.7382	323.5239
289.2262	323.5239
289.2262	323.0120
288.7143	323.0120
288.7143	322.5001
288.2024	322.5001
288.2024	321.9882
287.6905	321.9882
287.6905	321.4763
287.1786	321.4763
287.1786	320.9643
286.6667	320.9643
286.6667	320.4524
286.1548	320.4524
286.1548	319.9405
285.6429	319.9405
285.6429	319.4286
285.1310	319.4286
285.1310	318.9167
284.1072	318.9167
284.1072	318.4048
283.0834	318.4048
283.0834	317.8929
280.5239	317.8929
280.5239	317.3810
277.9643	317.3810
277.9643	316.8691
273.3572	316.8691
273.3572	317.3810
270.7977	317.3810
270.7977	317.8929
269.7739	317.8929
269.7739	318.4048
268.7501	318.4048
268.7501	318.9167
268.2381	318.9167
268.2381	319.4286
267.7262	319.4286
267.7262	319.9405
267.2143	319.9405
267.2143	320.4524
266.7024	320.4524
266.7024	320.9643
265.6786	320.9643
265.6786	321.4763
264.6548	321.4763
264.6548	321.9882
263.6310	321.9882
263.6310	322.5001
262.6072	322.5001
262.6072	323.0120
262.0953	323.0120
262.0953	323.5239
260.5596	323.5239
260.5596	324.0358
259.5358	324.0358
259.5358	324.5477
257.4881	324.5477
257.4881	325.0596
255.4405	325.0596
255.4405	325.5715
254.4167	325.5715
254.4167	326.0834
251.8572	326.0834
251.8572	326.5953
250.8334	326.5953
250.8334	326.0834
250.3215	326.0834
250.3215	325.5715
249.8096	325.5715
249.8096	325.0596
248.7858	325.0596
248.7858	324.5477
247.7620	324.5477
247.7620	324.0358
246.7381	324.0358
246.7381	323.5239
245.7143	323.5239
245.7143	323.0120
243.1548	323.0120
243.1548	321.9882
242.6429	321.9882
242.6429	320.9643
242.1310	320.9643
242.1310	320.4524
241.6191	320.4524
241.6191	319.9405
241.1072	319.9405
241.1072	319.4286
240.5953	319.4286
240.5953	318.9167
240.0834	318.9167
240.0834	318.4048
239.5715	318.4048
239.5715	317.8929
238.5477	317.8929
238.5477	317.3810
237.5239	317.3810
237.5239	316.8691
237.0119	316.8691
237.0119	315.3334
237.5239	315.3334
237.5239	314.3096
238.0358	314.3096
238.0358	311.7501
238.5477	311.7501
238.5477	306.1191
238.0358	306.1191
238.0358	304.0715
238.5477	304.0715
238.5477	303.5596
239.0596	303.5596
239.0596	302.5358
239.5715	302.5358
239.5715	301.5120
240.0834	301.5120
240.0834	298.9524
240.5953	298.9524
240.5953	295.8810
240.0834	295.8810
240.0834	293.3215
239.5715	293.3215
239.5715	292.8096
240.0834	292.8096
240.0834	292.2977
240.5953	292.2977
240.5953	291.7858
241.1072	291.7858
241.1072	291.2739
241.6191	291.2739
241.6191	290.2501
242.1310	290.2501
242.1310	289.2262
242.6429	289.2262
242.6429	288.2024
243.1548	288.2024
243.1548	285.6429
243.6667	285.6429
243.6667	281.5477
244.1786	281.5477
244.1786	281.0358
244.6905	281.0358
244.6905	280.5239
245.2024	280.5239
245.2024	279.5001
245.7143	279.5001
245.7143	278.4762
246.2262	278.4762
246.2262	275.9167
246.7381	275.9167
246.7381	273.3572
246.2262	273.3572
246.2262	270.7977
245.7143	270.7977
245.7143	268.2381
245.2024	268.2381
245.2024	267.2143
244.6905	267.2143
244.6905	266.1905
244.1786	266.1905
244.1786	265.6786
243.6667	265.6786
243.6667	265.1667
243.1548	265.1667
243.1548	264.6548
242.6429	264.6548
242.6429	264.1429
242.1310	264.1429
242.1310	263.6310
241.6191	263.6310
241.6191	263.1191
240.5953	263.1191
240.5953	262.6072
239.5715	262.6072
239.5715	262.0953
237.0119	262.0953
237.0119	261.5834
234.4524	261.5834
234.4524	262.0953
233.9405	262.0953
233.9405	260.5596
233.4286	260.5596
233.4286	259.5358
232.9167	259.5358
232.9167	258.5120
233.4286	258.5120
233.4286	258.0000
233.9405	258.0000
233.9405	257.4881
234.4524	257.4881
234.4524	256.4643
234.9643	256.4643
234.9643	255.4405
235.4762	255.4405
235.4762	252.8810
235.9881	252.8810
235.9881	249.2977
235.4762	249.2977
235.4762	246.7381
234.9643	246.7381
234.9643	245.7143
234.4524	245.7143
234.4524	244.6905
233.9405	244.6905
233.9405	243.6667
233.4286	243.6667
233.4286	243.1548
232.9167	243.1548
232.9167	242.6429
232.4048	242.6429
232.4048	242.1310
234.9643	242.1310
234.9643	241.6191
237.0119	241.6191
237.0119	241.1072
238.0358	241.1072
238.0358	240.5953
239.0596	240.5953
239.0596	240.0834
239.5715	240.0834
239.5715	239.5715
240.0834	239.5715
240.0834	239.0596
240.5953	239.0596
240.5953	238.5477
241.1072	238.5477
241.1072	238.0358
241.6191	238.0358
241.6191	237.0119
242.1310	237.0119
242.1310	235.9881
242.6429	235.9881
242.6429	234.9643
243.1548	234.9643
243.1548	232.4048
243.6667	232.4048
243.6667	227.2858
243.1548	227.2858
243.1548	224.2143
242.6429	224.2143
242.6429	221.1429
243.1548	221.1429
243.1548	220.1191
243.6667	220.1191
243.6667	218.5834
244.1786	218.5834
244.1786	216.0239
244.6905	216.0239
244.6905	213.9762
247.2500	213.9762
247.2500	213.4643
248.2739	213.4643
248.2739	212.9524
249.2977	212.9524
249.2977	212.4405
250.3215	212.4405
250.3215	211.9286
250.8334	211.9286
250.8334	211.4167
251.3453	211.4167
251.3453	210.9048
251.8572	210.9048
251.8572	210.3929
252.3691	210.3929
252.3691	209.8810
252.8810	209.8810
252.8810	209.3691
253.3929	209.3691
253.3929	208.3453
253.9048	208.3453
253.9048	207.3215
254.4167	207.3215
254.4167	206.8096
254.9286	206.8096
254.9286	206.2977
255.4405	206.2977
255.4405	205.7858
255.9524	205.7858
255.9524	205.2738
256.4643	205.2738
256.4643	204.7619
256.9762	204.7619
256.9762	203.7381
257.4881	203.7381
257.4881	202.7143
258.0000	202.7143
258.0000	201.6905
258.5120	201.6905
258.5120	200.6667
259.0239	200.6667
259.0239	199.6429
259.5358	199.6429
259.5358	198.6191
260.0477	198.6191
260.0477	197.0834
260.5596	197.0834
260.5596	196.0596
261.0715	196.0596
261.0715	194.5238
261.5834	194.5238
261.5834	194.0119
262.0953	194.0119
262.0953	193.5000
262.6072	193.5000
262.6072	192.4762
263.1191	192.4762
263.1191	191.9643
263.6310	191.9643
263.6310	191.4524
264.1429	191.4524
264.1429	190.9405
264.6548	190.9405
264.6548	190.4286
265.1667	190.4286
265.1667	189.9167
265.6786	189.9167
265.6786	189.4048
266.1905	189.4048
266.1905	188.8929
266.7024	188.8929
266.7024	188.3810
267.2143	188.3810
267.2143	187.8691
267.7262	187.8691
267.7262	186.8453
268.2381	186.8453
268.2381	185.8215
268.7501	185.8215
268.7501	185.3096
269.7739	185.3096
269.7739	184.7977
270.7977	184.7977
270.7977	185.3096
273.3572	185.3096
273.3572	185.8215
280.0120	185.8215
280.0120	185.3096
282.5715	185.3096
282.5715	184.7977
283.5953	184.7977
283.5953	184.2857
284.6191	184.2857
284.6191	183.7738
285.1310	183.7738
285.1310	183.2619
285.6429	183.2619
285.6429	182.7500
286.1548	182.7500
286.1548	182.2381
286.6667	182.2381
286.6667	181.7262
287.1786	181.7262
287.1786	180.7024
287.6905	180.7024
287.6905	179.6786
288.2024	179.6786
288.2024	177.1191
288.7143	177.1191
288.7143	174.5596
289.2262	174.5596
289.2262	170.4643
288.7143	170.4643
288.7143	169.4405
289.2262	169.4405
289.2262	168.4167
289.7382	168.4167
289.7382	165.8572
290.2501	165.8572
290.2501	163.2977
289.7382	163.2977
289.7382	160.7381
289.2262	160.7381
289.2262	159.7143
288.7143	159.7143
288.7143	158.6905
288.2024	158.6905
288.2024	157.6667
287.6905	157.6667
287.6905	155.6191
288.2024	155.6191
288.2024	153.0596
288.7143	153.0596
288.7143	152.5476
289.2262	152.5476
289.2262	152.0357
290.2501	152.0357
