305.0953	146.9167
305.6072	146.9167
305.6072	147.9405
306.1191	147.9405
306.1191	148.9643
306.6310	148.9643
306.6310	151.0119
307.1429	151.0119
307.1429	152.5476
307.6548	152.5476
307.6548	156.1310
308.1667	156.1310
308.1667	158.6905
308.6786	158.6905
308.6786	159.7143
309.1905	159.7143
309.1905	160.7381
309.7024	160.7381
309.7024	161.2500
310.2143	161.2500
310.2143	161.7619
310.7262	161.7619
310.7262	162.2738
311.2382	162.2738
311.2382	162.7857
311.7501	162.7857
311.7501	163.2977
312.7739	163.2977
312.7739	163.8096
313.7977	163.8096
313.7977	164.3215
316.3572	164.3215
316.3572	164.8334
320.9643	164.8334
320.9643	164.3215
323.0120	164.3215
323.0120	164.8334
324.0358	164.8334
324.0358	165.3453
325.0596	165.3453
325.0596	165.8572
326.5953	165.8572
326.5953	166.3691
327.6191	166.3691
327.6191	166.8810
330.1786	166.8810
330.1786	167.3929
332.7382	167.3929
332.7382	166.8810
335.2977	166.8810
335.2977	166.3691
337.3453	166.3691
337.3453	165.8572
338.3691	165.8572
338.3691	165.3453
339.3929	165.3453
339.3929	164.8334
339.9048	164.8334
339.9048	164.3215
344.0001	164.3215
344.0001	164.8334
356.7977	164.8334
356.7977	165.3453
361.4048	165.3453
361.4048	164.8334
363.9644	164.8334
363.9644	164.3215
366.0120	164.3215
366.0120	163.8096
369.0834	163.8096
369.0834	163.2977
379.8334	163.2977
379.8334	163.8096
382.9048	163.8096
382.9048	163.2977
383.4167	163.2977
383.4167	163.8096
385.9763	163.8096
385.9763	164.3215
390.0715	164.3215
390.0715	164.8334
393.1429	164.8334
393.1429	165.3453
396.2144	165.3453
396.2144	165.8572
398.7739	165.8572
398.7739	166.3691
402.8691	166.3691
402.8691	166.8810
405.4286	166.8810
405.4286	167.3929
409.5239	167.3929
409.5239	167.9048
410.0358	167.9048
410.0358	168.4167
410.5477	168.4167
410.5477	168.9286
411.0596	168.9286
411.0596	169.4405
411.5715	169.4405
411.5715	169.9524
412.5953	169.9524
412.5953	170.4643
413.6191	170.4643
413.6191	170.9762
416.1787	170.9762
416.1787	171.4881
418.2263	171.4881
418.2263	172.0000
419.2501	172.0000
419.2501	172.5119
420.2739	172.5119
420.2739	173.0238
421.2977	173.0238
421.2977	173.5357
422.8334	173.5357
422.8334	174.0477
424.3691	174.0477
424.3691	174.5596
425.3929	174.5596
425.3929	175.0715
426.4167	175.0715
426.4167	175.5834
427.4406	175.5834
427.4406	176.0953
428.9763	176.0953
428.9763	176.6072
429.4882	176.6072
429.4882	177.1191
430.0001	177.1191
430.0001	177.6310
430.5120	177.6310
430.5120	178.1429
431.5358	178.1429
431.5358	178.6548
432.0477	178.6548
432.0477	179.1667
433.0715	179.1667
433.0715	179.6786
434.0953	179.6786
434.0953	180.1905
435.1191	180.1905
435.1191	180.7024
436.6548	180.7024
436.6548	181.2143
437.6787	181.2143
437.6787	181.7262
438.1906	181.7262
438.1906	182.2381
439.2144	182.2381
439.2144	182.7500
439.7263	182.7500
439.7263	183.7738
440.2382	183.7738
440.2382	184.7977
440.7501	184.7977
440.7501	185.3096
441.2620	185.3096
441.2620	185.8215
441.7739	185.8215
441.7739	186.3334
442.2858	186.3334
442.2858	186.8453
442.7977	186.8453
442.7977	187.3572
443.3096	187.3572
443.3096	187.8691
444.3334	187.8691
444.3334	188.3810
444.8453	188.3810
444.8453	188.8929
445.3572	188.8929
445.3572	189.4048
445.8691	189.4048
445.8691	189.9167
446.3810	189.9167
446.3810	190.4286
446.8929	190.4286
446.8929	190.9405
447.4048	190.9405
447.4048	191.9643
447.9168	191.9643
447.9168	192.4762
448.4287	192.4762
448.4287	193.5000
448.9406	193.5000
448.9406	194.0119
449.4525	194.0119
449.4525	194.5238
449.9644	194.5238
449.9644	195.5477
450.4763	195.5477
450.4763	196.0596
450.9882	196.0596
450.9882	196.5715
451.5001	196.5715
451.5001	197.0834
452.0120	197.0834
452.0120	197.5953
452.5239	197.5953
452.5239	198.6191
453.0358	198.6191
453.0358	199.1310
453.5477	199.1310
453.5477	200.1548
454.0596	200.1548
454.0596	200.6667
454.5715	200.6667
454.5715	201.6905
455.0834	201.6905
455.0834	202.2024
455.5953	202.2024
455.5953	203.2262
456.1072	203.2262
456.1072	203.7381
456.6191	203.7381
456.6191	204.7619
457.1310	204.7619
457.1310	205.7858
457.6429	205.7858
457.6429	206.8096
458.1548	206.8096
458.1548	207.8334
458.6668	207.8334
458.6668	208.3453
459.1787	208.3453
459.1787	209.3691
459.6906	209.3691
459.6906	210.3929
460.2025	210.3929
460.2025	211.9286
460.7144	211.9286
460.7144	212.9524
461.2263	212.9524
461.2263	214.4881
461.7382	214.4881
461.7382	215.5119
462.2501	215.5119
462.2501	217.0477
462.7620	217.0477
462.7620	218.0715
463.2739	218.0715
463.2739	220.6310
463.7858	220.6310
463.7858	223.1905
464.2977	223.1905
464.2977	224.2143
464.8096	224.2143
464.8096	225.2381
465.3215	225.2381
465.3215	227.2858
465.8334	227.2858
465.8334	228.3096
466.3453	228.3096
466.3453	229.8453
466.8572	229.8453
466.8572	230.8691
467.3691	230.8691
467.3691	231.8929
467.8810	231.8929
467.8810	234.4524
468.3929	234.4524
468.3929	235.4762
468.9049	235.4762
468.9049	237.5239
469.4168	237.5239
469.4168	244.6905
468.9049	244.6905
468.9049	248.7858
468.3929	248.7858
468.3929	250.3215
467.8810	250.3215
467.8810	252.8810
467.3691	252.8810
467.3691	253.9048
466.8572	253.9048
466.8572	254.9286
466.3453	254.9286
466.3453	255.9524
465.8334	255.9524
465.8334	258.5120
465.3215	258.5120
465.3215	261.0715
464.8096	261.0715
464.8096	264.1429
464.2977	264.1429
464.2977	265.1667
463.7858	265.1667
463.7858	267.7262
463.2739	267.7262
463.2739	268.7501
462.7620	268.7501
462.7620	270.7977
462.2501	270.7977
462.2501	272.3334
461.7382	272.3334
461.7382	273.3572
461.2263	273.3572
461.2263	275.4048
460.7144	275.4048
460.7144	276.4286
460.2025	276.4286
460.2025	277.4524
459.6906	277.4524
459.6906	278.9881
459.1787	278.9881
459.1787	281.5477
458.6668	281.5477
458.6668	283.0834
458.1548	283.0834
458.1548	285.1310
457.6429	285.1310
457.6429	287.6905
457.1310	287.6905
457.1310	288.7143
456.6191	288.7143
456.6191	290.2501
456.1072	290.2501
456.1072	291.2739
455.5953	291.2739
455.5953	292.2977
455.0834	292.2977
455.0834	293.3215
454.5715	293.3215
454.5715	294.3453
454.0596	294.3453
454.0596	295.3691
453.5477	295.3691
453.5477	295.8810
453.0358	295.8810
453.0358	296.9048
452.5239	296.9048
452.5239	297.9286
452.0120	297.9286
452.0120	298.9524
451.5001	298.9524
451.5001	299.4643
450.9882	299.4643
450.9882	299.9762
450.4763	299.9762
450.4763	301.0001
449.9644	301.0001
449.9644	301.5120
449.4525	301.5120
449.4525	302.5358
448.9406	302.5358
448.9406	303.0477
448.4287	303.0477
448.4287	303.5596
447.9168	303.5596
447.9168	304.0715
447.4048	304.0715
447.4048	304.5834
446.8929	304.5834
446.8929	305.0953
446.3810	305.0953
446.3810	306.1191
445.8691	306.1191
445.8691	306.6310
445.3572	306.6310
445.3572	307.1429
444.8453	307.1429
444.8453	307.6548
444.3334	307.6548
444.3334	308.1667
443.8215	308.1667
443.8215	308.6786
443.3096	308.6786
443.3096	309.1905
442.7977	309.1905
442.7977	309.7024
442.2858	309.7024
442.2858	310.7262
441.7739	310.7262
441.7739	311.7501
441.2620	311.7501
441.2620	312.2620
440.7501	312.2620
440.7501	312.7739
440.2382	312.7739
440.2382	313.2858
439.7263	313.2858
439.7263	313.7977
439.2144	313.7977
439.2144	314.3096
438.7025	314.3096
438.7025	315.3334
438.1906	315.3334
438.1906	315.8453
437.6787	315.8453
437.6787	316.8691
436.6548	316.8691
436.6548	317.3810
436.1429	317.3810
436.1429	317.8929
435.6310	317.8929
435.6310	318.4048
435.1191	318.4048
435.1191	318.9167
434.6072	318.9167
434.6072	319.4286
434.0953	319.4286
434.0953	319.9405
433.5834	319.9405
433.5834	320.4524
433.0715	320.4524
433.0715	320.9643
432.5596	320.9643
432.5596	321.4763
432.0477	321.4763
432.0477	321.9882
431.5358	321.9882
431.5358	322.5001
431.0239	322.5001
431.0239	323.0120
430.5120	323.0120
430.5120	323.5239
430.0001	323.5239
430.0001	324.5477
428.9763	324.5477
428.9763	325.0596
427.9525	325.0596
427.9525	325.5715
426.9287	325.5715
426.9287	326.0834
426.4167	326.0834
426.4167	326.5953
425.3929	326.5953
425.3929	327.1072
424.8810	327.1072
424.8810	327.6191
423.8572	327.6191
423.8572	328.1310
423.3453	328.1310
423.3453	328.6429
422.8334	328.6429
422.8334	329.1548
422.3215	329.1548
422.3215	329.6667
421.2977	329.6667
421.2977	330.1786
420.2739	330.1786
420.2739	330.6905
419.7620	330.6905
419.7620	331.2024
419.2501	331.2024
419.2501	331.7143
418.7382	331.7143
418.7382	332.2263
417.7144	332.2263
417.7144	332.7382
416.6906	332.7382
416.6906	333.2501
416.1787	333.2501
416.1787	333.7620
415.1548	333.7620
415.1548	334.2739
414.1310	334.2739
414.1310	334.7858
413.6191	334.7858
413.6191	335.2977
412.5953	335.2977
412.5953	335.8096
412.0834	335.8096
412.0834	336.3215
411.0596	336.3215
411.0596	336.8334
410.5477	336.8334
410.5477	337.3453
409.5239	337.3453
409.5239	337.8572
408.5001	337.8572
408.5001	338.3691
407.9882	338.3691
407.9882	338.8810
405.9406	338.8810
405.9406	339.3929
404.9167	339.3929
404.9167	339.9048
402.8691	339.9048
402.8691	340.4167
401.3334	340.4167
401.3334	340.9286
396.7263	340.9286
396.7263	341.4405
394.1667	341.4405
394.1667	341.9524
392.6310	341.9524
392.6310	342.4644
389.5596	342.4644
389.5596	342.9763
387.0001	342.9763
387.0001	343.4882
384.9525	343.4882
384.9525	344.0001
380.3453	344.0001
380.3453	343.4882
378.2977	343.4882
378.2977	342.4644
377.7858	342.4644
377.7858	341.9524
377.2739	341.9524
377.2739	341.4405
376.7620	341.4405
376.7620	340.9286
376.2501	340.9286
376.2501	340.4167
375.7382	340.4167
375.7382	339.9048
375.2263	339.9048
375.2263	339.3929
374.2025	339.3929
374.2025	338.8810
373.1786	338.8810
373.1786	338.3691
370.6191	338.3691
370.6191	337.8572
368.0596	337.8572
368.0596	338.3691
365.5001	338.3691
365.5001	338.8810
362.4286	338.8810
362.4286	338.3691
361.9167	338.3691
361.9167	337.8572
360.8929	337.8572
360.8929	337.3453
359.8691	337.3453
359.8691	336.8334
358.3334	336.8334
358.3334	336.3215
355.7739	336.3215
355.7739	335.8096
353.2144	335.8096
353.2144	335.2977
347.5834	335.2977
347.5834	334.7858
346.5596	334.7858
346.5596	334.2739
345.5358	334.2739
345.5358	333.7620
344.0001	333.7620
344.0001	333.2501
341.4405	333.2501
341.4405	332.7382
340.9286	332.7382
340.9286	332.2263
340.4167	332.2263
340.4167	331.7143
339.9048	331.7143
339.9048	331.2024
339.3929	331.2024
339.3929	330.6905
338.8810	330.6905
338.8810	330.1786
338.3691	330.1786
338.3691	329.6667
337.8572	329.6667
337.8572	329.1548
336.8334	329.1548
336.8334	328.6429
335.8096	328.6429
335.8096	328.1310
333.2501	328.1310
333.2501	327.6191
329.1548	327.6191
329.1548	327.1072
326.5953	327.1072
326.5953	326.5953
321.4763	326.5953
321.4763	326.0834
319.4286	326.0834
319.4286	325.5715
318.9167	325.5715
318.9167	325.0596
317.8929	325.0596
317.8929	324.5477
317.3810	324.5477
317.3810	324.0358
316.8691	324.0358
316.8691	323.5239
315.8453	323.5239
315.8453	323.0120
315.3334	323.0120
315.3334	322.5001
314.8215	322.5001
314.8215	321.9882
313.7977	321.9882
313.7977	321.4763
313.2858	321.4763
313.2858	320.9643
312.2620	320.9643
312.2620	320.4524
311.7501	320.4524
311.7501	319.9405
311.2382	319.9405
311.2382	319.4286
310.7262	319.4286
310.7262	318.9167
310.2143	318.9167
310.2143	318.4048
309.1905	318.4048
309.1905	317.8929
308.6786	317.8929
308.6786	317.3810
307.6548	317.3810
307.6548	316.8691
307.1429	316.8691
307.1429	316.3572
306.1191	316.3572
306.1191	315.8453
305.6072	315.8453
305.6072	315.3334
305.0953	315.3334
305.0953	314.8215
304.5834	314.8215
304.5834	314.3096
304.0715	314.3096
304.0715	313.7977
303.0477	313.7977
303.0477	313.2858
302.0239	313.2858
302.0239	312.7739
301.0001	312.7739
301.0001	312.2620
300.4882	312.2620
300.4882	311.7501
299.9762	311.7501
299.9762	311.2382
299.4643	311.2382
299.4643	310.7262
298.9524	310.7262
298.9524	310.2143
298.4405	310.2143
298.4405	309.7024
297.9286	309.7024
297.9286	309.1905
296.9048	309.1905
296.9048	308.6786
295.8810	308.6786
295.8810	308.1667
293.3215	308.1667
293.3215	307.6548
289.7382	307.6548
289.7382	308.1667
287.1786	308.1667
287.1786	308.6786
286.1548	308.6786
286.1548	309.1905
285.1310	309.1905
285.1310	309.7024
284.6191	309.7024
284.6191	310.2143
284.1072	310.2143
284.1072	310.7262
283.0834	310.7262
283.0834	311.2382
282.0596	311.2382
282.0596	311.7501
279.5001	311.7501
279.5001	312.2620
278.4762	312.2620
278.4762	312.7739
277.4524	312.7739
277.4524	313.2858
276.4286	313.2858
276.4286	313.7977
275.9167	313.7977
275.9167	314.3096
274.3810	314.3096
274.3810	313.7977
271.8215	313.7977
271.8215	313.2858
268.7501	313.2858
268.7501	313.7977
266.1905	313.7977
266.1905	314.3096
265.1667	314.3096
265.1667	314.8215
264.1429	314.8215
264.1429	315.3334
263.1191	315.3334
263.1191	314.8215
262.6072	314.8215
262.6072	312.2620
262.0953	312.2620
262.0953	310.7262
261.5834	310.7262
261.5834	309.7024
261.0715	309.7024
261.0715	308.6786
260.5596	308.6786
260.5596	308.1667
260.0477	308.1667
260.0477	307.6548
259.5358	307.6548
259.5358	307.1429
259.0239	307.1429
259.0239	306.6310
258.5120	306.6310
258.5120	306.1191
258.0000	306.1191
258.0000	303.5596
257.4881	303.5596
257.4881	302.5358
256.9762	302.5358
256.9762	301.5120
256.4643	301.5120
256.4643	300.4882
255.9524	300.4882
255.9524	299.9762
255.4405	299.9762
255.4405	299.4643
254.9286	299.4643
254.9286	298.9524
254.4167	298.9524
254.4167	297.4167
253.9048	297.4167
253.9048	292.2977
254.4167	292.2977
254.4167	290.2501
254.9286	290.2501
254.9286	289.7382
255.4405	289.7382
255.4405	289.2262
255.9524	289.2262
255.9524	288.7143
256.4643	288.7143
256.4643	288.2024
256.9762	288.2024
256.9762	287.1786
257.4881	287.1786
257.4881	286.1548
258.0000	286.1548
258.0000	285.1310
258.5120	285.1310
258.5120	282.5715
259.0239	282.5715
259.0239	277.4524
258.5120	277.4524
258.5120	274.8929
258.0000	274.8929
258.0000	273.8691
257.4881	273.8691
257.4881	272.8453
256.9762	272.8453
256.9762	270.7977
257.4881	270.7977
257.4881	270.2858
258.0000	270.2858
258.0000	269.7739
258.5120	269.7739
258.5120	269.2620
259.0239	269.2620
259.0239	268.7501
259.5358	268.7501
259.5358	267.7262
260.0477	267.7262
260.0477	266.7024
260.5596	266.7024
260.5596	264.1429
261.0715	264.1429
261.0715	261.5834
260.5596	261.5834
260.5596	259.0239
260.0477	259.0239
260.0477	258.0000
259.5358	258.0000
259.5358	256.9762
259.0239	256.9762
259.0239	256.4643
258.5120	256.4643
258.5120	255.9524
258.0000	255.9524
258.0000	253.9048
257.4881	253.9048
257.4881	252.8810
256.9762	252.8810
256.9762	250.8334
256.4643	250.8334
256.4643	249.8096
255.9524	249.8096
255.9524	248.7858
255.4405	248.7858
255.4405	248.2739
254.9286	248.2739
254.9286	247.7620
254.4167	247.7620
254.4167	247.2500
253.9048	247.2500
253.9048	246.7381
253.3929	246.7381
253.3929	246.2262
252.8810	246.2262
252.8810	245.7143
251.8572	245.7143
251.8572	243.6667
252.3691	243.6667
252.3691	243.1548
254.9286	243.1548
254.9286	242.6429
255.9524	242.6429
255.9524	242.1310
256.9762	242.1310
256.9762	241.6191
257.4881	241.6191
257.4881	241.1072
258.0000	241.1072
258.0000	240.5953
260.5596	240.5953
260.5596	240.0834
261.5834	240.0834
261.5834	239.5715
262.6072	239.5715
262.6072	239.0596
263.1191	239.0596
263.1191	238.5477
263.6310	238.5477
263.6310	238.0358
264.1429	238.0358
264.1429	237.5239
264.6548	237.5239
264.6548	237.0119
265.1667	237.0119
265.1667	235.9881
265.6786	235.9881
265.6786	234.9643
266.1905	234.9643
266.1905	232.4048
266.7024	232.4048
266.7024	228.8215
266.1905	228.8215
266.1905	226.2619
265.6786	226.2619
265.6786	225.2381
265.1667	225.2381
265.1667	224.2143
264.6548	224.2143
264.6548	223.7024
264.1429	223.7024
264.1429	223.1905
263.6310	223.1905
263.6310	222.6786
263.1191	222.6786
263.1191	222.1667
262.6072	222.1667
262.6072	221.1429
263.1191	221.1429
263.1191	218.5834
263.6310	218.5834
263.6310	218.0715
264.1429	218.0715
264.1429	217.5596
264.6548	217.5596
264.6548	217.0477
265.1667	217.0477
265.1667	216.0239
265.6786	216.0239
265.6786	215.0000
266.1905	215.0000
266.1905	213.9762
266.7024	213.9762
266.7024	213.4643
267.2143	213.4643
267.2143	212.9524
267.7262	212.9524
267.7262	212.4405
268.2381	212.4405
268.2381	211.9286
268.7501	211.9286
268.7501	211.4167
269.2620	211.4167
269.2620	210.9048
269.7739	210.9048
269.7739	209.8810
270.2858	209.8810
270.2858	208.8572
270.7977	208.8572
270.7977	206.2977
271.3096	206.2977
271.3096	202.7143
270.7977	202.7143
270.7977	202.2024
271.3096	202.2024
271.3096	201.6905
271.8215	201.6905
271.8215	201.1786
272.3334	201.1786
272.3334	200.6667
272.8453	200.6667
272.8453	200.1548
273.3572	200.1548
273.3572	199.6429
273.8691	199.6429
273.8691	198.6191
274.3810	198.6191
274.3810	197.5953
274.8929	197.5953
274.8929	195.0358
275.4048	195.0358
275.4048	192.4762
274.8929	192.4762
274.8929	189.9167
274.3810	189.9167
274.3810	188.8929
273.8691	188.8929
273.8691	187.8691
273.3572	187.8691
273.3572	187.3572
274.3810	187.3572
274.3810	187.8691
276.9405	187.8691
276.9405	188.3810
279.5001	188.3810
279.5001	187.8691
282.0596	187.8691
282.0596	187.3572
283.0834	187.3572
283.0834	186.8453
284.1072	186.8453
284.1072	186.3334
284.6191	186.3334
284.6191	185.8215
285.1310	185.8215
285.1310	185.3096
285.6429	185.3096
285.6429	184.7977
286.1548	184.7977
286.1548	184.2857
286.6667	184.2857
286.6667	183.7738
287.1786	183.7738
287.1786	183.2619
287.6905	183.2619
287.6905	182.7500
289.2262	182.7500
289.2262	182.2381
290.2501	182.2381
290.2501	181.7262
291.2739	181.7262
291.2739	181.2143
291.7858	181.2143
291.7858	180.7024
292.8096	180.7024
292.8096	180.1905
293.8334	180.1905
293.8334	179.6786
294.3453	179.6786
294.3453	179.1667
295.3691	179.1667
295.3691	178.6548
296.3929	178.6548
296.3929	178.1429
297.4167	178.1429
297.4167	177.6310
298.4405	177.6310
298.4405	177.1191
298.9524	177.1191
298.9524	176.6072
299.4643	176.6072
299.4643	176.0953
299.9762	176.0953
299.9762	175.5834
300.4882	175.5834
300.4882	175.0715
301.0001	175.0715
301.0001	174.0477
301.5120	174.0477
301.5120	173.0238
302.0239	173.0238
302.0239	170.9762
302.5358	170.9762
302.5358	169.9524
303.0477	169.9524
303.0477	168.9286
303.5596	168.9286
303.5596	166.3691
304.0715	166.3691
304.0715	163.8096
303.5596	163.8096
303.5596	161.2500
303.0477	161.2500
303.0477	160.2262
303.5596	160.2262
303.5596	157.6667
303.0477	157.6667
303.0477	155.6191
303.5596	155.6191
303.5596	147.4286
304.0715	147.4286
304.0715	146.4048
305.0953	146.4048
