385.9763	201.1786
387.0001	201.1786
387.0001	201.6905
388.0239	201.6905
388.0239	202.2024
388.5358	202.2024
388.5358	202.7143
389.5596	202.7143
389.5596	203.2262
390.0715	203.2262
390.0715	203.7381
391.0953	203.7381
391.0953	204.2500
392.1191	204.2500
392.1191	204.7619
393.1429	204.7619
393.1429	205.2738
393.6548	205.2738
393.6548	205.7858
394.1667	205.7858
394.1667	206.2977
394.6786	206.2977
394.6786	206.8096
395.7025	206.8096
395.7025	207.3215
396.7263	207.3215
396.7263	207.8334
397.7501	207.8334
397.7501	208.3453
399.7977	208.3453
399.7977	208.8572
402.3572	208.8572
402.3572	209.3691
403.3810	209.3691
403.3810	209.8810
405.4286	209.8810
405.4286	210.3929
407.4763	210.3929
407.4763	210.9048
408.5001	210.9048
408.5001	211.4167
410.0358	211.4167
410.0358	211.9286
411.5715	211.9286
411.5715	212.4405
414.1310	212.4405
414.1310	212.9524
415.1548	212.9524
415.1548	213.4643
416.1787	213.4643
416.1787	213.9762
417.7144	213.9762
417.7144	214.4881
419.2501	214.4881
419.2501	215.0000
419.7620	215.0000
419.7620	215.5119
420.2739	215.5119
420.2739	216.0239
421.2977	216.0239
421.2977	216.5358
422.3215	216.5358
422.3215	217.0477
423.8572	217.0477
423.8572	217.5596
424.8810	217.5596
424.8810	218.0715
425.3929	218.0715
425.3929	218.5834
426.4167	218.5834
426.4167	219.0953
427.4406	219.0953
427.4406	219.6072
427.9525	219.6072
427.9525	220.1191
428.4644	220.1191
428.4644	220.6310
428.9763	220.6310
428.9763	221.1429
429.4882	221.1429
429.4882	221.6548
430.0001	221.6548
430.0001	222.1667
430.5120	222.1667
430.5120	222.6786
431.0239	222.6786
431.0239	223.1905
431.5358	223.1905
431.5358	223.7024
432.0477	223.7024
432.0477	224.2143
432.5596	224.2143
432.5596	224.7262
433.0715	224.7262
433.0715	225.2381
433.5834	225.2381
433.5834	225.7500
434.0953	225.7500
434.0953	226.2619
434.6072	226.2619
434.6072	227.2858
435.1191	227.2858
435.1191	228.3096
435.6310	228.3096
435.6310	228.8215
436.1429	228.8215
436.1429	230.3572
436.6548	230.3572
436.6548	231.8929
437.1667	231.8929
437.1667	232.9167
437.6787	232.9167
437.6787	233.9405
438.1906	233.9405
438.1906	235.9881
438.7025	235.9881
438.7025	238.5477
439.2144	238.5477
439.2144	240.5953
439.7263	240.5953
439.7263	245.2024
440.2382	245.2024
440.2382	249.2977
440.7501	249.2977
440.7501	250.3215
440.2382	250.3215
440.2382	255.4405
439.7263	255.4405
439.7263	256.9762
439.2144	256.9762
439.2144	259.0239
438.7025	259.0239
438.7025	261.5834
438.1906	261.5834
438.1906	264.1429
437.6787	264.1429
437.6787	265.6786
437.1667	265.6786
437.1667	267.7262
436.6548	267.7262
436.6548	270.2858
436.1429	270.2858
436.1429	271.3096
435.6310	271.3096
435.6310	272.8453
435.1191	272.8453
435.1191	273.8691
434.6072	273.8691
434.6072	275.9167
434.0953	275.9167
434.0953	276.9405
433.5834	276.9405
433.5834	277.9643
433.0715	277.9643
433.0715	279.5001
432.5596	279.5001
432.5596	280.5239
432.0477	280.5239
432.0477	281.5477
431.5358	281.5477
431.5358	282.0596
431.0239	282.0596
431.0239	283.0834
430.5120	283.0834
430.5120	283.5953
430.0001	283.5953
430.0001	284.1072
429.4882	284.1072
429.4882	284.6191
428.9763	284.6191
428.9763	285.1310
428.4644	285.1310
428.4644	286.1548
427.9525	286.1548
427.9525	286.6667
427.4406	286.6667
427.4406	287.6905
426.4167	287.6905
426.4167	288.2024
425.3929	288.2024
425.3929	288.7143
424.3691	288.7143
424.3691	289.2262
423.8572	289.2262
423.8572	289.7382
423.3453	289.7382
423.3453	290.2501
422.8334	290.2501
422.8334	290.7620
422.3215	290.7620
422.3215	291.2739
421.8096	291.2739
421.8096	291.7858
420.7858	291.7858
420.7858	292.2977
420.2739	292.2977
420.2739	292.8096
419.7620	292.8096
419.7620	293.3215
419.2501	293.3215
419.2501	293.8334
418.2263	293.8334
418.2263	294.3453
417.2025	294.3453
417.2025	294.8572
416.1787	294.8572
416.1787	295.3691
415.6667	295.3691
415.6667	295.8810
415.1548	295.8810
415.1548	296.3929
414.1310	296.3929
414.1310	296.9048
413.6191	296.9048
413.6191	297.4167
413.1072	297.4167
413.1072	297.9286
412.5953	297.9286
412.5953	298.4405
411.5715	298.4405
411.5715	298.9524
410.5477	298.9524
410.5477	299.4643
410.0358	299.4643
410.0358	299.9762
409.0120	299.9762
409.0120	300.4882
407.9882	300.4882
407.9882	301.0001
406.9644	301.0001
406.9644	301.5120
406.4525	301.5120
406.4525	302.0239
405.4286	302.0239
405.4286	302.5358
404.9167	302.5358
404.9167	303.0477
404.4048	303.0477
404.4048	303.5596
403.3810	303.5596
403.3810	304.0715
402.8691	304.0715
402.8691	304.5834
402.3572	304.5834
402.3572	305.0953
399.7977	305.0953
399.7977	305.6072
398.2620	305.6072
398.2620	306.1191
397.2382	306.1191
397.2382	306.6310
396.2144	306.6310
396.2144	307.1429
393.1429	307.1429
393.1429	307.6548
390.5834	307.6548
390.5834	308.1667
383.9286	308.1667
383.9286	307.6548
383.4167	307.6548
383.4167	307.1429
382.9048	307.1429
382.9048	306.6310
381.8810	306.6310
381.8810	306.1191
380.8572	306.1191
380.8572	305.6072
378.2977	305.6072
378.2977	305.0953
375.2263	305.0953
375.2263	305.6072
372.6667	305.6072
372.6667	306.1191
371.6429	306.1191
371.6429	306.6310
370.6191	306.6310
370.6191	307.1429
370.1072	307.1429
370.1072	307.6548
369.5953	307.6548
369.5953	308.1667
369.0834	308.1667
369.0834	308.6786
368.5715	308.6786
368.5715	309.1905
368.0596	309.1905
368.0596	308.6786
364.9882	308.6786
364.9882	309.1905
362.4286	309.1905
362.4286	309.7024
361.4048	309.7024
361.4048	310.2143
360.3810	310.2143
360.3810	310.7262
357.3096	310.7262
357.3096	311.2382
355.2620	311.2382
355.2620	310.7262
354.7501	310.7262
354.7501	310.2143
353.7263	310.2143
353.7263	309.7024
352.7024	309.7024
352.7024	309.1905
351.6786	309.1905
351.6786	308.6786
349.1191	308.6786
349.1191	308.1667
345.5358	308.1667
345.5358	308.6786
341.9524	308.6786
341.9524	309.1905
337.3453	309.1905
337.3453	309.7024
334.7858	309.7024
334.7858	310.2143
333.7620	310.2143
333.7620	310.7262
332.7382	310.7262
332.7382	311.2382
330.1786	311.2382
330.1786	311.7501
329.1548	311.7501
329.1548	312.2620
327.1072	312.2620
327.1072	312.7739
326.0834	312.7739
326.0834	313.2858
324.5477	313.2858
324.5477	313.7977
322.5001	313.7977
322.5001	314.3096
321.4763	314.3096
321.4763	314.8215
320.4524	314.8215
320.4524	315.3334
316.8691	315.3334
316.8691	314.8215
314.3096	314.8215
314.3096	314.3096
309.7024	314.3096
309.7024	314.8215
307.1429	314.8215
307.1429	315.3334
306.1191	315.3334
306.1191	315.8453
305.0953	315.8453
305.0953	316.3572
303.5596	316.3572
303.5596	316.8691
302.5358	316.8691
302.5358	317.3810
302.0239	317.3810
302.0239	315.3334
301.5120	315.3334
301.5120	314.3096
301.0001	314.3096
301.0001	313.2858
300.4882	313.2858
300.4882	312.7739
299.9762	312.7739
299.9762	311.7501
299.4643	311.7501
299.4643	310.7262
298.9524	310.7262
298.9524	309.7024
298.4405	309.7024
298.4405	309.1905
297.9286	309.1905
297.9286	308.6786
297.4167	308.6786
297.4167	308.1667
296.9048	308.1667
296.9048	307.6548
296.3929	307.6548
296.3929	307.1429
295.8810	307.1429
295.8810	306.6310
294.8572	306.6310
294.8572	305.6072
294.3453	305.6072
294.3453	305.0953
293.8334	305.0953
293.8334	304.5834
293.3215	304.5834
293.3215	304.0715
292.8096	304.0715
292.8096	303.5596
292.2977	303.5596
292.2977	303.0477
291.7858	303.0477
291.7858	302.5358
290.7620	302.5358
290.7620	302.0239
289.7382	302.0239
289.7382	301.5120
287.6905	301.5120
287.6905	301.0001
287.1786	301.0001
287.1786	300.4882
286.6667	300.4882
286.6667	299.9762
286.1548	299.9762
286.1548	299.4643
285.6429	299.4643
285.6429	298.9524
285.1310	298.9524
285.1310	298.4405
284.6191	298.4405
284.6191	297.9286
284.1072	297.9286
284.1072	297.4167
283.5953	297.4167
283.5953	296.9048
283.0834	296.9048
283.0834	296.3929
282.5715	296.3929
282.5715	295.8810
282.0596	295.8810
282.0596	295.3691
281.5477	295.3691
281.5477	294.3453
281.0358	294.3453
281.0358	293.3215
280.5239	293.3215
280.5239	292.2977
280.0120	292.2977
280.0120	291.7858
279.5001	291.7858
279.5001	291.2739
278.9881	291.2739
278.9881	290.7620
278.4762	290.7620
278.4762	290.2501
277.9643	290.2501
277.9643	289.7382
277.4524	289.7382
277.4524	289.2262
276.4286	289.2262
276.4286	288.7143
275.4048	288.7143
275.4048	287.6905
274.8929	287.6905
274.8929	286.6667
274.3810	286.6667
274.3810	286.1548
273.8691	286.1548
273.8691	285.1310
273.3572	285.1310
273.3572	284.6191
272.8453	284.6191
272.8453	283.0834
272.3334	283.0834
272.3334	281.0358
271.8215	281.0358
271.8215	278.9881
271.3096	278.9881
271.3096	277.9643
270.7977	277.9643
270.7977	276.9405
270.2858	276.9405
270.2858	276.4286
269.7739	276.4286
269.7739	275.9167
269.2620	275.9167
269.2620	275.4048
268.7501	275.4048
268.7501	274.8929
268.2381	274.8929
268.2381	274.3810
267.7262	274.3810
267.7262	273.8691
266.7024	273.8691
266.7024	273.3572
265.6786	273.3572
265.6786	272.8453
265.1667	272.8453
265.1667	272.3334
265.6786	272.3334
265.6786	271.3096
266.1905	271.3096
266.1905	268.7501
266.7024	268.7501
266.7024	265.1667
266.1905	265.1667
266.1905	262.6072
265.6786	262.6072
265.6786	261.5834
266.1905	261.5834
266.1905	261.0715
266.7024	261.0715
266.7024	260.5596
267.2143	260.5596
267.2143	260.0477
267.7262	260.0477
267.7262	259.0239
268.2381	259.0239
268.2381	258.0000
268.7501	258.0000
268.7501	255.4405
269.2620	255.4405
269.2620	251.8572
269.7739	251.8572
269.7739	251.3453
270.2858	251.3453
270.2858	250.8334
270.7977	250.8334
270.7977	250.3215
271.3096	250.3215
271.3096	249.8096
271.8215	249.8096
271.8215	249.2977
272.3334	249.2977
272.3334	248.2739
272.8453	248.2739
272.8453	247.2500
273.3572	247.2500
273.3572	245.7143
273.8691	245.7143
273.8691	243.1548
276.4286	243.1548
276.4286	242.6429
277.4524	242.6429
277.4524	242.1310
278.4762	242.1310
278.4762	241.6191
278.9881	241.6191
278.9881	241.1072
279.5001	241.1072
279.5001	240.5953
280.0120	240.5953
280.0120	240.0834
280.5239	240.0834
280.5239	239.5715
281.0358	239.5715
281.0358	239.0596
281.5477	239.0596
281.5477	238.5477
282.0596	238.5477
282.0596	238.0358
282.5715	238.0358
282.5715	237.5239
283.0834	237.5239
283.0834	237.0119
283.5953	237.0119
283.5953	236.5000
284.1072	236.5000
284.1072	235.9881
284.6191	235.9881
284.6191	235.4762
285.1310	235.4762
285.1310	234.9643
285.6429	234.9643
285.6429	234.4524
286.1548	234.4524
286.1548	233.9405
286.6667	233.9405
286.6667	233.4286
287.1786	233.4286
287.1786	232.9167
287.6905	232.9167
287.6905	232.4048
288.7143	232.4048
288.7143	231.8929
289.7382	231.8929
289.7382	231.3810
290.2501	231.3810
290.2501	230.8691
290.7620	230.8691
290.7620	230.3572
291.2739	230.3572
291.2739	229.8453
291.7858	229.8453
291.7858	229.3334
295.3691	229.3334
295.3691	228.8215
297.9286	228.8215
297.9286	228.3096
300.4882	228.3096
300.4882	227.7977
302.5358	227.7977
302.5358	227.2858
303.5596	227.2858
303.5596	226.7739
304.5834	226.7739
304.5834	226.2619
305.0953	226.2619
305.0953	225.7500
307.6548	225.7500
307.6548	225.2381
309.1905	225.2381
309.1905	224.7262
310.2143	224.7262
310.2143	224.2143
312.2620	224.2143
312.2620	223.7024
313.7977	223.7024
313.7977	223.1905
316.3572	223.1905
316.3572	222.6786
318.9167	222.6786
318.9167	222.1667
321.4763	222.1667
321.4763	221.6548
322.5001	221.6548
322.5001	221.1429
323.5239	221.1429
323.5239	220.6310
324.0358	220.6310
324.0358	220.1191
324.5477	220.1191
324.5477	219.6072
325.0596	219.6072
325.0596	219.0953
325.5715	219.0953
325.5715	218.5834
327.6191	218.5834
327.6191	218.0715
328.6429	218.0715
328.6429	217.5596
329.6667	217.5596
329.6667	217.0477
330.6905	217.0477
330.6905	216.5358
331.7143	216.5358
331.7143	216.0239
332.7382	216.0239
332.7382	215.5119
333.2501	215.5119
333.2501	215.0000
333.7620	215.0000
333.7620	214.4881
334.2739	214.4881
334.2739	213.9762
334.7858	213.9762
334.7858	213.4643
335.2977	213.4643
335.2977	212.9524
335.8096	212.9524
335.8096	211.9286
336.3215	211.9286
336.3215	210.9048
336.8334	210.9048
336.8334	210.3929
337.3453	210.3929
337.3453	209.3691
337.8572	209.3691
337.8572	208.3453
338.3691	208.3453
338.3691	207.8334
338.8810	207.8334
338.8810	206.8096
339.3929	206.8096
339.3929	205.7858
340.4167	205.7858
340.4167	205.2738
340.9286	205.2738
340.9286	204.7619
341.9524	204.7619
341.9524	204.2500
342.9763	204.2500
342.9763	203.7381
344.0001	203.7381
344.0001	203.2262
344.5120	203.2262
344.5120	202.7143
345.0239	202.7143
345.0239	202.2024
346.0477	202.2024
346.0477	202.7143
348.0953	202.7143
348.0953	203.2262
348.6072	203.2262
348.6072	203.7381
349.6310	203.7381
349.6310	204.2500
350.6548	204.2500
350.6548	204.7619
353.2144	204.7619
353.2144	205.2738
357.3096	205.2738
357.3096	204.7619
359.8691	204.7619
359.8691	204.2500
360.8929	204.2500
360.8929	203.7381
362.9405	203.7381
362.9405	204.2500
365.5001	204.2500
365.5001	204.7619
369.5953	204.7619
369.5953	204.2500
372.6667	204.2500
372.6667	203.7381
375.2263	203.7381
375.2263	203.2262
376.2501	203.2262
376.2501	202.7143
377.2739	202.7143
377.2739	202.2024
377.7858	202.2024
377.7858	201.6905
381.8810	201.6905
381.8810	201.1786
384.4405	201.1786
384.4405	200.6667
385.9763	200.6667
