367.5477	196.5715
370.1072	196.5715
370.1072	197.0834
384.9525	197.0834
384.9525	197.5953
387.0001	197.5953
387.0001	198.1072
389.5596	198.1072
389.5596	198.6191
392.1191	198.6191
392.1191	199.1310
393.1429	199.1310
393.1429	199.6429
394.1667	199.6429
394.1667	200.1548
395.1906	200.1548
395.1906	200.6667
396.2144	200.6667
396.2144	201.1786
397.7501	201.1786
397.7501	201.6905
398.2620	201.6905
398.2620	202.2024
398.7739	202.2024
398.7739	202.7143
399.7977	202.7143
399.7977	203.2262
400.8215	203.2262
400.8215	203.7381
401.8453	203.7381
401.8453	204.2500
402.3572	204.2500
402.3572	204.7619
402.8691	204.7619
402.8691	205.2738
403.8929	205.2738
403.8929	205.7858
404.9167	205.7858
404.9167	206.2977
405.9406	206.2977
405.9406	206.8096
406.9644	206.8096
406.9644	207.3215
407.9882	207.3215
407.9882	207.8334
409.0120	207.8334
409.0120	208.3453
409.5239	208.3453
409.5239	208.8572
410.5477	208.8572
410.5477	209.3691
411.0596	209.3691
411.0596	210.3929
411.5715	210.3929
411.5715	210.9048
412.0834	210.9048
412.0834	211.4167
412.5953	211.4167
412.5953	211.9286
413.1072	211.9286
413.1072	212.4405
413.6191	212.4405
413.6191	212.9524
414.1310	212.9524
414.1310	213.4643
414.6429	213.4643
414.6429	213.9762
415.6667	213.9762
415.6667	214.4881
416.6906	214.4881
416.6906	215.0000
418.2263	215.0000
418.2263	215.5119
418.7382	215.5119
418.7382	216.0239
419.2501	216.0239
419.2501	216.5358
420.2739	216.5358
420.2739	217.0477
421.2977	217.0477
421.2977	217.5596
422.3215	217.5596
422.3215	218.0715
423.8572	218.0715
423.8572	218.5834
424.3691	218.5834
424.3691	219.0953
424.8810	219.0953
424.8810	219.6072
425.3929	219.6072
425.3929	220.1191
425.9048	220.1191
425.9048	220.6310
426.4167	220.6310
426.4167	221.1429
426.9287	221.1429
426.9287	222.1667
427.4406	222.1667
427.4406	223.1905
427.9525	223.1905
427.9525	223.7024
428.4644	223.7024
428.4644	224.2143
428.9763	224.2143
428.9763	224.7262
429.4882	224.7262
429.4882	225.2381
430.0001	225.2381
430.0001	225.7500
430.5120	225.7500
430.5120	226.2619
431.5358	226.2619
431.5358	226.7739
432.5596	226.7739
432.5596	227.2858
433.0715	227.2858
433.0715	227.7977
433.5834	227.7977
433.5834	228.8215
434.0953	228.8215
434.0953	229.8453
434.6072	229.8453
434.6072	230.3572
435.1191	230.3572
435.1191	231.3810
435.6310	231.3810
435.6310	231.8929
436.1429	231.8929
436.1429	232.4048
436.6548	232.4048
436.6548	233.4286
437.1667	233.4286
437.1667	234.4524
437.6787	234.4524
437.6787	234.9643
438.1906	234.9643
438.1906	235.9881
438.7025	235.9881
438.7025	237.0119
439.2144	237.0119
439.2144	239.0596
439.7263	239.0596
439.7263	244.1786
440.2382	244.1786
440.2382	246.7381
440.7501	246.7381
440.7501	253.9048
440.2382	253.9048
440.2382	258.5120
439.7263	258.5120
439.7263	262.6072
439.2144	262.6072
439.2144	264.6548
438.7025	264.6548
438.7025	267.2143
438.1906	267.2143
438.1906	268.7501
437.6787	268.7501
437.6787	269.7739
437.1667	269.7739
437.1667	270.7977
436.6548	270.7977
436.6548	271.3096
436.1429	271.3096
436.1429	272.3334
435.6310	272.3334
435.6310	273.3572
435.1191	273.3572
435.1191	274.8929
434.6072	274.8929
434.6072	275.4048
434.0953	275.4048
434.0953	275.9167
433.5834	275.9167
433.5834	276.4286
433.0715	276.4286
433.0715	277.4524
432.5596	277.4524
432.5596	277.9643
432.0477	277.9643
432.0477	278.4762
431.5358	278.4762
431.5358	279.5001
431.0239	279.5001
431.0239	280.0120
430.5120	280.0120
430.5120	281.0358
430.0001	281.0358
430.0001	281.5477
429.4882	281.5477
429.4882	282.0596
428.9763	282.0596
428.9763	282.5715
427.9525	282.5715
427.9525	283.0834
427.4406	283.0834
427.4406	283.5953
426.9287	283.5953
426.9287	284.1072
426.4167	284.1072
426.4167	284.6191
425.9048	284.6191
425.9048	285.1310
425.3929	285.1310
425.3929	285.6429
424.8810	285.6429
424.8810	286.6667
424.3691	286.6667
424.3691	287.1786
423.3453	287.1786
423.3453	287.6905
422.3215	287.6905
422.3215	288.2024
421.2977	288.2024
421.2977	288.7143
420.7858	288.7143
420.7858	289.2262
420.2739	289.2262
420.2739	289.7382
419.7620	289.7382
419.7620	290.2501
419.2501	290.2501
419.2501	290.7620
418.7382	290.7620
418.7382	291.2739
418.2263	291.2739
418.2263	291.7858
417.7144	291.7858
417.7144	292.2977
417.2025	292.2977
417.2025	292.8096
416.6906	292.8096
416.6906	293.8334
416.1787	293.8334
416.1787	294.3453
415.6667	294.3453
415.6667	294.8572
415.1548	294.8572
415.1548	295.3691
414.6429	295.3691
414.6429	295.8810
414.1310	295.8810
414.1310	296.3929
413.6191	296.3929
413.6191	296.9048
413.1072	296.9048
413.1072	297.4167
412.5953	297.4167
412.5953	297.9286
412.0834	297.9286
412.0834	298.4405
411.5715	298.4405
411.5715	298.9524
410.5477	298.9524
410.5477	299.4643
410.0358	299.4643
410.0358	299.9762
409.5239	299.9762
409.5239	300.4882
409.0120	300.4882
409.0120	301.0001
407.9882	301.0001
407.9882	301.5120
407.4763	301.5120
407.4763	302.0239
406.9644	302.0239
406.9644	302.5358
406.4525	302.5358
406.4525	303.0477
405.4286	303.0477
405.4286	303.5596
404.9167	303.5596
404.9167	304.0715
404.4048	304.0715
404.4048	304.5834
403.8929	304.5834
403.8929	305.0953
403.3810	305.0953
403.3810	305.6072
402.3572	305.6072
402.3572	306.1191
401.3334	306.1191
401.3334	306.6310
400.3096	306.6310
400.3096	307.1429
399.2858	307.1429
399.2858	307.6548
398.2620	307.6548
398.2620	308.1667
397.2382	308.1667
397.2382	308.6786
396.2144	308.6786
396.2144	309.1905
395.7025	309.1905
395.7025	309.7024
392.6310	309.7024
392.6310	310.2143
390.0715	310.2143
390.0715	310.7262
389.0477	310.7262
389.0477	311.2382
388.0239	311.2382
388.0239	311.7501
385.4644	311.7501
385.4644	312.2620
382.9048	312.2620
382.9048	312.7739
381.8810	312.7739
381.8810	313.2858
379.3215	313.2858
379.3215	313.7977
378.2977	313.7977
378.2977	314.3096
376.7620	314.3096
376.7620	314.8215
373.6905	314.8215
373.6905	315.3334
371.1310	315.3334
371.1310	315.8453
369.0834	315.8453
369.0834	316.3572
366.5239	316.3572
366.5239	316.8691
364.9882	316.8691
364.9882	317.3810
361.9167	317.3810
361.9167	317.8929
359.3572	317.8929
359.3572	317.3810
352.7024	317.3810
352.7024	317.8929
344.5120	317.8929
344.5120	317.3810
343.4882	317.3810
343.4882	316.8691
341.4405	316.8691
341.4405	316.3572
340.4167	316.3572
340.4167	315.8453
337.8572	315.8453
337.8572	315.3334
334.2739	315.3334
334.2739	314.8215
327.6191	314.8215
327.6191	314.3096
324.0358	314.3096
324.0358	313.7977
319.9405	313.7977
319.9405	314.3096
317.8929	314.3096
317.8929	313.7977
311.7501	313.7977
311.7501	314.3096
306.1191	314.3096
306.1191	314.8215
299.9762	314.8215
299.9762	314.3096
299.4643	314.3096
299.4643	313.7977
298.9524	313.7977
298.9524	313.2858
298.4405	313.2858
298.4405	312.7739
297.9286	312.7739
297.9286	312.2620
297.4167	312.2620
297.4167	311.7501
296.3929	311.7501
296.3929	311.2382
295.3691	311.2382
295.3691	310.7262
293.8334	310.7262
293.8334	310.2143
293.3215	310.2143
293.3215	309.7024
292.8096	309.7024
292.8096	309.1905
291.7858	309.1905
291.7858	308.6786
290.7620	308.6786
290.7620	308.1667
288.7143	308.1667
288.7143	307.6548
286.6667	307.6548
286.6667	307.1429
286.1548	307.1429
286.1548	306.6310
285.1310	306.6310
285.1310	306.1191
284.1072	306.1191
284.1072	305.6072
282.5715	305.6072
282.5715	305.0953
282.0596	305.0953
282.0596	304.0715
281.5477	304.0715
281.5477	303.0477
281.0358	303.0477
281.0358	302.0239
280.5239	302.0239
280.5239	301.5120
280.0120	301.5120
280.0120	300.4882
279.5001	300.4882
279.5001	299.9762
278.9881	299.9762
278.9881	299.4643
278.4762	299.4643
278.4762	298.9524
277.9643	298.9524
277.9643	298.4405
277.4524	298.4405
277.4524	297.9286
276.4286	297.9286
276.4286	297.4167
275.4048	297.4167
275.4048	296.9048
273.3572	296.9048
273.3572	296.3929
272.8453	296.3929
272.8453	295.8810
272.3334	295.8810
272.3334	294.8572
271.8215	294.8572
271.8215	294.3453
271.3096	294.3453
271.3096	293.8334
270.7977	293.8334
270.7977	293.3215
270.2858	293.3215
270.2858	292.8096
269.7739	292.8096
269.7739	292.2977
269.2620	292.2977
269.2620	291.7858
268.7501	291.7858
268.7501	290.7620
268.2381	290.7620
268.2381	290.2501
267.7262	290.2501
267.7262	289.7382
267.2143	289.7382
267.2143	289.2262
266.7024	289.2262
266.7024	288.7143
266.1905	288.7143
266.1905	286.1548
265.6786	286.1548
265.6786	283.5953
265.1667	283.5953
265.1667	282.5715
264.6548	282.5715
264.6548	281.5477
264.1429	281.5477
264.1429	280.0120
263.6310	280.0120
263.6310	278.4762
263.1191	278.4762
263.1191	276.4286
262.6072	276.4286
262.6072	270.7977
263.1191	270.7977
263.1191	268.2381
262.6072	268.2381
262.6072	265.6786
262.0953	265.6786
262.0953	263.1191
261.5834	263.1191
261.5834	261.5834
262.0953	261.5834
262.0953	259.0239
262.6072	259.0239
262.6072	257.4881
263.1191	257.4881
263.1191	255.9524
263.6310	255.9524
263.6310	254.9286
264.1429	254.9286
264.1429	252.8810
264.6548	252.8810
264.6548	251.3453
265.1667	251.3453
265.1667	250.8334
265.6786	250.8334
265.6786	249.8096
266.1905	249.8096
266.1905	248.7858
266.7024	248.7858
266.7024	247.7620
267.2143	247.7620
267.2143	247.2500
267.7262	247.2500
267.7262	246.2262
268.2381	246.2262
268.2381	245.2024
268.7501	245.2024
268.7501	244.1786
269.2620	244.1786
269.2620	243.1548
269.7739	243.1548
269.7739	240.5953
270.2858	240.5953
270.2858	239.5715
270.7977	239.5715
270.7977	239.0596
271.3096	239.0596
271.3096	238.5477
271.8215	238.5477
271.8215	238.0358
272.3334	238.0358
272.3334	237.5239
272.8453	237.5239
272.8453	236.5000
273.3572	236.5000
273.3572	235.4762
273.8691	235.4762
273.8691	232.9167
274.3810	232.9167
274.3810	229.8453
274.8929	229.8453
274.8929	228.8215
275.4048	228.8215
275.4048	227.7977
275.9167	227.7977
275.9167	227.2858
276.9405	227.2858
276.9405	226.7739
277.4524	226.7739
277.4524	226.2619
277.9643	226.2619
277.9643	225.7500
278.4762	225.7500
278.4762	225.2381
278.9881	225.2381
278.9881	224.7262
279.5001	224.7262
279.5001	223.7024
280.0120	223.7024
280.0120	222.6786
280.5239	222.6786
280.5239	220.1191
281.0358	220.1191
281.0358	217.5596
280.5239	217.5596
280.5239	217.0477
281.5477	217.0477
281.5477	216.5358
283.0834	216.5358
283.0834	216.0239
284.1072	216.0239
284.1072	215.5119
285.1310	215.5119
285.1310	215.0000
285.6429	215.0000
285.6429	214.4881
286.1548	214.4881
286.1548	213.9762
286.6667	213.9762
286.6667	213.4643
287.1786	213.4643
287.1786	212.9524
287.6905	212.9524
287.6905	211.9286
288.2024	211.9286
288.2024	210.9048
288.7143	210.9048
288.7143	208.3453
289.2262	208.3453
289.2262	200.1548
289.7382	200.1548
289.7382	199.1310
290.2501	199.1310
290.2501	198.1072
291.2739	198.1072
291.2739	197.5953
292.2977	197.5953
292.2977	197.0834
293.8334	197.0834
293.8334	198.1072
293.3215	198.1072
293.3215	202.7143
293.8334	202.7143
293.8334	205.2738
294.3453	205.2738
294.3453	206.2977
294.8572	206.2977
294.8572	207.3215
295.3691	207.3215
295.3691	207.8334
295.8810	207.8334
295.8810	208.3453
296.3929	208.3453
296.3929	208.8572
296.9048	208.8572
296.9048	209.3691
297.4167	209.3691
297.4167	209.8810
297.9286	209.8810
297.9286	210.3929
298.9524	210.3929
298.9524	210.9048
299.9762	210.9048
299.9762	211.4167
302.5358	211.4167
302.5358	211.9286
305.6072	211.9286
305.6072	211.4167
308.1667	211.4167
308.1667	210.9048
309.1905	210.9048
309.1905	210.3929
311.7501	210.3929
311.7501	209.8810
312.7739	209.8810
312.7739	209.3691
315.3334	209.3691
315.3334	208.8572
316.3572	208.8572
316.3572	208.3453
317.3810	208.3453
317.3810	207.8334
317.8929	207.8334
317.8929	207.3215
318.4048	207.3215
318.4048	206.8096
318.9167	206.8096
318.9167	206.2977
319.4286	206.2977
319.4286	205.7858
319.9405	205.7858
319.9405	205.2738
320.9643	205.2738
320.9643	204.7619
321.9882	204.7619
321.9882	204.2500
323.0120	204.2500
323.0120	203.7381
323.5239	203.7381
323.5239	203.2262
324.0358	203.2262
324.0358	202.7143
324.5477	202.7143
324.5477	202.2024
325.0596	202.2024
325.0596	201.6905
325.5715	201.6905
325.5715	201.1786
326.5953	201.1786
326.5953	201.6905
329.1548	201.6905
329.1548	201.1786
331.7143	201.1786
331.7143	200.6667
332.7382	200.6667
332.7382	200.1548
333.7620	200.1548
333.7620	199.6429
334.2739	199.6429
334.2739	199.1310
334.7858	199.1310
334.7858	198.6191
335.2977	198.6191
335.2977	199.1310
336.3215	199.1310
336.3215	199.6429
337.3453	199.6429
337.3453	200.1548
339.9048	200.1548
339.9048	200.6667
342.4644	200.6667
342.4644	200.1548
345.0239	200.1548
345.0239	199.6429
346.0477	199.6429
346.0477	199.1310
352.1905	199.1310
352.1905	198.6191
354.7501	198.6191
354.7501	198.1072
355.7739	198.1072
355.7739	197.5953
360.3810	197.5953
360.3810	197.0834
362.9405	197.0834
362.9405	196.5715
363.9644	196.5715
363.9644	196.0596
367.5477	196.0596
