370.1072	194.0119
371.6429	194.0119
371.6429	194.5238
374.2025	194.5238
374.2025	195.0358
376.7620	195.0358
376.7620	195.5477
379.3215	195.5477
379.3215	195.0358
379.8334	195.0358
379.8334	195.5477
385.4644	195.5477
385.4644	196.0596
386.4882	196.0596
386.4882	196.5715
387.5120	196.5715
387.5120	197.0834
389.0477	197.0834
389.0477	197.5953
390.5834	197.5953
390.5834	198.1072
391.6072	198.1072
391.6072	198.6191
392.1191	198.6191
392.1191	199.1310
393.1429	199.1310
393.1429	199.6429
394.1667	199.6429
394.1667	200.1548
395.1906	200.1548
395.1906	200.6667
396.2144	200.6667
396.2144	201.1786
396.7263	201.1786
396.7263	201.6905
397.2382	201.6905
397.2382	202.2024
398.2620	202.2024
398.2620	202.7143
399.2858	202.7143
399.2858	203.2262
399.7977	203.2262
399.7977	203.7381
400.3096	203.7381
400.3096	204.2500
401.3334	204.2500
401.3334	204.7619
402.3572	204.7619
402.3572	205.2738
403.3810	205.2738
403.3810	205.7858
404.4048	205.7858
404.4048	206.2977
404.9167	206.2977
404.9167	206.8096
405.4286	206.8096
405.4286	207.3215
405.9406	207.3215
405.9406	207.8334
406.9644	207.8334
406.9644	208.3453
407.4763	208.3453
407.4763	208.8572
407.9882	208.8572
407.9882	209.3691
408.5001	209.3691
408.5001	209.8810
409.5239	209.8810
409.5239	210.3929
410.0358	210.3929
410.0358	210.9048
410.5477	210.9048
410.5477	211.4167
411.0596	211.4167
411.0596	211.9286
411.5715	211.9286
411.5715	212.4405
412.0834	212.4405
412.0834	212.9524
412.5953	212.9524
412.5953	213.4643
413.1072	213.4643
413.1072	213.9762
413.6191	213.9762
413.6191	214.4881
414.6429	214.4881
414.6429	215.0000
415.1548	215.0000
415.1548	215.5119
415.6667	215.5119
415.6667	216.0239
416.6906	216.0239
416.6906	216.5358
417.7144	216.5358
417.7144	217.0477
418.2263	217.0477
418.2263	217.5596
418.7382	217.5596
418.7382	218.0715
419.7620	218.0715
419.7620	218.5834
420.7858	218.5834
420.7858	219.6072
421.2977	219.6072
421.2977	220.6310
421.8096	220.6310
421.8096	221.1429
422.3215	221.1429
422.3215	221.6548
422.8334	221.6548
422.8334	222.1667
423.3453	222.1667
423.3453	222.6786
423.8572	222.6786
423.8572	223.1905
424.3691	223.1905
424.3691	223.7024
424.8810	223.7024
424.8810	224.2143
425.9048	224.2143
425.9048	224.7262
426.4167	224.7262
426.4167	225.2381
427.4406	225.2381
427.4406	225.7500
428.4644	225.7500
428.4644	226.7739
428.9763	226.7739
428.9763	227.2858
429.4882	227.2858
429.4882	227.7977
430.0001	227.7977
430.0001	228.3096
430.5120	228.3096
430.5120	228.8215
431.0239	228.8215
431.0239	229.8453
431.5358	229.8453
431.5358	230.8691
432.0477	230.8691
432.0477	231.3810
432.5596	231.3810
432.5596	232.4048
433.0715	232.4048
433.0715	233.4286
433.5834	233.4286
433.5834	234.4524
434.0953	234.4524
434.0953	235.4762
434.6072	235.4762
434.6072	235.9881
435.1191	235.9881
435.1191	238.0358
435.6310	238.0358
435.6310	239.5715
436.1429	239.5715
436.1429	241.1072
436.6548	241.1072
436.6548	242.6429
437.1667	242.6429
437.1667	243.6667
437.6787	243.6667
437.6787	245.7143
438.1906	245.7143
438.1906	247.7620
438.7025	247.7620
438.7025	254.4167
439.2144	254.4167
439.2144	256.9762
438.7025	256.9762
438.7025	262.0953
438.1906	262.0953
438.1906	263.1191
437.6787	263.1191
437.6787	265.1667
437.1667	265.1667
437.1667	266.1905
436.6548	266.1905
436.6548	267.7262
436.1429	267.7262
436.1429	270.2858
435.6310	270.2858
435.6310	272.3334
435.1191	272.3334
435.1191	272.8453
434.6072	272.8453
434.6072	273.3572
434.0953	273.3572
434.0953	274.3810
433.5834	274.3810
433.5834	275.4048
433.0715	275.4048
433.0715	276.9405
432.5596	276.9405
432.5596	277.9643
432.0477	277.9643
432.0477	278.4762
431.5358	278.4762
431.5358	278.9881
431.0239	278.9881
431.0239	279.5001
430.5120	279.5001
430.5120	280.0120
430.0001	280.0120
430.0001	280.5239
429.4882	280.5239
429.4882	281.0358
428.9763	281.0358
428.9763	282.0596
428.4644	282.0596
428.4644	283.0834
427.9525	283.0834
427.9525	283.5953
427.4406	283.5953
427.4406	284.1072
426.9287	284.1072
426.9287	284.6191
426.4167	284.6191
426.4167	285.1310
425.3929	285.1310
425.3929	285.6429
424.8810	285.6429
424.8810	286.1548
423.8572	286.1548
423.8572	286.6667
422.8334	286.6667
422.8334	287.1786
422.3215	287.1786
422.3215	287.6905
421.8096	287.6905
421.8096	288.2024
421.2977	288.2024
421.2977	288.7143
420.7858	288.7143
420.7858	289.2262
420.2739	289.2262
420.2739	289.7382
419.7620	289.7382
419.7620	290.2501
419.2501	290.2501
419.2501	290.7620
418.7382	290.7620
418.7382	291.2739
418.2263	291.2739
418.2263	291.7858
417.7144	291.7858
417.7144	292.8096
417.2025	292.8096
417.2025	293.3215
416.6906	293.3215
416.6906	293.8334
416.1787	293.8334
416.1787	294.3453
415.6667	294.3453
415.6667	294.8572
415.1548	294.8572
415.1548	295.3691
414.6429	295.3691
414.6429	295.8810
413.6191	295.8810
413.6191	296.3929
413.1072	296.3929
413.1072	296.9048
412.5953	296.9048
412.5953	297.4167
412.0834	297.4167
412.0834	297.9286
411.5715	297.9286
411.5715	298.4405
411.0596	298.4405
411.0596	298.9524
410.5477	298.9524
410.5477	299.4643
409.5239	299.4643
409.5239	299.9762
409.0120	299.9762
409.0120	300.4882
408.5001	300.4882
408.5001	301.0001
407.9882	301.0001
407.9882	301.5120
407.4763	301.5120
407.4763	302.0239
406.9644	302.0239
406.9644	302.5358
406.4525	302.5358
406.4525	303.0477
405.4286	303.0477
405.4286	303.5596
404.4048	303.5596
404.4048	304.0715
403.8929	304.0715
403.8929	304.5834
403.3810	304.5834
403.3810	305.0953
402.8691	305.0953
402.8691	305.6072
401.8453	305.6072
401.8453	306.1191
400.8215	306.1191
400.8215	306.6310
399.7977	306.6310
399.7977	307.1429
399.2858	307.1429
399.2858	307.6548
398.7739	307.6548
398.7739	308.1667
397.7501	308.1667
397.7501	308.6786
396.7263	308.6786
396.7263	309.1905
395.7025	309.1905
395.7025	309.7024
394.1667	309.7024
394.1667	310.2143
393.1429	310.2143
393.1429	310.7262
391.6072	310.7262
391.6072	311.2382
390.0715	311.2382
390.0715	311.7501
388.5358	311.7501
388.5358	312.2620
387.0001	312.2620
387.0001	312.7739
385.9763	312.7739
385.9763	313.2858
384.4405	313.2858
384.4405	313.7977
383.4167	313.7977
383.4167	314.3096
380.8572	314.3096
380.8572	314.8215
379.8334	314.8215
379.8334	315.3334
378.8096	315.3334
378.8096	315.8453
374.2025	315.8453
374.2025	316.3572
371.6429	316.3572
371.6429	316.8691
368.0596	316.8691
368.0596	317.3810
364.9882	317.3810
364.9882	317.8929
357.3096	317.8929
357.3096	318.4048
355.7739	318.4048
355.7739	317.8929
353.2144	317.8929
353.2144	317.3810
350.6548	317.3810
350.6548	317.8929
347.0715	317.8929
347.0715	317.3810
346.5596	317.3810
346.5596	316.8691
346.0477	316.8691
346.0477	316.3572
345.5358	316.3572
345.5358	315.8453
344.5120	315.8453
344.5120	315.3334
343.4882	315.3334
343.4882	314.8215
341.4405	314.8215
341.4405	314.3096
338.8810	314.3096
338.8810	313.7977
334.2739	313.7977
334.2739	313.2858
330.1786	313.2858
330.1786	313.7977
328.6429	313.7977
328.6429	313.2858
325.5715	313.2858
325.5715	312.7739
322.5001	312.7739
322.5001	313.2858
319.9405	313.2858
319.9405	313.7977
316.8691	313.7977
316.8691	314.3096
314.3096	314.3096
314.3096	314.8215
308.1667	314.8215
308.1667	315.3334
305.6072	315.3334
305.6072	315.8453
304.5834	315.8453
304.5834	315.3334
302.0239	315.3334
302.0239	314.8215
298.9524	314.8215
298.9524	315.3334
296.3929	315.3334
296.3929	315.8453
295.3691	315.8453
295.3691	316.3572
294.3453	316.3572
294.3453	316.8691
293.3215	316.8691
293.3215	315.8453
292.8096	315.8453
292.8096	314.8215
292.2977	314.8215
292.2977	314.3096
291.7858	314.3096
291.7858	313.7977
291.2739	313.7977
291.2739	313.2858
290.7620	313.2858
290.7620	312.7739
290.2501	312.7739
290.2501	312.2620
289.7382	312.2620
289.7382	311.7501
289.2262	311.7501
289.2262	311.2382
288.2024	311.2382
288.2024	310.7262
287.1786	310.7262
287.1786	310.2143
286.6667	310.2143
286.6667	309.7024
286.1548	309.7024
286.1548	309.1905
285.6429	309.1905
285.6429	308.6786
285.1310	308.6786
285.1310	308.1667
284.6191	308.1667
284.6191	307.6548
284.1072	307.6548
284.1072	307.1429
283.5953	307.1429
283.5953	306.6310
283.0834	306.6310
283.0834	306.1191
282.0596	306.1191
282.0596	305.6072
281.0358	305.6072
281.0358	305.0953
280.5239	305.0953
280.5239	304.5834
280.0120	304.5834
280.0120	304.0715
279.5001	304.0715
279.5001	303.5596
278.9881	303.5596
278.9881	303.0477
277.9643	303.0477
277.9643	302.5358
276.9405	302.5358
276.9405	302.0239
276.4286	302.0239
276.4286	301.5120
275.9167	301.5120
275.9167	300.4882
275.4048	300.4882
275.4048	299.4643
274.8929	299.4643
274.8929	298.4405
274.3810	298.4405
274.3810	297.9286
273.8691	297.9286
273.8691	297.4167
273.3572	297.4167
273.3572	296.3929
272.8453	296.3929
272.8453	295.8810
272.3334	295.8810
272.3334	294.8572
271.8215	294.8572
271.8215	293.8334
271.3096	293.8334
271.3096	293.3215
270.7977	293.3215
270.7977	292.8096
270.2858	292.8096
270.2858	292.2977
269.7739	292.2977
269.7739	291.7858
269.2620	291.7858
269.2620	291.2739
268.2381	291.2739
268.2381	290.2501
267.7262	290.2501
267.7262	289.7382
267.2143	289.7382
267.2143	289.2262
266.7024	289.2262
266.7024	288.7143
266.1905	288.7143
266.1905	287.6905
265.6786	287.6905
265.6786	286.6667
265.1667	286.6667
265.1667	286.1548
264.6548	286.1548
264.6548	285.6429
264.1429	285.6429
264.1429	284.6191
263.6310	284.6191
263.6310	283.5953
263.1191	283.5953
263.1191	282.5715
262.6072	282.5715
262.6072	281.5477
262.0953	281.5477
262.0953	281.0358
261.5834	281.0358
261.5834	280.0120
261.0715	280.0120
261.0715	278.9881
260.5596	278.9881
260.5596	277.9643
260.0477	277.9643
260.0477	276.9405
259.5358	276.9405
259.5358	275.9167
259.0239	275.9167
259.0239	273.3572
258.5120	273.3572
258.5120	271.3096
258.0000	271.3096
258.0000	269.2620
258.5120	269.2620
258.5120	268.2381
259.0239	268.2381
259.0239	266.1905
259.5358	266.1905
259.5358	263.6310
260.0477	263.6310
260.0477	259.0239
259.5358	259.0239
259.5358	256.4643
259.0239	256.4643
259.0239	254.9286
259.5358	254.9286
259.5358	253.9048
260.0477	253.9048
260.0477	252.8810
260.5596	252.8810
260.5596	251.3453
261.0715	251.3453
261.0715	248.7858
261.5834	248.7858
261.5834	248.2739
262.0953	248.2739
262.0953	247.2500
262.6072	247.2500
262.6072	246.2262
263.1191	246.2262
263.1191	245.7143
263.6310	245.7143
263.6310	245.2024
264.1429	245.2024
264.1429	244.6905
264.6548	244.6905
264.6548	243.6667
265.1667	243.6667
265.1667	242.6429
265.6786	242.6429
265.6786	241.6191
266.1905	241.6191
266.1905	239.0596
266.7024	239.0596
266.7024	238.0358
267.2143	238.0358
267.2143	237.5239
267.7262	237.5239
267.7262	237.0119
268.2381	237.0119
268.2381	235.9881
268.7501	235.9881
268.7501	234.9643
269.2620	234.9643
269.2620	233.9405
269.7739	233.9405
269.7739	232.9167
270.2858	232.9167
270.2858	230.3572
270.7977	230.3572
270.7977	229.3334
271.3096	229.3334
271.3096	228.3096
271.8215	228.3096
271.8215	227.7977
272.8453	227.7977
272.8453	227.2858
273.8691	227.2858
273.8691	226.7739
274.3810	226.7739
274.3810	226.2619
274.8929	226.2619
274.8929	225.7500
275.4048	225.7500
275.4048	225.2381
275.9167	225.2381
275.9167	224.7262
276.4286	224.7262
276.4286	223.7024
277.4524	223.7024
277.4524	223.1905
278.4762	223.1905
278.4762	222.6786
278.9881	222.6786
278.9881	222.1667
279.5001	222.1667
279.5001	221.6548
280.5239	221.6548
280.5239	221.1429
281.5477	221.1429
281.5477	220.6310
282.0596	220.6310
282.0596	220.1191
282.5715	220.1191
282.5715	219.6072
283.0834	219.6072
283.0834	219.0953
283.5953	219.0953
283.5953	218.5834
284.1072	218.5834
284.1072	218.0715
284.6191	218.0715
284.6191	217.0477
285.1310	217.0477
285.1310	216.0239
285.6429	216.0239
285.6429	213.9762
286.1548	213.9762
286.1548	213.4643
286.6667	213.4643
286.6667	212.9524
287.1786	212.9524
287.1786	211.9286
287.6905	211.9286
287.6905	210.9048
288.2024	210.9048
288.2024	208.3453
288.7143	208.3453
288.7143	201.1786
288.2024	201.1786
288.2024	199.6429
288.7143	199.6429
288.7143	195.5477
289.2262	195.5477
289.2262	198.1072
289.7382	198.1072
289.7382	199.1310
290.2501	199.1310
290.2501	200.1548
290.7620	200.1548
290.7620	202.7143
291.2739	202.7143
291.2739	203.7381
291.7858	203.7381
291.7858	204.7619
292.2977	204.7619
292.2977	205.2738
292.8096	205.2738
292.8096	205.7858
293.3215	205.7858
293.3215	206.2977
293.8334	206.2977
293.8334	206.8096
294.3453	206.8096
294.3453	207.3215
294.8572	207.3215
294.8572	207.8334
295.8810	207.8334
295.8810	208.3453
296.9048	208.3453
296.9048	208.8572
297.9286	208.8572
297.9286	209.3691
300.4882	209.3691
300.4882	209.8810
305.6072	209.8810
305.6072	209.3691
308.6786	209.3691
308.6786	208.8572
314.3096	208.8572
314.3096	208.3453
316.8691	208.3453
316.8691	207.8334
317.8929	207.8334
317.8929	207.3215
318.9167	207.3215
318.9167	206.8096
319.9405	206.8096
319.9405	206.2977
320.4524	206.2977
320.4524	205.7858
320.9643	205.7858
320.9643	205.2738
321.4763	205.2738
321.4763	204.7619
321.9882	204.7619
321.9882	204.2500
322.5001	204.2500
322.5001	203.7381
323.0120	203.7381
323.0120	202.7143
323.5239	202.7143
323.5239	202.2024
324.0358	202.2024
324.0358	201.6905
326.0834	201.6905
326.0834	201.1786
327.1072	201.1786
327.1072	200.6667
328.1310	200.6667
328.1310	200.1548
329.1548	200.1548
329.1548	199.6429
330.6905	199.6429
330.6905	199.1310
331.7143	199.1310
331.7143	198.6191
332.7382	198.6191
332.7382	198.1072
333.2501	198.1072
333.2501	198.6191
335.8096	198.6191
335.8096	199.1310
338.8810	199.1310
338.8810	198.6191
341.4405	198.6191
341.4405	198.1072
346.0477	198.1072
346.0477	197.5953
348.6072	197.5953
348.6072	197.0834
349.6310	197.0834
349.6310	196.5715
351.6786	196.5715
351.6786	196.0596
354.2382	196.0596
354.2382	195.5477
355.7739	195.5477
355.7739	195.0358
359.8691	195.0358
359.8691	194.5238
365.5001	194.5238
365.5001	194.0119
369.0834	194.0119
369.0834	193.5000
370.1072	193.5000
