288.2024	188.8929
290.7620	188.8929
290.7620	189.4048
293.3215	189.4048
293.3215	188.8929
293.8334	188.8929
293.8334	191.4524
294.3453	191.4524
294.3453	194.0119
294.8572	194.0119
294.8572	195.0358
295.3691	195.0358
295.3691	196.0596
295.8810	196.0596
295.8810	197.0834
296.3929	197.0834
296.3929	197.5953
296.9048	197.5953
296.9048	198.1072
297.4167	198.1072
297.4167	198.6191
297.9286	198.6191
297.9286	199.1310
298.4405	199.1310
298.4405	199.6429
299.4643	199.6429
299.4643	200.1548
300.4882	200.1548
300.4882	200.6667
303.0477	200.6667
303.0477	201.1786
306.6310	201.1786
306.6310	201.6905
313.2858	201.6905
313.2858	202.2024
319.4286	202.2024
319.4286	201.6905
321.9882	201.6905
321.9882	201.1786
323.0120	201.1786
323.0120	200.6667
324.0358	200.6667
324.0358	200.1548
324.5477	200.1548
324.5477	199.6429
325.0596	199.6429
325.0596	199.1310
325.5715	199.1310
325.5715	198.6191
326.0834	198.6191
326.0834	198.1072
326.5953	198.1072
326.5953	197.5953
327.1072	197.5953
327.1072	197.0834
327.6191	197.0834
327.6191	196.5715
328.1310	196.5715
328.1310	196.0596
328.6429	196.0596
328.6429	195.5477
329.1548	195.5477
329.1548	195.0358
329.6667	195.0358
329.6667	194.5238
330.1786	194.5238
330.1786	194.0119
330.6905	194.0119
330.6905	193.5000
331.2024	193.5000
331.2024	192.9881
331.7143	192.9881
331.7143	192.4762
332.7382	192.4762
332.7382	191.9643
333.7620	191.9643
333.7620	191.4524
334.2739	191.4524
334.2739	190.9405
334.7858	190.9405
334.7858	190.4286
336.3215	190.4286
336.3215	189.9167
337.8572	189.9167
337.8572	189.4048
338.8810	189.4048
338.8810	189.9167
339.9048	189.9167
339.9048	190.4286
342.4644	190.4286
342.4644	190.9405
346.0477	190.9405
346.0477	191.9643
346.5596	191.9643
346.5596	192.9881
347.0715	192.9881
347.0715	193.5000
347.5834	193.5000
347.5834	194.0119
348.0953	194.0119
348.0953	194.5238
348.6072	194.5238
348.6072	195.0358
349.1191	195.0358
349.1191	195.5477
350.1429	195.5477
350.1429	196.0596
351.1667	196.0596
351.1667	196.5715
353.7263	196.5715
353.7263	197.0834
356.2858	197.0834
356.2858	196.5715
358.8453	196.5715
358.8453	196.0596
359.8691	196.0596
359.8691	195.5477
360.8929	195.5477
360.8929	195.0358
361.4048	195.0358
361.4048	194.5238
361.9167	194.5238
361.9167	194.0119
362.9405	194.0119
362.9405	193.5000
363.9644	193.5000
363.9644	192.9881
364.9882	192.9881
364.9882	192.4762
366.0120	192.4762
366.0120	191.9643
366.5239	191.9643
366.5239	191.4524
368.5715	191.4524
368.5715	191.9643
369.5953	191.9643
369.5953	192.4762
372.1548	192.4762
372.1548	192.9881
379.3215	192.9881
379.3215	192.4762
382.3929	192.4762
382.3929	191.9643
383.9286	191.9643
383.9286	192.4762
384.4405	192.4762
384.4405	192.9881
385.4644	192.9881
385.4644	193.5000
386.4882	193.5000
386.4882	194.0119
387.5120	194.0119
387.5120	194.5238
390.0715	194.5238
390.0715	195.0358
392.6310	195.0358
392.6310	194.5238
393.1429	194.5238
393.1429	195.0358
394.1667	195.0358
394.1667	195.5477
396.7263	195.5477
396.7263	196.0596
397.2382	196.0596
397.2382	196.5715
397.7501	196.5715
397.7501	197.0834
398.2620	197.0834
398.2620	197.5953
399.2858	197.5953
399.2858	198.1072
400.3096	198.1072
400.3096	198.6191
401.3334	198.6191
401.3334	199.1310
402.3572	199.1310
402.3572	199.6429
403.3810	199.6429
403.3810	200.1548
404.4048	200.1548
404.4048	200.6667
405.4286	200.6667
405.4286	201.1786
406.4525	201.1786
406.4525	201.6905
407.4763	201.6905
407.4763	202.2024
408.5001	202.2024
408.5001	202.7143
409.0120	202.7143
409.0120	203.2262
409.5239	203.2262
409.5239	203.7381
410.5477	203.7381
410.5477	204.2500
411.0596	204.2500
411.0596	204.7619
411.5715	204.7619
411.5715	205.2738
412.0834	205.2738
412.0834	205.7858
412.5953	205.7858
412.5953	206.2977
413.1072	206.2977
413.1072	206.8096
414.1310	206.8096
414.1310	207.3215
414.6429	207.3215
414.6429	207.8334
415.6667	207.8334
415.6667	208.3453
416.6906	208.3453
416.6906	208.8572
417.7144	208.8572
417.7144	209.3691
418.2263	209.3691
418.2263	209.8810
419.2501	209.8810
419.2501	210.3929
419.7620	210.3929
419.7620	210.9048
420.2739	210.9048
420.2739	211.9286
420.7858	211.9286
420.7858	212.9524
421.2977	212.9524
421.2977	213.4643
421.8096	213.4643
421.8096	213.9762
422.3215	213.9762
422.3215	214.4881
422.8334	214.4881
422.8334	215.0000
423.3453	215.0000
423.3453	215.5119
423.8572	215.5119
423.8572	216.0239
424.3691	216.0239
424.3691	216.5358
425.3929	216.5358
425.3929	217.0477
425.9048	217.0477
425.9048	217.5596
426.4167	217.5596
426.4167	218.0715
426.9287	218.0715
426.9287	218.5834
427.4406	218.5834
427.4406	219.0953
427.9525	219.0953
427.9525	219.6072
428.4644	219.6072
428.4644	220.1191
428.9763	220.1191
428.9763	221.1429
429.4882	221.1429
429.4882	221.6548
430.0001	221.6548
430.0001	222.1667
430.5120	222.1667
430.5120	223.1905
431.0239	223.1905
431.0239	223.7024
431.5358	223.7024
431.5358	224.2143
432.0477	224.2143
432.0477	224.7262
432.5596	224.7262
432.5596	225.2381
433.0715	225.2381
433.0715	226.2619
433.5834	226.2619
433.5834	226.7739
434.0953	226.7739
434.0953	227.7977
434.6072	227.7977
434.6072	228.3096
435.1191	228.3096
435.1191	228.8215
435.6310	228.8215
435.6310	229.8453
436.1429	229.8453
436.1429	230.8691
436.6548	230.8691
436.6548	231.3810
437.1667	231.3810
437.1667	232.9167
437.6787	232.9167
437.6787	234.4524
438.1906	234.4524
438.1906	236.5000
438.7025	236.5000
438.7025	239.5715
439.2144	239.5715
439.2144	246.7381
438.7025	246.7381
438.7025	249.8096
438.1906	249.8096
438.1906	252.8810
437.6787	252.8810
437.6787	253.3929
437.1667	253.3929
437.1667	254.4167
436.6548	254.4167
436.6548	255.4405
436.1429	255.4405
436.1429	256.4643
435.6310	256.4643
435.6310	256.9762
435.1191	256.9762
435.1191	258.0000
434.6072	258.0000
434.6072	258.5120
434.0953	258.5120
434.0953	259.5358
433.5834	259.5358
433.5834	260.5596
433.0715	260.5596
433.0715	262.6072
432.5596	262.6072
432.5596	265.1667
432.0477	265.1667
432.0477	267.7262
431.5358	267.7262
431.5358	272.3334
431.0239	272.3334
431.0239	273.3572
430.0001	273.3572
430.0001	273.8691
429.4882	273.8691
429.4882	274.3810
428.9763	274.3810
428.9763	274.8929
428.4644	274.8929
428.4644	275.4048
427.9525	275.4048
427.9525	275.9167
427.4406	275.9167
427.4406	276.4286
426.9287	276.4286
426.9287	277.4524
426.4167	277.4524
426.4167	278.4762
425.9048	278.4762
425.9048	278.9881
425.3929	278.9881
425.3929	279.5001
424.8810	279.5001
424.8810	280.0120
424.3691	280.0120
424.3691	280.5239
423.8572	280.5239
423.8572	281.5477
423.3453	281.5477
423.3453	282.0596
422.3215	282.0596
422.3215	282.5715
421.8096	282.5715
421.8096	283.0834
421.2977	283.0834
421.2977	283.5953
420.7858	283.5953
420.7858	284.1072
420.2739	284.1072
420.2739	284.6191
419.7620	284.6191
419.7620	285.1310
419.2501	285.1310
419.2501	285.6429
418.7382	285.6429
418.7382	286.6667
418.2263	286.6667
418.2263	287.1786
417.7144	287.1786
417.7144	288.2024
416.6906	288.2024
416.6906	288.7143
415.6667	288.7143
415.6667	289.2262
414.6429	289.2262
414.6429	289.7382
414.1310	289.7382
414.1310	290.2501
413.6191	290.2501
413.6191	290.7620
413.1072	290.7620
413.1072	291.2739
412.0834	291.2739
412.0834	291.7858
411.5715	291.7858
411.5715	292.2977
411.0596	292.2977
411.0596	292.8096
410.5477	292.8096
410.5477	293.3215
409.5239	293.3215
409.5239	293.8334
409.0120	293.8334
409.0120	294.3453
408.5001	294.3453
408.5001	294.8572
407.9882	294.8572
407.9882	295.3691
407.4763	295.3691
407.4763	295.8810
406.9644	295.8810
406.9644	296.3929
406.4525	296.3929
406.4525	296.9048
405.9406	296.9048
405.9406	297.9286
405.4286	297.9286
405.4286	298.4405
404.9167	298.4405
404.9167	298.9524
404.4048	298.9524
404.4048	299.4643
403.8929	299.4643
403.8929	299.9762
402.3572	299.9762
402.3572	300.4882
401.3334	300.4882
401.3334	301.0001
400.3096	301.0001
400.3096	301.5120
399.2858	301.5120
399.2858	302.0239
398.7739	302.0239
398.7739	302.5358
398.2620	302.5358
398.2620	303.0477
397.2382	303.0477
397.2382	303.5596
396.7263	303.5596
396.7263	304.0715
396.2144	304.0715
396.2144	304.5834
395.7025	304.5834
395.7025	305.0953
394.6786	305.0953
394.6786	305.6072
393.6548	305.6072
393.6548	306.1191
392.6310	306.1191
392.6310	306.6310
392.1191	306.6310
392.1191	307.1429
391.0953	307.1429
391.0953	307.6548
390.0715	307.6548
390.0715	308.1667
389.5596	308.1667
389.5596	308.6786
388.5358	308.6786
388.5358	309.1905
388.0239	309.1905
388.0239	309.7024
387.5120	309.7024
387.5120	310.2143
386.4882	310.2143
386.4882	310.7262
385.4644	310.7262
385.4644	311.2382
384.4405	311.2382
384.4405	311.7501
383.4167	311.7501
383.4167	312.2620
382.9048	312.2620
382.9048	312.7739
380.3453	312.7739
380.3453	313.2858
378.8096	313.2858
378.8096	313.7977
376.7620	313.7977
376.7620	314.3096
373.1786	314.3096
373.1786	314.8215
370.6191	314.8215
370.6191	315.3334
367.0358	315.3334
367.0358	315.8453
363.4525	315.8453
363.4525	316.3572
358.8453	316.3572
358.8453	316.8691
356.2858	316.8691
356.2858	317.3810
355.7739	317.3810
355.7739	316.8691
355.2620	316.8691
355.2620	316.3572
354.7501	316.3572
354.7501	315.8453
354.2382	315.8453
354.2382	315.3334
353.7263	315.3334
353.7263	314.8215
353.2144	314.8215
353.2144	314.3096
352.1905	314.3096
352.1905	313.7977
351.1667	313.7977
351.1667	313.2858
348.6072	313.2858
348.6072	312.7739
345.0239	312.7739
345.0239	313.2858
341.9524	313.2858
341.9524	312.7739
335.8096	312.7739
335.8096	313.2858
326.5953	313.2858
326.5953	312.7739
321.9882	312.7739
321.9882	312.2620
320.4524	312.2620
320.4524	311.7501
317.8929	311.7501
317.8929	311.2382
315.3334	311.2382
315.3334	311.7501
312.7739	311.7501
312.7739	312.2620
311.7501	312.2620
311.7501	312.7739
310.7262	312.7739
310.7262	313.2858
310.2143	313.2858
310.2143	313.7977
309.7024	313.7977
309.7024	314.3096
309.1905	314.3096
309.1905	314.8215
308.6786	314.8215
308.6786	315.3334
308.1667	315.3334
308.1667	315.8453
307.1429	315.8453
307.1429	316.3572
303.5596	316.3572
303.5596	316.8691
301.0001	316.8691
301.0001	317.3810
298.4405	317.3810
298.4405	317.8929
297.4167	317.8929
297.4167	318.4048
296.3929	318.4048
296.3929	318.9167
295.8810	318.9167
295.8810	319.4286
295.3691	319.4286
295.3691	319.9405
294.8572	319.9405
294.8572	320.4524
294.3453	320.4524
294.3453	320.9643
293.8334	320.9643
293.8334	321.4763
293.3215	321.4763
293.3215	322.5001
292.8096	322.5001
292.8096	323.0120
292.2977	323.0120
292.2977	323.5239
290.7620	323.5239
290.7620	324.0358
290.2501	324.0358
290.2501	323.5239
289.7382	323.5239
289.7382	323.0120
289.2262	323.0120
289.2262	322.5001
288.7143	322.5001
288.7143	321.9882
287.6905	321.9882
287.6905	320.9643
287.1786	320.9643
287.1786	319.9405
286.6667	319.9405
286.6667	318.9167
286.1548	318.9167
286.1548	318.4048
285.6429	318.4048
285.6429	317.8929
285.1310	317.8929
285.1310	317.3810
284.6191	317.3810
284.6191	316.3572
284.1072	316.3572
284.1072	315.8453
283.5953	315.8453
283.5953	315.3334
283.0834	315.3334
283.0834	314.8215
282.5715	314.8215
282.5715	314.3096
282.0596	314.3096
282.0596	313.7977
281.0358	313.7977
281.0358	313.2858
280.0120	313.2858
280.0120	312.7739
277.4524	312.7739
277.4524	312.2620
274.3810	312.2620
274.3810	311.7501
273.3572	311.7501
273.3572	309.1905
273.8691	309.1905
273.8691	306.6310
274.3810	306.6310
274.3810	304.0715
274.8929	304.0715
274.8929	300.4882
274.3810	300.4882
274.3810	297.9286
273.8691	297.9286
273.8691	296.9048
273.3572	296.9048
273.3572	295.8810
272.8453	295.8810
272.8453	295.3691
272.3334	295.3691
272.3334	294.8572
271.8215	294.8572
271.8215	294.3453
271.3096	294.3453
271.3096	293.8334
270.7977	293.8334
270.7977	293.3215
270.2858	293.3215
270.2858	292.8096
269.2620	292.8096
269.2620	291.7858
268.7501	291.7858
268.7501	291.2739
268.2381	291.2739
268.2381	290.7620
267.7262	290.7620
267.7262	290.2501
267.2143	290.2501
267.2143	289.7382
266.7024	289.7382
266.7024	288.7143
266.1905	288.7143
266.1905	287.6905
265.6786	287.6905
265.6786	287.1786
265.1667	287.1786
265.1667	286.6667
264.6548	286.6667
264.6548	286.1548
264.1429	286.1548
264.1429	285.6429
263.6310	285.6429
263.6310	285.1310
263.1191	285.1310
263.1191	284.6191
262.0953	284.6191
262.0953	284.1072
261.5834	284.1072
261.5834	283.5953
261.0715	283.5953
261.0715	283.0834
260.5596	283.0834
260.5596	282.5715
260.0477	282.5715
260.0477	282.0596
259.5358	282.0596
259.5358	281.0358
259.0239	281.0358
259.0239	280.5239
258.5120	280.5239
258.5120	280.0120
258.0000	280.0120
258.0000	279.5001
257.4881	279.5001
257.4881	273.8691
256.9762	273.8691
256.9762	271.8215
257.4881	271.8215
257.4881	266.7024
256.9762	266.7024
256.9762	264.1429
256.4643	264.1429
256.4643	263.1191
256.9762	263.1191
256.9762	260.5596
256.4643	260.5596
256.4643	258.0000
255.9524	258.0000
255.9524	256.9762
256.4643	256.9762
256.4643	247.2500
256.9762	247.2500
256.9762	244.1786
257.4881	244.1786
257.4881	242.1310
258.0000	242.1310
258.0000	240.5953
258.5120	240.5953
258.5120	238.0358
259.0239	238.0358
259.0239	235.9881
259.5358	235.9881
259.5358	235.4762
260.0477	235.4762
260.0477	234.9643
260.5596	234.9643
260.5596	234.4524
261.0715	234.4524
261.0715	233.9405
261.5834	233.9405
261.5834	233.4286
262.0953	233.4286
262.0953	232.9167
262.6072	232.9167
262.6072	232.4048
263.1191	232.4048
263.1191	231.3810
263.6310	231.3810
263.6310	230.3572
264.1429	230.3572
264.1429	229.3334
264.6548	229.3334
264.6548	228.3096
265.1667	228.3096
265.1667	227.7977
265.6786	227.7977
265.6786	227.2858
266.1905	227.2858
266.1905	226.2619
266.7024	226.2619
266.7024	225.7500
267.2143	225.7500
267.2143	224.7262
267.7262	224.7262
267.7262	223.7024
268.2381	223.7024
268.2381	223.1905
268.7501	223.1905
268.7501	222.6786
269.2620	222.6786
269.2620	221.6548
269.7739	221.6548
269.7739	220.6310
270.2858	220.6310
270.2858	218.5834
271.3096	218.5834
271.3096	218.0715
272.3334	218.0715
272.3334	217.5596
273.3572	217.5596
273.3572	217.0477
273.8691	217.0477
273.8691	216.5358
274.3810	216.5358
274.3810	216.0239
274.8929	216.0239
274.8929	215.5119
275.4048	215.5119
275.4048	215.0000
275.9167	215.0000
275.9167	214.4881
276.4286	214.4881
276.4286	213.4643
276.9405	213.4643
276.9405	212.4405
277.4524	212.4405
277.4524	209.8810
277.9643	209.8810
277.9643	207.3215
278.4762	207.3215
278.4762	203.2262
277.9643	203.2262
277.9643	202.7143
278.4762	202.7143
278.4762	202.2024
278.9881	202.2024
278.9881	201.1786
279.5001	201.1786
279.5001	200.1548
280.0120	200.1548
280.0120	197.5953
280.5239	197.5953
280.5239	195.0358
280.0120	195.0358
280.0120	192.4762
279.5001	192.4762
279.5001	191.4524
281.5477	191.4524
281.5477	190.9405
282.5715	190.9405
282.5715	190.4286
283.5953	190.4286
283.5953	189.9167
284.1072	189.9167
284.1072	189.4048
284.6191	189.4048
284.6191	188.8929
287.6905	188.8929
287.6905	188.3810
288.2024	188.3810
