366.0120	213.9762
366.5239	213.9762
366.5239	214.4881
367.0358	214.4881
367.0358	215.0000
368.0596	215.0000
368.0596	215.5119
369.0834	215.5119
369.0834	216.0239
371.6429	216.0239
371.6429	216.5358
375.2263	216.5358
375.2263	216.0239
377.7858	216.0239
377.7858	215.5119
380.8572	215.5119
380.8572	216.0239
382.3929	216.0239
382.3929	216.5358
383.9286	216.5358
383.9286	217.0477
385.4644	217.0477
385.4644	217.5596
386.4882	217.5596
386.4882	218.0715
387.5120	218.0715
387.5120	218.5834
388.0239	218.5834
388.0239	219.0953
388.5358	219.0953
388.5358	220.1191
389.0477	220.1191
389.0477	220.6310
389.5596	220.6310
389.5596	221.1429
390.0715	221.1429
390.0715	221.6548
390.5834	221.6548
390.5834	222.6786
391.0953	222.6786
391.0953	225.2381
391.6072	225.2381
391.6072	227.7977
392.1191	227.7977
392.1191	228.8215
392.6310	228.8215
392.6310	231.3810
393.1429	231.3810
393.1429	232.9167
393.6548	232.9167
393.6548	233.9405
394.1667	233.9405
394.1667	234.9643
394.6786	234.9643
394.6786	235.9881
395.1906	235.9881
395.1906	237.5239
395.7025	237.5239
395.7025	238.5477
396.2144	238.5477
396.2144	239.5715
396.7263	239.5715
396.7263	240.5953
397.2382	240.5953
397.2382	241.6191
397.7501	241.6191
397.7501	242.6429
398.2620	242.6429
398.2620	243.6667
398.7739	243.6667
398.7739	245.2024
399.2858	245.2024
399.2858	246.7381
399.7977	246.7381
399.7977	247.7620
400.3096	247.7620
400.3096	251.3453
400.8215	251.3453
400.8215	258.5120
401.3334	258.5120
401.3334	259.5358
400.8215	259.5358
400.8215	264.6548
400.3096	264.6548
400.3096	271.3096
399.7977	271.3096
399.7977	273.8691
399.2858	273.8691
399.2858	275.4048
398.7739	275.4048
398.7739	276.4286
398.2620	276.4286
398.2620	277.4524
397.7501	277.4524
397.7501	280.0120
397.2382	280.0120
397.2382	280.5239
396.7263	280.5239
396.7263	281.0358
396.2144	281.0358
396.2144	281.5477
395.7025	281.5477
395.7025	282.0596
395.1906	282.0596
395.1906	282.5715
394.6786	282.5715
394.6786	283.0834
394.1667	283.0834
394.1667	284.1072
393.6548	284.1072
393.6548	285.1310
393.1429	285.1310
393.1429	287.1786
392.6310	287.1786
392.6310	288.2024
392.1191	288.2024
392.1191	288.7143
391.6072	288.7143
391.6072	289.7382
391.0953	289.7382
391.0953	290.7620
390.5834	290.7620
390.5834	291.7858
390.0715	291.7858
390.0715	292.8096
389.5596	292.8096
389.5596	293.8334
389.0477	293.8334
389.0477	294.8572
388.5358	294.8572
388.5358	295.8810
388.0239	295.8810
388.0239	297.4167
387.5120	297.4167
387.5120	298.4405
387.0001	298.4405
387.0001	300.4882
386.4882	300.4882
386.4882	301.0001
385.9763	301.0001
385.9763	301.5120
385.4644	301.5120
385.4644	302.0239
384.9525	302.0239
384.9525	302.5358
384.4405	302.5358
384.4405	303.0477
383.9286	303.0477
383.9286	304.0715
381.3691	304.0715
381.3691	304.5834
380.3453	304.5834
380.3453	305.0953
379.3215	305.0953
379.3215	305.6072
378.8096	305.6072
378.8096	306.1191
377.2739	306.1191
377.2739	306.6310
376.2501	306.6310
376.2501	307.1429
375.2263	307.1429
375.2263	307.6548
374.7144	307.6548
374.7144	308.1667
373.6905	308.1667
373.6905	308.6786
373.1786	308.6786
373.1786	309.1905
372.6667	309.1905
372.6667	309.7024
371.6429	309.7024
371.6429	310.2143
369.0834	310.2143
369.0834	310.7262
367.0358	310.7262
367.0358	311.2382
365.5001	311.2382
365.5001	311.7501
364.4763	311.7501
364.4763	312.2620
363.4525	312.2620
363.4525	312.7739
360.3810	312.7739
360.3810	313.2858
352.7024	313.2858
352.7024	313.7977
350.1429	313.7977
350.1429	314.3096
349.1191	314.3096
349.1191	313.2858
348.6072	313.2858
348.6072	312.2620
348.0953	312.2620
348.0953	311.2382
347.5834	311.2382
347.5834	310.2143
347.0715	310.2143
347.0715	309.1905
346.5596	309.1905
346.5596	308.6786
346.0477	308.6786
346.0477	308.1667
345.5358	308.1667
345.5358	307.6548
345.0239	307.6548
345.0239	307.1429
344.5120	307.1429
344.5120	306.6310
343.4882	306.6310
343.4882	306.1191
342.4644	306.1191
342.4644	305.6072
339.9048	305.6072
339.9048	305.0953
337.3453	305.0953
337.3453	305.6072
334.7858	305.6072
334.7858	306.1191
333.7620	306.1191
333.7620	306.6310
332.7382	306.6310
332.7382	307.1429
330.6905	307.1429
330.6905	307.6548
327.6191	307.6548
327.6191	307.1429
326.5953	307.1429
326.5953	306.6310
325.5715	306.6310
325.5715	306.1191
323.5239	306.1191
323.5239	305.6072
322.5001	305.6072
322.5001	305.0953
321.9882	305.0953
321.9882	304.5834
320.9643	304.5834
320.9643	304.0715
319.9405	304.0715
319.9405	303.5596
317.8929	303.5596
317.8929	303.0477
317.3810	303.0477
317.3810	302.5358
316.8691	302.5358
316.8691	302.0239
316.3572	302.0239
316.3572	301.5120
315.8453	301.5120
315.8453	301.0001
315.3334	301.0001
315.3334	300.4882
314.8215	300.4882
314.8215	299.9762
313.7977	299.9762
313.7977	299.4643
312.7739	299.4643
312.7739	298.9524
312.2620	298.9524
312.2620	298.4405
311.7501	298.4405
311.7501	297.9286
311.2382	297.9286
311.2382	297.4167
310.7262	297.4167
310.7262	296.9048
310.2143	296.9048
310.2143	296.3929
309.7024	296.3929
309.7024	295.8810
309.1905	295.8810
309.1905	294.8572
308.6786	294.8572
308.6786	293.3215
308.1667	293.3215
308.1667	292.2977
307.6548	292.2977
307.6548	291.2739
307.1429	291.2739
307.1429	290.2501
306.6310	290.2501
306.6310	286.6667
306.1191	286.6667
306.1191	284.1072
305.6072	284.1072
305.6072	283.0834
305.0953	283.0834
305.0953	282.0596
304.5834	282.0596
304.5834	279.5001
304.0715	279.5001
304.0715	277.9643
303.5596	277.9643
303.5596	276.4286
303.0477	276.4286
303.0477	265.6786
303.5596	265.6786
303.5596	262.6072
303.0477	262.6072
303.0477	259.5358
303.5596	259.5358
303.5596	258.5120
304.0715	258.5120
304.0715	257.4881
304.5834	257.4881
304.5834	255.4405
305.0953	255.4405
305.0953	252.8810
305.6072	252.8810
305.6072	250.3215
306.1191	250.3215
306.1191	249.2977
306.6310	249.2977
306.6310	248.2739
307.1429	248.2739
307.1429	247.7620
307.6548	247.7620
307.6548	246.7381
308.1667	246.7381
308.1667	245.7143
308.6786	245.7143
308.6786	245.2024
309.1905	245.2024
309.1905	244.6905
309.7024	244.6905
309.7024	244.1786
310.2143	244.1786
310.2143	243.6667
310.7262	243.6667
310.7262	243.1548
311.7501	243.1548
311.7501	242.6429
312.2620	242.6429
312.2620	242.1310
313.2858	242.1310
313.2858	241.6191
313.7977	241.6191
313.7977	241.1072
314.3096	241.1072
314.3096	240.5953
314.8215	240.5953
314.8215	240.0834
315.3334	240.0834
315.3334	239.5715
315.8453	239.5715
315.8453	239.0596
316.3572	239.0596
316.3572	238.5477
316.8691	238.5477
316.8691	238.0358
317.3810	238.0358
317.3810	237.5239
317.8929	237.5239
317.8929	237.0119
318.4048	237.0119
318.4048	236.5000
318.9167	236.5000
318.9167	235.9881
319.4286	235.9881
319.4286	235.4762
320.4524	235.4762
320.4524	234.9643
321.4763	234.9643
321.4763	234.4524
322.5001	234.4524
322.5001	233.9405
323.5239	233.9405
323.5239	233.4286
324.5477	233.4286
324.5477	232.9167
325.5715	232.9167
325.5715	232.4048
327.1072	232.4048
327.1072	231.8929
328.1310	231.8929
328.1310	231.3810
329.1548	231.3810
329.1548	230.8691
330.1786	230.8691
330.1786	230.3572
330.6905	230.3572
330.6905	229.8453
332.2263	229.8453
332.2263	229.3334
333.2501	229.3334
333.2501	228.8215
334.2739	228.8215
334.2739	228.3096
335.2977	228.3096
335.2977	227.7977
336.3215	227.7977
336.3215	227.2858
337.3453	227.2858
337.3453	226.7739
337.8572	226.7739
337.8572	226.2619
338.3691	226.2619
338.3691	225.7500
338.8810	225.7500
338.8810	225.2381
339.9048	225.2381
339.9048	224.7262
341.4405	224.7262
341.4405	224.2143
342.4644	224.2143
342.4644	223.7024
344.0001	223.7024
344.0001	223.1905
346.5596	223.1905
346.5596	222.6786
348.6072	222.6786
348.6072	222.1667
350.6548	222.1667
350.6548	221.6548
352.7024	221.6548
352.7024	221.1429
354.7501	221.1429
354.7501	220.6310
355.7739	220.6310
355.7739	220.1191
356.7977	220.1191
356.7977	219.6072
358.3334	219.6072
358.3334	219.0953
359.3572	219.0953
359.3572	218.5834
360.3810	218.5834
360.3810	218.0715
360.8929	218.0715
360.8929	217.5596
361.4048	217.5596
361.4048	217.0477
361.9167	217.0477
361.9167	216.5358
362.4286	216.5358
362.4286	216.0239
362.9405	216.0239
362.9405	215.5119
363.4525	215.5119
363.4525	214.4881
363.9644	214.4881
363.9644	213.4643
366.0120	213.4643
