382.9048	211.9286
383.4167	211.9286
383.4167	212.4405
383.9286	212.4405
383.9286	212.9524
384.4405	212.9524
384.4405	213.4643
384.9525	213.4643
384.9525	213.9762
385.4644	213.9762
385.4644	214.4881
385.9763	214.4881
385.9763	215.0000
386.4882	215.0000
386.4882	215.5119
387.5120	215.5119
387.5120	216.5358
388.0239	216.5358
388.0239	217.0477
388.5358	217.0477
388.5358	218.0715
389.0477	218.0715
389.0477	219.0953
389.5596	219.0953
389.5596	219.6072
390.0715	219.6072
390.0715	220.1191
390.5834	220.1191
390.5834	220.6310
391.0953	220.6310
391.0953	221.1429
391.6072	221.1429
391.6072	221.6548
392.1191	221.6548
392.1191	222.1667
392.6310	222.1667
392.6310	222.6786
393.1429	222.6786
393.1429	223.1905
393.6548	223.1905
393.6548	224.2143
394.1667	224.2143
394.1667	225.2381
394.6786	225.2381
394.6786	226.2619
395.1906	226.2619
395.1906	226.7739
395.7025	226.7739
395.7025	227.2858
396.2144	227.2858
396.2144	227.7977
396.7263	227.7977
396.7263	228.3096
397.2382	228.3096
397.2382	228.8215
397.7501	228.8215
397.7501	229.3334
398.2620	229.3334
398.2620	229.8453
398.7739	229.8453
398.7739	230.3572
399.2858	230.3572
399.2858	231.3810
399.7977	231.3810
399.7977	232.4048
400.3096	232.4048
400.3096	233.4286
400.8215	233.4286
400.8215	234.4524
401.3334	234.4524
401.3334	234.9643
401.8453	234.9643
401.8453	235.9881
402.3572	235.9881
402.3572	237.0119
402.8691	237.0119
402.8691	237.5239
403.3810	237.5239
403.3810	238.5477
403.8929	238.5477
403.8929	239.5715
404.4048	239.5715
404.4048	240.0834
404.9167	240.0834
404.9167	240.5953
405.4286	240.5953
405.4286	241.6191
405.9406	241.6191
405.9406	242.1310
406.4525	242.1310
406.4525	242.6429
406.9644	242.6429
406.9644	243.1548
407.4763	243.1548
407.4763	243.6667
407.9882	243.6667
407.9882	244.6905
408.5001	244.6905
408.5001	245.2024
409.0120	245.2024
409.0120	245.7143
409.5239	245.7143
409.5239	246.7381
410.0358	246.7381
410.0358	247.7620
410.5477	247.7620
410.5477	248.7858
411.0596	248.7858
411.0596	249.8096
411.5715	249.8096
411.5715	251.3453
412.0834	251.3453
412.0834	252.3691
412.5953	252.3691
412.5953	253.3929
413.1072	253.3929
413.1072	255.4405
413.6191	255.4405
413.6191	258.5120
414.1310	258.5120
414.1310	267.2143
413.6191	267.2143
413.6191	269.7739
413.1072	269.7739
413.1072	272.8453
412.5953	272.8453
412.5953	273.8691
412.0834	273.8691
412.0834	275.4048
411.5715	275.4048
411.5715	276.4286
411.0596	276.4286
411.0596	276.9405
410.5477	276.9405
410.5477	277.4524
410.0358	277.4524
410.0358	277.9643
409.5239	277.9643
409.5239	278.9881
409.0120	278.9881
409.0120	279.5001
408.5001	279.5001
408.5001	280.5239
407.9882	280.5239
407.9882	281.5477
407.4763	281.5477
407.4763	282.5715
406.9644	282.5715
406.9644	283.5953
406.4525	283.5953
406.4525	284.6191
405.9406	284.6191
405.9406	287.1786
405.4286	287.1786
405.4286	290.2501
404.9167	290.2501
404.9167	292.8096
403.8929	292.8096
403.8929	293.3215
402.8691	293.3215
402.8691	293.8334
401.8453	293.8334
401.8453	294.3453
401.3334	294.3453
401.3334	294.8572
400.8215	294.8572
400.8215	295.3691
400.3096	295.3691
400.3096	295.8810
399.7977	295.8810
399.7977	296.3929
399.2858	296.3929
399.2858	296.9048
398.7739	296.9048
398.7739	297.9286
398.2620	297.9286
398.2620	298.9524
397.7501	298.9524
397.7501	300.4882
397.2382	300.4882
397.2382	301.0001
396.7263	301.0001
396.7263	301.5120
396.2144	301.5120
396.2144	302.0239
395.7025	302.0239
395.7025	302.5358
395.1906	302.5358
395.1906	303.0477
394.6786	303.0477
394.6786	304.0715
394.1667	304.0715
394.1667	304.5834
393.6548	304.5834
393.6548	305.0953
393.1429	305.0953
393.1429	305.6072
392.6310	305.6072
392.6310	306.1191
392.1191	306.1191
392.1191	306.6310
391.6072	306.6310
391.6072	307.1429
391.0953	307.1429
391.0953	308.1667
390.5834	308.1667
390.5834	309.1905
389.5596	309.1905
389.5596	309.7024
389.0477	309.7024
389.0477	310.2143
388.5358	310.2143
388.5358	310.7262
388.0239	310.7262
388.0239	311.2382
387.5120	311.2382
387.5120	311.7501
385.9763	311.7501
385.9763	312.2620
384.9525	312.2620
384.9525	312.7739
383.9286	312.7739
383.9286	313.2858
383.4167	313.2858
383.4167	313.7977
382.9048	313.7977
382.9048	314.3096
380.3453	314.3096
380.3453	314.8215
379.3215	314.8215
379.3215	315.3334
378.2977	315.3334
378.2977	315.8453
377.7858	315.8453
377.7858	316.3572
377.2739	316.3572
377.2739	316.8691
376.2501	316.8691
376.2501	317.3810
375.2263	317.3810
375.2263	317.8929
374.7144	317.8929
374.7144	318.4048
373.6905	318.4048
373.6905	318.9167
372.6667	318.9167
372.6667	319.4286
371.6429	319.4286
371.6429	319.9405
371.1310	319.9405
371.1310	320.4524
365.5001	320.4524
365.5001	319.9405
364.9882	319.9405
364.9882	319.4286
364.4763	319.4286
364.4763	318.9167
363.9644	318.9167
363.9644	318.4048
363.4525	318.4048
363.4525	317.8929
362.9405	317.8929
362.9405	317.3810
362.4286	317.3810
362.4286	316.8691
361.4048	316.8691
361.4048	316.3572
360.3810	316.3572
360.3810	315.8453
357.8215	315.8453
357.8215	315.3334
354.7501	315.3334
354.7501	315.8453
352.1905	315.8453
352.1905	316.3572
351.1667	316.3572
351.1667	316.8691
350.1429	316.8691
350.1429	317.3810
349.6310	317.3810
349.6310	317.8929
349.1191	317.8929
349.1191	318.4048
348.0953	318.4048
348.0953	318.9167
346.0477	318.9167
346.0477	319.4286
344.5120	319.4286
344.5120	319.9405
337.3453	319.9405
337.3453	320.4524
333.2501	320.4524
333.2501	319.9405
327.6191	319.9405
327.6191	319.4286
327.1072	319.4286
327.1072	318.9167
326.0834	318.9167
326.0834	318.4048
325.0596	318.4048
325.0596	317.8929
323.0120	317.8929
323.0120	317.3810
321.4763	317.3810
321.4763	316.8691
320.4524	316.8691
320.4524	316.3572
319.4286	316.3572
319.4286	315.8453
317.3810	315.8453
317.3810	315.3334
316.8691	315.3334
316.8691	314.8215
315.8453	314.8215
315.8453	314.3096
314.8215	314.3096
314.8215	313.7977
313.2858	313.7977
313.2858	313.2858
312.7739	313.2858
312.7739	312.2620
312.2620	312.2620
312.2620	311.7501
311.7501	311.7501
311.7501	311.2382
311.2382	311.2382
311.2382	310.7262
310.7262	310.7262
310.7262	309.1905
310.2143	309.1905
310.2143	308.1667
309.7024	308.1667
309.7024	307.1429
309.1905	307.1429
309.1905	305.6072
308.6786	305.6072
308.6786	303.5596
308.1667	303.5596
308.1667	302.5358
307.6548	302.5358
307.6548	301.5120
307.1429	301.5120
307.1429	301.0001
306.6310	301.0001
306.6310	294.8572
307.1429	294.8572
307.1429	288.2024
306.6310	288.2024
306.6310	285.1310
307.1429	285.1310
307.1429	282.0596
307.6548	282.0596
307.6548	280.5239
308.1667	280.5239
308.1667	279.5001
308.6786	279.5001
308.6786	278.4762
309.1905	278.4762
309.1905	277.4524
309.7024	277.4524
309.7024	276.9405
310.2143	276.9405
310.2143	276.4286
310.7262	276.4286
310.7262	275.9167
311.2382	275.9167
311.2382	275.4048
311.7501	275.4048
311.7501	274.8929
312.2620	274.8929
312.2620	273.8691
312.7739	273.8691
312.7739	272.8453
313.2858	272.8453
313.2858	270.7977
313.7977	270.7977
313.7977	270.2858
314.3096	270.2858
314.3096	269.7739
314.8215	269.7739
314.8215	269.2620
315.3334	269.2620
315.3334	268.2381
315.8453	268.2381
315.8453	267.2143
316.3572	267.2143
316.3572	264.6548
316.8691	264.6548
316.8691	262.0953
316.3572	262.0953
316.3572	259.5358
315.8453	259.5358
315.8453	258.5120
315.3334	258.5120
315.3334	257.4881
314.8215	257.4881
314.8215	255.4405
315.3334	255.4405
315.3334	254.9286
315.8453	254.9286
315.8453	253.9048
316.3572	253.9048
316.3572	253.3929
316.8691	253.3929
316.8691	252.8810
317.3810	252.8810
317.3810	252.3691
317.8929	252.3691
317.8929	251.3453
318.4048	251.3453
318.4048	250.3215
318.9167	250.3215
318.9167	249.2977
319.4286	249.2977
319.4286	248.7858
319.9405	248.7858
319.9405	247.7620
320.4524	247.7620
320.4524	246.7381
320.9643	246.7381
320.9643	245.7143
321.4763	245.7143
321.4763	244.6905
321.9882	244.6905
321.9882	244.1786
322.5001	244.1786
322.5001	243.6667
323.0120	243.6667
323.0120	243.1548
323.5239	243.1548
323.5239	242.6429
324.0358	242.6429
324.0358	242.1310
324.5477	242.1310
324.5477	241.6191
325.0596	241.6191
325.0596	240.5953
325.5715	240.5953
325.5715	239.5715
326.0834	239.5715
326.0834	239.0596
326.5953	239.0596
326.5953	238.5477
327.1072	238.5477
327.1072	238.0358
327.6191	238.0358
327.6191	237.5239
328.1310	237.5239
328.1310	237.0119
328.6429	237.0119
328.6429	236.5000
329.1548	236.5000
329.1548	235.9881
329.6667	235.9881
329.6667	235.4762
330.1786	235.4762
330.1786	234.9643
331.2024	234.9643
331.2024	234.4524
332.2263	234.4524
332.2263	233.9405
332.7382	233.9405
332.7382	233.4286
333.2501	233.4286
333.2501	232.9167
333.7620	232.9167
333.7620	232.4048
334.2739	232.4048
334.2739	231.8929
334.7858	231.8929
334.7858	231.3810
335.8096	231.3810
335.8096	230.8691
336.3215	230.8691
336.3215	230.3572
337.3453	230.3572
337.3453	229.8453
338.3691	229.8453
338.3691	229.3334
339.3929	229.3334
339.3929	228.8215
340.4167	228.8215
340.4167	228.3096
341.4405	228.3096
341.4405	227.7977
342.4644	227.7977
342.4644	227.2858
344.5120	227.2858
344.5120	226.7739
345.5358	226.7739
345.5358	226.2619
347.5834	226.2619
347.5834	225.7500
348.6072	225.7500
348.6072	225.2381
349.6310	225.2381
349.6310	224.7262
350.1429	224.7262
350.1429	224.2143
351.1667	224.2143
351.1667	223.7024
352.1905	223.7024
352.1905	223.1905
353.2144	223.1905
353.2144	222.6786
354.2382	222.6786
354.2382	222.1667
355.2620	222.1667
355.2620	221.6548
356.2858	221.6548
356.2858	221.1429
356.7977	221.1429
356.7977	220.6310
357.8215	220.6310
357.8215	220.1191
358.3334	220.1191
358.3334	219.6072
359.8691	219.6072
359.8691	219.0953
360.8929	219.0953
360.8929	218.5834
361.9167	218.5834
361.9167	218.0715
362.9405	218.0715
362.9405	217.5596
363.4525	217.5596
363.4525	217.0477
363.9644	217.0477
363.9644	216.5358
365.5001	216.5358
365.5001	217.0477
368.0596	217.0477
368.0596	217.5596
372.1548	217.5596
372.1548	217.0477
374.7144	217.0477
374.7144	216.5358
376.7620	216.5358
376.7620	216.0239
377.7858	216.0239
377.7858	215.5119
378.8096	215.5119
378.8096	215.0000
379.3215	215.0000
379.3215	214.4881
379.8334	214.4881
379.8334	213.9762
380.3453	213.9762
380.3453	213.4643
380.8572	213.4643
380.8572	212.9524
381.3691	212.9524
381.3691	212.4405
381.8810	212.4405
381.8810	211.4167
382.9048	211.4167
