370.1072	218.0715
374.2025	218.0715
374.2025	218.5834
375.2263	218.5834
375.2263	219.0953
375.7382	219.0953
375.7382	219.6072
376.2501	219.6072
376.2501	220.6310
376.7620	220.6310
376.7620	221.6548
377.2739	221.6548
377.2739	222.6786
377.7858	222.6786
377.7858	223.1905
378.2977	223.1905
378.2977	223.7024
378.8096	223.7024
378.8096	224.2143
379.3215	224.2143
379.3215	224.7262
379.8334	224.7262
379.8334	225.2381
380.3453	225.2381
380.3453	225.7500
381.3691	225.7500
381.3691	226.2619
381.8810	226.2619
381.8810	226.7739
382.9048	226.7739
382.9048	227.2858
383.4167	227.2858
383.4167	228.3096
383.9286	228.3096
383.9286	228.8215
384.4405	228.8215
384.4405	229.3334
384.9525	229.3334
384.9525	230.3572
385.4644	230.3572
385.4644	231.3810
385.9763	231.3810
385.9763	231.8929
386.4882	231.8929
386.4882	232.9167
387.0001	232.9167
387.0001	233.9405
387.5120	233.9405
387.5120	236.5000
388.0239	236.5000
388.0239	238.0358
388.5358	238.0358
388.5358	240.0834
389.0477	240.0834
389.0477	242.6429
389.5596	242.6429
389.5596	244.6905
390.0715	244.6905
390.0715	245.7143
390.5834	245.7143
390.5834	250.3215
391.0953	250.3215
391.0953	252.8810
391.6072	252.8810
391.6072	253.9048
392.1191	253.9048
392.1191	254.9286
392.6310	254.9286
392.6310	255.4405
393.1429	255.4405
393.1429	256.4643
392.1191	256.4643
392.1191	256.9762
391.0953	256.9762
391.0953	257.4881
390.5834	257.4881
390.5834	258.0000
390.0715	258.0000
390.0715	258.5120
389.5596	258.5120
389.5596	259.0239
389.0477	259.0239
389.0477	259.5358
388.5358	259.5358
388.5358	260.0477
388.0239	260.0477
388.0239	261.0715
387.5120	261.0715
387.5120	262.0953
387.0001	262.0953
387.0001	263.1191
386.4882	263.1191
386.4882	264.1429
385.9763	264.1429
385.9763	265.1667
385.4644	265.1667
385.4644	266.1905
384.9525	266.1905
384.9525	266.7024
384.4405	266.7024
384.4405	267.2143
383.9286	267.2143
383.9286	267.7262
383.4167	267.7262
383.4167	268.7501
382.9048	268.7501
382.9048	269.7739
382.3929	269.7739
382.3929	270.7977
381.8810	270.7977
381.8810	272.3334
381.3691	272.3334
381.3691	273.3572
380.8572	273.3572
380.8572	274.3810
380.3453	274.3810
380.3453	276.4286
379.8334	276.4286
379.8334	277.9643
379.3215	277.9643
379.3215	278.9881
378.8096	278.9881
378.8096	280.0120
378.2977	280.0120
378.2977	281.0358
377.7858	281.0358
377.7858	283.5953
377.2739	283.5953
377.2739	284.6191
376.7620	284.6191
376.7620	286.6667
376.2501	286.6667
376.2501	287.6905
375.7382	287.6905
375.7382	288.2024
375.2263	288.2024
375.2263	288.7143
374.7144	288.7143
374.7144	289.2262
374.2025	289.2262
374.2025	289.7382
373.6905	289.7382
373.6905	290.2501
373.1786	290.2501
373.1786	291.2739
372.6667	291.2739
372.6667	292.2977
372.1548	292.2977
372.1548	294.8572
371.6429	294.8572
371.6429	295.8810
371.1310	295.8810
371.1310	296.3929
370.1072	296.3929
370.1072	296.9048
369.0834	296.9048
369.0834	297.4167
368.0596	297.4167
368.0596	297.9286
367.5477	297.9286
367.5477	298.4405
367.0358	298.4405
367.0358	298.9524
366.5239	298.9524
366.5239	299.4643
366.0120	299.4643
366.0120	299.9762
365.5001	299.9762
365.5001	300.4882
364.9882	300.4882
364.9882	301.5120
364.4763	301.5120
364.4763	302.5358
363.9644	302.5358
363.9644	303.0477
361.4048	303.0477
361.4048	303.5596
359.3572	303.5596
359.3572	304.0715
356.2858	304.0715
356.2858	304.5834
353.7263	304.5834
353.7263	305.0953
350.1429	305.0953
350.1429	304.5834
346.5596	304.5834
346.5596	305.0953
346.0477	305.0953
346.0477	304.5834
345.0239	304.5834
345.0239	304.0715
342.4644	304.0715
342.4644	303.5596
337.8572	303.5596
337.8572	303.0477
334.2739	303.0477
334.2739	303.5596
331.7143	303.5596
331.7143	304.0715
330.6905	304.0715
330.6905	303.5596
330.1786	303.5596
330.1786	302.0239
329.6667	302.0239
329.6667	301.0001
329.1548	301.0001
329.1548	299.9762
328.6429	299.9762
328.6429	299.4643
328.1310	299.4643
328.1310	298.9524
327.6191	298.9524
327.6191	297.9286
327.1072	297.9286
327.1072	297.4167
326.5953	297.4167
326.5953	296.9048
326.0834	296.9048
326.0834	296.3929
325.5715	296.3929
325.5715	295.8810
325.0596	295.8810
325.0596	295.3691
324.5477	295.3691
324.5477	294.8572
323.5239	294.8572
323.5239	294.3453
322.5001	294.3453
322.5001	291.7858
321.9882	291.7858
321.9882	290.7620
321.4763	290.7620
321.4763	289.7382
320.9643	289.7382
320.9643	289.2262
320.4524	289.2262
320.4524	288.7143
319.9405	288.7143
319.9405	286.6667
319.4286	286.6667
319.4286	285.6429
318.9167	285.6429
318.9167	284.6191
318.4048	284.6191
318.4048	284.1072
317.8929	284.1072
317.8929	283.5953
317.3810	283.5953
317.3810	282.0596
316.8691	282.0596
316.8691	280.5239
316.3572	280.5239
316.3572	279.5001
315.8453	279.5001
315.8453	278.4762
315.3334	278.4762
315.3334	277.9643
315.8453	277.9643
315.8453	277.4524
316.3572	277.4524
316.3572	276.9405
316.8691	276.9405
316.8691	276.4286
317.3810	276.4286
317.3810	275.9167
317.8929	275.9167
317.8929	275.4048
318.4048	275.4048
318.4048	274.8929
318.9167	274.8929
318.9167	273.8691
319.4286	273.8691
319.4286	272.8453
319.9405	272.8453
319.9405	271.8215
320.4524	271.8215
320.4524	270.7977
320.9643	270.7977
320.9643	268.2381
321.4763	268.2381
321.4763	265.1667
321.9882	265.1667
321.9882	261.5834
322.5001	261.5834
322.5001	259.0239
323.0120	259.0239
323.0120	256.9762
323.5239	256.9762
323.5239	256.4643
324.0358	256.4643
324.0358	255.4405
324.5477	255.4405
324.5477	254.4167
325.0596	254.4167
325.0596	252.3691
325.5715	252.3691
325.5715	251.3453
326.0834	251.3453
326.0834	250.3215
326.5953	250.3215
326.5953	247.7620
327.1072	247.7620
327.1072	246.7381
327.6191	246.7381
327.6191	246.2262
328.1310	246.2262
328.1310	245.7143
328.6429	245.7143
328.6429	245.2024
329.1548	245.2024
329.1548	244.6905
329.6667	244.6905
329.6667	244.1786
330.1786	244.1786
330.1786	243.6667
330.6905	243.6667
330.6905	242.6429
331.2024	242.6429
331.2024	242.1310
331.7143	242.1310
331.7143	241.6191
332.2263	241.6191
332.2263	241.1072
333.2501	241.1072
333.2501	240.5953
333.7620	240.5953
333.7620	240.0834
334.7858	240.0834
334.7858	239.5715
335.8096	239.5715
335.8096	239.0596
336.3215	239.0596
336.3215	238.5477
336.8334	238.5477
336.8334	238.0358
337.3453	238.0358
337.3453	237.5239
337.8572	237.5239
337.8572	237.0119
338.3691	237.0119
338.3691	236.5000
338.8810	236.5000
338.8810	235.4762
339.3929	235.4762
339.3929	234.4524
339.9048	234.4524
339.9048	232.4048
340.4167	232.4048
340.4167	231.8929
340.9286	231.8929
340.9286	231.3810
341.4405	231.3810
341.4405	230.8691
341.9524	230.8691
341.9524	230.3572
342.4644	230.3572
342.4644	229.8453
342.9763	229.8453
342.9763	228.8215
343.4882	228.8215
343.4882	227.7977
344.0001	227.7977
344.0001	226.7739
344.5120	226.7739
344.5120	224.2143
345.0239	224.2143
345.0239	223.7024
345.5358	223.7024
345.5358	223.1905
346.0477	223.1905
346.0477	222.6786
347.0715	222.6786
347.0715	222.1667
348.0953	222.1667
348.0953	221.6548
349.1191	221.6548
349.1191	221.1429
351.6786	221.1429
351.6786	220.6310
353.7263	220.6310
353.7263	220.1191
354.7501	220.1191
354.7501	219.6072
357.3096	219.6072
357.3096	219.0953
365.5001	219.0953
365.5001	218.5834
368.0596	218.5834
368.0596	218.0715
369.0834	218.0715
369.0834	217.5596
370.1072	217.5596
