382.3929	229.3334
387.0001	229.3334
387.0001	229.8453
391.6072	229.8453
391.6072	230.3572
394.1667	230.3572
394.1667	230.8691
395.1906	230.8691
395.1906	231.3810
396.7263	231.3810
396.7263	231.8929
399.2858	231.8929
399.2858	232.4048
400.3096	232.4048
400.3096	232.9167
401.8453	232.9167
401.8453	233.4286
403.3810	233.4286
403.3810	233.9405
403.8929	233.9405
403.8929	234.4524
404.9167	234.4524
404.9167	234.9643
405.9406	234.9643
405.9406	235.4762
406.9644	235.4762
406.9644	235.9881
408.5001	235.9881
408.5001	236.5000
409.5239	236.5000
409.5239	237.0119
410.5477	237.0119
410.5477	237.5239
411.5715	237.5239
411.5715	238.0358
412.5953	238.0358
412.5953	238.5477
413.6191	238.5477
413.6191	239.0596
416.1787	239.0596
416.1787	239.5715
419.2501	239.5715
419.2501	239.0596
421.8096	239.0596
421.8096	238.5477
423.3453	238.5477
423.3453	238.0358
428.9763	238.0358
428.9763	238.5477
431.0239	238.5477
431.0239	239.0596
432.0477	239.0596
432.0477	239.5715
432.5596	239.5715
432.5596	240.0834
433.5834	240.0834
433.5834	240.5953
434.6072	240.5953
434.6072	241.1072
435.1191	241.1072
435.1191	242.1310
435.6310	242.1310
435.6310	242.6429
436.1429	242.6429
436.1429	243.6667
436.6548	243.6667
436.6548	244.1786
437.1667	244.1786
437.1667	245.2024
437.6787	245.2024
437.6787	245.7143
438.1906	245.7143
438.1906	246.2262
438.7025	246.2262
438.7025	246.7381
439.2144	246.7381
439.2144	247.7620
439.7263	247.7620
439.7263	248.7858
440.2382	248.7858
440.2382	249.8096
440.7501	249.8096
440.7501	250.8334
441.2620	250.8334
441.2620	251.3453
441.7739	251.3453
441.7739	251.8572
442.2858	251.8572
442.2858	252.3691
442.7977	252.3691
442.7977	252.8810
443.3096	252.8810
443.3096	253.3929
443.8215	253.3929
443.8215	253.9048
444.8453	253.9048
444.8453	254.4167
445.8691	254.4167
445.8691	254.9286
447.4048	254.9286
447.4048	255.9524
447.9168	255.9524
447.9168	256.9762
448.4287	256.9762
448.4287	258.0000
448.9406	258.0000
448.9406	258.5120
449.4525	258.5120
449.4525	259.0239
449.9644	259.0239
449.9644	259.5358
450.4763	259.5358
450.4763	260.0477
450.9882	260.0477
450.9882	261.0715
451.5001	261.0715
451.5001	262.0953
452.0120	262.0953
452.0120	263.1191
452.5239	263.1191
452.5239	264.1429
453.0358	264.1429
453.0358	265.1667
453.5477	265.1667
453.5477	266.1905
454.0596	266.1905
454.0596	268.2381
453.5477	268.2381
453.5477	271.8215
453.0358	271.8215
453.0358	276.4286
453.5477	276.4286
453.5477	282.0596
454.0596	282.0596
454.0596	284.6191
454.5715	284.6191
454.5715	285.6429
455.0834	285.6429
455.0834	286.6667
455.5953	286.6667
455.5953	287.1786
456.1072	287.1786
456.1072	287.6905
456.6191	287.6905
456.6191	288.2024
455.5953	288.2024
455.5953	288.7143
455.0834	288.7143
455.0834	289.2262
454.5715	289.2262
454.5715	289.7382
454.0596	289.7382
454.0596	290.2501
453.5477	290.2501
453.5477	290.7620
450.9882	290.7620
450.9882	291.2739
449.9644	291.2739
449.9644	291.7858
448.9406	291.7858
448.9406	292.2977
447.9168	292.2977
447.9168	292.8096
447.4048	292.8096
447.4048	293.3215
446.8929	293.3215
446.8929	293.8334
446.3810	293.8334
446.3810	294.3453
445.8691	294.3453
445.8691	294.8572
445.3572	294.8572
445.3572	295.8810
444.8453	295.8810
444.8453	296.9048
444.3334	296.9048
444.3334	299.4643
443.8215	299.4643
443.8215	303.5596
444.3334	303.5596
444.3334	305.0953
443.8215	305.0953
443.8215	309.1905
443.3096	309.1905
443.3096	320.4524
443.8215	320.4524
443.8215	323.0120
444.3334	323.0120
444.3334	323.5239
443.8215	323.5239
443.8215	324.0358
442.7977	324.0358
442.7977	324.5477
442.2858	324.5477
442.2858	325.0596
441.7739	325.0596
441.7739	325.5715
441.2620	325.5715
441.2620	326.0834
440.7501	326.0834
440.7501	326.5953
440.2382	326.5953
440.2382	327.1072
439.7263	327.1072
439.7263	328.1310
439.2144	328.1310
439.2144	329.1548
438.7025	329.1548
438.7025	330.1786
438.1906	330.1786
438.1906	330.6905
437.6787	330.6905
437.6787	331.2024
437.1667	331.2024
437.1667	331.7143
436.6548	331.7143
436.6548	332.2263
436.1429	332.2263
436.1429	332.7382
435.6310	332.7382
435.6310	333.7620
435.1191	333.7620
435.1191	334.7858
434.6072	334.7858
434.6072	335.8096
434.0953	335.8096
434.0953	336.8334
433.0715	336.8334
433.0715	337.3453
432.5596	337.3453
432.5596	337.8572
432.0477	337.8572
432.0477	338.3691
431.5358	338.3691
431.5358	338.8810
431.0239	338.8810
431.0239	339.3929
430.5120	339.3929
430.5120	339.9048
430.0001	339.9048
430.0001	340.4167
429.4882	340.4167
429.4882	340.9286
428.9763	340.9286
428.9763	341.9524
428.4644	341.9524
428.4644	342.9763
427.9525	342.9763
427.9525	344.0001
427.4406	344.0001
427.4406	344.5120
426.9287	344.5120
426.9287	345.0239
426.4167	345.0239
426.4167	346.0477
425.9048	346.0477
425.9048	347.0715
425.3929	347.0715
425.3929	347.5834
424.8810	347.5834
424.8810	348.0953
424.3691	348.0953
424.3691	348.6072
423.8572	348.6072
423.8572	349.1191
423.3453	349.1191
423.3453	350.1429
422.3215	350.1429
422.3215	350.6548
421.8096	350.6548
421.8096	351.1667
421.2977	351.1667
421.2977	351.6786
420.7858	351.6786
420.7858	352.1905
420.2739	352.1905
420.2739	352.7024
418.2263	352.7024
418.2263	353.2144
417.2025	353.2144
417.2025	353.7263
416.1787	353.7263
416.1787	354.2382
415.6667	354.2382
415.6667	354.7501
415.1548	354.7501
415.1548	355.2620
414.6429	355.2620
414.6429	355.7739
414.1310	355.7739
414.1310	356.2858
413.6191	356.2858
413.6191	356.7977
413.1072	356.7977
413.1072	357.8215
412.5953	357.8215
412.5953	358.8453
412.0834	358.8453
412.0834	361.4048
411.5715	361.4048
411.5715	360.8929
409.0120	360.8929
409.0120	360.3810
405.9406	360.3810
405.9406	360.8929
404.9167	360.8929
404.9167	360.3810
403.3810	360.3810
403.3810	359.8691
405.4286	359.8691
405.4286	359.3572
406.4525	359.3572
406.4525	358.8453
407.4763	358.8453
407.4763	358.3334
407.9882	358.3334
407.9882	357.8215
408.5001	357.8215
408.5001	357.3096
409.0120	357.3096
409.0120	356.7977
409.5239	356.7977
409.5239	356.2858
410.0358	356.2858
410.0358	355.2620
410.5477	355.2620
410.5477	354.2382
411.0596	354.2382
411.0596	352.1905
411.5715	352.1905
411.5715	349.6310
412.0834	349.6310
412.0834	348.6072
412.5953	348.6072
412.5953	346.0477
413.1072	346.0477
413.1072	341.9524
412.5953	341.9524
412.5953	339.3929
412.0834	339.3929
412.0834	338.3691
411.5715	338.3691
411.5715	337.3453
411.0596	337.3453
411.0596	336.8334
410.5477	336.8334
410.5477	335.8096
410.0358	335.8096
410.0358	334.7858
409.5239	334.7858
409.5239	333.7620
409.0120	333.7620
409.0120	333.2501
408.5001	333.2501
408.5001	332.7382
407.9882	332.7382
407.9882	332.2263
407.4763	332.2263
407.4763	331.7143
406.9644	331.7143
406.9644	331.2024
405.9406	331.2024
405.9406	330.6905
404.9167	330.6905
404.9167	330.1786
402.3572	330.1786
402.3572	329.6667
399.7977	329.6667
399.7977	330.1786
397.2382	330.1786
397.2382	330.6905
396.2144	330.6905
396.2144	331.2024
395.1906	331.2024
395.1906	331.7143
394.6786	331.7143
394.6786	332.2263
394.1667	332.2263
394.1667	332.7382
393.6548	332.7382
393.6548	333.2501
393.1429	333.2501
393.1429	333.7620
392.6310	333.7620
392.6310	334.7858
392.1191	334.7858
392.1191	335.8096
391.6072	335.8096
391.6072	336.8334
391.0953	336.8334
391.0953	337.3453
390.5834	337.3453
390.5834	338.3691
390.0715	338.3691
390.0715	338.8810
389.5596	338.8810
389.5596	339.9048
389.0477	339.9048
389.0477	340.4167
388.5358	340.4167
388.5358	340.9286
388.0239	340.9286
388.0239	341.4405
387.5120	341.4405
387.5120	341.9524
387.0001	341.9524
387.0001	342.9763
385.9763	342.9763
385.9763	343.4882
385.4644	343.4882
385.4644	344.0001
384.9525	344.0001
384.9525	344.5120
384.4405	344.5120
384.4405	345.0239
383.9286	345.0239
383.9286	345.5358
383.4167	345.5358
383.4167	346.0477
382.9048	346.0477
382.9048	346.5596
382.3929	346.5596
382.3929	347.5834
381.8810	347.5834
381.8810	348.0953
381.3691	348.0953
381.3691	348.6072
380.8572	348.6072
380.8572	349.1191
380.3453	349.1191
380.3453	350.1429
379.8334	350.1429
379.8334	351.1667
377.2739	351.1667
377.2739	351.6786
376.2501	351.6786
376.2501	352.1905
375.2263	352.1905
375.2263	352.7024
373.6905	352.7024
373.6905	352.1905
371.1310	352.1905
371.1310	352.7024
368.5715	352.7024
368.5715	353.2144
367.0358	353.2144
367.0358	353.7263
366.0120	353.7263
366.0120	354.2382
362.9405	354.2382
362.9405	354.7501
359.3572	354.7501
359.3572	355.2620
356.7977	355.2620
356.7977	355.7739
355.7739	355.7739
355.7739	355.2620
349.6310	355.2620
349.6310	354.7501
347.5834	354.7501
347.5834	354.2382
346.5596	354.2382
346.5596	353.7263
344.5120	353.7263
344.5120	353.2144
341.9524	353.2144
341.9524	352.7024
340.9286	352.7024
340.9286	352.1905
338.8810	352.1905
338.8810	351.6786
338.3691	351.6786
338.3691	351.1667
337.3453	351.1667
337.3453	350.6548
336.8334	350.6548
336.8334	350.1429
336.3215	350.1429
336.3215	349.6310
335.2977	349.6310
335.2977	349.1191
334.2739	349.1191
334.2739	348.6072
333.7620	348.6072
333.7620	348.0953
333.2501	348.0953
333.2501	347.5834
332.7382	347.5834
332.7382	347.0715
331.7143	347.0715
331.7143	346.5596
331.2024	346.5596
331.2024	346.0477
330.1786	346.0477
330.1786	345.5358
329.1548	345.5358
329.1548	345.0239
328.6429	345.0239
328.6429	344.5120
327.6191	344.5120
327.6191	344.0001
327.1072	344.0001
327.1072	342.9763
326.5953	342.9763
326.5953	342.4644
326.0834	342.4644
326.0834	341.9524
325.5715	341.9524
325.5715	341.4405
325.0596	341.4405
325.0596	340.4167
324.5477	340.4167
324.5477	339.9048
324.0358	339.9048
324.0358	338.8810
323.5239	338.8810
323.5239	338.3691
323.0120	338.3691
323.0120	337.8572
322.5001	337.8572
322.5001	335.2977
321.9882	335.2977
321.9882	333.2501
321.4763	333.2501
321.4763	332.2263
320.9643	332.2263
320.9643	330.6905
320.4524	330.6905
320.4524	329.6667
319.9405	329.6667
319.9405	328.6429
319.4286	328.6429
319.4286	327.1072
318.9167	327.1072
318.9167	326.0834
318.4048	326.0834
318.4048	324.5477
318.9167	324.5477
318.9167	321.9882
319.4286	321.9882
319.4286	318.4048
318.9167	318.4048
318.9167	315.8453
318.4048	315.8453
318.4048	314.8215
317.8929	314.8215
317.8929	313.7977
317.3810	313.7977
317.3810	313.2858
316.8691	313.2858
316.8691	312.7739
316.3572	312.7739
316.3572	312.2620
315.8453	312.2620
315.8453	310.7262
316.3572	310.7262
316.3572	306.6310
315.8453	306.6310
315.8453	304.0715
315.3334	304.0715
315.3334	302.0239
315.8453	302.0239
315.8453	299.9762
316.3572	299.9762
316.3572	299.4643
316.8691	299.4643
316.8691	298.4405
317.3810	298.4405
317.3810	297.4167
317.8929	297.4167
317.8929	295.8810
318.4048	295.8810
318.4048	295.3691
318.9167	295.3691
318.9167	294.8572
319.4286	294.8572
319.4286	294.3453
319.9405	294.3453
319.9405	293.3215
320.4524	293.3215
320.4524	292.8096
320.9643	292.8096
320.9643	292.2977
321.4763	292.2977
321.4763	291.7858
321.9882	291.7858
321.9882	290.7620
322.5001	290.7620
322.5001	290.2501
323.5239	290.2501
323.5239	289.7382
324.5477	289.7382
324.5477	289.2262
325.0596	289.2262
325.0596	288.7143
325.5715	288.7143
325.5715	288.2024
326.0834	288.2024
326.0834	287.6905
327.1072	287.6905
327.1072	287.1786
328.6429	287.1786
328.6429	286.6667
329.6667	286.6667
329.6667	286.1548
330.6905	286.1548
330.6905	285.6429
331.2024	285.6429
331.2024	285.1310
331.7143	285.1310
331.7143	284.6191
334.2739	284.6191
334.2739	284.1072
335.2977	284.1072
335.2977	283.5953
336.3215	283.5953
336.3215	283.0834
337.3453	283.0834
337.3453	282.5715
337.8572	282.5715
337.8572	282.0596
338.8810	282.0596
338.8810	281.5477
339.9048	281.5477
339.9048	281.0358
340.9286	281.0358
340.9286	280.5239
341.9524	280.5239
341.9524	280.0120
342.4644	280.0120
342.4644	279.5001
342.9763	279.5001
342.9763	278.9881
343.4882	278.9881
343.4882	278.4762
344.0001	278.4762
344.0001	277.9643
344.5120	277.9643
344.5120	277.4524
345.0239	277.4524
345.0239	276.4286
345.5358	276.4286
345.5358	275.4048
346.0477	275.4048
346.0477	274.8929
346.5596	274.8929
346.5596	273.8691
347.0715	273.8691
347.0715	272.8453
347.5834	272.8453
347.5834	270.2858
348.0953	270.2858
348.0953	269.2620
348.6072	269.2620
348.6072	267.7262
349.1191	267.7262
349.1191	267.2143
349.6310	267.2143
349.6310	266.1905
350.1429	266.1905
350.1429	265.1667
350.6548	265.1667
350.6548	264.1429
351.1667	264.1429
351.1667	263.6310
351.6786	263.6310
351.6786	262.6072
352.1905	262.6072
352.1905	261.5834
352.7024	261.5834
352.7024	261.0715
353.2144	261.0715
353.2144	260.5596
353.7263	260.5596
353.7263	260.0477
354.2382	260.0477
354.2382	259.5358
354.7501	259.5358
354.7501	258.5120
355.2620	258.5120
355.2620	257.4881
355.7739	257.4881
355.7739	256.4643
356.2858	256.4643
356.2858	255.9524
356.7977	255.9524
356.7977	255.4405
357.3096	255.4405
357.3096	254.4167
357.8215	254.4167
357.8215	253.3929
358.3334	253.3929
358.3334	250.8334
358.8453	250.8334
358.8453	247.7620
359.3572	247.7620
359.3572	246.7381
359.8691	246.7381
359.8691	245.2024
360.3810	245.2024
360.3810	242.6429
360.8929	242.6429
360.8929	242.1310
361.4048	242.1310
361.4048	241.1072
361.9167	241.1072
361.9167	240.5953
362.4286	240.5953
362.4286	240.0834
362.9405	240.0834
362.9405	239.5715
363.4525	239.5715
363.4525	239.0596
363.9644	239.0596
363.9644	238.5477
364.4763	238.5477
364.4763	237.5239
364.9882	237.5239
364.9882	237.0119
366.0120	237.0119
366.0120	236.5000
366.5239	236.5000
366.5239	235.9881
367.0358	235.9881
367.0358	235.4762
367.5477	235.4762
367.5477	234.9643
368.0596	234.9643
368.0596	234.4524
368.5715	234.4524
368.5715	233.9405
369.0834	233.9405
369.0834	233.4286
369.5953	233.4286
369.5953	232.4048
370.1072	232.4048
370.1072	231.8929
372.6667	231.8929
372.6667	231.3810
374.7144	231.3810
374.7144	230.8691
376.2501	230.8691
376.2501	230.3572
378.8096	230.3572
378.8096	229.8453
379.8334	229.8453
379.8334	229.3334
381.8810	229.3334
381.8810	228.8215
382.3929	228.8215
