373.1786	207.3215
378.8096	207.3215
378.8096	207.8334
380.8572	207.8334
380.8572	208.3453
381.8810	208.3453
381.8810	208.8572
383.4167	208.8572
383.4167	209.3691
384.4405	209.3691
384.4405	209.8810
385.4644	209.8810
385.4644	210.3929
385.9763	210.3929
385.9763	210.9048
386.4882	210.9048
386.4882	211.4167
387.0001	211.4167
387.0001	211.9286
388.0239	211.9286
388.0239	212.4405
389.0477	212.4405
389.0477	212.9524
390.5834	212.9524
390.5834	213.4643
391.6072	213.4643
391.6072	213.9762
392.6310	213.9762
392.6310	214.4881
393.6548	214.4881
393.6548	215.0000
394.6786	215.0000
394.6786	215.5119
395.1906	215.5119
395.1906	216.0239
395.7025	216.0239
395.7025	216.5358
396.7263	216.5358
396.7263	217.0477
397.7501	217.0477
397.7501	217.5596
398.7739	217.5596
398.7739	218.0715
400.3096	218.0715
400.3096	218.5834
402.3572	218.5834
402.3572	219.0953
402.8691	219.0953
402.8691	219.6072
403.3810	219.6072
403.3810	220.1191
404.4048	220.1191
404.4048	220.6310
405.4286	220.6310
405.4286	221.1429
406.4525	221.1429
406.4525	221.6548
407.9882	221.6548
407.9882	222.1667
408.5001	222.1667
408.5001	222.6786
409.5239	222.6786
409.5239	223.1905
410.5477	223.1905
410.5477	223.7024
411.5715	223.7024
411.5715	224.2143
412.5953	224.2143
412.5953	224.7262
413.1072	224.7262
413.1072	225.2381
414.1310	225.2381
414.1310	225.7500
415.1548	225.7500
415.1548	226.2619
416.1787	226.2619
416.1787	226.7739
418.7382	226.7739
418.7382	227.2858
421.2977	227.2858
421.2977	227.7977
421.8096	227.7977
421.8096	228.3096
422.3215	228.3096
422.3215	228.8215
422.8334	228.8215
422.8334	229.3334
423.8572	229.3334
423.8572	229.8453
424.8810	229.8453
424.8810	230.3572
426.4167	230.3572
426.4167	230.8691
428.4644	230.8691
428.4644	231.3810
428.9763	231.3810
428.9763	231.8929
430.0001	231.8929
430.0001	232.4048
431.0239	232.4048
431.0239	232.9167
432.0477	232.9167
432.0477	233.4286
434.0953	233.4286
434.0953	233.9405
434.6072	233.9405
434.6072	234.4524
435.6310	234.4524
435.6310	234.9643
436.6548	234.9643
436.6548	235.4762
438.1906	235.4762
438.1906	235.9881
439.2144	235.9881
439.2144	236.5000
440.2382	236.5000
440.2382	237.0119
441.7739	237.0119
441.7739	237.5239
442.2858	237.5239
442.2858	238.0358
443.3096	238.0358
443.3096	238.5477
444.3334	238.5477
444.3334	239.5715
444.8453	239.5715
444.8453	240.5953
445.3572	240.5953
445.3572	241.1072
445.8691	241.1072
445.8691	241.6191
446.3810	241.6191
446.3810	242.1310
446.8929	242.1310
446.8929	242.6429
447.4048	242.6429
447.4048	243.1548
447.9168	243.1548
447.9168	243.6667
448.4287	243.6667
448.4287	244.1786
448.9406	244.1786
448.9406	244.6905
449.4525	244.6905
449.4525	245.2024
449.9644	245.2024
449.9644	245.7143
450.4763	245.7143
450.4763	246.2262
450.9882	246.2262
450.9882	246.7381
451.5001	246.7381
451.5001	247.2500
452.0120	247.2500
452.0120	247.7620
452.5239	247.7620
452.5239	248.7858
453.0358	248.7858
453.0358	249.2977
453.5477	249.2977
453.5477	249.8096
454.0596	249.8096
454.0596	250.3215
454.5715	250.3215
454.5715	252.8810
455.0834	252.8810
455.0834	255.4405
455.5953	255.4405
455.5953	256.4643
456.1072	256.4643
456.1072	257.4881
456.6191	257.4881
456.6191	258.0000
457.1310	258.0000
457.1310	258.5120
457.6429	258.5120
457.6429	259.0239
458.1548	259.0239
458.1548	259.5358
458.6668	259.5358
458.6668	261.5834
459.1787	261.5834
459.1787	263.1191
458.6668	263.1191
458.6668	265.6786
458.1548	265.6786
458.1548	268.2381
458.6668	268.2381
458.6668	270.7977
459.1787	270.7977
459.1787	271.8215
459.6906	271.8215
459.6906	272.8453
459.1787	272.8453
459.1787	276.4286
458.6668	276.4286
458.6668	276.9405
458.1548	276.9405
458.1548	277.9643
457.6429	277.9643
457.6429	278.9881
457.1310	278.9881
457.1310	281.0358
456.6191	281.0358
456.6191	282.0596
456.1072	282.0596
456.1072	283.0834
455.5953	283.0834
455.5953	284.1072
455.0834	284.1072
455.0834	286.1548
454.5715	286.1548
454.5715	286.6667
454.0596	286.6667
454.0596	287.1786
453.5477	287.1786
453.5477	287.6905
453.0358	287.6905
453.0358	288.2024
452.5239	288.2024
452.5239	288.7143
452.0120	288.7143
452.0120	289.2262
450.9882	289.2262
450.9882	289.7382
449.9644	289.7382
449.9644	290.2501
448.9406	290.2501
448.9406	290.7620
447.9168	290.7620
447.9168	291.2739
447.4048	291.2739
447.4048	291.7858
446.8929	291.7858
446.8929	292.2977
446.3810	292.2977
446.3810	292.8096
445.8691	292.8096
445.8691	293.3215
445.3572	293.3215
445.3572	293.8334
444.8453	293.8334
444.8453	294.8572
444.3334	294.8572
444.3334	295.8810
443.8215	295.8810
443.8215	296.9048
441.2620	296.9048
441.2620	297.4167
439.2144	297.4167
439.2144	297.9286
438.1906	297.9286
438.1906	298.4405
437.1667	298.4405
437.1667	298.9524
434.6072	298.9524
434.6072	299.4643
433.5834	299.4643
433.5834	299.9762
432.5596	299.9762
432.5596	300.4882
431.5358	300.4882
431.5358	301.0001
431.0239	301.0001
431.0239	301.5120
430.5120	301.5120
430.5120	302.0239
430.0001	302.0239
430.0001	302.5358
429.4882	302.5358
429.4882	303.0477
428.9763	303.0477
428.9763	303.5596
428.4644	303.5596
428.4644	304.0715
427.9525	304.0715
427.9525	304.5834
427.4406	304.5834
427.4406	305.6072
426.9287	305.6072
426.9287	306.6310
426.4167	306.6310
426.4167	309.1905
425.9048	309.1905
425.9048	309.7024
424.8810	309.7024
424.8810	310.2143
424.3691	310.2143
424.3691	310.7262
423.8572	310.7262
423.8572	311.2382
423.3453	311.2382
423.3453	311.7501
422.8334	311.7501
422.8334	312.2620
422.3215	312.2620
422.3215	312.7739
421.8096	312.7739
421.8096	313.2858
421.2977	313.2858
421.2977	313.7977
420.7858	313.7977
420.7858	314.3096
420.2739	314.3096
420.2739	315.3334
419.7620	315.3334
419.7620	316.3572
419.2501	316.3572
419.2501	317.3810
418.7382	317.3810
418.7382	318.4048
418.2263	318.4048
418.2263	319.9405
417.7144	319.9405
417.7144	321.9882
417.2025	321.9882
417.2025	323.0120
416.6906	323.0120
416.6906	324.0358
416.1787	324.0358
416.1787	326.0834
415.6667	326.0834
415.6667	327.1072
415.1548	327.1072
415.1548	329.6667
414.1310	329.6667
414.1310	330.1786
413.6191	330.1786
413.6191	330.6905
413.1072	330.6905
413.1072	331.2024
412.5953	331.2024
412.5953	331.7143
412.0834	331.7143
412.0834	332.2263
411.5715	332.2263
411.5715	333.2501
411.0596	333.2501
411.0596	334.2739
410.5477	334.2739
410.5477	335.2977
410.0358	335.2977
410.0358	337.8572
409.5239	337.8572
409.5239	338.3691
409.0120	338.3691
409.0120	339.3929
408.5001	339.3929
408.5001	340.4167
407.9882	340.4167
407.9882	341.4405
407.4763	341.4405
407.4763	341.9524
406.9644	341.9524
406.9644	342.4644
406.4525	342.4644
406.4525	342.9763
405.9406	342.9763
405.9406	344.0001
405.4286	344.0001
405.4286	344.5120
404.9167	344.5120
404.9167	345.5358
404.4048	345.5358
404.4048	346.5596
402.3572	346.5596
402.3572	347.0715
401.3334	347.0715
401.3334	347.5834
400.3096	347.5834
400.3096	347.0715
395.7025	347.0715
395.7025	346.5596
394.1667	346.5596
394.1667	346.0477
393.1429	346.0477
393.1429	345.5358
392.6310	345.5358
392.6310	345.0239
391.6072	345.0239
391.6072	343.4882
392.1191	343.4882
392.1191	342.4644
392.6310	342.4644
392.6310	341.4405
393.1429	341.4405
393.1429	339.9048
393.6548	339.9048
393.6548	339.3929
394.1667	339.3929
394.1667	338.8810
394.6786	338.8810
394.6786	338.3691
395.1906	338.3691
395.1906	337.8572
395.7025	337.8572
395.7025	337.3453
396.2144	337.3453
396.2144	336.3215
396.7263	336.3215
396.7263	335.2977
397.2382	335.2977
397.2382	333.2501
397.7501	333.2501
397.7501	330.6905
398.2620	330.6905
398.2620	326.0834
397.7501	326.0834
397.7501	323.5239
397.2382	323.5239
397.2382	320.9643
396.7263	320.9643
396.7263	319.4286
396.2144	319.4286
396.2144	318.4048
395.7025	318.4048
395.7025	317.3810
395.1906	317.3810
395.1906	316.8691
394.6786	316.8691
394.6786	316.3572
394.1667	316.3572
394.1667	315.8453
393.6548	315.8453
393.6548	315.3334
393.1429	315.3334
393.1429	314.8215
392.1191	314.8215
392.1191	314.3096
391.0953	314.3096
391.0953	313.7977
388.5358	313.7977
388.5358	313.2858
385.9763	313.2858
385.9763	313.7977
383.4167	313.7977
383.4167	314.3096
382.3929	314.3096
382.3929	314.8215
381.3691	314.8215
381.3691	315.3334
380.8572	315.3334
380.8572	315.8453
379.8334	315.8453
379.8334	316.3572
378.8096	316.3572
378.8096	316.8691
377.7858	316.8691
377.7858	317.3810
376.7620	317.3810
376.7620	317.8929
375.7382	317.8929
375.7382	318.4048
375.2263	318.4048
375.2263	318.9167
374.2025	318.9167
374.2025	319.4286
373.6905	319.4286
373.6905	319.9405
373.1786	319.9405
373.1786	320.4524
372.6667	320.4524
372.6667	320.9643
372.1548	320.9643
372.1548	321.4763
371.6429	321.4763
371.6429	321.9882
370.6191	321.9882
370.6191	322.5001
369.5953	322.5001
369.5953	323.0120
369.0834	323.0120
369.0834	323.5239
368.5715	323.5239
368.5715	324.0358
367.5477	324.0358
367.5477	324.5477
366.5239	324.5477
366.5239	325.0596
366.0120	325.0596
366.0120	325.5715
364.4763	325.5715
364.4763	326.0834
363.9644	326.0834
363.9644	325.5715
359.8691	325.5715
359.8691	326.0834
357.3096	326.0834
357.3096	326.5953
356.2858	326.5953
356.2858	327.1072
355.2620	327.1072
355.2620	327.6191
354.7501	327.6191
354.7501	327.1072
353.2144	327.1072
353.2144	326.5953
350.6548	326.5953
350.6548	326.0834
345.0239	326.0834
345.0239	326.5953
342.4644	326.5953
342.4644	327.1072
341.4405	327.1072
341.4405	327.6191
338.3691	327.6191
338.3691	327.1072
337.3453	327.1072
337.3453	326.5953
336.3215	326.5953
336.3215	326.0834
335.2977	326.0834
335.2977	325.5715
332.7382	325.5715
332.7382	325.0596
331.7143	325.0596
331.7143	324.5477
330.6905	324.5477
330.6905	324.0358
329.1548	324.0358
329.1548	323.5239
328.1310	323.5239
328.1310	323.0120
327.6191	323.0120
327.6191	322.5001
327.1072	322.5001
327.1072	321.9882
326.0834	321.9882
326.0834	321.4763
325.0596	321.4763
325.0596	320.9643
324.0358	320.9643
324.0358	320.4524
323.0120	320.4524
323.0120	319.9405
321.4763	319.9405
321.4763	319.4286
320.4524	319.4286
320.4524	318.9167
319.9405	318.9167
319.9405	318.4048
319.4286	318.4048
319.4286	317.8929
318.9167	317.8929
318.9167	317.3810
318.4048	317.3810
318.4048	316.8691
317.3810	316.8691
317.3810	316.3572
316.3572	316.3572
316.3572	315.8453
313.7977	315.8453
313.7977	315.3334
311.2382	315.3334
311.2382	315.8453
310.2143	315.8453
310.2143	315.3334
309.1905	315.3334
309.1905	314.8215
308.6786	314.8215
308.6786	314.3096
307.6548	314.3096
307.6548	313.7977
306.6310	313.7977
306.6310	313.2858
306.1191	313.2858
306.1191	312.7739
305.0953	312.7739
305.0953	312.2620
304.0715	312.2620
304.0715	311.7501
303.5596	311.7501
303.5596	311.2382
303.0477	311.2382
303.0477	310.7262
302.5358	310.7262
302.5358	310.2143
302.0239	310.2143
302.0239	309.1905
301.5120	309.1905
301.5120	308.1667
301.0001	308.1667
301.0001	307.1429
300.4882	307.1429
300.4882	306.6310
299.9762	306.6310
299.9762	306.1191
299.4643	306.1191
299.4643	305.6072
298.9524	305.6072
298.9524	305.0953
298.4405	305.0953
298.4405	304.0715
297.9286	304.0715
297.9286	303.5596
297.4167	303.5596
297.4167	303.0477
296.9048	303.0477
296.9048	302.5358
296.3929	302.5358
296.3929	301.0001
295.8810	301.0001
295.8810	299.9762
295.3691	299.9762
295.3691	298.9524
294.8572	298.9524
294.8572	297.4167
294.3453	297.4167
294.3453	287.1786
294.8572	287.1786
294.8572	284.6191
295.3691	284.6191
295.3691	283.5953
295.8810	283.5953
295.8810	282.5715
296.3929	282.5715
296.3929	280.5239
296.9048	280.5239
296.9048	280.0120
297.4167	280.0120
297.4167	279.5001
297.9286	279.5001
297.9286	278.9881
298.4405	278.9881
298.4405	277.9643
298.9524	277.9643
298.9524	276.9405
299.4643	276.9405
299.4643	275.9167
299.9762	275.9167
299.9762	275.4048
300.4882	275.4048
300.4882	274.3810
301.0001	274.3810
301.0001	273.3572
301.5120	273.3572
301.5120	271.8215
302.0239	271.8215
302.0239	271.3096
302.5358	271.3096
302.5358	270.7977
303.0477	270.7977
303.0477	269.7739
303.5596	269.7739
303.5596	269.2620
304.0715	269.2620
304.0715	268.7501
304.5834	268.7501
304.5834	268.2381
305.0953	268.2381
305.0953	267.7262
305.6072	267.7262
305.6072	267.2143
306.1191	267.2143
306.1191	266.7024
306.6310	266.7024
306.6310	266.1905
307.1429	266.1905
307.1429	265.6786
307.6548	265.6786
307.6548	265.1667
308.6786	265.1667
308.6786	264.6548
309.7024	264.6548
309.7024	264.1429
310.7262	264.1429
310.7262	263.6310
311.2382	263.6310
311.2382	263.1191
311.7501	263.1191
311.7501	262.6072
312.2620	262.6072
312.2620	262.0953
313.2858	262.0953
313.2858	261.5834
314.3096	261.5834
314.3096	261.0715
315.3334	261.0715
315.3334	260.5596
315.8453	260.5596
315.8453	260.0477
316.3572	260.0477
316.3572	259.5358
317.3810	259.5358
317.3810	259.0239
318.4048	259.0239
318.4048	258.5120
318.9167	258.5120
318.9167	258.0000
319.4286	258.0000
319.4286	257.4881
320.4524	257.4881
320.4524	256.9762
321.4763	256.9762
321.4763	256.4643
323.5239	256.4643
323.5239	255.9524
324.5477	255.9524
324.5477	255.4405
325.5715	255.4405
325.5715	254.9286
326.5953	254.9286
326.5953	254.4167
327.6191	254.4167
327.6191	253.9048
328.1310	253.9048
328.1310	253.3929
328.6429	253.3929
328.6429	252.8810
329.1548	252.8810
329.1548	252.3691
329.6667	252.3691
329.6667	251.8572
330.1786	251.8572
330.1786	250.8334
330.6905	250.8334
330.6905	249.8096
331.2024	249.8096
331.2024	248.2739
331.7143	248.2739
331.7143	245.7143
332.2263	245.7143
332.2263	242.6429
332.7382	242.6429
332.7382	241.1072
333.2501	241.1072
333.2501	240.5953
333.7620	240.5953
333.7620	240.0834
334.2739	240.0834
334.2739	239.5715
334.7858	239.5715
334.7858	238.5477
335.2977	238.5477
335.2977	237.5239
335.8096	237.5239
335.8096	237.0119
336.3215	237.0119
336.3215	236.5000
336.8334	236.5000
336.8334	235.9881
337.3453	235.9881
337.3453	235.4762
338.3691	235.4762
338.3691	234.9643
339.3929	234.9643
339.3929	234.4524
340.4167	234.4524
340.4167	233.9405
341.4405	233.9405
341.4405	233.4286
342.4644	233.4286
342.4644	232.9167
342.9763	232.9167
342.9763	232.4048
343.4882	232.4048
343.4882	231.8929
344.0001	231.8929
344.0001	231.3810
344.5120	231.3810
344.5120	230.8691
345.0239	230.8691
345.0239	230.3572
345.5358	230.3572
345.5358	229.3334
346.0477	229.3334
346.0477	228.3096
346.5596	228.3096
346.5596	225.7500
347.0715	225.7500
347.0715	225.2381
347.5834	225.2381
347.5834	224.2143
348.0953	224.2143
348.0953	223.1905
348.6072	223.1905
348.6072	222.6786
349.1191	222.6786
349.1191	221.6548
349.6310	221.6548
349.6310	221.1429
350.1429	221.1429
350.1429	220.1191
350.6548	220.1191
350.6548	219.0953
351.1667	219.0953
351.1667	218.0715
351.6786	218.0715
351.6786	217.0477
352.1905	217.0477
352.1905	216.5358
352.7024	216.5358
352.7024	216.0239
353.2144	216.0239
353.2144	215.5119
353.7263	215.5119
353.7263	215.0000
354.2382	215.0000
354.2382	213.9762
354.7501	213.9762
354.7501	212.9524
355.2620	212.9524
355.2620	212.4405
356.2858	212.4405
356.2858	211.9286
357.3096	211.9286
357.3096	211.4167
358.3334	211.4167
358.3334	210.9048
359.3572	210.9048
359.3572	210.3929
360.3810	210.3929
360.3810	209.8810
360.8929	209.8810
360.8929	209.3691
361.4048	209.3691
361.4048	208.8572
362.4286	208.8572
362.4286	208.3453
362.9405	208.3453
362.9405	207.8334
363.4525	207.8334
363.4525	207.3215
364.9882	207.3215
364.9882	206.8096
373.1786	206.8096
