378.8096	208.8572
382.3929	208.8572
382.3929	209.3691
383.4167	209.3691
383.4167	209.8810
384.9525	209.8810
384.9525	210.3929
386.4882	210.3929
386.4882	210.9048
388.5358	210.9048
388.5358	211.4167
389.5596	211.4167
389.5596	211.9286
390.5834	211.9286
390.5834	212.4405
391.6072	212.4405
391.6072	212.9524
392.6310	212.9524
392.6310	213.4643
393.1429	213.4643
393.1429	213.9762
394.1667	213.9762
394.1667	214.4881
394.6786	214.4881
394.6786	215.0000
395.7025	215.0000
395.7025	215.5119
396.7263	215.5119
396.7263	216.0239
397.2382	216.0239
397.2382	216.5358
397.7501	216.5358
397.7501	217.0477
398.2620	217.0477
398.2620	217.5596
399.2858	217.5596
399.2858	218.0715
399.7977	218.0715
399.7977	218.5834
400.3096	218.5834
400.3096	219.0953
400.8215	219.0953
400.8215	219.6072
401.3334	219.6072
401.3334	220.1191
401.8453	220.1191
401.8453	220.6310
402.3572	220.6310
402.3572	221.1429
402.8691	221.1429
402.8691	221.6548
403.3810	221.6548
403.3810	222.1667
404.4048	222.1667
404.4048	222.6786
405.4286	222.6786
405.4286	223.1905
405.9406	223.1905
405.9406	223.7024
406.9644	223.7024
406.9644	224.2143
407.4763	224.2143
407.4763	224.7262
407.9882	224.7262
407.9882	225.2381
409.0120	225.2381
409.0120	225.7500
410.0358	225.7500
410.0358	226.2619
411.0596	226.2619
411.0596	226.7739
412.0834	226.7739
412.0834	227.2858
413.1072	227.2858
413.1072	227.7977
415.1548	227.7977
415.1548	228.3096
415.6667	228.3096
415.6667	228.8215
416.6906	228.8215
416.6906	229.3334
417.7144	229.3334
417.7144	229.8453
418.7382	229.8453
418.7382	230.3572
419.2501	230.3572
419.2501	230.8691
420.2739	230.8691
420.2739	231.3810
421.2977	231.3810
421.2977	231.8929
422.3215	231.8929
422.3215	232.4048
423.3453	232.4048
423.3453	232.9167
425.9048	232.9167
425.9048	233.4286
426.4167	233.4286
426.4167	233.9405
427.4406	233.9405
427.4406	234.4524
428.4644	234.4524
428.4644	234.9643
429.4882	234.9643
429.4882	235.4762
430.5120	235.4762
430.5120	235.9881
431.5358	235.9881
431.5358	236.5000
432.5596	236.5000
432.5596	237.0119
434.6072	237.0119
434.6072	237.5239
435.6310	237.5239
435.6310	238.0358
436.1429	238.0358
436.1429	238.5477
436.6548	238.5477
436.6548	239.0596
437.1667	239.0596
437.1667	239.5715
438.1906	239.5715
438.1906	240.0834
439.2144	240.0834
439.2144	240.5953
440.7501	240.5953
440.7501	241.1072
441.2620	241.1072
441.2620	241.6191
441.7739	241.6191
441.7739	242.1310
442.7977	242.1310
442.7977	242.6429
443.3096	242.6429
443.3096	243.1548
443.8215	243.1548
443.8215	243.6667
444.3334	243.6667
444.3334	244.1786
445.3572	244.1786
445.3572	244.6905
446.3810	244.6905
446.3810	245.2024
446.8929	245.2024
446.8929	246.2262
447.4048	246.2262
447.4048	247.2500
447.9168	247.2500
447.9168	248.2739
448.4287	248.2739
448.4287	249.2977
448.9406	249.2977
448.9406	249.8096
449.4525	249.8096
449.4525	250.3215
449.9644	250.3215
449.9644	250.8334
450.4763	250.8334
450.4763	251.3453
450.9882	251.3453
450.9882	251.8572
451.5001	251.8572
451.5001	252.3691
452.0120	252.3691
452.0120	252.8810
452.5239	252.8810
452.5239	253.3929
453.0358	253.3929
453.0358	254.4167
452.5239	254.4167
452.5239	256.9762
453.0358	256.9762
453.0358	259.5358
453.5477	259.5358
453.5477	260.5596
454.0596	260.5596
454.0596	262.6072
454.5715	262.6072
454.5715	263.6310
455.0834	263.6310
455.0834	264.6548
455.5953	264.6548
455.5953	265.1667
456.1072	265.1667
456.1072	265.6786
456.6191	265.6786
456.6191	268.2381
457.1310	268.2381
457.1310	270.7977
457.6429	270.7977
457.6429	271.8215
458.1548	271.8215
458.1548	272.3334
457.6429	272.3334
457.6429	273.3572
457.1310	273.3572
457.1310	275.9167
456.6191	275.9167
456.6191	280.5239
457.1310	280.5239
457.1310	283.0834
457.6429	283.0834
457.6429	283.5953
457.1310	283.5953
457.1310	284.6191
456.6191	284.6191
456.6191	286.1548
456.1072	286.1548
456.1072	286.6667
455.5953	286.6667
455.5953	287.6905
455.0834	287.6905
455.0834	288.7143
454.5715	288.7143
454.5715	289.7382
454.0596	289.7382
454.0596	290.7620
453.5477	290.7620
453.5477	291.2739
453.0358	291.2739
453.0358	291.7858
452.5239	291.7858
452.5239	292.2977
452.0120	292.2977
452.0120	292.8096
451.5001	292.8096
451.5001	293.3215
450.9882	293.3215
450.9882	293.8334
450.4763	293.8334
450.4763	294.3453
449.9644	294.3453
449.9644	294.8572
449.4525	294.8572
449.4525	295.3691
448.9406	295.3691
448.9406	295.8810
448.4287	295.8810
448.4287	296.3929
447.4048	296.3929
447.4048	296.9048
446.8929	296.9048
446.8929	297.4167
446.3810	297.4167
446.3810	297.9286
443.8215	297.9286
443.8215	298.4405
442.7977	298.4405
442.7977	298.9524
441.7739	298.9524
441.7739	299.4643
440.2382	299.4643
440.2382	299.9762
439.2144	299.9762
439.2144	300.4882
438.1906	300.4882
438.1906	301.0001
437.6787	301.0001
437.6787	301.5120
436.6548	301.5120
436.6548	302.0239
435.6310	302.0239
435.6310	302.5358
434.6072	302.5358
434.6072	303.0477
434.0953	303.0477
434.0953	303.5596
433.5834	303.5596
433.5834	304.0715
433.0715	304.0715
433.0715	304.5834
432.5596	304.5834
432.5596	305.0953
432.0477	305.0953
432.0477	306.1191
431.5358	306.1191
431.5358	307.1429
431.0239	307.1429
431.0239	309.7024
430.5120	309.7024
430.5120	312.7739
431.0239	312.7739
431.0239	313.2858
430.5120	313.2858
430.5120	313.7977
430.0001	313.7977
430.0001	314.3096
429.4882	314.3096
429.4882	314.8215
428.9763	314.8215
428.9763	315.3334
428.4644	315.3334
428.4644	315.8453
427.9525	315.8453
427.9525	316.3572
427.4406	316.3572
427.4406	317.3810
426.9287	317.3810
426.9287	318.4048
426.4167	318.4048
426.4167	319.9405
425.9048	319.9405
425.9048	320.4524
425.3929	320.4524
425.3929	320.9643
424.8810	320.9643
424.8810	321.4763
424.3691	321.4763
424.3691	321.9882
423.8572	321.9882
423.8572	322.5001
423.3453	322.5001
423.3453	323.5239
422.8334	323.5239
422.8334	324.5477
422.3215	324.5477
422.3215	325.5715
421.8096	325.5715
421.8096	326.5953
421.2977	326.5953
421.2977	329.1548
420.7858	329.1548
420.7858	330.1786
420.2739	330.1786
420.2739	331.2024
419.7620	331.2024
419.7620	333.2501
419.2501	333.2501
419.2501	334.2739
418.7382	334.2739
418.7382	334.7858
418.2263	334.7858
418.2263	335.2977
417.7144	335.2977
417.7144	335.8096
417.2025	335.8096
417.2025	336.3215
416.6906	336.3215
416.6906	337.3453
416.1787	337.3453
416.1787	337.8572
415.6667	337.8572
415.6667	338.3691
415.1548	338.3691
415.1548	339.3929
414.6429	339.3929
414.6429	340.4167
414.1310	340.4167
414.1310	341.4405
413.6191	341.4405
413.6191	342.4644
413.1072	342.4644
413.1072	344.0001
412.5953	344.0001
412.5953	344.5120
412.0834	344.5120
412.0834	345.0239
411.5715	345.0239
411.5715	345.5358
411.0596	345.5358
411.0596	346.5596
410.5477	346.5596
410.5477	347.5834
410.0358	347.5834
410.0358	348.6072
409.5239	348.6072
409.5239	348.0953
406.4525	348.0953
406.4525	348.6072
403.8929	348.6072
403.8929	349.1191
402.8691	349.1191
402.8691	349.6310
401.8453	349.6310
401.8453	350.1429
401.3334	350.1429
401.3334	350.6548
400.8215	350.6548
400.8215	351.1667
399.2858	351.1667
399.2858	350.6548
398.7739	350.6548
398.7739	349.6310
398.2620	349.6310
398.2620	349.1191
398.7739	349.1191
398.7739	348.6072
399.2858	348.6072
399.2858	348.0953
399.7977	348.0953
399.7977	347.0715
400.3096	347.0715
400.3096	346.0477
400.8215	346.0477
400.8215	345.0239
401.3334	345.0239
401.3334	344.0001
401.8453	344.0001
401.8453	343.4882
402.3572	343.4882
402.3572	342.4644
402.8691	342.4644
402.8691	341.4405
403.3810	341.4405
403.3810	340.4167
403.8929	340.4167
403.8929	339.3929
404.4048	339.3929
404.4048	337.3453
404.9167	337.3453
404.9167	334.7858
405.4286	334.7858
405.4286	333.7620
405.9406	333.7620
405.9406	331.2024
406.4525	331.2024
406.4525	325.5715
405.9406	325.5715
405.9406	323.0120
405.4286	323.0120
405.4286	321.4763
404.9167	321.4763
404.9167	320.4524
404.4048	320.4524
404.4048	319.4286
403.8929	319.4286
403.8929	318.4048
403.3810	318.4048
403.3810	317.3810
402.8691	317.3810
402.8691	316.8691
402.3572	316.8691
402.3572	316.3572
401.8453	316.3572
401.8453	315.8453
401.3334	315.8453
401.3334	315.3334
400.8215	315.3334
400.8215	314.8215
399.7977	314.8215
399.7977	314.3096
398.7739	314.3096
398.7739	313.7977
396.7263	313.7977
396.7263	313.2858
394.1667	313.2858
394.1667	312.7739
391.6072	312.7739
391.6072	312.2620
389.0477	312.2620
389.0477	312.7739
386.4882	312.7739
386.4882	313.2858
385.4644	313.2858
385.4644	313.7977
384.4405	313.7977
384.4405	314.3096
383.9286	314.3096
383.9286	314.8215
383.4167	314.8215
383.4167	315.3334
382.9048	315.3334
382.9048	315.8453
382.3929	315.8453
382.3929	316.3572
381.8810	316.3572
381.8810	316.8691
381.3691	316.8691
381.3691	317.3810
380.8572	317.3810
380.8572	317.8929
380.3453	317.8929
380.3453	318.4048
379.8334	318.4048
379.8334	318.9167
379.3215	318.9167
379.3215	319.4286
378.8096	319.4286
378.8096	319.9405
378.2977	319.9405
378.2977	320.4524
377.7858	320.4524
377.7858	320.9643
376.7620	320.9643
376.7620	321.4763
376.2501	321.4763
376.2501	321.9882
375.2263	321.9882
375.2263	322.5001
374.7144	322.5001
374.7144	323.0120
374.2025	323.0120
374.2025	323.5239
373.6905	323.5239
373.6905	324.0358
372.6667	324.0358
372.6667	324.5477
371.6429	324.5477
371.6429	325.0596
371.1310	325.0596
371.1310	325.5715
370.6191	325.5715
370.6191	326.0834
369.5953	326.0834
369.5953	326.5953
369.0834	326.5953
369.0834	327.1072
368.0596	327.1072
368.0596	327.6191
367.0358	327.6191
367.0358	328.1310
366.0120	328.1310
366.0120	328.6429
364.9882	328.6429
364.9882	329.1548
362.9405	329.1548
362.9405	329.6667
361.9167	329.6667
361.9167	330.1786
360.8929	330.1786
360.8929	330.6905
351.1667	330.6905
351.1667	330.1786
347.0715	330.1786
347.0715	329.6667
344.0001	329.6667
344.0001	329.1548
341.9524	329.1548
341.9524	328.6429
339.9048	328.6429
339.9048	328.1310
337.8572	328.1310
337.8572	327.6191
335.2977	327.6191
335.2977	327.1072
331.7143	327.1072
331.7143	326.5953
330.6905	326.5953
330.6905	326.0834
329.6667	326.0834
329.6667	325.5715
329.1548	325.5715
329.1548	325.0596
328.1310	325.0596
328.1310	324.5477
327.1072	324.5477
327.1072	324.0358
324.5477	324.0358
324.5477	323.5239
321.4763	323.5239
321.4763	323.0120
319.4286	323.0120
319.4286	322.5001
316.8691	322.5001
316.8691	321.9882
312.2620	321.9882
312.2620	321.4763
311.2382	321.4763
311.2382	320.9643
310.2143	320.9643
310.2143	320.4524
309.1905	320.4524
309.1905	319.9405
307.6548	319.9405
307.6548	319.4286
307.1429	319.4286
307.1429	318.9167
306.6310	318.9167
306.6310	318.4048
306.1191	318.4048
306.1191	317.8929
305.0953	317.8929
305.0953	317.3810
304.5834	317.3810
304.5834	316.8691
304.0715	316.8691
304.0715	316.3572
303.5596	316.3572
303.5596	315.8453
303.0477	315.8453
303.0477	315.3334
302.5358	315.3334
302.5358	314.3096
302.0239	314.3096
302.0239	313.7977
301.5120	313.7977
301.5120	313.2858
301.0001	313.2858
301.0001	312.7739
300.4882	312.7739
300.4882	312.2620
299.9762	312.2620
299.9762	311.7501
298.9524	311.7501
298.9524	310.7262
298.4405	310.7262
298.4405	309.7024
297.9286	309.7024
297.9286	308.6786
297.4167	308.6786
297.4167	307.6548
296.9048	307.6548
296.9048	307.1429
296.3929	307.1429
296.3929	304.5834
295.8810	304.5834
295.8810	303.0477
295.3691	303.0477
295.3691	302.0239
294.8572	302.0239
294.8572	300.4882
294.3453	300.4882
294.3453	299.4643
294.8572	299.4643
294.8572	296.3929
294.3453	296.3929
294.3453	293.8334
294.8572	293.8334
294.8572	289.2262
295.3691	289.2262
295.3691	288.2024
295.8810	288.2024
295.8810	287.1786
296.3929	287.1786
296.3929	286.1548
296.9048	286.1548
296.9048	283.5953
297.4167	283.5953
297.4167	282.5715
297.9286	282.5715
297.9286	281.5477
298.4405	281.5477
298.4405	280.5239
298.9524	280.5239
298.9524	279.5001
299.4643	279.5001
299.4643	278.9881
299.9762	278.9881
299.9762	277.9643
300.4882	277.9643
300.4882	277.4524
301.0001	277.4524
301.0001	276.9405
301.5120	276.9405
301.5120	276.4286
302.0239	276.4286
302.0239	275.4048
302.5358	275.4048
302.5358	274.3810
303.0477	274.3810
303.0477	273.8691
303.5596	273.8691
303.5596	273.3572
304.0715	273.3572
304.0715	272.8453
304.5834	272.8453
304.5834	272.3334
305.0953	272.3334
305.0953	271.8215
305.6072	271.8215
305.6072	270.7977
306.1191	270.7977
306.1191	270.2858
306.6310	270.2858
306.6310	269.7739
307.1429	269.7739
307.1429	269.2620
307.6548	269.2620
307.6548	268.7501
308.1667	268.7501
308.1667	268.2381
308.6786	268.2381
308.6786	267.7262
309.7024	267.7262
309.7024	267.2143
310.2143	267.2143
310.2143	266.7024
310.7262	266.7024
310.7262	266.1905
311.2382	266.1905
311.2382	265.6786
311.7501	265.6786
311.7501	265.1667
313.2858	265.1667
313.2858	264.6548
314.3096	264.6548
314.3096	264.1429
315.3334	264.1429
315.3334	263.6310
316.3572	263.6310
316.3572	263.1191
318.4048	263.1191
318.4048	262.6072
319.4286	262.6072
319.4286	262.0953
320.4524	262.0953
320.4524	261.5834
323.0120	261.5834
323.0120	261.0715
324.5477	261.0715
324.5477	260.5596
326.0834	260.5596
326.0834	260.0477
327.1072	260.0477
327.1072	259.5358
328.1310	259.5358
328.1310	259.0239
329.6667	259.0239
329.6667	258.5120
330.6905	258.5120
330.6905	258.0000
332.2263	258.0000
332.2263	257.4881
333.2501	257.4881
333.2501	256.9762
334.2739	256.9762
334.2739	256.4643
334.7858	256.4643
334.7858	255.9524
335.2977	255.9524
335.2977	255.4405
335.8096	255.4405
335.8096	254.9286
336.3215	254.9286
336.3215	254.4167
336.8334	254.4167
336.8334	253.9048
337.3453	253.9048
337.3453	253.3929
337.8572	253.3929
337.8572	252.8810
338.3691	252.8810
338.3691	251.8572
338.8810	251.8572
338.8810	250.8334
339.3929	250.8334
339.3929	248.7858
339.9048	248.7858
339.9048	246.2262
340.4167	246.2262
340.4167	245.2024
340.9286	245.2024
340.9286	244.1786
341.4405	244.1786
341.4405	243.6667
341.9524	243.6667
341.9524	243.1548
342.4644	243.1548
342.4644	242.6429
342.9763	242.6429
342.9763	242.1310
343.4882	242.1310
343.4882	241.6191
344.0001	241.6191
344.0001	240.5953
345.0239	240.5953
345.0239	240.0834
346.0477	240.0834
346.0477	239.5715
347.0715	239.5715
347.0715	239.0596
347.5834	239.0596
347.5834	238.5477
348.0953	238.5477
348.0953	238.0358
348.6072	238.0358
348.6072	237.5239
349.1191	237.5239
349.1191	237.0119
349.6310	237.0119
349.6310	235.9881
350.1429	235.9881
350.1429	234.9643
350.6548	234.9643
350.6548	234.4524
351.1667	234.4524
351.1667	233.9405
351.6786	233.9405
351.6786	233.4286
352.1905	233.4286
352.1905	232.4048
352.7024	232.4048
352.7024	231.3810
353.2144	231.3810
353.2144	228.8215
353.7263	228.8215
353.7263	225.7500
354.2382	225.7500
354.2382	224.7262
354.7501	224.7262
354.7501	224.2143
355.2620	224.2143
355.2620	223.7024
355.7739	223.7024
355.7739	223.1905
356.2858	223.1905
356.2858	222.1667
356.7977	222.1667
356.7977	221.1429
357.3096	221.1429
357.3096	220.1191
357.8215	220.1191
357.8215	217.5596
358.3334	217.5596
358.3334	216.5358
358.8453	216.5358
358.8453	215.5119
359.3572	215.5119
359.3572	214.4881
359.8691	214.4881
359.8691	213.4643
360.3810	213.4643
360.3810	212.9524
361.4048	212.9524
361.4048	212.4405
362.4286	212.4405
362.4286	211.9286
363.4525	211.9286
363.4525	211.4167
363.9644	211.4167
363.9644	210.9048
365.5001	210.9048
365.5001	210.3929
366.5239	210.3929
366.5239	209.8810
367.5477	209.8810
367.5477	209.3691
369.0834	209.3691
369.0834	208.8572
371.1310	208.8572
371.1310	208.3453
378.8096	208.3453
