373.1786	221.6548
374.2025	221.6548
374.2025	222.1667
375.7382	222.1667
375.7382	222.6786
376.2501	222.6786
376.2501	223.1905
376.7620	223.1905
376.7620	223.7024
377.7858	223.7024
377.7858	224.2143
378.8096	224.2143
378.8096	224.7262
379.8334	224.7262
379.8334	225.2381
380.3453	225.2381
380.3453	225.7500
380.8572	225.7500
380.8572	226.2619
381.8810	226.2619
381.8810	226.7739
382.3929	226.7739
382.3929	227.2858
382.9048	227.2858
382.9048	227.7977
383.4167	227.7977
383.4167	228.3096
384.4405	228.3096
384.4405	228.8215
384.9525	228.8215
384.9525	229.3334
385.4644	229.3334
385.4644	229.8453
386.4882	229.8453
386.4882	230.3572
387.5120	230.3572
387.5120	230.8691
388.0239	230.8691
388.0239	231.3810
388.5358	231.3810
388.5358	232.4048
389.0477	232.4048
389.0477	232.9167
389.5596	232.9167
389.5596	233.9405
390.0715	233.9405
390.0715	234.4524
390.5834	234.4524
390.5834	234.9643
391.0953	234.9643
391.0953	235.9881
391.6072	235.9881
391.6072	236.5000
392.1191	236.5000
392.1191	237.0119
392.6310	237.0119
392.6310	237.5239
393.1429	237.5239
393.1429	238.5477
393.6548	238.5477
393.6548	239.0596
394.1667	239.0596
394.1667	240.0834
394.6786	240.0834
394.6786	241.6191
395.1906	241.6191
395.1906	242.6429
395.7025	242.6429
395.7025	243.6667
396.2144	243.6667
396.2144	244.6905
396.7263	244.6905
396.7263	245.2024
397.2382	245.2024
397.2382	245.7143
397.7501	245.7143
397.7501	246.2262
398.2620	246.2262
398.2620	246.7381
398.7739	246.7381
398.7739	247.2500
399.2858	247.2500
399.2858	247.7620
399.7977	247.7620
399.7977	248.7858
400.3096	248.7858
400.3096	251.8572
399.7977	251.8572
399.7977	252.8810
399.2858	252.8810
399.2858	253.9048
398.7739	253.9048
398.7739	254.9286
398.2620	254.9286
398.2620	257.4881
397.7501	257.4881
397.7501	262.0953
398.2620	262.0953
398.2620	265.1667
397.7501	265.1667
397.7501	265.6786
396.7263	265.6786
396.7263	266.1905
395.7025	266.1905
395.7025	266.7024
394.6786	266.7024
394.6786	267.2143
394.1667	267.2143
394.1667	267.7262
393.6548	267.7262
393.6548	268.2381
393.1429	268.2381
393.1429	268.7501
392.6310	268.7501
392.6310	269.2620
392.1191	269.2620
392.1191	269.7739
391.6072	269.7739
391.6072	270.7977
391.0953	270.7977
391.0953	271.8215
390.5834	271.8215
390.5834	272.8453
390.0715	272.8453
390.0715	273.3572
389.5596	273.3572
389.5596	273.8691
389.0477	273.8691
389.0477	274.3810
388.5358	274.3810
388.5358	275.4048
388.0239	275.4048
388.0239	276.4286
387.5120	276.4286
387.5120	277.4524
387.0001	277.4524
387.0001	278.4762
386.4882	278.4762
386.4882	278.9881
385.9763	278.9881
385.9763	279.5001
385.4644	279.5001
385.4644	280.0120
384.9525	280.0120
384.9525	280.5239
384.4405	280.5239
384.4405	281.5477
383.9286	281.5477
383.9286	282.5715
383.4167	282.5715
383.4167	283.0834
382.9048	283.0834
382.9048	283.5953
382.3929	283.5953
382.3929	284.1072
381.8810	284.1072
381.8810	285.1310
381.3691	285.1310
381.3691	285.6429
380.8572	285.6429
380.8572	286.1548
380.3453	286.1548
380.3453	286.6667
379.8334	286.6667
379.8334	287.1786
379.3215	287.1786
379.3215	288.2024
378.8096	288.2024
378.8096	289.2262
377.7858	289.2262
377.7858	289.7382
377.2739	289.7382
377.2739	290.2501
376.7620	290.2501
376.7620	290.7620
376.2501	290.7620
376.2501	291.2739
375.7382	291.2739
375.7382	291.7858
375.2263	291.7858
375.2263	292.2977
374.7144	292.2977
374.7144	292.8096
374.2025	292.8096
374.2025	293.3215
373.6905	293.3215
373.6905	293.8334
373.1786	293.8334
373.1786	294.8572
370.6191	294.8572
370.6191	295.3691
369.0834	295.3691
369.0834	295.8810
368.0596	295.8810
368.0596	296.3929
367.0358	296.3929
367.0358	296.9048
366.5239	296.9048
366.5239	297.4167
366.0120	297.4167
366.0120	297.9286
365.5001	297.9286
365.5001	298.4405
364.4763	298.4405
364.4763	298.9524
363.4525	298.9524
363.4525	299.4643
362.9405	299.4643
362.9405	299.9762
361.9167	299.9762
361.9167	300.4882
360.8929	300.4882
360.8929	301.0001
359.8691	301.0001
359.8691	301.5120
359.3572	301.5120
359.3572	302.0239
358.3334	302.0239
358.3334	302.5358
357.3096	302.5358
357.3096	303.0477
356.7977	303.0477
356.7977	303.5596
356.2858	303.5596
356.2858	304.0715
353.2144	304.0715
353.2144	304.5834
350.6548	304.5834
350.6548	305.0953
349.6310	305.0953
349.6310	305.6072
348.0953	305.6072
348.0953	306.1191
347.0715	306.1191
347.0715	306.6310
346.0477	306.6310
346.0477	307.1429
344.5120	307.1429
344.5120	306.6310
343.4882	306.6310
343.4882	306.1191
342.4644	306.1191
342.4644	305.6072
341.4405	305.6072
341.4405	305.0953
340.4167	305.0953
340.4167	304.5834
338.3691	304.5834
338.3691	304.0715
335.8096	304.0715
335.8096	303.5596
334.7858	303.5596
334.7858	303.0477
333.7620	303.0477
333.7620	302.5358
331.2024	302.5358
331.2024	302.0239
325.5715	302.0239
325.5715	301.5120
325.0596	301.5120
325.0596	301.0001
324.5477	301.0001
324.5477	297.4167
324.0358	297.4167
324.0358	294.8572
323.5239	294.8572
323.5239	293.8334
323.0120	293.8334
323.0120	292.8096
322.5001	292.8096
322.5001	291.7858
321.9882	291.7858
321.9882	290.7620
321.4763	290.7620
321.4763	290.2501
320.9643	290.2501
320.9643	289.2262
320.4524	289.2262
320.4524	288.7143
319.9405	288.7143
319.9405	287.6905
319.4286	287.6905
319.4286	286.6667
318.9167	286.6667
318.9167	284.6191
318.4048	284.6191
318.4048	283.5953
317.8929	283.5953
317.8929	282.5715
317.3810	282.5715
317.3810	280.0120
316.8691	280.0120
316.8691	274.8929
317.3810	274.8929
317.3810	273.8691
317.8929	273.8691
317.8929	272.3334
318.4048	272.3334
318.4048	269.7739
318.9167	269.7739
318.9167	264.1429
319.4286	264.1429
319.4286	263.1191
319.9405	263.1191
319.9405	262.0953
320.4524	262.0953
320.4524	259.5358
320.9643	259.5358
320.9643	256.4643
321.4763	256.4643
321.4763	252.8810
321.9882	252.8810
321.9882	250.3215
322.5001	250.3215
322.5001	247.7620
321.9882	247.7620
321.9882	245.2024
321.4763	245.2024
321.4763	244.6905
321.9882	244.6905
321.9882	244.1786
322.5001	244.1786
322.5001	243.1548
323.0120	243.1548
323.0120	242.1310
323.5239	242.1310
323.5239	241.1072
324.0358	241.1072
324.0358	240.5953
324.5477	240.5953
324.5477	240.0834
325.0596	240.0834
325.0596	239.0596
326.0834	239.0596
326.0834	238.5477
326.5953	238.5477
326.5953	238.0358
328.6429	238.0358
328.6429	237.5239
330.6905	237.5239
330.6905	237.0119
331.7143	237.0119
331.7143	236.5000
332.7382	236.5000
332.7382	235.9881
334.7858	235.9881
334.7858	235.4762
335.8096	235.4762
335.8096	234.9643
336.8334	234.9643
336.8334	234.4524
337.8572	234.4524
337.8572	233.9405
338.3691	233.9405
338.3691	233.4286
339.9048	233.4286
339.9048	232.9167
340.9286	232.9167
340.9286	232.4048
342.9763	232.4048
342.9763	231.8929
344.0001	231.8929
344.0001	231.3810
345.0239	231.3810
345.0239	230.8691
346.5596	230.8691
346.5596	230.3572
347.5834	230.3572
347.5834	229.8453
348.6072	229.8453
348.6072	229.3334
349.1191	229.3334
349.1191	228.8215
350.1429	228.8215
350.1429	228.3096
351.1667	228.3096
351.1667	227.7977
352.1905	227.7977
352.1905	227.2858
352.7024	227.2858
352.7024	226.7739
353.7263	226.7739
353.7263	226.2619
354.7501	226.2619
354.7501	225.7500
356.2858	225.7500
356.2858	225.2381
357.3096	225.2381
357.3096	224.7262
358.3334	224.7262
358.3334	224.2143
360.8929	224.2143
360.8929	223.7024
363.4525	223.7024
363.4525	223.1905
364.4763	223.1905
364.4763	222.6786
366.0120	222.6786
366.0120	222.1667
367.0358	222.1667
367.0358	221.6548
370.1072	221.6548
370.1072	221.1429
373.1786	221.1429
