370.6191	203.2262
371.1310	203.2262
371.1310	204.2500
371.6429	204.2500
371.6429	205.2738
372.1548	205.2738
372.1548	205.7858
372.6667	205.7858
372.6667	206.2977
373.1786	206.2977
373.1786	206.8096
373.6905	206.8096
373.6905	207.3215
374.2025	207.3215
374.2025	207.8334
375.2263	207.8334
375.2263	208.3453
376.2501	208.3453
376.2501	208.8572
378.8096	208.8572
378.8096	209.3691
383.4167	209.3691
383.4167	209.8810
385.4644	209.8810
385.4644	210.3929
388.0239	210.3929
388.0239	210.9048
392.6310	210.9048
392.6310	210.3929
395.1906	210.3929
395.1906	209.8810
396.2144	209.8810
396.2144	209.3691
397.2382	209.3691
397.2382	208.8572
397.7501	208.8572
397.7501	208.3453
398.2620	208.3453
398.2620	207.8334
398.7739	207.8334
398.7739	207.3215
399.2858	207.3215
399.2858	206.8096
399.7977	206.8096
399.7977	205.7858
400.3096	205.7858
400.3096	204.7619
400.8215	204.7619
400.8215	203.7381
402.3572	203.7381
402.3572	204.2500
402.8691	204.2500
402.8691	204.7619
403.8929	204.7619
403.8929	205.2738
404.4048	205.2738
404.4048	206.8096
403.8929	206.8096
403.8929	211.9286
404.4048	211.9286
404.4048	214.4881
404.9167	214.4881
404.9167	215.5119
405.4286	215.5119
405.4286	216.5358
405.9406	216.5358
405.9406	217.0477
406.4525	217.0477
406.4525	218.0715
406.9644	218.0715
406.9644	218.5834
407.4763	218.5834
407.4763	219.0953
407.9882	219.0953
407.9882	219.6072
408.5001	219.6072
408.5001	220.1191
409.0120	220.1191
409.0120	220.6310
409.5239	220.6310
409.5239	221.1429
410.0358	221.1429
410.0358	221.6548
410.5477	221.6548
410.5477	222.6786
411.0596	222.6786
411.0596	223.7024
411.5715	223.7024
411.5715	224.2143
412.0834	224.2143
412.0834	225.2381
412.5953	225.2381
412.5953	226.2619
413.1072	226.2619
413.1072	227.2858
413.6191	227.2858
413.6191	228.3096
414.1310	228.3096
414.1310	229.8453
414.6429	229.8453
414.6429	230.8691
415.1548	230.8691
415.1548	231.8929
415.6667	231.8929
415.6667	232.9167
416.1787	232.9167
416.1787	233.9405
416.6906	233.9405
416.6906	234.9643
417.2025	234.9643
417.2025	236.5000
417.7144	236.5000
417.7144	237.5239
418.2263	237.5239
418.2263	239.0596
418.7382	239.0596
418.7382	241.6191
419.2501	241.6191
419.2501	243.6667
419.7620	243.6667
419.7620	245.2024
420.2739	245.2024
420.2739	248.2739
420.7858	248.2739
420.7858	250.8334
421.2977	250.8334
421.2977	256.4643
421.8096	256.4643
421.8096	259.5358
421.2977	259.5358
421.2977	260.5596
420.7858	260.5596
420.7858	261.5834
420.2739	261.5834
420.2739	262.6072
419.7620	262.6072
419.7620	263.1191
419.2501	263.1191
419.2501	264.1429
418.7382	264.1429
418.7382	265.1667
418.2263	265.1667
418.2263	266.1905
417.7144	266.1905
417.7144	267.2143
417.2025	267.2143
417.2025	268.2381
416.6906	268.2381
416.6906	268.7501
416.1787	268.7501
416.1787	269.2620
415.6667	269.2620
415.6667	270.2858
415.1548	270.2858
415.1548	270.7977
414.6429	270.7977
414.6429	271.3096
414.1310	271.3096
414.1310	272.3334
413.6191	272.3334
413.6191	273.3572
413.1072	273.3572
413.1072	274.3810
412.5953	274.3810
412.5953	274.8929
412.0834	274.8929
412.0834	275.4048
411.5715	275.4048
411.5715	276.4286
411.0596	276.4286
411.0596	276.9405
410.0358	276.9405
410.0358	277.4524
409.5239	277.4524
409.5239	277.9643
409.0120	277.9643
409.0120	278.4762
408.5001	278.4762
408.5001	278.9881
407.9882	278.9881
407.9882	279.5001
407.4763	279.5001
407.4763	280.5239
406.9644	280.5239
406.9644	281.0358
406.4525	281.0358
406.4525	281.5477
405.9406	281.5477
405.9406	282.5715
405.4286	282.5715
405.4286	283.0834
404.4048	283.0834
404.4048	283.5953
403.8929	283.5953
403.8929	284.1072
403.3810	284.1072
403.3810	284.6191
402.3572	284.6191
402.3572	285.1310
401.8453	285.1310
401.8453	285.6429
401.3334	285.6429
401.3334	286.1548
400.8215	286.1548
400.8215	286.6667
400.3096	286.6667
400.3096	287.1786
399.7977	287.1786
399.7977	287.6905
399.2858	287.6905
399.2858	288.7143
398.7739	288.7143
398.7739	289.7382
398.2620	289.7382
398.2620	290.7620
397.7501	290.7620
397.7501	293.3215
396.2144	293.3215
396.2144	293.8334
395.1906	293.8334
395.1906	294.3453
394.1667	294.3453
394.1667	294.8572
393.6548	294.8572
393.6548	295.3691
393.1429	295.3691
393.1429	295.8810
392.6310	295.8810
392.6310	296.3929
392.1191	296.3929
392.1191	296.9048
391.6072	296.9048
391.6072	297.9286
391.0953	297.9286
391.0953	298.9524
390.5834	298.9524
390.5834	300.4882
390.0715	300.4882
390.0715	303.0477
389.5596	303.0477
389.5596	304.0715
389.0477	304.0715
389.0477	305.0953
388.5358	305.0953
388.5358	307.6548
388.0239	307.6548
388.0239	310.7262
388.5358	310.7262
388.5358	313.2858
389.0477	313.2858
389.0477	314.3096
389.5596	314.3096
389.5596	315.3334
390.0715	315.3334
390.0715	315.8453
390.5834	315.8453
390.5834	316.3572
391.0953	316.3572
391.0953	316.8691
391.6072	316.8691
391.6072	317.3810
392.1191	317.3810
392.1191	317.8929
392.6310	317.8929
392.6310	318.4048
393.1429	318.4048
393.1429	318.9167
394.1667	318.9167
394.1667	319.4286
394.6786	319.4286
394.6786	320.4524
395.1906	320.4524
395.1906	320.9643
395.7025	320.9643
395.7025	321.4763
396.2144	321.4763
396.2144	322.5001
395.7025	322.5001
395.7025	323.5239
395.1906	323.5239
395.1906	326.0834
394.6786	326.0834
394.6786	330.1786
395.1906	330.1786
395.1906	332.7382
395.7025	332.7382
395.7025	333.7620
396.2144	333.7620
396.2144	334.7858
395.1906	334.7858
395.1906	335.2977
394.6786	335.2977
394.6786	335.8096
394.1667	335.8096
394.1667	336.3215
393.6548	336.3215
393.6548	336.8334
393.1429	336.8334
393.1429	337.3453
392.6310	337.3453
392.6310	338.3691
392.1191	338.3691
392.1191	339.3929
391.6072	339.3929
391.6072	340.9286
391.0953	340.9286
391.0953	343.4882
390.5834	343.4882
390.5834	347.5834
389.5596	347.5834
389.5596	347.0715
386.4882	347.0715
386.4882	347.5834
383.9286	347.5834
383.9286	348.0953
382.9048	348.0953
382.9048	348.6072
381.8810	348.6072
381.8810	349.1191
379.8334	349.1191
379.8334	348.6072
379.3215	348.6072
379.3215	348.0953
378.2977	348.0953
378.2977	347.5834
377.2739	347.5834
377.2739	347.0715
374.7144	347.0715
374.7144	346.5596
371.6429	346.5596
371.6429	347.0715
369.0834	347.0715
369.0834	347.5834
368.0596	347.5834
368.0596	348.0953
367.0358	348.0953
367.0358	348.6072
366.5239	348.6072
366.5239	348.0953
362.4286	348.0953
362.4286	348.6072
359.8691	348.6072
359.8691	349.1191
358.8453	349.1191
358.8453	349.6310
357.8215	349.6310
357.8215	350.1429
357.3096	350.1429
357.3096	350.6548
356.7977	350.6548
356.7977	351.1667
356.2858	351.1667
356.2858	351.6786
355.7739	351.6786
355.7739	352.1905
353.7263	352.1905
353.7263	352.7024
352.7024	352.7024
352.7024	353.2144
351.6786	353.2144
351.6786	353.7263
351.1667	353.7263
351.1667	354.2382
350.6548	354.2382
350.6548	354.7501
350.1429	354.7501
350.1429	355.2620
349.6310	355.2620
349.6310	355.7739
349.1191	355.7739
349.1191	356.7977
348.6072	356.7977
348.6072	357.8215
348.0953	357.8215
348.0953	358.8453
347.5834	358.8453
347.5834	360.3810
347.0715	360.3810
347.0715	362.9405
346.5596	362.9405
346.5596	364.9882
346.0477	364.9882
346.0477	365.5001
345.5358	365.5001
345.5358	366.0120
345.0239	366.0120
345.0239	366.5239
344.5120	366.5239
344.5120	367.0358
344.0001	367.0358
344.0001	367.5477
343.4882	367.5477
343.4882	368.5715
342.9763	368.5715
342.9763	369.5953
342.4644	369.5953
342.4644	370.6191
341.4405	370.6191
341.4405	369.5953
340.9286	369.5953
340.9286	369.0834
340.4167	369.0834
340.4167	368.5715
339.9048	368.5715
339.9048	368.0596
339.3929	368.0596
339.3929	367.0358
338.8810	367.0358
338.8810	366.5239
338.3691	366.5239
338.3691	366.0120
337.8572	366.0120
337.8572	365.5001
337.3453	365.5001
337.3453	360.3810
336.8334	360.3810
336.8334	357.8215
336.3215	357.8215
336.3215	356.7977
335.8096	356.7977
335.8096	355.7739
335.2977	355.7739
335.2977	350.6548
334.7858	350.6548
334.7858	348.0953
334.2739	348.0953
334.2739	347.0715
333.7620	347.0715
333.7620	346.0477
333.2501	346.0477
333.2501	345.5358
332.7382	345.5358
332.7382	345.0239
332.2263	345.0239
332.2263	344.5120
331.7143	344.5120
331.7143	344.0001
331.2024	344.0001
331.2024	343.4882
330.1786	343.4882
330.1786	342.9763
329.1548	342.9763
329.1548	342.4644
326.5953	342.4644
326.5953	341.9524
323.5239	341.9524
323.5239	341.4405
320.4524	341.4405
320.4524	340.9286
317.8929	340.9286
317.8929	340.4167
314.8215	340.4167
314.8215	339.9048
310.7262	339.9048
310.7262	339.3929
310.2143	339.3929
310.2143	338.3691
309.7024	338.3691
309.7024	337.3453
309.1905	337.3453
309.1905	336.8334
308.6786	336.8334
308.6786	336.3215
308.1667	336.3215
308.1667	335.8096
307.6548	335.8096
307.6548	335.2977
307.1429	335.2977
307.1429	334.7858
306.6310	334.7858
306.6310	334.2739
306.1191	334.2739
306.1191	333.7620
305.0953	333.7620
305.0953	333.2501
304.0715	333.2501
304.0715	332.7382
301.5120	332.7382
301.5120	330.1786
301.0001	330.1786
301.0001	328.6429
300.4882	328.6429
300.4882	327.6191
299.9762	327.6191
299.9762	326.5953
299.4643	326.5953
299.4643	325.5715
298.9524	325.5715
298.9524	325.0596
298.4405	325.0596
298.4405	324.0358
297.9286	324.0358
297.9286	323.5239
297.4167	323.5239
297.4167	322.5001
296.9048	322.5001
296.9048	321.9882
296.3929	321.9882
296.3929	321.4763
295.8810	321.4763
295.8810	320.9643
295.3691	320.9643
295.3691	320.4524
294.8572	320.4524
294.8572	319.9405
294.3453	319.9405
294.3453	319.4286
293.8334	319.4286
293.8334	318.9167
292.8096	318.9167
292.8096	318.4048
292.2977	318.4048
292.2977	317.8929
291.7858	317.8929
291.7858	317.3810
290.7620	317.3810
290.7620	316.8691
289.7382	316.8691
289.7382	316.3572
288.7143	316.3572
288.7143	315.8453
288.2024	315.8453
288.2024	314.3096
287.6905	314.3096
287.6905	313.2858
287.1786	313.2858
287.1786	312.2620
286.6667	312.2620
286.6667	311.2382
286.1548	311.2382
286.1548	310.2143
285.6429	310.2143
285.6429	309.7024
285.1310	309.7024
285.1310	309.1905
284.6191	309.1905
284.6191	308.1667
284.1072	308.1667
284.1072	307.1429
283.5953	307.1429
283.5953	306.6310
283.0834	306.6310
283.0834	306.1191
282.5715	306.1191
282.5715	305.6072
282.0596	305.6072
282.0596	305.0953
281.5477	305.0953
281.5477	304.5834
281.0358	304.5834
281.0358	304.0715
280.5239	304.0715
280.5239	303.5596
279.5001	303.5596
279.5001	303.0477
278.4762	303.0477
278.4762	302.5358
277.9643	302.5358
277.9643	302.0239
276.9405	302.0239
276.9405	301.5120
276.4286	301.5120
276.4286	301.0001
275.4048	301.0001
275.4048	300.4882
274.8929	300.4882
274.8929	299.9762
274.3810	299.9762
274.3810	299.4643
273.3572	299.4643
273.3572	298.9524
272.3334	298.9524
272.3334	298.4405
271.8215	298.4405
271.8215	297.9286
271.3096	297.9286
271.3096	297.4167
270.2858	297.4167
270.2858	296.3929
269.7739	296.3929
269.7739	295.3691
269.2620	295.3691
269.2620	294.8572
268.7501	294.8572
268.7501	294.3453
268.2381	294.3453
268.2381	293.8334
267.7262	293.8334
267.7262	288.2024
267.2143	288.2024
267.2143	285.6429
266.7024	285.6429
266.7024	283.0834
266.1905	283.0834
266.1905	282.0596
265.6786	282.0596
265.6786	281.0358
265.1667	281.0358
265.1667	280.5239
264.6548	280.5239
264.6548	280.0120
264.1429	280.0120
264.1429	279.5001
263.6310	279.5001
263.6310	278.9881
264.1429	278.9881
264.1429	277.9643
264.6548	277.9643
264.6548	275.4048
265.1667	275.4048
265.1667	272.3334
264.6548	272.3334
264.6548	269.7739
264.1429	269.7739
264.1429	267.2143
263.6310	267.2143
263.6310	266.1905
263.1191	266.1905
263.1191	264.6548
263.6310	264.6548
263.6310	264.1429
264.1429	264.1429
264.1429	263.6310
266.1905	263.6310
266.1905	263.1191
268.2381	263.1191
268.2381	262.6072
269.2620	262.6072
269.2620	262.0953
270.2858	262.0953
270.2858	261.5834
270.7977	261.5834
270.7977	261.0715
271.3096	261.0715
271.3096	260.5596
271.8215	260.5596
271.8215	260.0477
272.3334	260.0477
272.3334	259.5358
272.8453	259.5358
272.8453	258.5120
273.3572	258.5120
273.3572	257.4881
273.8691	257.4881
273.8691	256.4643
274.3810	256.4643
274.3810	255.4405
274.8929	255.4405
274.8929	254.9286
275.4048	254.9286
275.4048	253.9048
276.4286	253.9048
276.4286	253.3929
276.9405	253.3929
276.9405	252.8810
277.9643	252.8810
277.9643	252.3691
278.9881	252.3691
278.9881	251.8572
279.5001	251.8572
279.5001	251.3453
280.0120	251.3453
280.0120	250.8334
280.5239	250.8334
280.5239	250.3215
281.0358	250.3215
281.0358	249.8096
281.5477	249.8096
281.5477	249.2977
282.5715	249.2977
282.5715	248.7858
283.5953	248.7858
283.5953	248.2739
284.6191	248.2739
284.6191	247.7620
285.6429	247.7620
285.6429	247.2500
286.6667	247.2500
286.6667	246.7381
287.6905	246.7381
287.6905	246.2262
288.7143	246.2262
288.7143	245.7143
289.2262	245.7143
289.2262	245.2024
289.7382	245.2024
289.7382	244.6905
290.2501	244.6905
290.2501	244.1786
290.7620	244.1786
290.7620	243.6667
291.2739	243.6667
291.2739	242.6429
291.7858	242.6429
291.7858	241.6191
292.2977	241.6191
292.2977	240.0834
292.8096	240.0834
292.8096	238.5477
294.8572	238.5477
294.8572	238.0358
295.8810	238.0358
295.8810	237.5239
296.9048	237.5239
296.9048	237.0119
297.4167	237.0119
297.4167	236.5000
297.9286	236.5000
297.9286	235.9881
298.4405	235.9881
298.4405	235.4762
298.9524	235.4762
298.9524	234.9643
299.4643	234.9643
299.4643	233.9405
299.9762	233.9405
299.9762	232.9167
300.4882	232.9167
300.4882	230.3572
303.0477	230.3572
303.0477	229.8453
304.0715	229.8453
304.0715	229.3334
305.0953	229.3334
305.0953	228.8215
305.6072	228.8215
305.6072	228.3096
306.1191	228.3096
306.1191	227.7977
306.6310	227.7977
306.6310	227.2858
307.1429	227.2858
307.1429	226.7739
307.6548	226.7739
307.6548	225.7500
308.1667	225.7500
308.1667	224.7262
308.6786	224.7262
308.6786	222.1667
309.1905	222.1667
309.1905	219.0953
308.6786	219.0953
308.6786	217.5596
309.1905	217.5596
309.1905	216.5358
312.7739	216.5358
312.7739	217.0477
315.3334	217.0477
315.3334	216.5358
317.8929	216.5358
317.8929	216.0239
318.9167	216.0239
318.9167	215.5119
319.9405	215.5119
319.9405	215.0000
320.4524	215.0000
320.4524	214.4881
320.9643	214.4881
320.9643	213.9762
321.4763	213.9762
321.4763	213.4643
321.9882	213.4643
321.9882	212.9524
322.5001	212.9524
322.5001	211.9286
323.0120	211.9286
323.0120	210.9048
323.5239	210.9048
323.5239	209.8810
324.0358	209.8810
324.0358	207.3215
324.5477	207.3215
324.5477	206.8096
325.0596	206.8096
325.0596	207.8334
324.5477	207.8334
324.5477	210.9048
325.0596	210.9048
325.0596	213.4643
325.5715	213.4643
325.5715	214.4881
326.0834	214.4881
326.0834	215.5119
326.5953	215.5119
326.5953	216.0239
327.1072	216.0239
327.1072	216.5358
327.6191	216.5358
327.6191	217.0477
328.1310	217.0477
328.1310	217.5596
328.6429	217.5596
328.6429	218.0715
329.6667	218.0715
329.6667	218.5834
330.6905	218.5834
330.6905	219.0953
333.2501	219.0953
333.2501	219.6072
335.8096	219.6072
335.8096	219.0953
338.3691	219.0953
338.3691	218.5834
339.3929	218.5834
339.3929	218.0715
340.4167	218.0715
340.4167	217.5596
341.4405	217.5596
341.4405	217.0477
341.9524	217.0477
341.9524	216.5358
342.4644	216.5358
342.4644	216.0239
343.4882	216.0239
343.4882	215.5119
344.0001	215.5119
344.0001	215.0000
344.5120	215.0000
344.5120	214.4881
345.0239	214.4881
345.0239	213.9762
345.5358	213.9762
345.5358	213.4643
346.0477	213.4643
346.0477	212.9524
346.5596	212.9524
346.5596	211.9286
347.0715	211.9286
347.0715	211.4167
348.0953	211.4167
348.0953	210.9048
349.6310	210.9048
349.6310	210.3929
350.6548	210.3929
350.6548	209.8810
351.6786	209.8810
351.6786	209.3691
352.1905	209.3691
352.1905	208.8572
353.2144	208.8572
353.2144	208.3453
354.7501	208.3453
354.7501	207.8334
356.2858	207.8334
356.2858	207.3215
359.8691	207.3215
359.8691	206.8096
363.4525	206.8096
363.4525	206.2977
366.0120	206.2977
366.0120	205.7858
367.0358	205.7858
367.0358	205.2738
368.0596	205.2738
368.0596	204.7619
368.5715	204.7619
368.5715	204.2500
369.0834	204.2500
369.0834	203.7381
369.5953	203.7381
369.5953	203.2262
370.1072	203.2262
370.1072	202.7143
370.6191	202.7143
