334.2739	173.0238
333.7620	173.0238
333.7620	177.1191
333.2501	177.1191
333.2501	180.7024
332.7382	180.7024
332.7382	188.3810
332.2263	188.3810
332.2263	193.5000
332.7382	193.5000
332.7382	196.0596
333.2501	196.0596
333.2501	197.0834
333.7620	197.0834
333.7620	198.1072
334.2739	198.1072
334.2739	198.6191
334.7858	198.6191
334.7858	199.1310
335.2977	199.1310
335.2977	199.6429
335.8096	199.6429
335.8096	200.1548
336.3215	200.1548
336.3215	200.6667
337.3453	200.6667
337.3453	201.1786
338.3691	201.1786
338.3691	201.6905
340.9286	201.6905
340.9286	202.2024
343.4882	202.2024
343.4882	201.6905
346.0477	201.6905
346.0477	201.1786
347.0715	201.1786
347.0715	200.6667
348.0953	200.6667
348.0953	200.1548
348.6072	200.1548
348.6072	199.6429
349.6310	199.6429
349.6310	199.1310
350.6548	199.1310
350.6548	198.6191
351.6786	198.6191
351.6786	198.1072
352.7024	198.1072
352.7024	197.5953
353.7263	197.5953
353.7263	197.0834
354.2382	197.0834
354.2382	196.5715
356.2858	196.5715
356.2858	196.0596
357.3096	196.0596
357.3096	195.5477
364.9882	195.5477
364.9882	195.0358
368.0596	195.0358
368.0596	194.5238
370.6191	194.5238
370.6191	194.0119
371.6429	194.0119
371.6429	193.5000
372.6667	193.5000
372.6667	192.9881
373.1786	192.9881
373.1786	192.4762
373.6905	192.4762
373.6905	191.9643
374.2025	191.9643
374.2025	191.4524
374.7144	191.4524
374.7144	190.9405
375.2263	190.9405
375.2263	189.9167
375.7382	189.9167
375.7382	188.8929
376.2501	188.8929
376.2501	186.3334
376.7620	186.3334
376.7620	186.8453
377.2739	186.8453
377.2739	189.4048
377.7858	189.4048
377.7858	190.4286
378.2977	190.4286
378.2977	191.4524
378.8096	191.4524
378.8096	191.9643
379.3215	191.9643
379.3215	192.4762
379.8334	192.4762
379.8334	192.9881
380.3453	192.9881
380.3453	193.5000
380.8572	193.5000
380.8572	194.0119
381.8810	194.0119
381.8810	194.5238
382.9048	194.5238
382.9048	195.0358
385.4644	195.0358
385.4644	195.5477
388.5358	195.5477
388.5358	196.0596
392.1191	196.0596
392.1191	196.5715
396.7263	196.5715
396.7263	196.0596
399.2858	196.0596
399.2858	195.5477
400.3096	195.5477
400.3096	195.0358
401.3334	195.0358
401.3334	194.5238
401.8453	194.5238
401.8453	194.0119
402.3572	194.0119
402.3572	193.5000
403.3810	193.5000
403.3810	194.0119
404.9167	194.0119
404.9167	194.5238
405.4286	194.5238
405.4286	195.0358
405.9406	195.0358
405.9406	198.6191
406.4525	198.6191
406.4525	201.1786
406.9644	201.1786
406.9644	202.2024
407.4763	202.2024
407.4763	203.2262
407.9882	203.2262
407.9882	203.7381
408.5001	203.7381
408.5001	204.2500
409.0120	204.2500
409.0120	204.7619
409.5239	204.7619
409.5239	205.2738
410.0358	205.2738
410.0358	205.7858
410.5477	205.7858
410.5477	206.2977
411.5715	206.2977
411.5715	206.8096
412.5953	206.8096
412.5953	207.3215
413.6191	207.3215
413.6191	207.8334
414.1310	207.8334
414.1310	208.3453
415.1548	208.3453
415.1548	208.8572
416.1787	208.8572
416.1787	209.3691
416.6906	209.3691
416.6906	209.8810
417.2025	209.8810
417.2025	210.3929
417.7144	210.3929
417.7144	210.9048
418.7382	210.9048
418.7382	211.4167
419.7620	211.4167
419.7620	211.9286
420.7858	211.9286
420.7858	212.4405
421.2977	212.4405
421.2977	212.9524
421.8096	212.9524
421.8096	213.4643
422.8334	213.4643
422.8334	213.9762
423.8572	213.9762
423.8572	214.4881
424.3691	214.4881
424.3691	215.0000
424.8810	215.0000
424.8810	215.5119
425.3929	215.5119
425.3929	216.0239
426.4167	216.0239
426.4167	216.5358
426.9287	216.5358
426.9287	217.0477
427.4406	217.0477
427.4406	217.5596
427.9525	217.5596
427.9525	218.0715
428.4644	218.0715
428.4644	218.5834
428.9763	218.5834
428.9763	219.6072
429.4882	219.6072
429.4882	220.1191
430.0001	220.1191
430.0001	221.1429
430.5120	221.1429
430.5120	222.1667
431.0239	222.1667
431.0239	222.6786
431.5358	222.6786
431.5358	223.7024
432.0477	223.7024
432.0477	224.2143
432.5596	224.2143
432.5596	224.7262
433.0715	224.7262
433.0715	225.7500
433.5834	225.7500
433.5834	226.7739
434.0953	226.7739
434.0953	227.2858
434.6072	227.2858
434.6072	228.3096
435.1191	228.3096
435.1191	229.8453
435.6310	229.8453
435.6310	230.8691
436.1429	230.8691
436.1429	232.9167
436.6548	232.9167
436.6548	234.4524
437.1667	234.4524
437.1667	237.0119
437.6787	237.0119
437.6787	239.5715
438.1906	239.5715
438.1906	246.2262
437.6787	246.2262
437.6787	247.7620
437.1667	247.7620
437.1667	249.8096
436.6548	249.8096
436.6548	250.8334
436.1429	250.8334
436.1429	252.8810
435.6310	252.8810
435.6310	253.3929
435.1191	253.3929
435.1191	254.4167
434.6072	254.4167
434.6072	255.4405
434.0953	255.4405
434.0953	255.9524
433.5834	255.9524
433.5834	256.9762
433.0715	256.9762
433.0715	258.0000
432.5596	258.0000
432.5596	258.5120
432.0477	258.5120
432.0477	259.0239
431.5358	259.0239
431.5358	260.0477
431.0239	260.0477
431.0239	260.5596
430.5120	260.5596
430.5120	261.0715
430.0001	261.0715
430.0001	261.5834
429.4882	261.5834
429.4882	262.0953
428.9763	262.0953
428.9763	262.6072
428.4644	262.6072
428.4644	263.6310
427.9525	263.6310
427.9525	264.1429
427.4406	264.1429
427.4406	264.6548
426.9287	264.6548
426.9287	265.1667
426.4167	265.1667
426.4167	265.6786
425.9048	265.6786
425.9048	266.1905
425.3929	266.1905
425.3929	267.2143
424.8810	267.2143
424.8810	267.7262
424.3691	267.7262
424.3691	268.2381
423.8572	268.2381
423.8572	268.7501
423.3453	268.7501
423.3453	269.2620
422.8334	269.2620
422.8334	269.7739
422.3215	269.7739
422.3215	270.7977
421.8096	270.7977
421.8096	271.3096
421.2977	271.3096
421.2977	271.8215
420.7858	271.8215
420.7858	272.3334
420.2739	272.3334
420.2739	272.8453
419.7620	272.8453
419.7620	273.3572
419.2501	273.3572
419.2501	273.8691
418.7382	273.8691
418.7382	274.3810
418.2263	274.3810
418.2263	274.8929
417.7144	274.8929
417.7144	275.4048
417.2025	275.4048
417.2025	275.9167
416.6906	275.9167
416.6906	276.4286
415.6667	276.4286
415.6667	276.9405
414.6429	276.9405
414.6429	277.4524
413.6191	277.4524
413.6191	277.9643
413.1072	277.9643
413.1072	278.4762
412.5953	278.4762
412.5953	278.9881
412.0834	278.9881
412.0834	279.5001
411.5715	279.5001
411.5715	280.0120
411.0596	280.0120
411.0596	280.5239
410.0358	280.5239
410.0358	281.0358
409.0120	281.0358
409.0120	281.5477
408.5001	281.5477
408.5001	282.0596
407.9882	282.0596
407.9882	282.5715
407.4763	282.5715
407.4763	283.0834
406.9644	283.0834
406.9644	283.5953
405.9406	283.5953
405.9406	284.1072
405.4286	284.1072
405.4286	284.6191
404.9167	284.6191
404.9167	285.1310
404.4048	285.1310
404.4048	285.6429
403.8929	285.6429
403.8929	286.1548
403.3810	286.1548
403.3810	286.6667
402.8691	286.6667
402.8691	287.1786
402.3572	287.1786
402.3572	288.2024
401.8453	288.2024
401.8453	289.2262
401.3334	289.2262
401.3334	290.2501
400.8215	290.2501
400.8215	290.7620
400.3096	290.7620
400.3096	291.2739
399.7977	291.2739
399.7977	291.7858
399.2858	291.7858
399.2858	292.8096
398.7739	292.8096
398.7739	293.8334
398.2620	293.8334
398.2620	296.3929
397.7501	296.3929
397.7501	298.9524
397.2382	298.9524
397.2382	303.5596
397.7501	303.5596
397.7501	306.1191
398.2620	306.1191
398.2620	307.1429
398.7739	307.1429
398.7739	308.1667
399.2858	308.1667
399.2858	308.6786
399.7977	308.6786
399.7977	309.1905
400.3096	309.1905
400.3096	309.7024
400.8215	309.7024
400.8215	310.2143
401.3334	310.2143
401.3334	310.7262
401.8453	310.7262
401.8453	311.2382
402.8691	311.2382
402.8691	311.7501
403.8929	311.7501
403.8929	312.2620
405.4286	312.2620
405.4286	312.7739
406.4525	312.7739
406.4525	313.2858
408.5001	313.2858
408.5001	313.7977
409.5239	313.7977
409.5239	314.3096
410.5477	314.3096
410.5477	314.8215
411.0596	314.8215
411.0596	315.3334
411.5715	315.3334
411.5715	315.8453
412.0834	315.8453
412.0834	317.3810
412.5953	317.3810
412.5953	318.4048
413.1072	318.4048
413.1072	320.4524
409.5239	320.4524
409.5239	320.9643
407.9882	320.9643
407.9882	320.4524
407.4763	320.4524
407.4763	319.9405
406.4525	319.9405
406.4525	319.4286
405.4286	319.4286
405.4286	318.9167
402.8691	318.9167
402.8691	318.4048
400.3096	318.4048
400.3096	318.9167
397.7501	318.9167
397.7501	319.4286
396.7263	319.4286
396.7263	319.9405
395.7025	319.9405
395.7025	320.4524
395.1906	320.4524
395.1906	320.9643
394.6786	320.9643
394.6786	321.4763
394.1667	321.4763
394.1667	321.9882
393.6548	321.9882
393.6548	322.5001
393.1429	322.5001
393.1429	323.0120
392.6310	323.0120
392.6310	323.5239
392.1191	323.5239
392.1191	324.0358
391.6072	324.0358
391.6072	325.0596
391.0953	325.0596
391.0953	326.0834
390.5834	326.0834
390.5834	327.6191
390.0715	327.6191
390.0715	328.6429
389.0477	328.6429
389.0477	327.6191
388.5358	327.6191
388.5358	327.1072
388.0239	327.1072
388.0239	326.5953
387.5120	326.5953
387.5120	326.0834
387.0001	326.0834
387.0001	325.5715
386.4882	325.5715
386.4882	325.0596
385.9763	325.0596
385.9763	324.5477
384.9525	324.5477
384.9525	324.0358
383.9286	324.0358
383.9286	323.5239
381.3691	323.5239
381.3691	323.0120
378.2977	323.0120
378.2977	323.5239
375.7382	323.5239
375.7382	324.0358
374.7144	324.0358
374.7144	324.5477
373.6905	324.5477
373.6905	325.0596
373.1786	325.0596
373.1786	325.5715
372.6667	325.5715
372.6667	326.0834
372.1548	326.0834
372.1548	326.5953
371.6429	326.5953
371.6429	327.1072
371.1310	327.1072
371.1310	327.6191
370.6191	327.6191
370.6191	328.1310
369.5953	328.1310
369.5953	328.6429
368.5715	328.6429
368.5715	329.1548
368.0596	329.1548
368.0596	329.6667
367.0358	329.6667
367.0358	330.1786
366.0120	330.1786
366.0120	330.6905
365.5001	330.6905
365.5001	331.2024
364.9882	331.2024
364.9882	331.7143
364.4763	331.7143
364.4763	332.2263
363.9644	332.2263
363.9644	332.7382
363.4525	332.7382
363.4525	333.2501
362.9405	333.2501
362.9405	334.2739
362.4286	334.2739
362.4286	335.2977
361.9167	335.2977
361.9167	336.8334
359.8691	336.8334
359.8691	337.3453
358.8453	337.3453
358.8453	337.8572
357.8215	337.8572
357.8215	338.3691
357.3096	338.3691
357.3096	338.8810
356.7977	338.8810
356.7977	339.3929
356.2858	339.3929
356.2858	339.9048
355.7739	339.9048
355.7739	340.4167
355.2620	340.4167
355.2620	341.4405
354.7501	341.4405
354.7501	342.4644
354.2382	342.4644
354.2382	344.0001
353.7263	344.0001
353.7263	346.5596
353.2144	346.5596
353.2144	347.0715
352.7024	347.0715
352.7024	348.0953
352.1905	348.0953
352.1905	349.1191
351.6786	349.1191
351.6786	351.6786
351.1667	351.6786
351.1667	357.3096
351.6786	357.3096
351.6786	357.8215
350.6548	357.8215
350.6548	357.3096
349.6310	357.3096
349.6310	356.7977
348.6072	356.7977
348.6072	356.2858
347.5834	356.2858
347.5834	355.7739
345.0239	355.7739
345.0239	355.2620
342.4644	355.2620
342.4644	354.7501
341.9524	354.7501
341.9524	353.7263
341.4405	353.7263
341.4405	353.2144
340.9286	353.2144
340.9286	352.7024
340.4167	352.7024
340.4167	352.1905
339.9048	352.1905
339.9048	351.6786
339.3929	351.6786
339.3929	351.1667
338.3691	351.1667
338.3691	350.6548
337.3453	350.6548
337.3453	350.1429
335.8096	350.1429
335.8096	349.6310
334.7858	349.6310
334.7858	349.1191
333.7620	349.1191
333.7620	348.6072
332.7382	348.6072
332.7382	347.0715
332.2263	347.0715
332.2263	346.0477
331.7143	346.0477
331.7143	345.0239
331.2024	345.0239
331.2024	344.5120
330.6905	344.5120
330.6905	344.0001
330.1786	344.0001
330.1786	343.4882
329.6667	343.4882
329.6667	342.9763
329.1548	342.9763
329.1548	342.4644
328.1310	342.4644
328.1310	341.9524
327.6191	341.9524
327.6191	341.4405
326.5953	341.4405
326.5953	340.9286
326.0834	340.9286
326.0834	340.4167
325.5715	340.4167
325.5715	339.9048
325.0596	339.9048
325.0596	339.3929
324.0358	339.3929
324.0358	338.8810
323.0120	338.8810
323.0120	338.3691
320.4524	338.3691
320.4524	337.8572
317.8929	337.8572
317.8929	336.8334
317.3810	336.8334
317.3810	336.3215
316.8691	336.3215
316.8691	335.8096
316.3572	335.8096
316.3572	335.2977
315.8453	335.2977
315.8453	334.7858
315.3334	334.7858
315.3334	334.2739
314.3096	334.2739
314.3096	333.7620
313.2858	333.7620
313.2858	333.2501
311.2382	333.2501
311.2382	332.7382
308.6786	332.7382
308.6786	332.2263
307.6548	332.2263
307.6548	331.7143
306.1191	331.7143
306.1191	331.2024
305.6072	331.2024
305.6072	330.6905
304.5834	330.6905
304.5834	330.1786
303.5596	330.1786
303.5596	329.6667
301.0001	329.6667
301.0001	329.1548
297.9286	329.1548
297.9286	328.6429
295.3691	328.6429
295.3691	328.1310
289.7382	328.1310
289.7382	328.6429
288.2024	328.6429
288.2024	328.1310
287.6905	328.1310
287.6905	327.1072
288.2024	327.1072
288.2024	326.5953
288.7143	326.5953
288.7143	326.0834
289.2262	326.0834
289.2262	325.0596
289.7382	325.0596
289.7382	324.0358
290.2501	324.0358
290.2501	321.4763
290.7620	321.4763
290.7620	318.9167
290.2501	318.9167
290.2501	316.3572
289.7382	316.3572
289.7382	315.3334
289.2262	315.3334
289.2262	314.3096
288.7143	314.3096
288.7143	313.7977
288.2024	313.7977
288.2024	313.2858
287.6905	313.2858
287.6905	312.7739
287.1786	312.7739
287.1786	311.7501
286.6667	311.7501
286.6667	309.1905
286.1548	309.1905
286.1548	308.1667
285.6429	308.1667
285.6429	307.1429
285.1310	307.1429
285.1310	306.1191
284.6191	306.1191
284.6191	305.6072
284.1072	305.6072
284.1072	305.0953
283.5953	305.0953
283.5953	304.5834
283.0834	304.5834
283.0834	304.0715
282.5715	304.0715
282.5715	303.5596
281.5477	303.5596
281.5477	303.0477
280.5239	303.0477
280.5239	302.5358
279.5001	302.5358
279.5001	302.0239
276.9405	302.0239
276.9405	301.5120
276.4286	301.5120
276.4286	301.0001
275.9167	301.0001
275.9167	300.4882
275.4048	300.4882
275.4048	299.9762
274.8929	299.9762
274.8929	299.4643
274.3810	299.4643
274.3810	298.9524
273.8691	298.9524
273.8691	298.4405
273.3572	298.4405
273.3572	297.9286
272.8453	297.9286
272.8453	297.4167
272.3334	297.4167
272.3334	296.9048
271.8215	296.9048
271.8215	295.8810
271.3096	295.8810
271.3096	294.8572
270.7977	294.8572
270.7977	294.3453
270.2858	294.3453
270.2858	293.8334
269.7739	293.8334
269.7739	293.3215
269.2620	293.3215
269.2620	292.2977
268.7501	292.2977
268.7501	291.2739
268.2381	291.2739
268.2381	289.2262
267.7262	289.2262
267.7262	287.1786
268.2381	287.1786
268.2381	284.6191
267.7262	284.6191
267.7262	282.0596
267.2143	282.0596
267.2143	281.0358
266.7024	281.0358
266.7024	280.0120
266.1905	280.0120
266.1905	278.4762
266.7024	278.4762
266.7024	277.4524
267.2143	277.4524
267.2143	274.8929
267.7262	274.8929
267.7262	271.8215
267.2143	271.8215
267.2143	269.2620
266.7024	269.2620
266.7024	267.2143
266.1905	267.2143
266.1905	266.1905
265.6786	266.1905
265.6786	265.1667
265.1667	265.1667
265.1667	264.6548
264.6548	264.6548
264.6548	264.1429
264.1429	264.1429
264.1429	263.6310
263.6310	263.6310
263.6310	263.1191
263.1191	263.1191
263.1191	262.6072
262.0953	262.6072
262.0953	262.0953
261.5834	262.0953
261.5834	259.0239
262.0953	259.0239
262.0953	258.0000
262.6072	258.0000
262.6072	255.9524
263.1191	255.9524
263.1191	255.4405
263.6310	255.4405
263.6310	254.9286
264.1429	254.9286
264.1429	254.4167
264.6548	254.4167
264.6548	253.9048
265.1667	253.9048
265.1667	252.8810
265.6786	252.8810
265.6786	252.3691
266.1905	252.3691
266.1905	251.3453
267.2143	251.3453
267.2143	250.8334
267.7262	250.8334
267.7262	250.3215
268.2381	250.3215
268.2381	249.8096
268.7501	249.8096
268.7501	249.2977
269.2620	249.2977
269.2620	248.7858
269.7739	248.7858
269.7739	248.2739
270.7977	248.2739
270.7977	247.7620
271.3096	247.7620
271.3096	247.2500
271.8215	247.2500
271.8215	246.7381
272.3334	246.7381
272.3334	246.2262
272.8453	246.2262
272.8453	245.7143
273.3572	245.7143
273.3572	245.2024
273.8691	245.2024
273.8691	244.6905
274.3810	244.6905
274.3810	244.1786
275.4048	244.1786
275.4048	243.6667
275.9167	243.6667
275.9167	243.1548
276.9405	243.1548
276.9405	242.6429
277.4524	242.6429
277.4524	242.1310
277.9643	242.1310
277.9643	241.6191
278.4762	241.6191
278.4762	241.1072
279.5001	241.1072
279.5001	240.5953
280.0120	240.5953
280.0120	240.0834
280.5239	240.0834
280.5239	239.5715
281.0358	239.5715
281.0358	239.0596
282.0596	239.0596
282.0596	238.5477
283.0834	238.5477
283.0834	238.0358
284.1072	238.0358
284.1072	237.5239
285.1310	237.5239
285.1310	237.0119
287.1786	237.0119
287.1786	236.5000
288.2024	236.5000
288.2024	235.9881
291.7858	235.9881
291.7858	235.4762
294.3453	235.4762
294.3453	234.9643
296.3929	234.9643
296.3929	234.4524
297.4167	234.4524
297.4167	233.9405
298.4405	233.9405
298.4405	233.4286
298.9524	233.4286
298.9524	232.9167
299.4643	232.9167
299.4643	232.4048
299.9762	232.4048
299.9762	231.8929
300.4882	231.8929
300.4882	231.3810
301.0001	231.3810
301.0001	230.8691
301.5120	230.8691
301.5120	229.8453
302.0239	229.8453
302.0239	228.8215
302.5358	228.8215
302.5358	227.7977
303.0477	227.7977
303.0477	225.7500
303.5596	225.7500
303.5596	223.1905
304.0715	223.1905
304.0715	222.6786
306.6310	222.6786
306.6310	222.1667
307.6548	222.1667
307.6548	221.6548
308.6786	221.6548
308.6786	221.1429
309.1905	221.1429
309.1905	220.6310
309.7024	220.6310
309.7024	220.1191
310.2143	220.1191
310.2143	219.6072
310.7262	219.6072
310.7262	219.0953
311.2382	219.0953
311.2382	218.5834
311.7501	218.5834
311.7501	217.5596
312.2620	217.5596
312.2620	216.5358
312.7739	216.5358
312.7739	213.9762
313.2858	213.9762
313.2858	211.4167
312.7739	211.4167
312.7739	208.8572
312.2620	208.8572
312.2620	208.3453
312.7739	208.3453
312.7739	207.8334
313.2858	207.8334
313.2858	207.3215
313.7977	207.3215
313.7977	206.8096
315.3334	206.8096
315.3334	206.2977
317.8929	206.2977
317.8929	205.7858
318.9167	205.7858
318.9167	205.2738
319.9405	205.2738
319.9405	204.7619
320.4524	204.7619
320.4524	204.2500
320.9643	204.2500
320.9643	203.7381
321.4763	203.7381
321.4763	203.2262
321.9882	203.2262
321.9882	202.7143
322.5001	202.7143
322.5001	201.6905
323.0120	201.6905
323.0120	200.6667
323.5239	200.6667
323.5239	198.1072
324.0358	198.1072
324.0358	195.0358
323.5239	195.0358
323.5239	194.0119
324.0358	194.0119
324.0358	191.9643
324.5477	191.9643
324.5477	189.4048
325.0596	189.4048
325.0596	186.3334
324.5477	186.3334
324.5477	185.8215
325.5715	185.8215
325.5715	185.3096
326.5953	185.3096
326.5953	184.7977
327.1072	184.7977
327.1072	184.2857
327.6191	184.2857
327.6191	183.7738
328.1310	183.7738
328.1310	183.2619
328.6429	183.2619
328.6429	182.7500
329.1548	182.7500
329.1548	181.7262
329.6667	181.7262
329.6667	180.7024
330.1786	180.7024
330.1786	179.1667
330.6905	179.1667
330.6905	177.1191
331.2024	177.1191
331.2024	176.0953
331.7143	176.0953
331.7143	175.0715
332.2263	175.0715
332.2263	174.0477
332.7382	174.0477
332.7382	173.0238
333.2501	173.0238
333.2501	170.9762
334.2739	170.9762
