334.2739	171.4881
333.7620	171.4881
333.7620	174.0477
333.2501	174.0477
333.2501	180.1905
332.7382	180.1905
332.7382	191.9643
333.2501	191.9643
333.2501	194.5238
333.7620	194.5238
333.7620	195.5477
334.2739	195.5477
334.2739	196.5715
334.7858	196.5715
334.7858	197.0834
335.2977	197.0834
335.2977	197.5953
335.8096	197.5953
335.8096	198.1072
336.3215	198.1072
336.3215	198.6191
336.8334	198.6191
336.8334	199.1310
337.8572	199.1310
337.8572	199.6429
338.8810	199.6429
338.8810	200.1548
341.4405	200.1548
341.4405	200.6667
344.0001	200.6667
344.0001	200.1548
346.5596	200.1548
346.5596	199.6429
347.5834	199.6429
347.5834	199.1310
348.6072	199.1310
348.6072	198.6191
349.6310	198.6191
349.6310	198.1072
350.6548	198.1072
350.6548	197.5953
351.6786	197.5953
351.6786	197.0834
352.1905	197.0834
352.1905	196.5715
352.7024	196.5715
352.7024	196.0596
355.2620	196.0596
355.2620	195.5477
356.7977	195.5477
356.7977	195.0358
363.9644	195.0358
363.9644	194.5238
368.0596	194.5238
368.0596	194.0119
370.6191	194.0119
370.6191	193.5000
371.6429	193.5000
371.6429	192.9881
372.6667	192.9881
372.6667	192.4762
373.1786	192.4762
373.1786	191.9643
373.6905	191.9643
373.6905	191.4524
374.2025	191.4524
374.2025	190.9405
374.7144	190.9405
374.7144	190.4286
375.2263	190.4286
375.2263	189.4048
375.7382	189.4048
375.7382	189.9167
376.2501	189.9167
376.2501	190.9405
376.7620	190.9405
376.7620	191.4524
377.2739	191.4524
377.2739	191.9643
377.7858	191.9643
377.7858	192.4762
378.2977	192.4762
378.2977	192.9881
378.8096	192.9881
378.8096	193.5000
379.8334	193.5000
379.8334	194.0119
380.8572	194.0119
380.8572	194.5238
383.4167	194.5238
383.4167	195.0358
387.5120	195.0358
387.5120	195.5477
391.6072	195.5477
391.6072	196.0596
395.1906	196.0596
395.1906	195.5477
397.7501	195.5477
397.7501	195.0358
398.7739	195.0358
398.7739	194.5238
399.7977	194.5238
399.7977	194.0119
400.3096	194.0119
400.3096	193.5000
400.8215	193.5000
400.8215	192.9881
401.3334	192.9881
401.3334	192.4762
403.3810	192.4762
403.3810	192.9881
404.4048	192.9881
404.4048	193.5000
404.9167	193.5000
404.9167	196.5715
405.4286	196.5715
405.4286	199.1310
405.9406	199.1310
405.9406	200.1548
406.4525	200.1548
406.4525	201.1786
406.9644	201.1786
406.9644	201.6905
407.4763	201.6905
407.4763	202.2024
407.9882	202.2024
407.9882	202.7143
408.5001	202.7143
408.5001	203.2262
409.0120	203.2262
409.0120	203.7381
409.5239	203.7381
409.5239	204.2500
410.5477	204.2500
410.5477	204.7619
411.5715	204.7619
411.5715	205.2738
412.0834	205.2738
412.0834	205.7858
412.5953	205.7858
412.5953	206.2977
413.6191	206.2977
413.6191	206.8096
414.6429	206.8096
414.6429	207.3215
415.6667	207.3215
415.6667	207.8334
416.6906	207.8334
416.6906	208.3453
417.7144	208.3453
417.7144	208.8572
418.2263	208.8572
418.2263	209.3691
418.7382	209.3691
418.7382	209.8810
419.2501	209.8810
419.2501	210.3929
420.2739	210.3929
420.2739	210.9048
420.7858	210.9048
420.7858	211.4167
421.2977	211.4167
421.2977	211.9286
422.3215	211.9286
422.3215	212.4405
422.8334	212.4405
422.8334	212.9524
423.3453	212.9524
423.3453	213.4643
424.3691	213.4643
424.3691	213.9762
424.8810	213.9762
424.8810	214.4881
425.3929	214.4881
425.3929	215.0000
425.9048	215.0000
425.9048	215.5119
426.4167	215.5119
426.4167	216.0239
426.9287	216.0239
426.9287	216.5358
427.4406	216.5358
427.4406	217.5596
427.9525	217.5596
427.9525	218.0715
428.4644	218.0715
428.4644	218.5834
428.9763	218.5834
428.9763	219.6072
429.4882	219.6072
429.4882	220.6310
430.0001	220.6310
430.0001	221.1429
430.5120	221.1429
430.5120	221.6548
431.0239	221.6548
431.0239	222.1667
431.5358	222.1667
431.5358	222.6786
432.0477	222.6786
432.0477	223.1905
432.5596	223.1905
432.5596	224.2143
433.0715	224.2143
433.0715	225.2381
433.5834	225.2381
433.5834	226.2619
434.0953	226.2619
434.0953	226.7739
434.6072	226.7739
434.6072	227.7977
435.1191	227.7977
435.1191	228.3096
435.6310	228.3096
435.6310	230.3572
436.1429	230.3572
436.1429	231.8929
436.6548	231.8929
436.6548	232.9167
437.1667	232.9167
437.1667	234.9643
437.6787	234.9643
437.6787	238.5477
438.1906	238.5477
438.1906	242.6429
438.7025	242.6429
438.7025	243.6667
438.1906	243.6667
438.1906	246.2262
437.6787	246.2262
437.6787	248.7858
437.1667	248.7858
437.1667	249.8096
436.6548	249.8096
436.6548	251.3453
436.1429	251.3453
436.1429	252.3691
435.6310	252.3691
435.6310	253.9048
435.1191	253.9048
435.1191	254.9286
434.6072	254.9286
434.6072	255.9524
434.0953	255.9524
434.0953	256.4643
433.5834	256.4643
433.5834	256.9762
433.0715	256.9762
433.0715	257.4881
432.5596	257.4881
432.5596	258.0000
432.0477	258.0000
432.0477	258.5120
431.5358	258.5120
431.5358	259.0239
431.0239	259.0239
431.0239	259.5358
430.5120	259.5358
430.5120	260.5596
430.0001	260.5596
430.0001	261.0715
429.4882	261.0715
429.4882	262.0953
428.9763	262.0953
428.9763	262.6072
428.4644	262.6072
428.4644	263.1191
427.9525	263.1191
427.9525	263.6310
427.4406	263.6310
427.4406	264.1429
426.9287	264.1429
426.9287	264.6548
426.4167	264.6548
426.4167	265.1667
425.9048	265.1667
425.9048	265.6786
425.3929	265.6786
425.3929	266.1905
424.8810	266.1905
424.8810	266.7024
424.3691	266.7024
424.3691	267.2143
423.8572	267.2143
423.8572	267.7262
423.3453	267.7262
423.3453	268.2381
422.8334	268.2381
422.8334	268.7501
422.3215	268.7501
422.3215	269.2620
421.8096	269.2620
421.8096	269.7739
421.2977	269.7739
421.2977	270.7977
420.7858	270.7977
420.7858	271.3096
420.2739	271.3096
420.2739	271.8215
419.7620	271.8215
419.7620	272.3334
418.7382	272.3334
418.7382	272.8453
418.2263	272.8453
418.2263	273.3572
417.7144	273.3572
417.7144	273.8691
417.2025	273.8691
417.2025	274.3810
416.6906	274.3810
416.6906	274.8929
416.1787	274.8929
416.1787	275.4048
415.6667	275.4048
415.6667	275.9167
414.6429	275.9167
414.6429	276.4286
413.6191	276.4286
413.6191	276.9405
413.1072	276.9405
413.1072	277.4524
412.5953	277.4524
412.5953	277.9643
412.0834	277.9643
412.0834	278.4762
411.5715	278.4762
411.5715	278.9881
410.5477	278.9881
410.5477	279.5001
409.5239	279.5001
409.5239	280.0120
409.0120	280.0120
409.0120	280.5239
408.5001	280.5239
408.5001	281.0358
407.9882	281.0358
407.9882	281.5477
406.9644	281.5477
406.9644	282.0596
406.4525	282.0596
406.4525	282.5715
405.4286	282.5715
405.4286	283.0834
404.9167	283.0834
404.9167	283.5953
404.4048	283.5953
404.4048	284.1072
403.3810	284.1072
403.3810	284.6191
402.8691	284.6191
402.8691	285.1310
402.3572	285.1310
402.3572	285.6429
401.8453	285.6429
401.8453	286.1548
401.3334	286.1548
401.3334	286.6667
400.8215	286.6667
400.8215	287.1786
400.3096	287.1786
400.3096	287.6905
399.7977	287.6905
399.7977	288.2024
399.2858	288.2024
399.2858	288.7143
398.7739	288.7143
398.7739	289.7382
398.2620	289.7382
398.2620	290.7620
397.7501	290.7620
397.7501	293.3215
397.2382	293.3215
397.2382	303.0477
397.7501	303.0477
397.7501	305.6072
398.2620	305.6072
398.2620	306.6310
398.7739	306.6310
398.7739	307.6548
399.2858	307.6548
399.2858	308.1667
399.7977	308.1667
399.7977	308.6786
400.3096	308.6786
400.3096	309.1905
400.8215	309.1905
400.8215	309.7024
401.3334	309.7024
401.3334	310.2143
401.8453	310.2143
401.8453	310.7262
402.8691	310.7262
402.8691	311.2382
403.8929	311.2382
403.8929	311.7501
404.9167	311.7501
404.9167	312.2620
407.4763	312.2620
407.4763	312.7739
408.5001	312.7739
408.5001	313.2858
409.0120	313.2858
409.0120	313.7977
410.0358	313.7977
410.0358	314.3096
411.0596	314.3096
411.0596	314.8215
411.5715	314.8215
411.5715	315.3334
412.0834	315.3334
412.0834	316.3572
412.5953	316.3572
412.5953	318.4048
413.1072	318.4048
413.1072	319.9405
408.5001	319.9405
408.5001	319.4286
407.4763	319.4286
407.4763	318.9167
405.4286	318.9167
405.4286	318.4048
404.9167	318.4048
404.9167	317.8929
403.8929	317.8929
403.8929	317.3810
402.8691	317.3810
402.8691	316.8691
401.8453	316.8691
401.8453	316.3572
399.2858	316.3572
399.2858	315.8453
396.2144	315.8453
396.2144	316.3572
393.6548	316.3572
393.6548	316.8691
392.6310	316.8691
392.6310	317.3810
391.6072	317.3810
391.6072	317.8929
391.0953	317.8929
391.0953	318.4048
390.5834	318.4048
390.5834	318.9167
390.0715	318.9167
390.0715	319.4286
389.5596	319.4286
389.5596	319.9405
389.0477	319.9405
389.0477	320.9643
388.5358	320.9643
388.5358	321.9882
388.0239	321.9882
388.0239	322.5001
387.5120	322.5001
387.5120	321.9882
387.0001	321.9882
387.0001	321.4763
386.4882	321.4763
386.4882	320.9643
385.4644	320.9643
385.4644	320.4524
384.4405	320.4524
384.4405	319.9405
381.8810	319.9405
381.8810	319.4286
378.8096	319.4286
378.8096	319.9405
376.2501	319.9405
376.2501	320.4524
375.2263	320.4524
375.2263	320.9643
374.2025	320.9643
374.2025	321.4763
373.6905	321.4763
373.6905	321.9882
372.6667	321.9882
372.6667	322.5001
372.1548	322.5001
372.1548	323.0120
371.1310	323.0120
371.1310	323.5239
370.6191	323.5239
370.6191	324.0358
370.1072	324.0358
370.1072	324.5477
369.5953	324.5477
369.5953	325.0596
369.0834	325.0596
369.0834	325.5715
368.5715	325.5715
368.5715	326.0834
368.0596	326.0834
368.0596	326.5953
367.5477	326.5953
367.5477	327.6191
367.0358	327.6191
367.0358	328.6429
366.5239	328.6429
366.5239	329.1548
365.5001	329.1548
365.5001	329.6667
364.9882	329.6667
364.9882	330.1786
364.4763	330.1786
364.4763	330.6905
363.9644	330.6905
363.9644	331.2024
363.4525	331.2024
363.4525	331.7143
362.9405	331.7143
362.9405	332.2263
362.4286	332.2263
362.4286	333.2501
361.9167	333.2501
361.9167	334.2739
361.4048	334.2739
361.4048	336.3215
360.3810	336.3215
360.3810	336.8334
359.3572	336.8334
359.3572	337.3453
358.8453	337.3453
358.8453	337.8572
358.3334	337.8572
358.3334	338.3691
357.8215	338.3691
357.8215	338.8810
357.3096	338.8810
357.3096	339.3929
356.7977	339.3929
356.7977	339.9048
356.2858	339.9048
356.2858	340.9286
355.7739	340.9286
355.7739	341.9524
355.2620	341.9524
355.2620	343.4882
354.7501	343.4882
354.7501	346.0477
354.2382	346.0477
354.2382	346.5596
353.7263	346.5596
353.7263	347.0715
353.2144	347.0715
353.2144	347.5834
352.7024	347.5834
352.7024	348.6072
352.1905	348.6072
352.1905	349.6310
351.6786	349.6310
351.6786	351.6786
351.1667	351.6786
351.1667	354.2382
350.6548	354.2382
350.6548	356.2858
349.6310	356.2858
349.6310	355.7739
348.6072	355.7739
348.6072	355.2620
347.5834	355.2620
347.5834	354.7501
345.0239	354.7501
345.0239	354.2382
341.9524	354.2382
341.9524	353.7263
341.4405	353.7263
341.4405	352.7024
340.9286	352.7024
340.9286	352.1905
340.4167	352.1905
340.4167	351.6786
339.9048	351.6786
339.9048	351.1667
339.3929	351.1667
339.3929	350.6548
338.8810	350.6548
338.8810	350.1429
337.8572	350.1429
337.8572	349.6310
336.8334	349.6310
336.8334	349.1191
334.7858	349.1191
334.7858	348.6072
332.7382	348.6072
332.7382	348.0953
331.2024	348.0953
331.2024	347.5834
330.1786	347.5834
330.1786	347.0715
329.1548	347.0715
329.1548	346.5596
326.5953	346.5596
326.5953	346.0477
323.5239	346.0477
323.5239	346.5596
323.0120	346.5596
323.0120	346.0477
322.5001	346.0477
322.5001	343.4882
321.9882	343.4882
321.9882	342.4644
321.4763	342.4644
321.4763	341.4405
320.9643	341.4405
320.9643	340.9286
320.4524	340.9286
320.4524	340.4167
319.9405	340.4167
319.9405	339.9048
319.4286	339.9048
319.4286	339.3929
318.9167	339.3929
318.9167	338.8810
318.4048	338.8810
318.4048	338.3691
317.8929	338.3691
317.8929	337.8572
316.8691	337.8572
316.8691	337.3453
315.8453	337.3453
315.8453	336.8334
314.8215	336.8334
314.8215	336.3215
312.2620	336.3215
312.2620	335.8096
309.1905	335.8096
309.1905	335.2977
308.1667	335.2977
308.1667	334.7858
307.6548	334.7858
307.6548	334.2739
306.6310	334.2739
306.6310	333.7620
305.6072	333.7620
305.6072	333.2501
304.5834	333.2501
304.5834	332.7382
303.5596	332.7382
303.5596	332.2263
302.0239	332.2263
302.0239	331.7143
299.4643	331.7143
299.4643	331.2024
296.9048	331.2024
296.9048	330.6905
294.3453	330.6905
294.3453	331.2024
291.7858	331.2024
291.7858	331.7143
291.2739	331.7143
291.2739	331.2024
290.7620	331.2024
290.7620	330.6905
290.2501	330.6905
290.2501	329.6667
289.7382	329.6667
289.7382	328.6429
289.2262	328.6429
289.2262	327.6191
288.7143	327.6191
288.7143	326.5953
288.2024	326.5953
288.2024	326.0834
288.7143	326.0834
288.7143	325.0596
289.2262	325.0596
289.2262	324.0358
289.7382	324.0358
289.7382	321.4763
290.2501	321.4763
290.2501	318.9167
289.7382	318.9167
289.7382	316.3572
289.2262	316.3572
289.2262	315.3334
288.7143	315.3334
288.7143	314.3096
288.2024	314.3096
288.2024	313.7977
287.6905	313.7977
287.6905	313.2858
287.1786	313.2858
287.1786	312.7739
286.6667	312.7739
286.6667	312.2620
286.1548	312.2620
286.1548	311.7501
285.6429	311.7501
285.6429	311.2382
285.1310	311.2382
285.1310	310.7262
284.6191	310.7262
284.6191	310.2143
284.1072	310.2143
284.1072	309.7024
283.5953	309.7024
283.5953	307.1429
283.0834	307.1429
283.0834	306.1191
282.5715	306.1191
282.5715	305.0953
282.0596	305.0953
282.0596	304.5834
281.5477	304.5834
281.5477	304.0715
281.0358	304.0715
281.0358	303.5596
280.5239	303.5596
280.5239	303.0477
280.0120	303.0477
280.0120	302.5358
278.9881	302.5358
278.9881	302.0239
277.9643	302.0239
277.9643	301.5120
276.4286	301.5120
276.4286	301.0001
275.9167	301.0001
275.9167	299.9762
275.4048	299.9762
275.4048	299.4643
274.8929	299.4643
274.8929	298.9524
274.3810	298.9524
274.3810	298.4405
273.8691	298.4405
273.8691	297.9286
273.3572	297.9286
273.3572	297.4167
272.8453	297.4167
272.8453	296.9048
272.3334	296.9048
272.3334	296.3929
271.8215	296.3929
271.8215	294.8572
271.3096	294.8572
271.3096	293.8334
270.7977	293.8334
270.7977	292.8096
270.2858	292.8096
270.2858	292.2977
269.7739	292.2977
269.7739	289.7382
269.2620	289.7382
269.2620	288.7143
268.7501	288.7143
268.7501	287.6905
268.2381	287.6905
268.2381	285.1310
267.7262	285.1310
267.7262	284.1072
267.2143	284.1072
267.2143	283.0834
266.7024	283.0834
266.7024	282.0596
266.1905	282.0596
266.1905	279.5001
266.7024	279.5001
266.7024	278.9881
267.2143	278.9881
267.2143	278.4762
267.7262	278.4762
267.7262	277.9643
268.2381	277.9643
268.2381	277.4524
268.7501	277.4524
268.7501	276.9405
269.2620	276.9405
269.2620	275.9167
269.7739	275.9167
269.7739	274.8929
270.2858	274.8929
270.2858	272.3334
270.7977	272.3334
270.7977	269.7739
270.2858	269.7739
270.2858	267.2143
269.7739	267.2143
269.7739	266.1905
269.2620	266.1905
269.2620	265.1667
268.7501	265.1667
268.7501	264.6548
268.2381	264.6548
268.2381	264.1429
267.7262	264.1429
267.7262	263.6310
267.2143	263.6310
267.2143	263.1191
266.7024	263.1191
266.7024	262.6072
265.6786	262.6072
265.6786	262.0953
264.6548	262.0953
264.6548	261.5834
263.6310	261.5834
263.6310	261.0715
261.0715	261.0715
261.0715	260.0477
261.5834	260.0477
261.5834	256.9762
262.0953	256.9762
262.0953	255.4405
262.6072	255.4405
262.6072	254.9286
263.1191	254.9286
263.1191	253.9048
263.6310	253.9048
263.6310	253.3929
264.1429	253.3929
264.1429	252.8810
264.6548	252.8810
264.6548	252.3691
265.1667	252.3691
265.1667	251.8572
265.6786	251.8572
265.6786	250.8334
266.1905	250.8334
266.1905	250.3215
266.7024	250.3215
266.7024	249.8096
267.2143	249.8096
267.2143	249.2977
268.2381	249.2977
268.2381	248.7858
268.7501	248.7858
268.7501	248.2739
269.2620	248.2739
269.2620	247.7620
269.7739	247.7620
269.7739	247.2500
270.2858	247.2500
270.2858	246.7381
270.7977	246.7381
270.7977	246.2262
271.3096	246.2262
271.3096	245.7143
271.8215	245.7143
271.8215	245.2024
272.8453	245.2024
272.8453	244.6905
273.3572	244.6905
273.3572	244.1786
273.8691	244.1786
273.8691	243.6667
274.3810	243.6667
274.3810	243.1548
274.8929	243.1548
274.8929	242.6429
275.4048	242.6429
275.4048	242.1310
275.9167	242.1310
275.9167	241.6191
276.4286	241.6191
276.4286	241.1072
276.9405	241.1072
276.9405	240.5953
277.4524	240.5953
277.4524	240.0834
277.9643	240.0834
277.9643	239.5715
278.4762	239.5715
278.4762	239.0596
279.5001	239.0596
279.5001	238.5477
280.0120	238.5477
280.0120	238.0358
281.0358	238.0358
281.0358	237.5239
282.0596	237.5239
282.0596	237.0119
283.5953	237.0119
283.5953	236.5000
284.6191	236.5000
284.6191	235.9881
285.6429	235.9881
285.6429	235.4762
287.1786	235.4762
287.1786	234.9643
288.7143	234.9643
288.7143	234.4524
292.8096	234.4524
292.8096	233.9405
295.3691	233.9405
295.3691	233.4286
296.3929	233.4286
296.3929	232.9167
297.4167	232.9167
297.4167	232.4048
297.9286	232.4048
297.9286	231.8929
298.4405	231.8929
298.4405	231.3810
298.9524	231.3810
298.9524	230.8691
299.4643	230.8691
299.4643	230.3572
299.9762	230.3572
299.9762	229.3334
300.4882	229.3334
300.4882	228.3096
301.0001	228.3096
301.0001	225.7500
301.5120	225.7500
301.5120	221.6548
302.0239	221.6548
302.0239	221.1429
304.0715	221.1429
304.0715	220.6310
305.0953	220.6310
305.0953	220.1191
306.1191	220.1191
306.1191	219.6072
306.6310	219.6072
306.6310	219.0953
307.1429	219.0953
307.1429	218.5834
307.6548	218.5834
307.6548	218.0715
308.1667	218.0715
308.1667	217.5596
308.6786	217.5596
308.6786	216.5358
309.1905	216.5358
309.1905	215.5119
309.7024	215.5119
309.7024	213.9762
310.2143	213.9762
310.2143	211.4167
310.7262	211.4167
310.7262	210.3929
311.2382	210.3929
311.2382	209.3691
311.7501	209.3691
311.7501	206.8096
312.2620	206.8096
312.2620	206.2977
312.7739	206.2977
312.7739	205.7858
313.2858	205.7858
313.2858	205.2738
318.4048	205.2738
318.4048	204.7619
320.9643	204.7619
320.9643	204.2500
321.9882	204.2500
321.9882	203.7381
323.0120	203.7381
323.0120	203.2262
323.5239	203.2262
323.5239	202.7143
324.0358	202.7143
324.0358	202.2024
324.5477	202.2024
324.5477	201.6905
325.0596	201.6905
325.0596	201.1786
325.5715	201.1786
325.5715	200.1548
326.0834	200.1548
326.0834	199.1310
326.5953	199.1310
326.5953	196.5715
327.1072	196.5715
327.1072	194.0119
326.5953	194.0119
326.5953	191.4524
326.0834	191.4524
326.0834	190.4286
325.5715	190.4286
325.5715	189.4048
325.0596	189.4048
325.0596	188.8929
324.5477	188.8929
324.5477	188.3810
325.5715	188.3810
325.5715	187.8691
326.0834	187.8691
326.0834	187.3572
326.5953	187.3572
326.5953	186.8453
327.1072	186.8453
327.1072	186.3334
327.6191	186.3334
327.6191	185.8215
328.1310	185.8215
328.1310	185.3096
328.6429	185.3096
328.6429	184.2857
329.1548	184.2857
329.1548	183.2619
329.6667	183.2619
329.6667	181.2143
330.1786	181.2143
330.1786	178.6548
330.6905	178.6548
330.6905	177.6310
331.2024	177.6310
331.2024	176.0953
331.7143	176.0953
331.7143	173.5357
332.2263	173.5357
332.2263	172.5119
332.7382	172.5119
332.7382	170.9762
333.2501	170.9762
333.2501	170.4643
333.7620	170.4643
333.7620	169.4405
334.2739	169.4405
