366.5239	163.8096
367.0358	163.8096
367.0358	164.3215
367.5477	164.3215
367.5477	166.8810
367.0358	166.8810
367.0358	169.4405
366.5239	169.4405
366.5239	172.5119
367.0358	172.5119
367.0358	175.0715
367.5477	175.0715
367.5477	176.0953
368.0596	176.0953
368.0596	177.1191
368.5715	177.1191
368.5715	177.6310
369.0834	177.6310
369.0834	178.1429
369.5953	178.1429
369.5953	178.6548
370.1072	178.6548
370.1072	179.1667
370.6191	179.1667
370.6191	179.6786
371.6429	179.6786
371.6429	180.1905
372.6667	180.1905
372.6667	180.7024
374.2025	180.7024
374.2025	181.2143
376.7620	181.2143
376.7620	181.7262
378.2977	181.7262
378.2977	182.2381
379.8334	182.2381
379.8334	182.7500
381.3691	182.7500
381.3691	183.2619
382.3929	183.2619
382.3929	183.7738
383.4167	183.7738
383.4167	184.2857
383.9286	184.2857
383.9286	184.7977
384.4405	184.7977
384.4405	185.3096
385.4644	185.3096
385.4644	185.8215
386.4882	185.8215
386.4882	186.3334
389.0477	186.3334
389.0477	186.8453
392.6310	186.8453
392.6310	186.3334
395.7025	186.3334
395.7025	186.8453
396.2144	186.8453
396.2144	187.3572
396.7263	187.3572
396.7263	187.8691
397.2382	187.8691
397.2382	188.3810
397.7501	188.3810
397.7501	188.8929
398.7739	188.8929
398.7739	189.4048
399.7977	189.4048
399.7977	189.9167
401.3334	189.9167
401.3334	190.4286
402.8691	190.4286
402.8691	190.9405
403.3810	190.9405
403.3810	191.4524
404.4048	191.4524
404.4048	191.9643
404.9167	191.9643
404.9167	192.4762
405.9406	192.4762
405.9406	192.9881
406.4525	192.9881
406.4525	193.5000
406.9644	193.5000
406.9644	194.0119
407.4763	194.0119
407.4763	194.5238
407.9882	194.5238
407.9882	195.0358
408.5001	195.0358
408.5001	195.5477
409.0120	195.5477
409.0120	196.0596
409.5239	196.0596
409.5239	196.5715
410.0358	196.5715
410.0358	197.0834
410.5477	197.0834
410.5477	197.5953
411.5715	197.5953
411.5715	198.1072
412.5953	198.1072
412.5953	198.6191
413.6191	198.6191
413.6191	199.1310
415.1548	199.1310
415.1548	199.6429
416.1787	199.6429
416.1787	200.1548
417.7144	200.1548
417.7144	200.6667
418.7382	200.6667
418.7382	201.1786
419.7620	201.1786
419.7620	201.6905
420.2739	201.6905
420.2739	202.2024
421.2977	202.2024
421.2977	202.7143
422.3215	202.7143
422.3215	203.2262
423.3453	203.2262
423.3453	203.7381
424.3691	203.7381
424.3691	204.2500
424.8810	204.2500
424.8810	204.7619
425.3929	204.7619
425.3929	205.2738
425.9048	205.2738
425.9048	205.7858
426.9287	205.7858
426.9287	206.2977
427.4406	206.2977
427.4406	206.8096
427.9525	206.8096
427.9525	207.3215
428.4644	207.3215
428.4644	207.8334
428.9763	207.8334
428.9763	208.3453
429.4882	208.3453
429.4882	208.8572
430.0001	208.8572
430.0001	209.3691
430.5120	209.3691
430.5120	209.8810
431.0239	209.8810
431.0239	210.3929
431.5358	210.3929
431.5358	210.9048
432.0477	210.9048
432.0477	211.4167
432.5596	211.4167
432.5596	211.9286
433.0715	211.9286
433.0715	212.4405
434.0953	212.4405
434.0953	212.9524
434.6072	212.9524
434.6072	213.4643
435.6310	213.4643
435.6310	213.9762
436.1429	213.9762
436.1429	214.4881
436.6548	214.4881
436.6548	215.0000
437.1667	215.0000
437.1667	215.5119
437.6787	215.5119
437.6787	216.0239
438.1906	216.0239
438.1906	216.5358
438.7025	216.5358
438.7025	217.0477
439.2144	217.0477
439.2144	217.5596
440.2382	217.5596
440.2382	218.0715
440.7501	218.0715
440.7501	218.5834
441.2620	218.5834
441.2620	219.0953
441.7739	219.0953
441.7739	219.6072
442.7977	219.6072
442.7977	220.6310
443.3096	220.6310
443.3096	221.1429
443.8215	221.1429
443.8215	222.1667
444.3334	222.1667
444.3334	222.6786
444.8453	222.6786
444.8453	223.1905
445.3572	223.1905
445.3572	223.7024
445.8691	223.7024
445.8691	224.7262
446.3810	224.7262
446.3810	225.2381
446.8929	225.2381
446.8929	225.7500
447.4048	225.7500
447.4048	226.2619
447.9168	226.2619
447.9168	227.2858
448.4287	227.2858
448.4287	228.3096
448.9406	228.3096
448.9406	228.8215
449.4525	228.8215
449.4525	229.3334
449.9644	229.3334
449.9644	230.3572
450.4763	230.3572
450.4763	231.3810
450.9882	231.3810
450.9882	232.4048
451.5001	232.4048
451.5001	232.9167
452.0120	232.9167
452.0120	233.9405
452.5239	233.9405
452.5239	235.4762
453.0358	235.4762
453.0358	237.5239
453.5477	237.5239
453.5477	239.0596
454.0596	239.0596
454.0596	240.0834
454.5715	240.0834
454.5715	241.1072
454.0596	241.1072
454.0596	246.7381
453.5477	246.7381
453.5477	249.2977
453.0358	249.2977
453.0358	251.8572
452.5239	251.8572
452.5239	253.9048
452.0120	253.9048
452.0120	254.9286
451.5001	254.9286
451.5001	256.4643
450.9882	256.4643
450.9882	258.0000
450.4763	258.0000
450.4763	259.5358
449.9644	259.5358
449.9644	261.5834
449.4525	261.5834
449.4525	262.6072
448.9406	262.6072
448.9406	263.1191
448.4287	263.1191
448.4287	263.6310
447.9168	263.6310
447.9168	264.1429
447.4048	264.1429
447.4048	264.6548
446.8929	264.6548
446.8929	265.1667
446.3810	265.1667
446.3810	265.6786
445.8691	265.6786
445.8691	266.1905
445.3572	266.1905
445.3572	267.2143
444.8453	267.2143
444.8453	267.7262
444.3334	267.7262
444.3334	268.2381
443.8215	268.2381
443.8215	268.7501
443.3096	268.7501
443.3096	269.2620
442.7977	269.2620
442.7977	269.7739
442.2858	269.7739
442.2858	270.2858
441.7739	270.2858
441.7739	270.7977
440.7501	270.7977
440.7501	271.3096
439.7263	271.3096
439.7263	271.8215
439.2144	271.8215
439.2144	272.3334
438.7025	272.3334
438.7025	272.8453
438.1906	272.8453
438.1906	273.3572
437.1667	273.3572
437.1667	273.8691
436.6548	273.8691
436.6548	274.3810
435.1191	274.3810
435.1191	274.8929
433.5834	274.8929
433.5834	275.4048
431.5358	275.4048
431.5358	275.9167
430.5120	275.9167
430.5120	276.4286
429.4882	276.4286
429.4882	276.9405
415.1548	276.9405
415.1548	276.4286
407.4763	276.4286
407.4763	276.9405
400.8215	276.9405
400.8215	277.4524
398.2620	277.4524
398.2620	277.9643
397.2382	277.9643
397.2382	278.4762
396.2144	278.4762
396.2144	278.9881
395.7025	278.9881
395.7025	279.5001
395.1906	279.5001
395.1906	280.0120
394.6786	280.0120
394.6786	280.5239
394.1667	280.5239
394.1667	281.0358
393.6548	281.0358
393.6548	281.5477
393.1429	281.5477
393.1429	282.5715
392.6310	282.5715
392.6310	283.5953
392.1191	283.5953
392.1191	286.1548
391.6072	286.1548
391.6072	289.7382
392.1191	289.7382
392.1191	292.2977
392.6310	292.2977
392.6310	293.3215
393.1429	293.3215
393.1429	294.3453
393.6548	294.3453
393.6548	295.3691
394.1667	295.3691
394.1667	296.3929
394.6786	296.3929
394.6786	297.4167
395.1906	297.4167
395.1906	298.4405
395.7025	298.4405
395.7025	299.4643
396.2144	299.4643
396.2144	301.0001
395.7025	301.0001
395.7025	301.5120
395.1906	301.5120
395.1906	302.0239
394.6786	302.0239
394.6786	302.5358
393.6548	302.5358
393.6548	303.0477
393.1429	303.0477
393.1429	303.5596
392.6310	303.5596
392.6310	304.0715
392.1191	304.0715
392.1191	304.5834
391.6072	304.5834
391.6072	305.0953
390.5834	305.0953
390.5834	305.6072
389.5596	305.6072
389.5596	306.1191
389.0477	306.1191
389.0477	306.6310
388.5358	306.6310
388.5358	307.1429
388.0239	307.1429
388.0239	307.6548
387.5120	307.6548
387.5120	308.1667
387.0001	308.1667
387.0001	308.6786
386.4882	308.6786
386.4882	309.7024
385.9763	309.7024
385.9763	310.7262
385.4644	310.7262
385.4644	311.7501
384.9525	311.7501
384.9525	314.3096
383.9286	314.3096
383.9286	313.7977
381.3691	313.7977
381.3691	313.2858
378.8096	313.2858
378.8096	313.7977
376.2501	313.7977
376.2501	314.3096
375.7382	314.3096
375.7382	313.7977
375.2263	313.7977
375.2263	313.2858
374.7144	313.2858
374.7144	312.7739
374.2025	312.7739
374.2025	312.2620
373.6905	312.2620
373.6905	311.7501
373.1786	311.7501
373.1786	311.2382
372.6667	311.2382
372.6667	310.7262
372.1548	310.7262
372.1548	310.2143
371.1310	310.2143
371.1310	309.7024
370.1072	309.7024
370.1072	309.1905
367.5477	309.1905
367.5477	308.6786
364.9882	308.6786
364.9882	309.1905
362.4286	309.1905
362.4286	309.7024
361.4048	309.7024
361.4048	310.2143
360.3810	310.2143
360.3810	310.7262
359.8691	310.7262
359.8691	311.2382
359.3572	311.2382
359.3572	311.7501
358.8453	311.7501
358.8453	312.2620
358.3334	312.2620
358.3334	312.7739
357.8215	312.7739
357.8215	313.2858
357.3096	313.2858
357.3096	314.3096
356.7977	314.3096
356.7977	315.3334
356.2858	315.3334
356.2858	316.8691
355.7739	316.8691
355.7739	319.4286
355.2620	319.4286
355.2620	324.0358
355.7739	324.0358
355.7739	325.5715
354.7501	325.5715
354.7501	326.0834
354.2382	326.0834
354.2382	326.5953
353.2144	326.5953
353.2144	327.1072
352.7024	327.1072
352.7024	327.6191
352.1905	327.6191
352.1905	328.1310
351.6786	328.1310
351.6786	328.6429
351.1667	328.6429
351.1667	329.1548
350.6548	329.1548
350.6548	329.6667
350.1429	329.6667
350.1429	330.6905
349.6310	330.6905
349.6310	331.7143
349.1191	331.7143
349.1191	333.2501
348.6072	333.2501
348.6072	334.2739
348.0953	334.2739
348.0953	335.8096
347.5834	335.8096
347.5834	336.3215
344.5120	336.3215
344.5120	336.8334
341.9524	336.8334
341.9524	337.3453
340.4167	337.3453
340.4167	337.8572
339.3929	337.8572
339.3929	338.3691
337.8572	338.3691
337.8572	337.8572
337.3453	337.8572
337.3453	337.3453
336.3215	337.3453
336.3215	336.8334
335.2977	336.8334
335.2977	336.3215
334.2739	336.3215
334.2739	335.8096
333.7620	335.8096
333.7620	335.2977
332.7382	335.2977
332.7382	334.7858
331.7143	334.7858
331.7143	334.2739
329.1548	334.2739
329.1548	333.7620
326.5953	333.7620
326.5953	334.2739
324.0358	334.2739
324.0358	334.7858
323.0120	334.7858
323.0120	335.2977
321.9882	335.2977
321.9882	335.8096
318.9167	335.8096
318.9167	336.3215
316.3572	336.3215
316.3572	336.8334
315.3334	336.8334
315.3334	337.3453
314.3096	337.3453
314.3096	337.8572
313.7977	337.8572
313.7977	338.3691
312.2620	338.3691
312.2620	337.8572
311.2382	337.8572
311.2382	337.3453
310.7262	337.3453
310.7262	336.8334
309.7024	336.8334
309.7024	336.3215
308.6786	336.3215
308.6786	335.8096
306.1191	335.8096
306.1191	335.2977
305.0953	335.2977
305.0953	334.7858
304.0715	334.7858
304.0715	334.2739
303.0477	334.2739
303.0477	333.7620
302.5358	333.7620
302.5358	333.2501
301.5120	333.2501
301.5120	332.7382
301.0001	332.7382
301.0001	331.7143
300.4882	331.7143
300.4882	331.2024
299.9762	331.2024
299.9762	330.6905
299.4643	330.6905
299.4643	330.1786
298.9524	330.1786
298.9524	329.6667
298.4405	329.6667
298.4405	328.6429
297.9286	328.6429
297.9286	328.1310
297.4167	328.1310
297.4167	327.6191
296.9048	327.6191
296.9048	327.1072
296.3929	327.1072
296.3929	326.5953
295.8810	326.5953
295.8810	326.0834
295.3691	326.0834
295.3691	325.5715
294.8572	325.5715
294.8572	325.0596
294.3453	325.0596
294.3453	324.5477
293.8334	324.5477
293.8334	324.0358
293.3215	324.0358
293.3215	323.5239
292.2977	323.5239
292.2977	323.0120
291.2739	323.0120
291.2739	322.5001
288.7143	322.5001
288.7143	321.4763
288.2024	321.4763
288.2024	320.4524
287.6905	320.4524
287.6905	319.9405
287.1786	319.9405
287.1786	319.4286
286.6667	319.4286
286.6667	318.9167
286.1548	318.9167
286.1548	317.8929
285.6429	317.8929
285.6429	316.8691
285.1310	316.8691
285.1310	316.3572
284.6191	316.3572
284.6191	315.8453
284.1072	315.8453
284.1072	314.8215
283.5953	314.8215
283.5953	313.7977
283.0834	313.7977
283.0834	313.2858
282.5715	313.2858
282.5715	312.7739
282.0596	312.7739
282.0596	312.2620
281.5477	312.2620
281.5477	311.7501
281.0358	311.7501
281.0358	311.2382
280.0120	311.2382
280.0120	310.2143
279.5001	310.2143
279.5001	309.1905
278.9881	309.1905
278.9881	308.1667
278.4762	308.1667
278.4762	307.1429
277.9643	307.1429
277.9643	306.6310
277.4524	306.6310
277.4524	306.1191
276.9405	306.1191
276.9405	305.6072
276.4286	305.6072
276.4286	303.5596
275.9167	303.5596
275.9167	302.5358
275.4048	302.5358
275.4048	301.5120
274.8929	301.5120
274.8929	301.0001
274.3810	301.0001
274.3810	300.4882
273.8691	300.4882
273.8691	299.9762
273.3572	299.9762
273.3572	299.4643
272.8453	299.4643
272.8453	298.9524
271.8215	298.9524
271.8215	298.4405
270.7977	298.4405
270.7977	297.9286
268.2381	297.9286
268.2381	297.4167
250.8334	297.4167
250.8334	296.9048
248.2739	296.9048
248.2739	297.4167
247.2500	297.4167
247.2500	296.9048
244.6905	296.9048
244.6905	296.3929
241.6191	296.3929
241.6191	295.8810
235.9881	295.8810
235.9881	295.3691
233.4286	295.3691
233.4286	294.8572
231.8929	294.8572
231.8929	294.3453
230.8691	294.3453
230.8691	293.8334
228.8215	293.8334
228.8215	293.3215
226.2619	293.3215
226.2619	292.8096
223.1905	292.8096
223.1905	292.2977
222.6786	292.2977
222.6786	291.7858
221.6548	291.7858
221.6548	291.2739
220.6310	291.2739
220.6310	290.7620
220.1191	290.7620
220.1191	290.2501
219.6072	290.2501
219.6072	289.7382
219.0953	289.7382
219.0953	289.2262
218.5834	289.2262
218.5834	288.7143
218.0715	288.7143
218.0715	287.6905
217.5596	287.6905
217.5596	286.6667
217.0477	286.6667
217.0477	286.1548
216.5358	286.1548
216.5358	285.1310
216.0239	285.1310
216.0239	284.1072
215.5119	284.1072
215.5119	282.0596
218.0715	282.0596
218.0715	281.5477
219.0953	281.5477
219.0953	281.0358
220.1191	281.0358
220.1191	280.5239
220.6310	280.5239
220.6310	280.0120
221.1429	280.0120
221.1429	279.5001
221.6548	279.5001
221.6548	278.9881
222.1667	278.9881
222.1667	278.4762
222.6786	278.4762
222.6786	277.9643
223.1905	277.9643
223.1905	276.9405
223.7024	276.9405
223.7024	275.9167
224.2143	275.9167
224.2143	273.3572
224.7262	273.3572
224.7262	270.7977
224.2143	270.7977
224.2143	268.2381
223.7024	268.2381
223.7024	267.2143
223.1905	267.2143
223.1905	266.1905
222.6786	266.1905
222.6786	265.6786
222.1667	265.6786
222.1667	265.1667
221.6548	265.1667
221.6548	264.6548
221.1429	264.6548
221.1429	264.1429
220.6310	264.1429
220.6310	263.6310
219.6072	263.6310
219.6072	263.1191
218.5834	263.1191
218.5834	262.6072
217.5596	262.6072
217.5596	262.0953
216.0239	262.0953
216.0239	261.5834
215.5119	261.5834
215.5119	260.5596
216.0239	260.5596
216.0239	259.5358
216.5358	259.5358
216.5358	258.5120
217.0477	258.5120
217.0477	258.0000
218.0715	258.0000
218.0715	257.4881
218.5834	257.4881
218.5834	256.9762
219.0953	256.9762
219.0953	256.4643
219.6072	256.4643
219.6072	255.9524
220.1191	255.9524
220.1191	255.4405
220.6310	255.4405
220.6310	254.9286
221.6548	254.9286
221.6548	254.4167
222.1667	254.4167
222.1667	253.9048
222.6786	253.9048
222.6786	253.3929
223.1905	253.3929
223.1905	252.8810
223.7024	252.8810
223.7024	252.3691
224.2143	252.3691
224.2143	251.8572
225.2381	251.8572
225.2381	251.3453
225.7500	251.3453
225.7500	250.8334
226.2619	250.8334
226.2619	250.3215
227.2858	250.3215
227.2858	249.8096
228.3096	249.8096
228.3096	249.2977
228.8215	249.2977
228.8215	248.7858
229.8453	248.7858
229.8453	248.2739
230.3572	248.2739
230.3572	247.7620
230.8691	247.7620
230.8691	247.2500
231.8929	247.2500
231.8929	246.7381
232.9167	246.7381
232.9167	246.2262
233.4286	246.2262
233.4286	245.7143
234.4524	245.7143
234.4524	245.2024
235.9881	245.2024
235.9881	244.6905
237.0119	244.6905
237.0119	244.1786
238.0358	244.1786
238.0358	243.6667
239.0596	243.6667
239.0596	243.1548
240.0834	243.1548
240.0834	242.6429
241.1072	242.6429
241.1072	242.1310
242.1310	242.1310
242.1310	241.6191
243.1548	241.6191
243.1548	241.1072
244.6905	241.1072
244.6905	240.5953
245.7143	240.5953
245.7143	240.0834
247.2500	240.0834
247.2500	239.5715
249.2977	239.5715
249.2977	239.0596
250.3215	239.0596
250.3215	238.5477
251.8572	238.5477
251.8572	238.0358
253.9048	238.0358
253.9048	237.5239
255.4405	237.5239
255.4405	237.0119
258.5120	237.0119
258.5120	236.5000
265.1667	236.5000
265.1667	235.9881
268.2381	235.9881
268.2381	235.4762
270.7977	235.4762
270.7977	234.9643
272.8453	234.9643
272.8453	235.4762
275.4048	235.4762
275.4048	235.9881
283.5953	235.9881
283.5953	235.4762
286.1548	235.4762
286.1548	234.9643
287.1786	234.9643
287.1786	234.4524
288.7143	234.4524
288.7143	233.9405
289.7382	233.9405
289.7382	233.4286
290.7620	233.4286
290.7620	232.9167
291.2739	232.9167
291.2739	232.4048
291.7858	232.4048
291.7858	231.8929
293.8334	231.8929
293.8334	231.3810
294.8572	231.3810
294.8572	230.8691
295.8810	230.8691
295.8810	230.3572
296.3929	230.3572
296.3929	229.8453
296.9048	229.8453
296.9048	229.3334
297.4167	229.3334
297.4167	228.8215
297.9286	228.8215
297.9286	228.3096
298.4405	228.3096
298.4405	227.2858
298.9524	227.2858
298.9524	226.2619
299.4643	226.2619
299.4643	223.7024
299.9762	223.7024
299.9762	220.1191
299.4643	220.1191
299.4643	217.5596
298.9524	217.5596
298.9524	216.5358
298.4405	216.5358
298.4405	215.5119
297.9286	215.5119
297.9286	215.0000
297.4167	215.0000
297.4167	214.4881
296.9048	214.4881
296.9048	213.9762
296.3929	213.9762
296.3929	213.4643
295.8810	213.4643
295.8810	212.9524
294.8572	212.9524
294.8572	212.4405
293.8334	212.4405
293.8334	211.9286
291.2739	211.9286
291.2739	211.4167
288.2024	211.4167
288.2024	211.9286
287.1786	211.9286
287.1786	211.4167
286.1548	211.4167
286.1548	210.9048
285.6429	210.9048
285.6429	210.3929
285.1310	210.3929
285.1310	209.8810
284.6191	209.8810
284.6191	209.3691
284.1072	209.3691
284.1072	208.3453
283.5953	208.3453
283.5953	207.8334
283.0834	207.8334
283.0834	206.8096
282.5715	206.8096
282.5715	205.7858
282.0596	205.7858
282.0596	205.2738
281.5477	205.2738
281.5477	204.7619
281.0358	204.7619
281.0358	204.2500
280.5239	204.2500
280.5239	203.7381
280.0120	203.7381
280.0120	203.2262
279.5001	203.2262
279.5001	202.7143
278.9881	202.7143
278.9881	202.2024
278.4762	202.2024
278.4762	201.6905
277.9643	201.6905
277.9643	201.1786
277.4524	201.1786
277.4524	200.1548
276.9405	200.1548
276.9405	199.6429
276.4286	199.6429
276.4286	198.6191
275.9167	198.6191
275.9167	198.1072
275.4048	198.1072
275.4048	197.5953
274.8929	197.5953
274.8929	197.0834
275.9167	197.0834
275.9167	197.5953
276.9405	197.5953
276.9405	198.1072
277.9643	198.1072
277.9643	198.6191
280.0120	198.6191
280.0120	199.1310
280.5239	199.1310
280.5239	200.1548
281.0358	200.1548
281.0358	201.1786
281.5477	201.1786
281.5477	201.6905
282.0596	201.6905
282.0596	202.2024
282.5715	202.2024
282.5715	202.7143
283.0834	202.7143
283.0834	203.7381
283.5953	203.7381
283.5953	204.7619
284.1072	204.7619
284.1072	205.2738
284.6191	205.2738
284.6191	205.7858
285.1310	205.7858
285.1310	206.2977
285.6429	206.2977
285.6429	206.8096
286.1548	206.8096
286.1548	207.3215
287.1786	207.3215
287.1786	207.8334
288.2024	207.8334
288.2024	208.3453
290.7620	208.3453
290.7620	208.8572
293.3215	208.8572
293.3215	208.3453
295.8810	208.3453
295.8810	207.8334
296.9048	207.8334
296.9048	207.3215
297.9286	207.3215
297.9286	206.8096
298.4405	206.8096
298.4405	206.2977
298.9524	206.2977
298.9524	205.7858
299.4643	205.7858
299.4643	205.2738
299.9762	205.2738
299.9762	204.7619
300.4882	204.7619
300.4882	203.7381
301.0001	203.7381
301.0001	202.7143
301.5120	202.7143
301.5120	201.6905
302.0239	201.6905
302.0239	199.1310
303.0477	199.1310
303.0477	198.6191
304.0715	198.6191
304.0715	198.1072
304.5834	198.1072
304.5834	197.5953
305.0953	197.5953
305.0953	197.0834
305.6072	197.0834
305.6072	196.5715
306.1191	196.5715
306.1191	196.0596
306.6310	196.0596
306.6310	195.0358
307.1429	195.0358
307.1429	194.0119
307.6548	194.0119
307.6548	191.9643
308.1667	191.9643
308.1667	189.4048
308.6786	189.4048
308.6786	186.8453
309.1905	186.8453
309.1905	183.2619
309.7024	183.2619
309.7024	182.2381
310.2143	182.2381
310.2143	180.7024
310.7262	180.7024
310.7262	180.1905
311.7501	180.1905
311.7501	182.2381
312.2620	182.2381
312.2620	183.7738
312.7739	183.7738
312.7739	185.8215
313.2858	185.8215
313.2858	186.8453
313.7977	186.8453
313.7977	190.9405
313.2858	190.9405
313.2858	193.5000
312.7739	193.5000
312.7739	196.5715
313.2858	196.5715
313.2858	199.1310
313.7977	199.1310
313.7977	200.1548
314.3096	200.1548
314.3096	201.1786
314.8215	201.1786
314.8215	201.6905
315.3334	201.6905
315.3334	202.2024
315.8453	202.2024
315.8453	202.7143
316.3572	202.7143
316.3572	203.2262
316.8691	203.2262
316.8691	203.7381
317.8929	203.7381
317.8929	204.2500
318.9167	204.2500
318.9167	204.7619
321.4763	204.7619
321.4763	205.2738
324.0358	205.2738
324.0358	204.7619
326.5953	204.7619
326.5953	204.2500
327.6191	204.2500
327.6191	203.7381
328.6429	203.7381
328.6429	203.2262
329.1548	203.2262
329.1548	202.7143
329.6667	202.7143
329.6667	202.2024
330.1786	202.2024
330.1786	201.6905
330.6905	201.6905
330.6905	201.1786
331.2024	201.1786
331.2024	200.1548
331.7143	200.1548
331.7143	199.1310
332.7382	199.1310
332.7382	198.6191
333.2501	198.6191
333.2501	198.1072
334.2739	198.1072
334.2739	197.5953
334.7858	197.5953
334.7858	197.0834
335.2977	197.0834
335.2977	196.5715
335.8096	196.5715
335.8096	196.0596
336.3215	196.0596
336.3215	195.5477
336.8334	195.5477
336.8334	195.0358
337.3453	195.0358
337.3453	194.5238
339.3929	194.5238
339.3929	194.0119
340.4167	194.0119
340.4167	193.5000
341.4405	193.5000
341.4405	192.9881
341.9524	192.9881
341.9524	192.4762
342.4644	192.4762
342.4644	191.9643
342.9763	191.9643
342.9763	191.4524
343.4882	191.4524
343.4882	190.9405
344.0001	190.9405
344.0001	189.9167
344.5120	189.9167
344.5120	189.4048
345.0239	189.4048
345.0239	188.8929
345.5358	188.8929
345.5358	188.3810
346.0477	188.3810
346.0477	187.8691
346.5596	187.8691
346.5596	187.3572
347.5834	187.3572
347.5834	186.8453
348.6072	186.8453
348.6072	186.3334
349.6310	186.3334
349.6310	185.8215
352.1905	185.8215
352.1905	185.3096
353.7263	185.3096
353.7263	184.7977
354.7501	184.7977
354.7501	184.2857
355.7739	184.2857
355.7739	183.7738
356.2858	183.7738
356.2858	183.2619
357.3096	183.2619
357.3096	182.7500
358.3334	182.7500
358.3334	182.2381
358.8453	182.2381
358.8453	181.7262
359.8691	181.7262
359.8691	181.2143
360.8929	181.2143
360.8929	180.7024
361.4048	180.7024
361.4048	180.1905
361.9167	180.1905
361.9167	179.6786
362.4286	179.6786
362.4286	179.1667
362.9405	179.1667
362.9405	178.6548
363.4525	178.6548
363.4525	178.1429
363.9644	178.1429
363.9644	177.1191
364.4763	177.1191
364.4763	176.0953
364.9882	176.0953
364.9882	173.5357
365.5001	173.5357
365.5001	170.9762
364.9882	170.9762
364.9882	168.4167
364.4763	168.4167
364.4763	167.3929
363.9644	167.3929
363.9644	166.3691
363.4525	166.3691
363.4525	165.8572
362.9405	165.8572
362.9405	165.3453
363.4525	165.3453
363.4525	164.8334
363.9644	164.8334
363.9644	164.3215
364.4763	164.3215
364.4763	163.8096
365.5001	163.8096
365.5001	163.2977
366.5239	163.2977
