380.3453	165.8572
382.9048	165.8572
382.9048	166.3691
385.9763	166.3691
385.9763	166.8810
387.5120	166.8810
387.5120	167.3929
388.5358	167.3929
388.5358	167.9048
389.5596	167.9048
389.5596	168.4167
390.5834	168.4167
390.5834	168.9286
393.1429	168.9286
393.1429	169.4405
396.2144	169.4405
396.2144	168.9286
397.7501	168.9286
397.7501	169.4405
401.8453	169.4405
401.8453	168.9286
403.8929	168.9286
403.8929	169.4405
412.5953	169.4405
412.5953	169.9524
415.1548	169.9524
415.1548	170.4643
417.7144	170.4643
417.7144	170.9762
419.7620	170.9762
419.7620	171.4881
420.7858	171.4881
420.7858	172.0000
422.3215	172.0000
422.3215	172.5119
423.3453	172.5119
423.3453	173.0238
424.3691	173.0238
424.3691	173.5357
425.9048	173.5357
425.9048	174.0477
426.4167	174.0477
426.4167	174.5596
426.9287	174.5596
426.9287	175.0715
427.9525	175.0715
427.9525	175.5834
428.9763	175.5834
428.9763	176.0953
430.0001	176.0953
430.0001	176.6072
431.0239	176.6072
431.0239	177.1191
432.5596	177.1191
432.5596	177.6310
434.6072	177.6310
434.6072	178.1429
435.1191	178.1429
435.1191	178.6548
436.1429	178.6548
436.1429	179.1667
437.1667	179.1667
437.1667	179.6786
438.1906	179.6786
438.1906	180.1905
439.7263	180.1905
439.7263	180.7024
442.2858	180.7024
442.2858	181.2143
446.3810	181.2143
446.3810	180.7024
450.9882	180.7024
450.9882	180.1905
453.5477	180.1905
453.5477	179.6786
457.6429	179.6786
457.6429	179.1667
467.3691	179.1667
467.3691	179.6786
469.9287	179.6786
469.9287	180.1905
472.4882	180.1905
472.4882	180.7024
474.0239	180.7024
474.0239	181.2143
475.5596	181.2143
475.5596	181.7262
477.6072	181.7262
477.6072	182.2381
478.6310	182.2381
478.6310	182.7500
480.6787	182.7500
480.6787	183.2619
482.2144	183.2619
482.2144	183.7738
482.7263	183.7738
482.7263	184.2857
483.7501	184.2857
483.7501	184.7977
484.7739	184.7977
484.7739	185.3096
486.3096	185.3096
486.3096	185.8215
487.3334	185.8215
487.3334	186.3334
487.8453	186.3334
487.8453	186.8453
488.8691	186.8453
488.8691	187.3572
489.3810	187.3572
489.3810	187.8691
490.4049	187.8691
490.4049	188.3810
490.9168	188.3810
490.9168	188.8929
491.4287	188.8929
491.4287	189.4048
491.9406	189.4048
491.9406	189.9167
492.4525	189.9167
492.4525	190.4286
492.9644	190.4286
492.9644	190.9405
493.4763	190.9405
493.4763	191.4524
493.9882	191.4524
493.9882	191.9643
494.5001	191.9643
494.5001	192.4762
495.0120	192.4762
495.0120	192.9881
495.5239	192.9881
495.5239	194.0119
496.0358	194.0119
496.0358	194.5238
496.5477	194.5238
496.5477	195.5477
497.0596	195.5477
497.0596	196.5715
497.5715	196.5715
497.5715	197.5953
498.0834	197.5953
498.0834	199.6429
498.5953	199.6429
498.5953	201.1786
499.1072	201.1786
499.1072	207.8334
498.5953	207.8334
498.5953	209.8810
498.0834	209.8810
498.0834	211.9286
497.5715	211.9286
497.5715	214.4881
497.0596	214.4881
497.0596	215.5119
496.5477	215.5119
496.5477	216.0239
496.0358	216.0239
496.0358	216.5358
495.5239	216.5358
495.5239	217.5596
495.0120	217.5596
495.0120	218.0715
494.5001	218.0715
494.5001	219.0953
493.9882	219.0953
493.9882	220.1191
493.4763	220.1191
493.4763	220.6310
492.9644	220.6310
492.9644	221.1429
492.4525	221.1429
492.4525	221.6548
491.9406	221.6548
491.9406	222.1667
491.4287	222.1667
491.4287	223.1905
490.9168	223.1905
490.9168	224.2143
490.4049	224.2143
490.4049	224.7262
489.8930	224.7262
489.8930	225.2381
489.3810	225.2381
489.3810	225.7500
488.8691	225.7500
488.8691	226.2619
488.3572	226.2619
488.3572	226.7739
487.8453	226.7739
487.8453	227.2858
487.3334	227.2858
487.3334	227.7977
486.8215	227.7977
486.8215	228.3096
486.3096	228.3096
486.3096	228.8215
485.7977	228.8215
485.7977	229.3334
485.2858	229.3334
485.2858	229.8453
484.7739	229.8453
484.7739	230.3572
484.2620	230.3572
484.2620	230.8691
483.7501	230.8691
483.7501	231.3810
483.2382	231.3810
483.2382	231.8929
482.7263	231.8929
482.7263	232.4048
482.2144	232.4048
482.2144	232.9167
481.7025	232.9167
481.7025	233.4286
481.1906	233.4286
481.1906	233.9405
480.6787	233.9405
480.6787	234.4524
480.1668	234.4524
480.1668	235.4762
479.1429	235.4762
479.1429	235.9881
478.6310	235.9881
478.6310	236.5000
478.1191	236.5000
478.1191	237.0119
477.0953	237.0119
477.0953	237.5239
476.5834	237.5239
476.5834	238.0358
476.0715	238.0358
476.0715	238.5477
475.0477	238.5477
475.0477	239.0596
474.5358	239.0596
474.5358	239.5715
473.5120	239.5715
473.5120	240.0834
473.0001	240.0834
473.0001	240.5953
472.4882	240.5953
472.4882	241.1072
471.9763	241.1072
471.9763	241.6191
471.4644	241.6191
471.4644	242.1310
470.9525	242.1310
470.9525	242.6429
470.4406	242.6429
470.4406	243.1548
469.9287	243.1548
469.9287	243.6667
469.4168	243.6667
469.4168	244.6905
468.9049	244.6905
468.9049	245.2024
467.8810	245.2024
467.8810	245.7143
467.3691	245.7143
467.3691	246.2262
466.8572	246.2262
466.8572	246.7381
465.8334	246.7381
465.8334	247.2500
464.8096	247.2500
464.8096	247.7620
463.7858	247.7620
463.7858	248.2739
463.2739	248.2739
463.2739	248.7858
462.7620	248.7858
462.7620	249.2977
460.7144	249.2977
460.7144	249.8096
459.6906	249.8096
459.6906	250.3215
458.6668	250.3215
458.6668	250.8334
457.1310	250.8334
457.1310	251.3453
453.5477	251.3453
453.5477	250.8334
450.9882	250.8334
450.9882	250.3215
447.4048	250.3215
447.4048	250.8334
444.8453	250.8334
444.8453	251.3453
443.8215	251.3453
443.8215	251.8572
441.7739	251.8572
441.7739	252.3691
440.2382	252.3691
440.2382	252.8810
434.6072	252.8810
434.6072	252.3691
433.5834	252.3691
433.5834	251.8572
431.0239	251.8572
431.0239	251.3453
427.9525	251.3453
427.9525	251.8572
425.3929	251.8572
425.3929	252.3691
424.3691	252.3691
424.3691	252.8810
423.3453	252.8810
423.3453	253.3929
418.7382	253.3929
418.7382	253.9048
416.1787	253.9048
416.1787	254.4167
415.1548	254.4167
415.1548	253.9048
412.0834	253.9048
412.0834	254.4167
409.5239	254.4167
409.5239	254.9286
407.4763	254.9286
407.4763	255.4405
406.4525	255.4405
406.4525	255.9524
405.4286	255.9524
405.4286	256.4643
404.9167	256.4643
404.9167	256.9762
404.4048	256.9762
404.4048	257.4881
403.8929	257.4881
403.8929	258.0000
403.3810	258.0000
403.3810	258.5120
402.8691	258.5120
402.8691	259.0239
402.3572	259.0239
402.3572	260.0477
401.8453	260.0477
401.8453	261.0715
401.3334	261.0715
401.3334	263.6310
400.8215	263.6310
400.8215	268.2381
401.3334	268.2381
401.3334	269.2620
400.8215	269.2620
400.8215	275.4048
401.3334	275.4048
401.3334	279.5001
400.8215	279.5001
400.8215	280.5239
399.7977	280.5239
399.7977	281.0358
398.7739	281.0358
398.7739	281.5477
397.7501	281.5477
397.7501	282.0596
397.2382	282.0596
397.2382	282.5715
396.7263	282.5715
396.7263	283.0834
394.1667	283.0834
394.1667	282.5715
389.0477	282.5715
389.0477	282.0596
386.4882	282.0596
386.4882	281.5477
382.3929	281.5477
382.3929	282.0596
379.8334	282.0596
379.8334	282.5715
378.8096	282.5715
378.8096	283.0834
377.7858	283.0834
377.7858	283.5953
377.2739	283.5953
377.2739	284.1072
376.7620	284.1072
376.7620	284.6191
376.2501	284.6191
376.2501	285.1310
375.7382	285.1310
375.7382	285.6429
375.2263	285.6429
375.2263	286.6667
374.7144	286.6667
374.7144	287.6905
374.2025	287.6905
374.2025	289.7382
373.6905	289.7382
373.6905	292.2977
373.1786	292.2977
373.1786	293.3215
372.6667	293.3215
372.6667	294.3453
372.1548	294.3453
372.1548	296.3929
371.6429	296.3929
371.6429	298.9524
371.1310	298.9524
371.1310	299.9762
370.6191	299.9762
370.6191	301.5120
370.1072	301.5120
370.1072	302.5358
369.5953	302.5358
369.5953	303.5596
369.0834	303.5596
369.0834	304.5834
368.5715	304.5834
368.5715	306.1191
368.0596	306.1191
368.0596	307.1429
367.5477	307.1429
367.5477	307.6548
367.0358	307.6548
367.0358	308.1667
366.5239	308.1667
366.5239	309.1905
366.0120	309.1905
366.0120	309.7024
365.5001	309.7024
365.5001	310.2143
364.9882	310.2143
364.9882	310.7262
364.4763	310.7262
364.4763	311.2382
363.9644	311.2382
363.9644	311.7501
362.9405	311.7501
362.9405	312.2620
361.9167	312.2620
361.9167	312.7739
361.4048	312.7739
361.4048	313.2858
360.8929	313.2858
360.8929	313.7977
360.3810	313.7977
360.3810	314.3096
359.8691	314.3096
359.8691	314.8215
359.3572	314.8215
359.3572	315.8453
358.8453	315.8453
358.8453	316.8691
358.3334	316.8691
358.3334	317.3810
357.8215	317.3810
357.8215	318.4048
357.3096	318.4048
357.3096	318.9167
356.7977	318.9167
356.7977	319.9405
356.2858	319.9405
356.2858	320.4524
355.7739	320.4524
355.7739	320.9643
355.2620	320.9643
355.2620	321.9882
354.7501	321.9882
354.7501	323.0120
354.2382	323.0120
354.2382	325.0596
353.7263	325.0596
353.7263	327.6191
353.2144	327.6191
353.2144	328.6429
352.7024	328.6429
352.7024	329.1548
352.1905	329.1548
352.1905	329.6667
351.6786	329.6667
351.6786	330.1786
351.1667	330.1786
351.1667	330.6905
350.6548	330.6905
350.6548	331.2024
350.1429	331.2024
350.1429	331.7143
349.6310	331.7143
349.6310	332.2263
349.1191	332.2263
349.1191	332.7382
348.6072	332.7382
348.6072	333.7620
348.0953	333.7620
348.0953	334.2739
347.5834	334.2739
347.5834	334.7858
347.0715	334.7858
347.0715	335.2977
346.5596	335.2977
346.5596	335.8096
346.0477	335.8096
346.0477	336.3215
345.5358	336.3215
345.5358	336.8334
345.0239	336.8334
345.0239	337.3453
344.0001	337.3453
344.0001	337.8572
342.9763	337.8572
342.9763	338.3691
341.9524	338.3691
341.9524	338.8810
341.4405	338.8810
341.4405	339.3929
340.4167	339.3929
340.4167	339.9048
339.3929	339.9048
339.3929	340.4167
338.3691	340.4167
338.3691	340.9286
337.8572	340.9286
337.8572	341.4405
336.8334	341.4405
336.8334	341.9524
335.8096	341.9524
335.8096	342.4644
334.7858	342.4644
334.7858	342.9763
332.7382	342.9763
332.7382	342.4644
331.7143	342.4644
331.7143	341.9524
331.2024	341.9524
331.2024	341.4405
330.6905	341.4405
330.6905	340.9286
330.1786	340.9286
330.1786	340.4167
329.6667	340.4167
329.6667	339.9048
329.1548	339.9048
329.1548	339.3929
328.6429	339.3929
328.6429	338.8810
328.1310	338.8810
328.1310	338.3691
327.6191	338.3691
327.6191	337.8572
327.1072	337.8572
327.1072	337.3453
326.5953	337.3453
326.5953	336.8334
326.0834	336.8334
326.0834	336.3215
325.5715	336.3215
325.5715	335.8096
325.0596	335.8096
325.0596	335.2977
324.5477	335.2977
324.5477	334.7858
323.5239	334.7858
323.5239	334.2739
322.5001	334.2739
322.5001	333.7620
321.4763	333.7620
321.4763	333.2501
320.9643	333.2501
320.9643	332.7382
320.4524	332.7382
320.4524	332.2263
319.9405	332.2263
319.9405	331.7143
318.9167	331.7143
318.9167	331.2024
317.8929	331.2024
317.8929	330.6905
315.8453	330.6905
315.8453	330.1786
313.2858	330.1786
313.2858	329.6667
312.7739	329.6667
312.7739	329.1548
312.2620	329.1548
312.2620	328.6429
311.7501	328.6429
311.7501	326.0834
311.2382	326.0834
311.2382	323.5239
310.7262	323.5239
310.7262	322.5001
310.2143	322.5001
310.2143	321.4763
309.7024	321.4763
309.7024	320.9643
309.1905	320.9643
309.1905	320.4524
308.6786	320.4524
308.6786	319.9405
308.1667	319.9405
308.1667	319.4286
307.6548	319.4286
307.6548	318.9167
307.1429	318.9167
307.1429	318.4048
306.6310	318.4048
306.6310	317.8929
306.1191	317.8929
306.1191	317.3810
305.0953	317.3810
305.0953	316.8691
304.0715	316.8691
304.0715	316.3572
301.5120	316.3572
301.5120	315.8453
298.4405	315.8453
298.4405	316.3572
295.8810	316.3572
295.8810	316.8691
294.8572	316.8691
294.8572	317.3810
289.7382	317.3810
289.7382	317.8929
283.0834	317.8929
283.0834	318.4048
280.5239	318.4048
280.5239	318.9167
279.5001	318.9167
279.5001	318.4048
275.9167	318.4048
275.9167	317.8929
274.8929	317.8929
274.8929	317.3810
272.8453	317.3810
272.8453	316.8691
270.2858	316.8691
270.2858	316.3572
266.7024	316.3572
266.7024	316.8691
264.6548	316.8691
264.6548	315.8453
264.1429	315.8453
264.1429	315.3334
263.6310	315.3334
263.6310	314.8215
263.1191	314.8215
263.1191	314.3096
262.6072	314.3096
262.6072	313.7977
262.0953	313.7977
262.0953	313.2858
261.5834	313.2858
261.5834	312.7739
260.5596	312.7739
260.5596	312.2620
259.5358	312.2620
259.5358	311.7501
256.9762	311.7501
256.9762	311.2382
253.3929	311.2382
253.3929	311.7501
250.8334	311.7501
250.8334	312.2620
249.8096	312.2620
249.8096	311.7501
242.6429	311.7501
242.6429	311.2382
240.0834	311.2382
240.0834	310.7262
239.0596	310.7262
239.0596	310.2143
238.0358	310.2143
238.0358	309.7024
235.4762	309.7024
235.4762	309.1905
232.9167	309.1905
232.9167	308.6786
231.8929	308.6786
231.8929	308.1667
230.8691	308.1667
230.8691	307.6548
228.8215	307.6548
228.8215	307.1429
228.3096	307.1429
228.3096	306.6310
227.7977	306.6310
227.7977	306.1191
227.2858	306.1191
227.2858	305.6072
226.7739	305.6072
226.7739	305.0953
225.7500	305.0953
225.7500	304.5834
225.2381	304.5834
225.2381	304.0715
224.7262	304.0715
224.7262	303.5596
223.7024	303.5596
223.7024	303.0477
223.1905	303.0477
223.1905	302.5358
222.6786	302.5358
222.6786	301.5120
222.1667	301.5120
222.1667	301.0001
221.6548	301.0001
221.6548	300.4882
221.1429	300.4882
221.1429	299.9762
220.6310	299.9762
220.6310	297.4167
220.1191	297.4167
220.1191	294.8572
219.6072	294.8572
219.6072	293.8334
219.0953	293.8334
219.0953	290.7620
218.5834	290.7620
218.5834	289.2262
219.6072	289.2262
219.6072	288.7143
220.1191	288.7143
220.1191	288.2024
220.6310	288.2024
220.6310	287.6905
221.1429	287.6905
221.1429	287.1786
221.6548	287.1786
221.6548	286.6667
222.1667	286.6667
222.1667	285.6429
222.6786	285.6429
222.6786	284.6191
223.1905	284.6191
223.1905	282.0596
223.7024	282.0596
223.7024	279.5001
223.1905	279.5001
223.1905	276.9405
222.6786	276.9405
222.6786	275.9167
222.1667	275.9167
222.1667	274.8929
221.6548	274.8929
221.6548	274.3810
221.1429	274.3810
221.1429	273.8691
220.6310	273.8691
220.6310	273.3572
220.1191	273.3572
220.1191	272.8453
219.6072	272.8453
219.6072	272.3334
218.5834	272.3334
218.5834	271.8215
217.5596	271.8215
217.5596	271.3096
216.5358	271.3096
216.5358	270.2858
216.0239	270.2858
216.0239	269.2620
215.5119	269.2620
215.5119	268.2381
215.0000	268.2381
215.0000	267.7262
214.4881	267.7262
214.4881	267.2143
213.9762	267.2143
213.9762	265.6786
215.5119	265.6786
215.5119	265.1667
216.5358	265.1667
216.5358	264.6548
217.5596	264.6548
217.5596	264.1429
218.0715	264.1429
218.0715	263.6310
218.5834	263.6310
218.5834	263.1191
219.0953	263.1191
219.0953	262.6072
219.6072	262.6072
219.6072	262.0953
220.1191	262.0953
220.1191	261.0715
220.6310	261.0715
220.6310	260.0477
221.1429	260.0477
221.1429	257.4881
221.6548	257.4881
221.6548	254.4167
221.1429	254.4167
221.1429	251.8572
220.6310	251.8572
220.6310	250.3215
221.1429	250.3215
221.1429	249.2977
221.6548	249.2977
221.6548	248.2739
222.1667	248.2739
222.1667	247.2500
222.6786	247.2500
222.6786	245.2024
223.1905	245.2024
223.1905	244.6905
223.7024	244.6905
223.7024	243.6667
224.2143	243.6667
224.2143	242.6429
224.7262	242.6429
224.7262	242.1310
225.2381	242.1310
225.2381	241.6191
225.7500	241.6191
225.7500	241.1072
226.7739	241.1072
226.7739	240.5953
227.2858	240.5953
227.2858	240.0834
227.7977	240.0834
227.7977	239.5715
228.8215	239.5715
228.8215	239.0596
230.3572	239.0596
230.3572	238.5477
231.3810	238.5477
231.3810	238.0358
233.9405	238.0358
233.9405	237.5239
234.9643	237.5239
234.9643	237.0119
238.0358	237.0119
238.0358	236.5000
240.5953	236.5000
240.5953	235.9881
245.7143	235.9881
245.7143	236.5000
246.7381	236.5000
246.7381	237.0119
248.7858	237.0119
248.7858	237.5239
250.3215	237.5239
250.3215	238.0358
251.8572	238.0358
251.8572	238.5477
252.3691	238.5477
252.3691	239.0596
253.3929	239.0596
253.3929	239.5715
254.4167	239.5715
254.4167	240.0834
255.9524	240.0834
255.9524	240.5953
258.5120	240.5953
258.5120	241.1072
262.0953	241.1072
262.0953	240.5953
264.6548	240.5953
264.6548	240.0834
266.1905	240.0834
266.1905	239.5715
267.2143	239.5715
267.2143	239.0596
268.2381	239.0596
268.2381	238.5477
268.7501	238.5477
268.7501	238.0358
269.2620	238.0358
269.2620	237.5239
271.8215	237.5239
271.8215	237.0119
272.8453	237.0119
272.8453	236.5000
274.3810	236.5000
274.3810	235.9881
275.9167	235.9881
275.9167	235.4762
278.9881	235.4762
278.9881	234.9643
281.5477	234.9643
281.5477	234.4524
282.5715	234.4524
282.5715	233.9405
283.5953	233.9405
283.5953	233.4286
285.1310	233.4286
285.1310	232.9167
286.1548	232.9167
286.1548	232.4048
287.1786	232.4048
287.1786	231.8929
288.2024	231.8929
288.2024	231.3810
288.7143	231.3810
288.7143	230.8691
290.2501	230.8691
290.2501	230.3572
292.8096	230.3572
292.8096	229.8453
295.3691	229.8453
295.3691	229.3334
296.3929	229.3334
296.3929	228.8215
297.4167	228.8215
297.4167	228.3096
297.9286	228.3096
297.9286	227.7977
298.4405	227.7977
298.4405	227.2858
298.9524	227.2858
298.9524	226.7739
299.4643	226.7739
299.4643	226.2619
299.9762	226.2619
299.9762	225.7500
300.4882	225.7500
300.4882	225.2381
301.0001	225.2381
301.0001	224.7262
301.5120	224.7262
301.5120	224.2143
302.0239	224.2143
302.0239	223.7024
303.0477	223.7024
303.0477	223.1905
304.0715	223.1905
304.0715	222.6786
305.0953	222.6786
305.0953	222.1667
305.6072	222.1667
305.6072	221.6548
306.1191	221.6548
306.1191	221.1429
306.6310	221.1429
306.6310	220.6310
307.1429	220.6310
307.1429	220.1191
307.6548	220.1191
307.6548	219.0953
308.1667	219.0953
308.1667	218.0715
308.6786	218.0715
308.6786	215.5119
309.1905	215.5119
309.1905	212.9524
308.6786	212.9524
308.6786	210.3929
308.1667	210.3929
308.1667	209.3691
307.6548	209.3691
307.6548	208.3453
307.1429	208.3453
307.1429	207.8334
306.6310	207.8334
306.6310	207.3215
306.1191	207.3215
306.1191	206.8096
305.6072	206.8096
305.6072	206.2977
305.0953	206.2977
305.0953	205.2738
304.5834	205.2738
304.5834	204.2500
304.0715	204.2500
304.0715	203.7381
303.5596	203.7381
303.5596	202.7143
303.0477	202.7143
303.0477	202.2024
302.5358	202.2024
302.5358	201.6905
303.5596	201.6905
303.5596	202.2024
304.5834	202.2024
304.5834	202.7143
305.6072	202.7143
305.6072	203.2262
308.1667	203.2262
308.1667	203.7381
311.7501	203.7381
311.7501	203.2262
314.3096	203.2262
314.3096	202.7143
315.3334	202.7143
315.3334	202.2024
316.3572	202.2024
316.3572	201.6905
317.3810	201.6905
317.3810	201.1786
318.4048	201.1786
318.4048	200.6667
318.9167	200.6667
318.9167	200.1548
319.4286	200.1548
319.4286	199.6429
319.9405	199.6429
319.9405	199.1310
320.4524	199.1310
320.4524	198.6191
320.9643	198.6191
320.9643	198.1072
321.4763	198.1072
321.4763	197.0834
321.9882	197.0834
321.9882	196.0596
322.5001	196.0596
322.5001	193.5000
323.0120	193.5000
323.0120	190.9405
322.5001	190.9405
322.5001	188.3810
321.9882	188.3810
321.9882	187.3572
321.4763	187.3572
321.4763	186.3334
320.9643	186.3334
320.9643	185.8215
320.4524	185.8215
320.4524	185.3096
319.9405	185.3096
319.9405	184.7977
319.4286	184.7977
319.4286	184.2857
318.9167	184.2857
318.9167	183.7738
318.4048	183.7738
318.4048	183.2619
317.3810	183.2619
317.3810	182.7500
316.3572	182.7500
316.3572	179.6786
316.8691	179.6786
316.8691	178.6548
318.4048	178.6548
318.4048	178.1429
319.4286	178.1429
319.4286	177.6310
320.4524	177.6310
320.4524	177.1191
320.9643	177.1191
320.9643	176.6072
321.4763	176.6072
321.4763	176.0953
322.5001	176.0953
322.5001	175.5834
323.0120	175.5834
323.0120	176.0953
323.5239	176.0953
323.5239	178.6548
324.0358	178.6548
324.0358	179.6786
324.5477	179.6786
324.5477	180.7024
325.0596	180.7024
325.0596	181.2143
325.5715	181.2143
325.5715	181.7262
326.0834	181.7262
326.0834	182.2381
326.5953	182.2381
326.5953	182.7500
327.1072	182.7500
327.1072	183.2619
327.6191	183.2619
327.6191	183.7738
328.6429	183.7738
328.6429	184.2857
329.6667	184.2857
329.6667	184.7977
332.2263	184.7977
332.2263	185.3096
334.7858	185.3096
334.7858	184.7977
337.3453	184.7977
337.3453	184.2857
338.3691	184.2857
338.3691	183.7738
339.3929	183.7738
339.3929	183.2619
339.9048	183.2619
339.9048	182.7500
340.4167	182.7500
340.4167	182.2381
340.9286	182.2381
340.9286	181.7262
341.4405	181.7262
341.4405	181.2143
341.9524	181.2143
341.9524	180.1905
342.9763	180.1905
342.9763	179.6786
344.0001	179.6786
344.0001	179.1667
344.5120	179.1667
344.5120	178.6548
345.0239	178.6548
345.0239	178.1429
345.5358	178.1429
345.5358	177.6310
346.0477	177.6310
346.0477	177.1191
346.5596	177.1191
346.5596	176.6072
347.0715	176.6072
347.0715	176.0953
347.5834	176.0953
347.5834	175.0715
348.0953	175.0715
348.0953	174.5596
348.6072	174.5596
348.6072	174.0477
349.1191	174.0477
349.1191	173.5357
349.6310	173.5357
349.6310	173.0238
350.6548	173.0238
350.6548	172.5119
351.1667	172.5119
351.1667	172.0000
351.6786	172.0000
351.6786	171.4881
352.7024	171.4881
352.7024	170.9762
353.7263	170.9762
353.7263	170.4643
354.7501	170.4643
354.7501	169.9524
355.2620	169.9524
355.2620	169.4405
355.7739	169.4405
355.7739	168.9286
357.8215	168.9286
357.8215	168.4167
358.8453	168.4167
358.8453	167.9048
360.8929	167.9048
360.8929	167.3929
362.4286	167.3929
362.4286	166.8810
363.4525	166.8810
363.4525	167.3929
370.6191	167.3929
370.6191	166.8810
373.1786	166.8810
373.1786	166.3691
374.7144	166.3691
374.7144	165.8572
375.7382	165.8572
375.7382	165.3453
380.3453	165.3453
