365.5001	116.2024
368.5715	116.2024
368.5715	116.7143
371.1310	116.7143
371.1310	117.2262
372.6667	117.2262
372.6667	117.7381
374.2025	117.7381
374.2025	118.2500
374.7144	118.2500
374.7144	118.7619
375.7382	118.7619
375.7382	119.2738
376.7620	119.2738
376.7620	119.7857
377.7858	119.7857
377.7858	120.2976
378.2977	120.2976
378.2977	120.8095
379.3215	120.8095
379.3215	121.3215
380.3453	121.3215
380.3453	121.8334
381.3691	121.8334
381.3691	122.3453
382.3929	122.3453
382.3929	122.8572
382.9048	122.8572
382.9048	123.3691
383.4167	123.3691
383.4167	123.8810
383.9286	123.8810
383.9286	124.3929
384.4405	124.3929
384.4405	124.9048
384.9525	124.9048
384.9525	125.4167
385.4644	125.4167
385.4644	125.9286
385.9763	125.9286
385.9763	126.9524
386.4882	126.9524
386.4882	127.4643
387.0001	127.4643
387.0001	128.4881
387.5120	128.4881
387.5120	129.5119
388.0239	129.5119
388.0239	130.0238
388.5358	130.0238
388.5358	130.5357
389.0477	130.5357
389.0477	131.0476
389.5596	131.0476
389.5596	131.5595
390.0715	131.5595
390.0715	132.0715
390.5834	132.0715
390.5834	132.5834
391.0953	132.5834
391.0953	133.0953
391.6072	133.0953
391.6072	133.6072
392.1191	133.6072
392.1191	134.6310
392.6310	134.6310
392.6310	136.6786
393.1429	136.6786
393.1429	137.7024
393.6548	137.7024
393.6548	140.2619
394.1667	140.2619
394.1667	142.8215
394.6786	142.8215
394.6786	143.8453
395.1906	143.8453
395.1906	144.8691
395.7025	144.8691
395.7025	145.3810
396.2144	145.3810
396.2144	146.4048
396.7263	146.4048
396.7263	146.9167
397.2382	146.9167
397.2382	147.4286
397.7501	147.4286
397.7501	147.9405
398.2620	147.9405
398.2620	148.4524
398.7739	148.4524
398.7739	149.4762
399.2858	149.4762
399.2858	149.9881
399.7977	149.9881
399.7977	150.5000
400.3096	150.5000
400.3096	151.0119
400.8215	151.0119
400.8215	151.5238
401.3334	151.5238
401.3334	152.0357
401.8453	152.0357
401.8453	152.5476
402.8691	152.5476
402.8691	153.0596
403.8929	153.0596
403.8929	153.5715
404.9167	153.5715
404.9167	154.0834
405.9406	154.0834
405.9406	154.5953
406.4525	154.5953
406.4525	155.1072
406.9644	155.1072
406.9644	155.6191
407.4763	155.6191
407.4763	156.1310
407.9882	156.1310
407.9882	156.6429
408.5001	156.6429
408.5001	157.1548
409.0120	157.1548
409.0120	157.6667
409.5239	157.6667
409.5239	158.1786
410.0358	158.1786
410.0358	158.6905
411.0596	158.6905
411.0596	159.2024
412.0834	159.2024
412.0834	159.7143
413.6191	159.7143
413.6191	160.2262
414.6429	160.2262
414.6429	160.7381
415.6667	160.7381
415.6667	161.2500
417.2025	161.2500
417.2025	161.7619
419.2501	161.7619
419.2501	162.2738
421.8096	162.2738
421.8096	162.7857
424.3691	162.7857
424.3691	163.2977
426.9287	163.2977
426.9287	162.7857
427.4406	162.7857
427.4406	163.2977
436.6548	163.2977
436.6548	162.7857
438.1906	162.7857
438.1906	163.2977
444.3334	163.2977
444.3334	163.8096
447.9168	163.8096
447.9168	164.3215
453.0358	164.3215
453.0358	164.8334
454.5715	164.8334
454.5715	165.3453
456.6191	165.3453
456.6191	165.8572
457.6429	165.8572
457.6429	166.3691
459.1787	166.3691
459.1787	166.8810
460.7144	166.8810
460.7144	167.3929
463.2739	167.3929
463.2739	167.9048
465.3215	167.9048
465.3215	168.4167
467.8810	168.4167
467.8810	168.9286
470.4406	168.9286
470.4406	169.4405
471.9763	169.4405
471.9763	169.9524
474.0239	169.9524
474.0239	170.4643
475.5596	170.4643
475.5596	170.9762
477.0953	170.9762
477.0953	171.4881
478.1191	171.4881
478.1191	172.0000
479.1429	172.0000
479.1429	172.5119
480.1668	172.5119
480.1668	173.0238
480.6787	173.0238
480.6787	173.5357
481.7025	173.5357
481.7025	174.0477
482.7263	174.0477
482.7263	174.5596
483.7501	174.5596
483.7501	175.0715
484.2620	175.0715
484.2620	175.5834
484.7739	175.5834
484.7739	176.0953
485.2858	176.0953
485.2858	176.6072
485.7977	176.6072
485.7977	177.1191
486.3096	177.1191
486.3096	177.6310
486.8215	177.6310
486.8215	178.1429
487.3334	178.1429
487.3334	178.6548
487.8453	178.6548
487.8453	179.1667
488.3572	179.1667
488.3572	179.6786
488.8691	179.6786
488.8691	180.1905
489.3810	180.1905
489.3810	180.7024
489.8930	180.7024
489.8930	181.2143
490.4049	181.2143
490.4049	181.7262
490.9168	181.7262
490.9168	182.2381
491.4287	182.2381
491.4287	182.7500
491.9406	182.7500
491.9406	183.2619
492.4525	183.2619
492.4525	183.7738
493.4763	183.7738
493.4763	184.2857
493.9882	184.2857
493.9882	184.7977
495.0120	184.7977
495.0120	185.3096
495.5239	185.3096
495.5239	185.8215
496.0358	185.8215
496.0358	186.3334
497.0596	186.3334
497.0596	186.8453
497.5715	186.8453
497.5715	187.3572
498.0834	187.3572
498.0834	187.8691
498.5953	187.8691
498.5953	188.3810
499.1072	188.3810
499.1072	188.8929
499.6191	188.8929
499.6191	189.9167
500.1310	189.9167
500.1310	190.4286
500.6430	190.4286
500.6430	190.9405
501.1549	190.9405
501.1549	191.9643
501.6668	191.9643
501.6668	193.5000
502.1787	193.5000
502.1787	194.5238
502.6906	194.5238
502.6906	195.5477
503.2025	195.5477
503.2025	196.5715
503.7144	196.5715
503.7144	198.1072
504.2263	198.1072
504.2263	199.6429
504.7382	199.6429
504.7382	201.1786
505.2501	201.1786
505.2501	203.2262
505.7620	203.2262
505.7620	204.2500
506.2739	204.2500
506.2739	205.2738
506.7858	205.2738
506.7858	206.2977
507.2977	206.2977
507.2977	206.8096
507.8096	206.8096
507.8096	207.3215
508.3215	207.3215
508.3215	207.8334
508.8334	207.8334
508.8334	208.3453
509.3453	208.3453
509.3453	209.8810
509.8572	209.8810
509.8572	212.4405
510.3691	212.4405
510.3691	215.0000
510.8810	215.0000
510.8810	218.0715
511.3930	218.0715
511.3930	222.1667
510.8810	222.1667
510.8810	224.7262
510.3691	224.7262
510.3691	226.2619
509.8572	226.2619
509.8572	228.3096
509.3453	228.3096
509.3453	228.8215
508.8334	228.8215
508.8334	229.3334
508.3215	229.3334
508.3215	229.8453
507.8096	229.8453
507.8096	230.3572
507.2977	230.3572
507.2977	230.8691
506.7858	230.8691
506.7858	231.3810
506.2739	231.3810
506.2739	231.8929
505.7620	231.8929
505.7620	232.4048
505.2501	232.4048
505.2501	232.9167
504.7382	232.9167
504.7382	233.9405
504.2263	233.9405
504.2263	234.4524
503.7144	234.4524
503.7144	234.9643
503.2025	234.9643
503.2025	235.4762
502.1787	235.4762
502.1787	235.9881
501.6668	235.9881
501.6668	236.5000
500.1310	236.5000
500.1310	235.4762
499.6191	235.4762
499.6191	234.9643
499.1072	234.9643
499.1072	234.4524
498.5953	234.4524
498.5953	233.9405
498.0834	233.9405
498.0834	233.4286
497.5715	233.4286
497.5715	232.9167
496.5477	232.9167
496.5477	232.4048
495.5239	232.4048
495.5239	231.8929
492.9644	231.8929
492.9644	231.3810
489.8930	231.3810
489.8930	231.8929
487.3334	231.8929
487.3334	232.4048
486.3096	232.4048
486.3096	232.9167
485.2858	232.9167
485.2858	233.4286
484.7739	233.4286
484.7739	233.9405
484.2620	233.9405
484.2620	234.4524
483.7501	234.4524
483.7501	234.9643
483.2382	234.9643
483.2382	235.4762
482.7263	235.4762
482.7263	236.5000
482.2144	236.5000
482.2144	237.5239
481.7025	237.5239
481.7025	239.0596
481.1906	239.0596
481.1906	238.5477
480.1668	238.5477
480.1668	238.0358
479.1429	238.0358
479.1429	237.5239
477.6072	237.5239
477.6072	237.0119
477.0953	237.0119
477.0953	236.5000
476.0715	236.5000
476.0715	235.9881
475.0477	235.9881
475.0477	235.4762
472.4882	235.4762
472.4882	234.9643
468.9049	234.9643
468.9049	235.4762
466.3453	235.4762
466.3453	235.9881
461.7382	235.9881
461.7382	235.4762
459.6906	235.4762
459.6906	234.9643
457.1310	234.9643
457.1310	234.4524
456.1072	234.4524
456.1072	233.9405
454.5715	233.9405
454.5715	233.4286
452.5239	233.4286
452.5239	232.9167
451.5001	232.9167
451.5001	232.4048
448.9406	232.4048
448.9406	231.8929
446.3810	231.8929
446.3810	231.3810
445.3572	231.3810
445.3572	230.8691
443.8215	230.8691
443.8215	230.3572
441.2620	230.3572
441.2620	229.8453
440.2382	229.8453
440.2382	229.3334
439.2144	229.3334
439.2144	228.8215
436.6548	228.8215
436.6548	228.3096
431.0239	228.3096
431.0239	228.8215
428.4644	228.8215
428.4644	229.3334
424.8810	229.3334
424.8810	228.8215
421.8096	228.8215
421.8096	229.3334
419.2501	229.3334
419.2501	229.8453
416.6906	229.8453
416.6906	230.3572
414.6429	230.3572
414.6429	230.8691
413.6191	230.8691
413.6191	231.3810
411.5715	231.3810
411.5715	231.8929
407.9882	231.8929
407.9882	231.3810
402.8691	231.3810
402.8691	231.8929
400.3096	231.8929
400.3096	232.4048
399.2858	232.4048
399.2858	232.9167
398.2620	232.9167
398.2620	233.4286
397.7501	233.4286
397.7501	233.9405
397.2382	233.9405
397.2382	234.4524
396.7263	234.4524
396.7263	234.9643
396.2144	234.9643
396.2144	235.4762
395.7025	235.4762
395.7025	235.9881
391.0953	235.9881
391.0953	236.5000
388.0239	236.5000
388.0239	237.0119
385.4644	237.0119
385.4644	237.5239
384.4405	237.5239
384.4405	238.0358
383.4167	238.0358
383.4167	238.5477
382.9048	238.5477
382.9048	239.0596
382.3929	239.0596
382.3929	239.5715
381.8810	239.5715
381.8810	240.0834
381.3691	240.0834
381.3691	240.5953
380.8572	240.5953
380.8572	241.6191
380.3453	241.6191
380.3453	242.6429
379.8334	242.6429
379.8334	244.6905
379.3215	244.6905
379.3215	247.2500
378.8096	247.2500
378.8096	249.8096
378.2977	249.8096
378.2977	254.9286
377.7858	254.9286
377.7858	255.9524
377.2739	255.9524
377.2739	258.5120
375.7382	258.5120
375.7382	259.0239
374.7144	259.0239
374.7144	258.5120
371.6429	258.5120
371.6429	258.0000
367.5477	258.0000
367.5477	258.5120
364.9882	258.5120
364.9882	259.0239
363.9644	259.0239
363.9644	259.5358
362.9405	259.5358
362.9405	260.0477
362.4286	260.0477
362.4286	260.5596
361.9167	260.5596
361.9167	261.0715
361.4048	261.0715
361.4048	261.5834
360.8929	261.5834
360.8929	262.0953
360.3810	262.0953
360.3810	263.1191
359.8691	263.1191
359.8691	264.1429
359.3572	264.1429
359.3572	266.7024
358.8453	266.7024
358.8453	274.8929
358.3334	274.8929
358.3334	275.9167
357.8215	275.9167
357.8215	278.4762
357.3096	278.4762
357.3096	281.0358
356.7977	281.0358
356.7977	281.5477
356.2858	281.5477
356.2858	282.0596
355.7739	282.0596
355.7739	282.5715
355.2620	282.5715
355.2620	283.5953
354.7501	283.5953
354.7501	284.6191
354.2382	284.6191
354.2382	285.6429
353.7263	285.6429
353.7263	286.1548
351.1667	286.1548
351.1667	286.6667
349.6310	286.6667
349.6310	287.1786
348.6072	287.1786
348.6072	287.6905
347.5834	287.6905
347.5834	288.2024
347.0715	288.2024
347.0715	288.7143
346.5596	288.7143
346.5596	289.2262
346.0477	289.2262
346.0477	289.7382
345.5358	289.7382
345.5358	290.2501
344.5120	290.2501
344.5120	290.7620
344.0001	290.7620
344.0001	291.2739
343.4882	291.2739
343.4882	291.7858
342.9763	291.7858
342.9763	292.2977
342.4644	292.2977
342.4644	292.8096
339.9048	292.8096
339.9048	293.3215
337.8572	293.3215
337.8572	293.8334
336.8334	293.8334
336.8334	294.3453
335.8096	294.3453
335.8096	294.8572
335.2977	294.8572
335.2977	295.3691
334.7858	295.3691
334.7858	295.8810
334.2739	295.8810
334.2739	296.3929
333.7620	296.3929
333.7620	296.9048
333.2501	296.9048
333.2501	297.9286
332.7382	297.9286
332.7382	298.9524
332.2263	298.9524
332.2263	299.9762
331.7143	299.9762
331.7143	301.0001
331.2024	301.0001
331.2024	303.5596
330.6905	303.5596
330.6905	304.0715
330.1786	304.0715
330.1786	304.5834
329.6667	304.5834
329.6667	305.6072
329.1548	305.6072
329.1548	306.1191
328.1310	306.1191
328.1310	306.6310
327.6191	306.6310
327.6191	307.1429
327.1072	307.1429
327.1072	307.6548
326.5953	307.6548
326.5953	308.1667
326.0834	308.1667
326.0834	308.6786
325.5715	308.6786
325.5715	309.7024
325.0596	309.7024
325.0596	310.2143
324.5477	310.2143
324.5477	311.2382
324.0358	311.2382
324.0358	311.7501
323.5239	311.7501
323.5239	312.2620
323.0120	312.2620
323.0120	313.2858
321.9882	313.2858
321.9882	313.7977
320.9643	313.7977
320.9643	314.3096
320.4524	314.3096
320.4524	314.8215
319.9405	314.8215
319.9405	315.3334
319.4286	315.3334
319.4286	315.8453
318.9167	315.8453
318.9167	316.3572
318.4048	316.3572
318.4048	316.8691
317.8929	316.8691
317.8929	317.8929
317.3810	317.8929
317.3810	318.9167
316.8691	318.9167
316.8691	320.4524
316.3572	320.4524
316.3572	321.4763
315.8453	321.4763
315.8453	322.5001
315.3334	322.5001
315.3334	323.0120
314.8215	323.0120
314.8215	323.5239
314.3096	323.5239
314.3096	324.0358
313.7977	324.0358
313.7977	325.0596
313.2858	325.0596
313.2858	325.5715
312.7739	325.5715
312.7739	326.0834
312.2620	326.0834
312.2620	327.1072
311.7501	327.1072
311.7501	327.6191
311.2382	327.6191
311.2382	328.1310
310.7262	328.1310
310.7262	329.1548
310.2143	329.1548
310.2143	329.6667
309.7024	329.6667
309.7024	330.6905
309.1905	330.6905
309.1905	331.2024
308.6786	331.2024
308.6786	331.7143
308.1667	331.7143
308.1667	332.7382
307.6548	332.7382
307.6548	333.2501
307.1429	333.2501
307.1429	333.7620
306.6310	333.7620
306.6310	334.7858
306.1191	334.7858
306.1191	335.2977
305.6072	335.2977
305.6072	335.8096
305.0953	335.8096
305.0953	336.3215
304.5834	336.3215
304.5834	336.8334
304.0715	336.8334
304.0715	337.3453
303.5596	337.3453
303.5596	338.3691
303.0477	338.3691
303.0477	338.8810
302.5358	338.8810
302.5358	339.9048
302.0239	339.9048
302.0239	340.9286
301.5120	340.9286
301.5120	341.9524
301.0001	341.9524
301.0001	342.9763
300.4882	342.9763
300.4882	345.0239
299.9762	345.0239
299.9762	347.5834
299.4643	347.5834
299.4643	348.0953
298.9524	348.0953
298.9524	348.6072
298.4405	348.6072
298.4405	349.6310
297.9286	349.6310
297.9286	350.6548
296.9048	350.6548
296.9048	351.1667
296.3929	351.1667
296.3929	351.6786
295.8810	351.6786
295.8810	352.1905
295.3691	352.1905
295.3691	352.7024
294.8572	352.7024
294.8572	353.2144
294.3453	353.2144
294.3453	353.7263
293.8334	353.7263
293.8334	354.2382
293.3215	354.2382
293.3215	354.7501
292.2977	354.7501
292.2977	355.2620
291.2739	355.2620
291.2739	355.7739
290.2501	355.7739
290.2501	356.2858
289.7382	356.2858
289.7382	356.7977
289.2262	356.7977
289.2262	357.3096
288.7143	357.3096
288.7143	357.8215
288.2024	357.8215
288.2024	358.3334
286.1548	358.3334
286.1548	358.8453
284.1072	358.8453
284.1072	359.3572
283.0834	359.3572
283.0834	359.8691
282.0596	359.8691
282.0596	360.3810
281.5477	360.3810
281.5477	360.8929
281.0358	360.8929
281.0358	361.4048
280.5239	361.4048
280.5239	361.9167
280.0120	361.9167
280.0120	361.4048
279.5001	361.4048
279.5001	360.8929
278.4762	360.8929
278.4762	360.3810
277.4524	360.3810
277.4524	359.8691
276.9405	359.8691
276.9405	357.3096
276.4286	357.3096
276.4286	356.2858
275.9167	356.2858
275.9167	355.2620
275.4048	355.2620
275.4048	354.7501
274.8929	354.7501
274.8929	354.2382
274.3810	354.2382
274.3810	353.7263
273.8691	353.7263
273.8691	353.2144
273.3572	353.2144
273.3572	352.7024
272.3334	352.7024
272.3334	352.1905
271.3096	352.1905
271.3096	351.6786
268.7501	351.6786
268.7501	351.1667
264.6548	351.1667
264.6548	350.6548
264.1429	350.6548
264.1429	350.1429
263.6310	350.1429
263.6310	349.6310
263.1191	349.6310
263.1191	349.1191
262.0953	349.1191
262.0953	348.6072
261.0715	348.6072
261.0715	348.0953
260.0477	348.0953
260.0477	346.5596
260.5596	346.5596
260.5596	345.5358
261.0715	345.5358
261.0715	344.5120
261.5834	344.5120
261.5834	341.9524
262.0953	341.9524
262.0953	339.3929
261.5834	339.3929
261.5834	336.8334
261.0715	336.8334
261.0715	335.8096
260.5596	335.8096
260.5596	334.7858
260.0477	334.7858
260.0477	334.2739
259.5358	334.2739
259.5358	333.7620
259.0239	333.7620
259.0239	333.2501
258.5120	333.2501
258.5120	332.7382
258.0000	332.7382
258.0000	332.2263
257.4881	332.2263
257.4881	331.7143
256.4643	331.7143
256.4643	331.2024
255.9524	331.2024
255.9524	330.6905
255.4405	330.6905
255.4405	330.1786
254.9286	330.1786
254.9286	329.6667
254.4167	329.6667
254.4167	329.1548
253.9048	329.1548
253.9048	328.6429
253.3929	328.6429
253.3929	328.1310
252.3691	328.1310
252.3691	327.6191
251.3453	327.6191
251.3453	327.1072
250.8334	327.1072
250.8334	326.5953
250.3215	326.5953
250.3215	325.5715
250.8334	325.5715
250.8334	323.5239
251.3453	323.5239
251.3453	322.5001
251.8572	322.5001
251.8572	321.4763
252.3691	321.4763
252.3691	320.4524
252.8810	320.4524
252.8810	319.4286
253.3929	319.4286
253.3929	318.4048
254.4167	318.4048
254.4167	317.8929
255.4405	317.8929
255.4405	317.3810
255.9524	317.3810
255.9524	316.8691
256.9762	316.8691
256.9762	316.3572
258.0000	316.3572
258.0000	315.8453
258.5120	315.8453
258.5120	315.3334
259.5358	315.3334
259.5358	314.8215
260.0477	314.8215
260.0477	314.3096
260.5596	314.3096
260.5596	313.7977
261.0715	313.7977
261.0715	313.2858
261.5834	313.2858
261.5834	312.7739
262.0953	312.7739
262.0953	312.2620
262.6072	312.2620
262.6072	311.7501
263.1191	311.7501
263.1191	311.2382
263.6310	311.2382
263.6310	310.7262
264.1429	310.7262
264.1429	310.2143
264.6548	310.2143
264.6548	309.7024
265.1667	309.7024
265.1667	309.1905
265.6786	309.1905
265.6786	308.6786
266.1905	308.6786
266.1905	308.1667
266.7024	308.1667
266.7024	307.6548
267.2143	307.6548
267.2143	307.1429
267.7262	307.1429
267.7262	306.6310
268.2381	306.6310
268.2381	306.1191
268.7501	306.1191
268.7501	305.0953
269.2620	305.0953
269.2620	304.5834
269.7739	304.5834
269.7739	303.5596
270.2858	303.5596
270.2858	302.5358
270.7977	302.5358
270.7977	299.9762
271.3096	299.9762
271.3096	296.3929
270.7977	296.3929
270.7977	293.8334
270.2858	293.8334
270.2858	292.8096
269.7739	292.8096
269.7739	291.2739
270.2858	291.2739
270.2858	290.7620
270.7977	290.7620
270.7977	290.2501
271.3096	290.2501
271.3096	289.2262
271.8215	289.2262
271.8215	288.2024
272.3334	288.2024
272.3334	285.6429
272.8453	285.6429
272.8453	282.5715
272.3334	282.5715
272.3334	280.0120
271.8215	280.0120
271.8215	277.4524
271.3096	277.4524
271.3096	276.4286
270.7977	276.4286
270.7977	275.4048
270.2858	275.4048
270.2858	274.8929
269.7739	274.8929
269.7739	273.8691
269.2620	273.8691
269.2620	272.8453
268.7501	272.8453
268.7501	272.3334
268.2381	272.3334
268.2381	271.3096
267.7262	271.3096
267.7262	268.7501
267.2143	268.7501
267.2143	266.1905
266.7024	266.1905
266.7024	265.1667
266.1905	265.1667
266.1905	264.1429
265.6786	264.1429
265.6786	263.6310
265.1667	263.6310
265.1667	263.1191
264.6548	263.1191
264.6548	262.6072
264.1429	262.6072
264.1429	262.0953
263.6310	262.0953
263.6310	261.5834
262.6072	261.5834
262.6072	261.0715
262.0953	261.0715
262.0953	260.0477
261.5834	260.0477
261.5834	259.0239
261.0715	259.0239
261.0715	258.0000
260.5596	258.0000
260.5596	257.4881
260.0477	257.4881
260.0477	256.9762
259.5358	256.9762
259.5358	256.4643
259.0239	256.4643
259.0239	255.4405
258.5120	255.4405
258.5120	254.4167
258.0000	254.4167
258.0000	253.9048
257.4881	253.9048
257.4881	253.3929
256.9762	253.3929
256.9762	252.8810
256.4643	252.8810
256.4643	252.3691
255.9524	252.3691
255.9524	251.8572
254.9286	251.8572
254.9286	251.3453
253.9048	251.3453
253.9048	250.8334
252.8810	250.8334
252.8810	250.3215
252.3691	250.3215
252.3691	249.8096
251.3453	249.8096
251.3453	249.2977
250.8334	249.2977
250.8334	248.7858
249.8096	248.7858
249.8096	248.2739
248.7858	248.2739
248.7858	247.7620
248.2739	247.7620
248.2739	247.2500
248.7858	247.2500
248.7858	246.7381
249.8096	246.7381
249.8096	246.2262
250.8334	246.2262
250.8334	245.7143
251.3453	245.7143
251.3453	245.2024
251.8572	245.2024
251.8572	244.6905
252.3691	244.6905
252.3691	244.1786
252.8810	244.1786
252.8810	243.6667
253.3929	243.6667
253.3929	242.6429
253.9048	242.6429
253.9048	241.6191
254.4167	241.6191
254.4167	239.0596
254.9286	239.0596
254.9286	236.5000
254.4167	236.5000
254.4167	233.9405
253.9048	233.9405
253.9048	232.9167
253.3929	232.9167
253.3929	231.8929
252.8810	231.8929
252.8810	231.3810
252.3691	231.3810
252.3691	230.8691
251.8572	230.8691
251.8572	230.3572
251.3453	230.3572
251.3453	229.8453
250.8334	229.8453
250.8334	229.3334
249.8096	229.3334
249.8096	228.8215
248.7858	228.8215
248.7858	228.3096
247.7620	228.3096
247.7620	227.7977
246.2262	227.7977
246.2262	227.2858
243.6667	227.2858
243.6667	226.7739
242.1310	226.7739
242.1310	226.2619
241.6191	226.2619
241.6191	225.7500
241.1072	225.7500
241.1072	225.2381
240.5953	225.2381
240.5953	224.7262
240.0834	224.7262
240.0834	224.2143
239.5715	224.2143
239.5715	223.7024
239.0596	223.7024
239.0596	223.1905
238.5477	223.1905
238.5477	222.6786
237.5239	222.6786
237.5239	222.1667
236.5000	222.1667
236.5000	221.6548
233.9405	221.6548
233.9405	221.1429
233.4286	221.1429
233.4286	220.6310
232.9167	220.6310
232.9167	220.1191
231.8929	220.1191
231.8929	219.6072
230.8691	219.6072
230.8691	219.0953
228.3096	219.0953
228.3096	218.5834
225.2381	218.5834
225.2381	218.0715
220.6310	218.0715
220.6310	217.5596
219.0953	217.5596
219.0953	214.4881
219.6072	214.4881
219.6072	213.4643
220.1191	213.4643
220.1191	212.9524
220.6310	212.9524
220.6310	212.4405
221.1429	212.4405
221.1429	211.4167
221.6548	211.4167
221.6548	210.3929
222.1667	210.3929
222.1667	209.3691
223.1905	209.3691
223.1905	208.8572
223.7024	208.8572
223.7024	208.3453
225.2381	208.3453
225.2381	207.8334
226.2619	207.8334
226.2619	207.3215
227.2858	207.3215
227.2858	206.8096
229.8453	206.8096
229.8453	206.2977
231.3810	206.2977
231.3810	205.7858
232.4048	205.7858
232.4048	205.2738
233.9405	205.2738
233.9405	204.7619
241.6191	204.7619
241.6191	204.2500
245.2024	204.2500
245.2024	204.7619
246.7381	204.7619
246.7381	205.2738
248.7858	205.2738
248.7858	205.7858
251.3453	205.7858
251.3453	206.2977
252.3691	206.2977
252.3691	206.8096
253.3929	206.8096
253.3929	207.3215
254.4167	207.3215
254.4167	207.8334
256.4643	207.8334
256.4643	208.3453
258.0000	208.3453
258.0000	208.8572
259.0239	208.8572
259.0239	209.3691
260.5596	209.3691
260.5596	209.8810
263.1191	209.8810
263.1191	210.3929
266.1905	210.3929
266.1905	210.9048
267.2143	210.9048
267.2143	211.4167
269.7739	211.4167
269.7739	211.9286
272.3334	211.9286
272.3334	211.4167
273.3572	211.4167
273.3572	211.9286
275.9167	211.9286
275.9167	212.4405
280.0120	212.4405
280.0120	211.9286
282.5715	211.9286
282.5715	211.4167
283.5953	211.4167
283.5953	210.9048
286.1548	210.9048
286.1548	210.3929
288.2024	210.3929
288.2024	209.8810
289.2262	209.8810
289.2262	209.3691
290.2501	209.3691
290.2501	208.8572
290.7620	208.8572
290.7620	208.3453
291.7858	208.3453
291.7858	207.8334
292.2977	207.8334
292.2977	207.3215
292.8096	207.3215
292.8096	206.8096
293.3215	206.8096
293.3215	206.2977
293.8334	206.2977
293.8334	205.7858
294.3453	205.7858
294.3453	205.2738
294.8572	205.2738
294.8572	204.7619
295.3691	204.7619
295.3691	203.7381
295.8810	203.7381
295.8810	202.7143
296.3929	202.7143
296.3929	202.2024
299.4643	202.2024
299.4643	201.6905
302.0239	201.6905
302.0239	201.1786
303.0477	201.1786
303.0477	200.6667
304.0715	200.6667
304.0715	200.1548
304.5834	200.1548
304.5834	199.6429
305.0953	199.6429
305.0953	199.1310
305.6072	199.1310
305.6072	198.6191
306.1191	198.6191
306.1191	198.1072
306.6310	198.1072
306.6310	197.5953
307.1429	197.5953
307.1429	196.5715
307.6548	196.5715
307.6548	196.0596
308.1667	196.0596
308.1667	195.5477
308.6786	195.5477
308.6786	195.0358
309.1905	195.0358
309.1905	194.5238
310.2143	194.5238
310.2143	194.0119
310.7262	194.0119
310.7262	193.5000
311.2382	193.5000
311.2382	192.9881
311.7501	192.9881
311.7501	192.4762
312.7739	192.4762
312.7739	191.9643
313.7977	191.9643
313.7977	191.4524
314.3096	191.4524
314.3096	190.9405
314.8215	190.9405
314.8215	190.4286
315.3334	190.4286
315.3334	189.9167
315.8453	189.9167
315.8453	189.4048
316.3572	189.4048
316.3572	188.8929
316.8691	188.8929
316.8691	187.8691
317.3810	187.8691
317.3810	186.8453
317.8929	186.8453
317.8929	185.8215
318.4048	185.8215
318.4048	183.2619
318.9167	183.2619
318.9167	180.7024
318.4048	180.7024
318.4048	178.1429
317.8929	178.1429
317.8929	175.5834
317.3810	175.5834
317.3810	174.0477
316.8691	174.0477
316.8691	170.9762
316.3572	170.9762
316.3572	168.4167
315.8453	168.4167
315.8453	167.3929
315.3334	167.3929
315.3334	159.7143
314.8215	159.7143
314.8215	158.1786
315.8453	158.1786
315.8453	157.6667
316.3572	157.6667
316.3572	157.1548
316.8691	157.1548
316.8691	156.6429
317.3810	156.6429
317.3810	156.1310
317.8929	156.1310
317.8929	155.6191
320.4524	155.6191
320.4524	155.1072
322.5001	155.1072
322.5001	154.5953
323.5239	154.5953
323.5239	154.0834
324.5477	154.0834
324.5477	153.5715
325.0596	153.5715
325.0596	153.0596
325.5715	153.0596
325.5715	152.5476
326.0834	152.5476
326.0834	152.0357
326.5953	152.0357
326.5953	151.5238
327.1072	151.5238
327.1072	151.0119
327.6191	151.0119
327.6191	149.9881
328.1310	149.9881
328.1310	148.9643
328.6429	148.9643
328.6429	146.4048
329.1548	146.4048
329.1548	145.3810
329.6667	145.3810
329.6667	144.3572
330.1786	144.3572
330.1786	143.3334
330.6905	143.3334
330.6905	142.3096
331.2024	142.3096
331.2024	141.7976
331.7143	141.7976
331.7143	141.2857
332.2263	141.2857
332.2263	140.7738
332.7382	140.7738
332.7382	139.7500
333.2501	139.7500
333.2501	138.7262
333.7620	138.7262
333.7620	136.6786
334.2739	136.6786
334.2739	134.1191
334.7858	134.1191
334.7858	133.0953
335.2977	133.0953
335.2977	132.0715
335.8096	132.0715
335.8096	130.5357
336.3215	130.5357
336.3215	130.0238
336.8334	130.0238
336.8334	129.5119
337.3453	129.5119
337.3453	129.0000
337.8572	129.0000
337.8572	127.9762
338.3691	127.9762
338.3691	127.4643
338.8810	127.4643
338.8810	126.9524
339.3929	126.9524
339.3929	126.4405
339.9048	126.4405
339.9048	125.9286
340.4167	125.9286
340.4167	125.4167
341.4405	125.4167
341.4405	124.9048
341.9524	124.9048
341.9524	124.3929
342.4644	124.3929
342.4644	123.8810
343.4882	123.8810
343.4882	123.3691
344.0001	123.3691
344.0001	122.8572
345.0239	122.8572
345.0239	122.3453
345.5358	122.3453
345.5358	121.8334
346.5596	121.8334
346.5596	121.3215
347.5834	121.3215
347.5834	120.8095
348.6072	120.8095
348.6072	120.2976
349.6310	120.2976
349.6310	119.7857
350.6548	119.7857
350.6548	119.2738
351.1667	119.2738
351.1667	118.7619
351.6786	118.7619
351.6786	118.2500
352.1905	118.2500
352.1905	117.7381
354.7501	117.7381
354.7501	117.2262
355.7739	117.2262
355.7739	116.7143
356.7977	116.7143
356.7977	116.2024
359.8691	116.2024
359.8691	115.6905
365.5001	115.6905
