385.4644	127.9762
389.0477	127.9762
389.0477	128.4881
391.0953	128.4881
391.0953	129.0000
392.6310	129.0000
392.6310	129.5119
393.1429	129.5119
393.1429	130.0238
394.1667	130.0238
394.1667	130.5357
395.1906	130.5357
395.1906	131.0476
395.7025	131.0476
395.7025	131.5595
396.2144	131.5595
396.2144	132.0715
397.2382	132.0715
397.2382	132.5834
397.7501	132.5834
397.7501	133.0953
398.7739	133.0953
398.7739	133.6072
399.7977	133.6072
399.7977	134.1191
400.3096	134.1191
400.3096	134.6310
400.8215	134.6310
400.8215	135.1429
401.3334	135.1429
401.3334	135.6548
401.8453	135.6548
401.8453	136.1667
402.3572	136.1667
402.3572	136.6786
402.8691	136.6786
402.8691	137.1905
403.3810	137.1905
403.3810	137.7024
403.8929	137.7024
403.8929	138.2143
404.4048	138.2143
404.4048	139.2381
404.9167	139.2381
404.9167	139.7500
405.4286	139.7500
405.4286	140.7738
405.9406	140.7738
405.9406	141.2857
406.4525	141.2857
406.4525	141.7976
406.9644	141.7976
406.9644	142.8215
407.4763	142.8215
407.4763	144.3572
407.9882	144.3572
407.9882	145.3810
408.5001	145.3810
408.5001	147.4286
409.0120	147.4286
409.0120	149.4762
409.5239	149.4762
409.5239	150.5000
410.0358	150.5000
410.0358	151.5238
410.5477	151.5238
410.5477	152.5476
411.0596	152.5476
411.0596	153.5715
411.5715	153.5715
411.5715	154.0834
412.0834	154.0834
412.0834	155.6191
412.5953	155.6191
412.5953	156.6429
413.1072	156.6429
413.1072	158.6905
413.6191	158.6905
413.6191	159.7143
414.1310	159.7143
414.1310	161.2500
414.6429	161.2500
414.6429	162.7857
415.1548	162.7857
415.1548	163.8096
415.6667	163.8096
415.6667	164.8334
416.1787	164.8334
416.1787	165.3453
416.6906	165.3453
416.6906	165.8572
417.2025	165.8572
417.2025	166.8810
417.7144	166.8810
417.7144	167.9048
418.2263	167.9048
418.2263	168.4167
418.7382	168.4167
418.7382	169.4405
419.2501	169.4405
419.2501	169.9524
419.7620	169.9524
419.7620	170.4643
420.2739	170.4643
420.2739	171.4881
420.7858	171.4881
420.7858	172.0000
421.2977	172.0000
421.2977	172.5119
421.8096	172.5119
421.8096	173.0238
422.3215	173.0238
422.3215	173.5357
422.8334	173.5357
422.8334	174.0477
423.3453	174.0477
423.3453	174.5596
424.3691	174.5596
424.3691	175.5834
424.8810	175.5834
424.8810	176.0953
425.3929	176.0953
425.3929	177.1191
425.9048	177.1191
425.9048	177.6310
426.4167	177.6310
426.4167	178.1429
426.9287	178.1429
426.9287	179.1667
427.4406	179.1667
427.4406	180.1905
427.9525	180.1905
427.9525	180.7024
428.4644	180.7024
428.4644	181.2143
428.9763	181.2143
428.9763	181.7262
429.4882	181.7262
429.4882	182.2381
430.0001	182.2381
430.0001	182.7500
430.5120	182.7500
430.5120	183.2619
431.5358	183.2619
431.5358	183.7738
432.5596	183.7738
432.5596	184.2857
433.5834	184.2857
433.5834	184.7977
435.1191	184.7977
435.1191	185.3096
435.6310	185.3096
435.6310	185.8215
436.6548	185.8215
436.6548	186.3334
437.6787	186.3334
437.6787	186.8453
440.2382	186.8453
440.2382	187.3572
443.8215	187.3572
443.8215	187.8691
448.9406	187.8691
448.9406	187.3572
449.9644	187.3572
449.9644	187.8691
453.0358	187.8691
453.0358	188.3810
456.1072	188.3810
456.1072	188.8929
461.2263	188.8929
461.2263	188.3810
463.7858	188.3810
463.7858	187.8691
467.8810	187.8691
467.8810	188.3810
471.4644	188.3810
471.4644	188.8929
474.0239	188.8929
474.0239	189.4048
476.0715	189.4048
476.0715	189.9167
478.1191	189.9167
478.1191	190.4286
480.6787	190.4286
480.6787	190.9405
483.2382	190.9405
483.2382	191.4524
484.7739	191.4524
484.7739	191.9643
485.7977	191.9643
485.7977	192.4762
486.8215	192.4762
486.8215	192.9881
487.8453	192.9881
487.8453	193.5000
488.8691	193.5000
488.8691	194.0119
489.3810	194.0119
489.3810	194.5238
490.4049	194.5238
490.4049	195.0358
491.4287	195.0358
491.4287	195.5477
492.9644	195.5477
492.9644	196.0596
493.9882	196.0596
493.9882	196.5715
495.0120	196.5715
495.0120	197.0834
496.0358	197.0834
496.0358	197.5953
497.5715	197.5953
497.5715	198.1072
498.5953	198.1072
498.5953	198.6191
500.1310	198.6191
500.1310	199.1310
501.1549	199.1310
501.1549	199.6429
502.1787	199.6429
502.1787	200.1548
503.2025	200.1548
503.2025	200.6667
503.7144	200.6667
503.7144	201.1786
504.7382	201.1786
504.7382	201.6905
505.2501	201.6905
505.2501	202.2024
506.2739	202.2024
506.2739	202.7143
507.2977	202.7143
507.2977	203.2262
508.3215	203.2262
508.3215	203.7381
509.3453	203.7381
509.3453	204.2500
509.8572	204.2500
509.8572	204.7619
510.3691	204.7619
510.3691	205.2738
510.8810	205.2738
510.8810	205.7858
511.3930	205.7858
511.3930	206.2977
512.4168	206.2977
512.4168	206.8096
512.9287	206.8096
512.9287	207.3215
513.4406	207.3215
513.4406	207.8334
513.9525	207.8334
513.9525	208.3453
514.4644	208.3453
514.4644	208.8572
514.9763	208.8572
514.9763	209.3691
515.4882	209.3691
515.4882	209.8810
516.0001	209.8810
516.0001	210.9048
516.5120	210.9048
516.5120	211.4167
517.0239	211.4167
517.0239	212.4405
517.5358	212.4405
517.5358	213.4643
518.0477	213.4643
518.0477	214.4881
518.5596	214.4881
518.5596	215.5119
519.0715	215.5119
519.0715	216.5358
519.5834	216.5358
519.5834	217.0477
520.0953	217.0477
520.0953	217.5596
520.6072	217.5596
520.6072	218.0715
521.1191	218.0715
521.1191	219.6072
521.6311	219.6072
521.6311	221.1429
522.1430	221.1429
522.1430	222.6786
522.6549	222.6786
522.6549	225.2381
523.1668	225.2381
523.1668	227.7977
523.6787	227.7977
523.6787	230.3572
524.1906	230.3572
524.1906	240.0834
523.6787	240.0834
523.6787	243.6667
523.1668	243.6667
523.1668	247.7620
522.6549	247.7620
522.6549	248.7858
522.1430	248.7858
522.1430	250.3215
521.6311	250.3215
521.6311	251.3453
521.1191	251.3453
521.1191	252.3691
520.6072	252.3691
520.6072	252.8810
520.0953	252.8810
520.0953	253.9048
519.5834	253.9048
519.5834	254.4167
519.0715	254.4167
519.0715	254.9286
518.5596	254.9286
518.5596	255.9524
518.0477	255.9524
518.0477	256.4643
517.5358	256.4643
517.5358	256.9762
517.0239	256.9762
517.0239	257.4881
516.5120	257.4881
516.5120	258.0000
516.0001	258.0000
516.0001	258.5120
515.4882	258.5120
515.4882	259.0239
514.9763	259.0239
514.9763	259.5358
514.4644	259.5358
514.4644	260.0477
513.9525	260.0477
513.9525	260.5596
513.4406	260.5596
513.4406	261.0715
512.4168	261.0715
512.4168	261.5834
511.3930	261.5834
511.3930	262.0953
510.8810	262.0953
510.8810	262.6072
509.8572	262.6072
509.8572	263.1191
509.3453	263.1191
509.3453	263.6310
508.3215	263.6310
508.3215	264.1429
507.2977	264.1429
507.2977	264.6548
506.2739	264.6548
506.2739	265.1667
505.2501	265.1667
505.2501	264.6548
504.7382	264.6548
504.7382	264.1429
504.2263	264.1429
504.2263	263.6310
503.7144	263.6310
503.7144	263.1191
503.2025	263.1191
503.2025	262.6072
502.6906	262.6072
502.6906	262.0953
502.1787	262.0953
502.1787	261.5834
501.1549	261.5834
501.1549	261.0715
500.1310	261.0715
500.1310	260.5596
497.5715	260.5596
497.5715	260.0477
495.0120	260.0477
495.0120	260.5596
492.4525	260.5596
492.4525	261.0715
489.8930	261.0715
489.8930	261.5834
488.8691	261.5834
488.8691	262.0953
487.8453	262.0953
487.8453	262.6072
487.3334	262.6072
487.3334	263.1191
486.8215	263.1191
486.8215	263.6310
486.3096	263.6310
486.3096	264.1429
485.7977	264.1429
485.7977	263.6310
485.2858	263.6310
485.2858	263.1191
484.2620	263.1191
484.2620	262.6072
483.2382	262.6072
483.2382	262.0953
482.2144	262.0953
482.2144	261.5834
481.1906	261.5834
481.1906	261.0715
478.6310	261.0715
478.6310	260.5596
476.0715	260.5596
476.0715	261.0715
473.5120	261.0715
473.5120	261.5834
472.4882	261.5834
472.4882	261.0715
466.8572	261.0715
466.8572	261.5834
464.2977	261.5834
464.2977	262.0953
461.2263	262.0953
461.2263	261.5834
460.2025	261.5834
460.2025	261.0715
459.1787	261.0715
459.1787	260.5596
458.1548	260.5596
458.1548	260.0477
455.5953	260.0477
455.5953	259.5358
448.4287	259.5358
448.4287	260.0477
442.7977	260.0477
442.7977	260.5596
438.7025	260.5596
438.7025	260.0477
435.6310	260.0477
435.6310	259.5358
434.6072	259.5358
434.6072	259.0239
433.5834	259.0239
433.5834	258.5120
431.0239	258.5120
431.0239	258.0000
427.9525	258.0000
427.9525	257.4881
426.9287	257.4881
426.9287	256.9762
424.3691	256.9762
424.3691	256.4643
421.2977	256.4643
421.2977	256.9762
418.7382	256.9762
418.7382	257.4881
417.7144	257.4881
417.7144	258.0000
416.6906	258.0000
416.6906	258.5120
416.1787	258.5120
416.1787	259.0239
415.1548	259.0239
415.1548	259.5358
413.6191	259.5358
413.6191	260.0477
412.5953	260.0477
412.5953	260.5596
407.4763	260.5596
407.4763	261.0715
404.9167	261.0715
404.9167	261.5834
403.8929	261.5834
403.8929	262.0953
402.8691	262.0953
402.8691	262.6072
402.3572	262.6072
402.3572	263.1191
401.8453	263.1191
401.8453	263.6310
401.3334	263.6310
401.3334	264.1429
400.8215	264.1429
400.8215	264.6548
400.3096	264.6548
400.3096	265.6786
399.7977	265.6786
399.7977	266.7024
399.2858	266.7024
399.2858	267.7262
398.7739	267.7262
398.7739	270.2858
398.2620	270.2858
398.2620	271.3096
397.7501	271.3096
397.7501	273.3572
397.2382	273.3572
397.2382	275.4048
396.7263	275.4048
396.7263	276.4286
396.2144	276.4286
396.2144	278.9881
395.7025	278.9881
395.7025	280.0120
395.1906	280.0120
395.1906	281.0358
394.6786	281.0358
394.6786	281.5477
393.6548	281.5477
393.6548	282.0596
393.1429	282.0596
393.1429	282.5715
391.6072	282.5715
391.6072	282.0596
387.0001	282.0596
387.0001	281.5477
384.4405	281.5477
384.4405	282.0596
381.8810	282.0596
381.8810	282.5715
380.8572	282.5715
380.8572	283.0834
379.8334	283.0834
379.8334	283.5953
379.3215	283.5953
379.3215	284.1072
378.8096	284.1072
378.8096	284.6191
378.2977	284.6191
378.2977	285.1310
377.7858	285.1310
377.7858	285.6429
377.2739	285.6429
377.2739	286.6667
376.7620	286.6667
376.7620	287.6905
376.2501	287.6905
376.2501	288.7143
375.7382	288.7143
375.7382	291.2739
375.2263	291.2739
375.2263	292.2977
374.7144	292.2977
374.7144	293.3215
374.2025	293.3215
374.2025	294.8572
373.6905	294.8572
373.6905	295.8810
373.1786	295.8810
373.1786	296.9048
372.6667	296.9048
372.6667	299.4643
372.1548	299.4643
372.1548	302.0239
371.6429	302.0239
371.6429	302.5358
371.1310	302.5358
371.1310	303.0477
370.6191	303.0477
370.6191	303.5596
370.1072	303.5596
370.1072	304.0715
369.5953	304.0715
369.5953	304.5834
369.0834	304.5834
369.0834	305.6072
368.5715	305.6072
368.5715	306.6310
368.0596	306.6310
368.0596	307.6548
367.5477	307.6548
367.5477	308.6786
367.0358	308.6786
367.0358	309.1905
366.5239	309.1905
366.5239	309.7024
366.0120	309.7024
366.0120	310.2143
364.9882	310.2143
364.9882	310.7262
364.4763	310.7262
364.4763	311.2382
363.9644	311.2382
363.9644	311.7501
363.4525	311.7501
363.4525	312.2620
362.9405	312.2620
362.9405	312.7739
362.4286	312.7739
362.4286	313.2858
361.9167	313.2858
361.9167	313.7977
361.4048	313.7977
361.4048	314.8215
360.8929	314.8215
360.8929	315.3334
360.3810	315.3334
360.3810	316.3572
358.8453	316.3572
358.8453	316.8691
357.8215	316.8691
357.8215	317.3810
356.7977	317.3810
356.7977	317.8929
354.2382	317.8929
354.2382	318.4048
352.7024	318.4048
352.7024	318.9167
351.6786	318.9167
351.6786	319.4286
350.6548	319.4286
350.6548	319.9405
350.1429	319.9405
350.1429	320.4524
349.6310	320.4524
349.6310	320.9643
349.1191	320.9643
349.1191	321.4763
348.6072	321.4763
348.6072	321.9882
348.0953	321.9882
348.0953	323.0120
347.5834	323.0120
347.5834	324.0358
347.0715	324.0358
347.0715	325.0596
346.5596	325.0596
346.5596	325.5715
346.0477	325.5715
346.0477	326.0834
345.5358	326.0834
345.5358	326.5953
345.0239	326.5953
345.0239	327.6191
344.5120	327.6191
344.5120	328.6429
344.0001	328.6429
344.0001	330.6905
341.9524	330.6905
341.9524	331.2024
340.9286	331.2024
340.9286	331.7143
339.9048	331.7143
339.9048	332.2263
339.3929	332.2263
339.3929	332.7382
338.8810	332.7382
338.8810	333.2501
338.3691	333.2501
338.3691	333.7620
337.3453	333.7620
337.3453	334.2739
336.3215	334.2739
336.3215	334.7858
335.8096	334.7858
335.8096	335.2977
335.2977	335.2977
335.2977	335.8096
334.7858	335.8096
334.7858	336.3215
334.2739	336.3215
334.2739	336.8334
333.7620	336.8334
333.7620	337.3453
333.2501	337.3453
333.2501	338.3691
332.7382	338.3691
332.7382	339.3929
332.2263	339.3929
332.2263	339.9048
331.7143	339.9048
331.7143	340.4167
330.6905	340.4167
330.6905	340.9286
330.1786	340.9286
330.1786	341.4405
329.6667	341.4405
329.6667	341.9524
329.1548	341.9524
329.1548	342.4644
328.6429	342.4644
328.6429	342.9763
328.1310	342.9763
328.1310	344.0001
327.6191	344.0001
327.6191	345.0239
327.1072	345.0239
327.1072	346.0477
326.5953	346.0477
326.5953	347.5834
326.0834	347.5834
326.0834	350.1429
325.5715	350.1429
325.5715	353.7263
325.0596	353.7263
325.0596	355.2620
324.5477	355.2620
324.5477	356.2858
324.0358	356.2858
324.0358	358.3334
323.5239	358.3334
323.5239	359.3572
322.5001	359.3572
322.5001	359.8691
321.4763	359.8691
321.4763	360.3810
320.4524	360.3810
320.4524	360.8929
319.9405	360.8929
319.9405	361.4048
318.9167	361.4048
318.9167	361.9167
318.4048	361.9167
318.4048	362.4286
317.8929	362.4286
317.8929	362.9405
316.8691	362.9405
316.8691	363.4525
314.3096	363.4525
314.3096	363.9644
313.2858	363.9644
313.2858	364.4763
312.2620	364.4763
312.2620	364.9882
311.7501	364.9882
311.7501	365.5001
311.2382	365.5001
311.2382	366.0120
310.7262	366.0120
310.7262	366.5239
310.2143	366.5239
310.2143	367.0358
309.7024	367.0358
309.7024	367.5477
309.1905	367.5477
309.1905	368.0596
308.6786	368.0596
308.6786	368.5715
308.1667	368.5715
308.1667	368.0596
307.6548	368.0596
307.6548	367.0358
308.1667	367.0358
308.1667	366.5239
308.6786	366.5239
308.6786	365.5001
309.1905	365.5001
309.1905	364.4763
309.7024	364.4763
309.7024	361.9167
310.2143	361.9167
310.2143	358.3334
309.7024	358.3334
309.7024	355.7739
309.1905	355.7739
309.1905	354.7501
308.6786	354.7501
308.6786	353.7263
308.1667	353.7263
308.1667	353.2144
307.6548	353.2144
307.6548	352.7024
307.1429	352.7024
307.1429	352.1905
306.6310	352.1905
306.6310	351.6786
306.1191	351.6786
306.1191	351.1667
305.0953	351.1667
305.0953	350.6548
304.0715	350.6548
304.0715	350.1429
303.0477	350.1429
303.0477	349.6310
302.0239	349.6310
302.0239	349.1191
301.0001	349.1191
301.0001	348.6072
298.4405	348.6072
298.4405	348.0953
294.8572	348.0953
294.8572	348.6072
292.2977	348.6072
292.2977	349.1191
291.2739	349.1191
291.2739	349.6310
290.2501	349.6310
290.2501	350.1429
289.7382	350.1429
289.7382	350.6548
289.2262	350.6548
289.2262	351.1667
288.7143	351.1667
288.7143	351.6786
288.2024	351.6786
288.2024	352.1905
287.6905	352.1905
287.6905	353.2144
287.1786	353.2144
287.1786	354.2382
285.6429	354.2382
285.6429	353.7263
284.6191	353.7263
284.6191	353.2144
283.5953	353.2144
283.5953	352.7024
281.0358	352.7024
281.0358	352.1905
277.9643	352.1905
277.9643	352.7024
275.4048	352.7024
275.4048	353.2144
274.3810	353.2144
274.3810	353.7263
273.3572	353.7263
273.3572	354.2382
272.8453	354.2382
272.8453	354.7501
271.3096	354.7501
271.3096	354.2382
267.7262	354.2382
267.7262	354.7501
265.1667	354.7501
265.1667	355.2620
264.1429	355.2620
264.1429	355.7739
263.1191	355.7739
263.1191	356.2858
262.6072	356.2858
262.6072	356.7977
262.0953	356.7977
262.0953	356.2858
261.5834	356.2858
261.5834	355.7739
261.0715	355.7739
261.0715	355.2620
260.5596	355.2620
260.5596	354.7501
260.0477	354.7501
260.0477	354.2382
259.0239	354.2382
259.0239	353.7263
258.0000	353.7263
258.0000	353.2144
256.9762	353.2144
256.9762	348.6072
257.4881	348.6072
257.4881	347.5834
258.0000	347.5834
258.0000	347.0715
258.5120	347.0715
258.5120	346.5596
259.0239	346.5596
259.0239	346.0477
259.5358	346.0477
259.5358	345.5358
260.5596	345.5358
260.5596	345.0239
261.0715	345.0239
261.0715	344.5120
261.5834	344.5120
261.5834	344.0001
262.0953	344.0001
262.0953	343.4882
262.6072	343.4882
262.6072	342.9763
266.1905	342.9763
266.1905	342.4644
268.7501	342.4644
268.7501	341.9524
271.3096	341.9524
271.3096	341.4405
272.3334	341.4405
272.3334	340.9286
273.3572	340.9286
273.3572	340.4167
273.8691	340.4167
273.8691	339.9048
274.8929	339.9048
274.8929	339.3929
275.4048	339.3929
275.4048	338.8810
276.4286	338.8810
276.4286	338.3691
277.4524	338.3691
277.4524	337.8572
277.9643	337.8572
277.9643	337.3453
278.4762	337.3453
278.4762	336.8334
278.9881	336.8334
278.9881	336.3215
279.5001	336.3215
279.5001	335.8096
280.0120	335.8096
280.0120	334.7858
280.5239	334.7858
280.5239	333.7620
281.0358	333.7620
281.0358	332.7382
281.5477	332.7382
281.5477	330.1786
282.0596	330.1786
282.0596	329.6667
282.5715	329.6667
282.5715	329.1548
283.0834	329.1548
283.0834	328.6429
283.5953	328.6429
283.5953	327.6191
284.1072	327.6191
284.1072	326.5953
284.6191	326.5953
284.6191	324.0358
285.1310	324.0358
285.1310	323.5239
285.6429	323.5239
285.6429	322.5001
286.1548	322.5001
286.1548	321.4763
286.6667	321.4763
286.6667	319.4286
287.1786	319.4286
287.1786	316.8691
287.6905	316.8691
287.6905	316.3572
288.2024	316.3572
288.2024	315.8453
288.7143	315.8453
288.7143	314.8215
289.2262	314.8215
289.2262	314.3096
289.7382	314.3096
289.7382	313.7977
290.2501	313.7977
290.2501	313.2858
290.7620	313.2858
290.7620	312.2620
291.2739	312.2620
291.2739	311.7501
291.7858	311.7501
291.7858	311.2382
292.2977	311.2382
292.2977	310.7262
292.8096	310.7262
292.8096	310.2143
293.3215	310.2143
293.3215	309.1905
293.8334	309.1905
293.8334	308.1667
294.3453	308.1667
294.3453	305.6072
294.8572	305.6072
294.8572	301.0001
294.3453	301.0001
294.3453	298.4405
293.8334	298.4405
293.8334	296.9048
293.3215	296.9048
293.3215	295.8810
292.8096	295.8810
292.8096	294.8572
292.2977	294.8572
292.2977	294.3453
291.7858	294.3453
291.7858	293.8334
291.2739	293.8334
291.2739	293.3215
290.7620	293.3215
290.7620	292.8096
290.2501	292.8096
290.2501	292.2977
289.7382	292.2977
289.7382	291.7858
289.2262	291.7858
289.2262	290.2501
288.7143	290.2501
288.7143	289.2262
288.2024	289.2262
288.2024	288.2024
287.6905	288.2024
287.6905	287.6905
287.1786	287.6905
287.1786	287.1786
286.6667	287.1786
286.6667	286.6667
286.1548	286.6667
286.1548	286.1548
285.6429	286.1548
285.6429	285.6429
284.6191	285.6429
284.6191	285.1310
283.5953	285.1310
283.5953	284.6191
281.0358	284.6191
281.0358	284.1072
276.9405	284.1072
276.9405	283.5953
274.8929	283.5953
274.8929	283.0834
274.3810	283.0834
274.3810	282.5715
273.8691	282.5715
273.8691	282.0596
273.3572	282.0596
273.3572	281.5477
272.8453	281.5477
272.8453	281.0358
272.3334	281.0358
272.3334	280.5239
271.3096	280.5239
271.3096	280.0120
270.2858	280.0120
270.2858	279.5001
269.2620	279.5001
269.2620	278.4762
268.7501	278.4762
268.7501	274.8929
268.2381	274.8929
268.2381	272.3334
267.7262	272.3334
267.7262	271.3096
267.2143	271.3096
267.2143	270.2858
266.7024	270.2858
266.7024	269.2620
267.2143	269.2620
267.2143	266.7024
266.7024	266.7024
266.7024	264.1429
266.1905	264.1429
266.1905	263.1191
265.6786	263.1191
265.6786	262.0953
265.1667	262.0953
265.1667	261.5834
264.6548	261.5834
264.6548	261.0715
264.1429	261.0715
264.1429	260.0477
264.6548	260.0477
264.6548	257.4881
265.1667	257.4881
265.1667	253.9048
264.6548	253.9048
264.6548	251.3453
264.1429	251.3453
264.1429	250.3215
263.6310	250.3215
263.6310	249.2977
263.1191	249.2977
263.1191	248.7858
262.6072	248.7858
262.6072	248.2739
262.0953	248.2739
262.0953	247.7620
261.5834	247.7620
261.5834	247.2500
261.0715	247.2500
261.0715	246.7381
260.5596	246.7381
260.5596	246.2262
260.0477	246.2262
260.0477	245.7143
259.5358	245.7143
259.5358	245.2024
259.0239	245.2024
259.0239	244.6905
258.5120	244.6905
258.5120	244.1786
258.0000	244.1786
258.0000	243.6667
257.4881	243.6667
257.4881	243.1548
256.4643	243.1548
256.4643	242.6429
255.9524	242.6429
255.9524	242.1310
255.4405	242.1310
255.4405	241.6191
254.9286	241.6191
254.9286	241.1072
253.9048	241.1072
253.9048	240.5953
252.8810	240.5953
252.8810	240.0834
250.3215	240.0834
250.3215	239.5715
247.2500	239.5715
247.2500	240.0834
245.2024	240.0834
245.2024	239.5715
244.6905	239.5715
244.6905	239.0596
244.1786	239.0596
244.1786	238.5477
243.6667	238.5477
243.6667	238.0358
242.6429	238.0358
242.6429	237.5239
241.6191	237.5239
241.6191	237.0119
240.5953	237.0119
240.5953	236.5000
239.5715	236.5000
239.5715	235.9881
238.0358	235.9881
238.0358	235.4762
237.0119	235.4762
237.0119	234.9643
235.9881	234.9643
235.9881	234.4524
235.4762	234.4524
235.4762	233.9405
235.9881	233.9405
235.9881	232.9167
236.5000	232.9167
236.5000	232.4048
237.0119	232.4048
237.0119	231.8929
237.5239	231.8929
237.5239	231.3810
238.0358	231.3810
238.0358	230.3572
239.0596	230.3572
239.0596	229.8453
240.0834	229.8453
240.0834	229.3334
241.1072	229.3334
241.1072	228.8215
242.1310	228.8215
242.1310	228.3096
242.6429	228.3096
242.6429	227.7977
244.6905	227.7977
244.6905	227.2858
245.7143	227.2858
245.7143	226.7739
247.2500	226.7739
247.2500	226.2619
248.2739	226.2619
248.2739	225.7500
251.8572	225.7500
251.8572	225.2381
258.0000	225.2381
258.0000	225.7500
260.5596	225.7500
260.5596	225.2381
262.0953	225.2381
262.0953	225.7500
263.6310	225.7500
263.6310	226.2619
264.6548	226.2619
264.6548	226.7739
265.6786	226.7739
265.6786	227.2858
268.2381	227.2858
268.2381	227.7977
270.7977	227.7977
270.7977	228.3096
272.3334	228.3096
272.3334	228.8215
273.8691	228.8215
273.8691	229.3334
274.8929	229.3334
274.8929	229.8453
275.9167	229.8453
275.9167	230.3572
277.4524	230.3572
277.4524	230.8691
278.9881	230.8691
278.9881	231.3810
280.5239	231.3810
280.5239	231.8929
281.5477	231.8929
281.5477	232.4048
282.5715	232.4048
282.5715	232.9167
283.0834	232.9167
283.0834	233.4286
284.1072	233.4286
284.1072	233.9405
285.1310	233.9405
285.1310	234.4524
286.1548	234.4524
286.1548	234.9643
287.1786	234.9643
287.1786	235.4762
288.7143	235.4762
288.7143	235.9881
291.2739	235.9881
291.2739	236.5000
297.4167	236.5000
297.4167	235.9881
299.9762	235.9881
299.9762	235.4762
302.5358	235.4762
302.5358	234.9643
303.5596	234.9643
303.5596	234.4524
304.5834	234.4524
304.5834	233.9405
306.1191	233.9405
306.1191	233.4286
307.1429	233.4286
307.1429	232.9167
308.1667	232.9167
308.1667	232.4048
308.6786	232.4048
308.6786	231.8929
309.1905	231.8929
309.1905	231.3810
309.7024	231.3810
309.7024	230.8691
310.2143	230.8691
310.2143	230.3572
310.7262	230.3572
310.7262	229.8453
311.2382	229.8453
311.2382	229.3334
311.7501	229.3334
311.7501	228.8215
312.2620	228.8215
312.2620	228.3096
316.3572	228.3096
316.3572	227.7977
318.9167	227.7977
318.9167	227.2858
319.9405	227.2858
319.9405	226.7739
320.9643	226.7739
320.9643	226.2619
321.9882	226.2619
321.9882	225.7500
322.5001	225.7500
322.5001	225.2381
323.0120	225.2381
323.0120	224.7262
323.5239	224.7262
323.5239	224.2143
324.5477	224.2143
324.5477	223.7024
325.0596	223.7024
325.0596	223.1905
325.5715	223.1905
325.5715	222.6786
326.0834	222.6786
326.0834	222.1667
326.5953	222.1667
326.5953	221.6548
327.1072	221.6548
327.1072	221.1429
327.6191	221.1429
327.6191	220.6310
328.1310	220.6310
328.1310	220.1191
328.6429	220.1191
328.6429	219.6072
331.2024	219.6072
331.2024	219.0953
332.2263	219.0953
332.2263	218.5834
333.2501	218.5834
333.2501	218.0715
333.7620	218.0715
333.7620	217.5596
334.2739	217.5596
334.2739	217.0477
334.7858	217.0477
334.7858	216.5358
335.2977	216.5358
335.2977	216.0239
335.8096	216.0239
335.8096	215.5119
336.3215	215.5119
336.3215	214.4881
336.8334	214.4881
336.8334	213.4643
337.3453	213.4643
337.3453	210.9048
337.8572	210.9048
337.8572	206.8096
337.3453	206.8096
337.3453	200.1548
336.8334	200.1548
336.8334	197.5953
336.3215	197.5953
336.3215	196.5715
335.8096	196.5715
335.8096	194.0119
335.2977	194.0119
335.2977	187.8691
334.7858	187.8691
334.7858	185.3096
334.2739	185.3096
334.2739	184.2857
333.7620	184.2857
333.7620	183.2619
333.2501	183.2619
333.2501	182.2381
332.7382	182.2381
332.7382	181.7262
332.2263	181.7262
332.2263	181.2143
331.7143	181.2143
331.7143	180.7024
331.2024	180.7024
331.2024	180.1905
330.6905	180.1905
330.6905	179.1667
330.1786	179.1667
330.1786	178.1429
329.6667	178.1429
329.6667	177.6310
329.1548	177.6310
329.1548	177.1191
328.6429	177.1191
328.6429	176.6072
328.1310	176.6072
328.1310	176.0953
327.6191	176.0953
327.6191	175.5834
326.5953	175.5834
326.5953	174.0477
327.1072	174.0477
327.1072	173.5357
329.1548	173.5357
329.1548	174.0477
330.1786	174.0477
330.1786	174.5596
332.7382	174.5596
332.7382	175.0715
335.2977	175.0715
335.2977	174.5596
337.8572	174.5596
337.8572	174.0477
338.8810	174.0477
338.8810	173.5357
339.9048	173.5357
339.9048	173.0238
340.4167	173.0238
340.4167	172.5119
343.4882	172.5119
343.4882	172.0000
346.0477	172.0000
346.0477	171.4881
347.0715	171.4881
347.0715	170.9762
348.0953	170.9762
348.0953	170.4643
348.6072	170.4643
348.6072	169.9524
349.1191	169.9524
349.1191	169.4405
349.6310	169.4405
349.6310	168.9286
350.1429	168.9286
350.1429	168.4167
350.6548	168.4167
350.6548	167.3929
351.1667	167.3929
351.1667	166.3691
351.6786	166.3691
351.6786	164.3215
352.1905	164.3215
352.1905	163.2977
352.7024	163.2977
352.7024	162.7857
353.2144	162.7857
353.2144	161.7619
353.7263	161.7619
353.7263	161.2500
354.2382	161.2500
354.2382	160.7381
354.7501	160.7381
354.7501	159.7143
355.2620	159.7143
355.2620	158.6905
355.7739	158.6905
355.7739	157.6667
356.2858	157.6667
356.2858	156.6429
356.7977	156.6429
356.7977	155.6191
357.3096	155.6191
357.3096	155.1072
357.8215	155.1072
357.8215	154.5953
358.3334	154.5953
358.3334	154.0834
358.8453	154.0834
358.8453	153.5715
359.3572	153.5715
359.3572	152.5476
359.8691	152.5476
359.8691	152.0357
360.3810	152.0357
360.3810	151.0119
360.8929	151.0119
360.8929	149.9881
361.4048	149.9881
361.4048	148.4524
361.9167	148.4524
361.9167	147.9405
362.4286	147.9405
362.4286	146.9167
362.9405	146.9167
362.9405	145.8929
363.4525	145.8929
363.4525	143.8453
363.9644	143.8453
363.9644	143.3334
364.4763	143.3334
364.4763	142.3096
364.9882	142.3096
364.9882	141.2857
365.5001	141.2857
365.5001	140.2619
366.0120	140.2619
366.0120	139.2381
366.5239	139.2381
366.5239	138.2143
367.0358	138.2143
367.0358	137.1905
367.5477	137.1905
367.5477	136.6786
368.0596	136.6786
368.0596	135.6548
368.5715	135.6548
368.5715	135.1429
369.0834	135.1429
369.0834	134.1191
369.5953	134.1191
369.5953	133.6072
370.1072	133.6072
370.1072	133.0953
370.6191	133.0953
370.6191	132.0715
371.6429	132.0715
371.6429	131.5595
372.1548	131.5595
372.1548	131.0476
372.6667	131.0476
372.6667	130.5357
373.1786	130.5357
373.1786	130.0238
374.2025	130.0238
374.2025	129.5119
375.2263	129.5119
375.2263	129.0000
376.2501	129.0000
376.2501	128.4881
377.7858	128.4881
377.7858	127.9762
380.8572	127.9762
380.8572	127.4643
385.4644	127.4643
