317.3810	182.7500
318.4048	182.7500
318.4048	183.2619
318.9167	183.2619
318.9167	183.7738
319.4286	183.7738
319.4286	184.2857
320.4524	184.2857
320.4524	184.7977
321.4763	184.7977
321.4763	185.3096
321.9882	185.3096
321.9882	185.8215
322.5001	185.8215
322.5001	186.3334
323.0120	186.3334
323.0120	186.8453
324.0358	186.8453
324.0358	187.3572
325.0596	187.3572
325.0596	187.8691
327.6191	187.8691
327.6191	188.3810
330.6905	188.3810
330.6905	187.8691
333.2501	187.8691
333.2501	187.3572
333.7620	187.3572
333.7620	187.8691
333.2501	187.8691
333.2501	190.4286
333.7620	190.4286
333.7620	200.6667
334.2739	200.6667
334.2739	203.2262
334.7858	203.2262
334.7858	204.7619
335.2977	204.7619
335.2977	205.7858
335.8096	205.7858
335.8096	206.8096
336.3215	206.8096
336.3215	207.3215
336.8334	207.3215
336.8334	208.3453
337.3453	208.3453
337.3453	208.8572
337.8572	208.8572
337.8572	209.3691
338.3691	209.3691
338.3691	209.8810
338.8810	209.8810
338.8810	210.3929
339.3929	210.3929
339.3929	210.9048
339.9048	210.9048
339.9048	211.4167
340.9286	211.4167
340.9286	211.9286
341.9524	211.9286
341.9524	212.4405
344.5120	212.4405
344.5120	212.9524
347.0715	212.9524
347.0715	212.4405
349.6310	212.4405
349.6310	211.9286
350.1429	211.9286
350.1429	212.4405
355.2620	212.4405
355.2620	211.9286
357.8215	211.9286
357.8215	211.4167
359.3572	211.4167
359.3572	210.9048
360.3810	210.9048
360.3810	210.3929
361.4048	210.3929
361.4048	209.8810
361.9167	209.8810
361.9167	209.3691
362.9405	209.3691
362.9405	208.8572
365.5001	208.8572
365.5001	208.3453
368.0596	208.3453
368.0596	207.8334
369.0834	207.8334
369.0834	207.3215
370.1072	207.3215
370.1072	206.8096
377.2739	206.8096
377.2739	206.2977
379.8334	206.2977
379.8334	206.8096
380.3453	206.8096
380.3453	207.3215
380.8572	207.3215
380.8572	207.8334
381.3691	207.8334
381.3691	208.3453
381.8810	208.3453
381.8810	208.8572
382.3929	208.8572
382.3929	209.3691
383.4167	209.3691
383.4167	209.8810
384.4405	209.8810
384.4405	210.3929
385.4644	210.3929
385.4644	210.9048
386.4882	210.9048
386.4882	211.4167
387.5120	211.4167
387.5120	211.9286
388.5358	211.9286
388.5358	212.4405
389.5596	212.4405
389.5596	212.9524
390.5834	212.9524
390.5834	213.4643
391.0953	213.4643
391.0953	213.9762
391.6072	213.9762
391.6072	214.4881
392.1191	214.4881
392.1191	215.0000
393.1429	215.0000
393.1429	215.5119
393.6548	215.5119
393.6548	216.0239
394.6786	216.0239
394.6786	216.5358
395.7025	216.5358
395.7025	217.0477
398.2620	217.0477
398.2620	217.5596
401.8453	217.5596
401.8453	217.0477
404.4048	217.0477
404.4048	216.5358
405.9406	216.5358
405.9406	217.0477
406.9644	217.0477
406.9644	217.5596
407.9882	217.5596
407.9882	218.0715
408.5001	218.0715
408.5001	218.5834
409.0120	218.5834
409.0120	219.0953
410.0358	219.0953
410.0358	219.6072
411.0596	219.6072
411.0596	220.1191
413.1072	220.1191
413.1072	220.6310
414.1310	220.6310
414.1310	221.1429
414.6429	221.1429
414.6429	221.6548
415.1548	221.6548
415.1548	222.6786
414.6429	222.6786
414.6429	227.7977
415.1548	227.7977
415.1548	230.3572
415.6667	230.3572
415.6667	231.3810
416.1787	231.3810
416.1787	232.4048
416.6906	232.4048
416.6906	232.9167
417.2025	232.9167
417.2025	235.4762
417.7144	235.4762
417.7144	236.5000
418.2263	236.5000
418.2263	237.5239
418.7382	237.5239
418.7382	238.0358
419.2501	238.0358
419.2501	238.5477
419.7620	238.5477
419.7620	239.0596
420.2739	239.0596
420.2739	239.5715
420.7858	239.5715
420.7858	240.0834
421.2977	240.0834
421.2977	240.5953
420.7858	240.5953
420.7858	243.1548
420.2739	243.1548
420.2739	248.2739
420.7858	248.2739
420.7858	250.8334
421.2977	250.8334
421.2977	252.8810
421.8096	252.8810
421.8096	253.9048
422.3215	253.9048
422.3215	257.4881
422.8334	257.4881
422.8334	258.0000
422.3215	258.0000
422.3215	261.5834
421.8096	261.5834
421.8096	262.0953
421.2977	262.0953
421.2977	262.6072
420.7858	262.6072
420.7858	263.1191
420.2739	263.1191
420.2739	264.1429
419.7620	264.1429
419.7620	264.6548
418.7382	264.6548
418.7382	265.1667
417.7144	265.1667
417.7144	265.6786
417.2025	265.6786
417.2025	266.1905
416.1787	266.1905
416.1787	266.7024
415.6667	266.7024
415.6667	267.2143
415.1548	267.2143
415.1548	267.7262
414.6429	267.7262
414.6429	268.2381
414.1310	268.2381
414.1310	268.7501
413.6191	268.7501
413.6191	269.2620
413.1072	269.2620
413.1072	269.7739
412.5953	269.7739
412.5953	270.2858
412.0834	270.2858
412.0834	271.3096
411.5715	271.3096
411.5715	272.3334
411.0596	272.3334
411.0596	272.8453
410.5477	272.8453
410.5477	273.3572
410.0358	273.3572
410.0358	273.8691
409.5239	273.8691
409.5239	274.3810
409.0120	274.3810
409.0120	274.8929
407.9882	274.8929
407.9882	275.4048
407.4763	275.4048
407.4763	275.9167
406.9644	275.9167
406.9644	276.4286
406.4525	276.4286
406.4525	276.9405
405.9406	276.9405
405.9406	277.4524
405.4286	277.4524
405.4286	278.4762
404.9167	278.4762
404.9167	279.5001
404.4048	279.5001
404.4048	280.5239
403.8929	280.5239
403.8929	283.0834
402.8691	283.0834
402.8691	283.5953
401.8453	283.5953
401.8453	284.1072
401.3334	284.1072
401.3334	284.6191
400.8215	284.6191
400.8215	285.1310
400.3096	285.1310
400.3096	285.6429
399.7977	285.6429
399.7977	286.1548
399.2858	286.1548
399.2858	286.6667
398.7739	286.6667
398.7739	287.6905
398.2620	287.6905
398.2620	288.7143
397.7501	288.7143
397.7501	290.2501
397.2382	290.2501
397.2382	292.2977
396.7263	292.2977
396.7263	294.8572
396.2144	294.8572
396.2144	297.4167
396.7263	297.4167
396.7263	298.9524
396.2144	298.9524
396.2144	305.0953
396.7263	305.0953
396.7263	307.6548
397.2382	307.6548
397.2382	308.6786
397.7501	308.6786
397.7501	309.7024
398.2620	309.7024
398.2620	310.2143
398.7739	310.2143
398.7739	310.7262
399.2858	310.7262
399.2858	311.2382
399.7977	311.2382
399.7977	311.7501
400.3096	311.7501
400.3096	312.2620
400.8215	312.2620
400.8215	312.7739
401.3334	312.7739
401.3334	313.2858
402.3572	313.2858
402.3572	313.7977
402.8691	313.7977
402.8691	314.3096
403.8929	314.3096
403.8929	314.8215
404.4048	314.8215
404.4048	315.3334
405.4286	315.3334
405.4286	315.8453
406.4525	315.8453
406.4525	316.3572
406.9644	316.3572
406.9644	316.8691
407.4763	316.8691
407.4763	317.8929
406.9644	317.8929
406.9644	318.4048
406.4525	318.4048
406.4525	318.9167
405.9406	318.9167
405.9406	319.4286
405.4286	319.4286
405.4286	319.9405
404.9167	319.9405
404.9167	320.9643
404.4048	320.9643
404.4048	321.9882
403.8929	321.9882
403.8929	324.5477
403.3810	324.5477
403.3810	327.6191
402.3572	327.6191
402.3572	327.1072
401.8453	327.1072
401.8453	326.5953
401.3334	326.5953
401.3334	326.0834
400.8215	326.0834
400.8215	325.5715
400.3096	325.5715
400.3096	325.0596
399.2858	325.0596
399.2858	324.5477
398.2620	324.5477
398.2620	324.0358
395.7025	324.0358
395.7025	323.5239
392.1191	323.5239
392.1191	324.0358
378.2977	324.0358
378.2977	323.5239
373.6905	323.5239
373.6905	324.0358
367.0358	324.0358
367.0358	324.5477
364.4763	324.5477
364.4763	325.0596
363.4525	325.0596
363.4525	325.5715
362.4286	325.5715
362.4286	326.0834
361.4048	326.0834
361.4048	326.5953
360.3810	326.5953
360.3810	326.0834
354.2382	326.0834
354.2382	326.5953
351.6786	326.5953
351.6786	327.1072
350.6548	327.1072
350.6548	327.6191
349.6310	327.6191
349.6310	328.1310
349.1191	328.1310
349.1191	328.6429
348.6072	328.6429
348.6072	329.1548
348.0953	329.1548
348.0953	329.6667
347.5834	329.6667
347.5834	330.1786
347.0715	330.1786
347.0715	331.2024
346.5596	331.2024
346.5596	332.2263
346.0477	332.2263
346.0477	334.7858
345.5358	334.7858
345.5358	346.5596
344.0001	346.5596
344.0001	346.0477
343.4882	346.0477
343.4882	344.0001
342.9763	344.0001
342.9763	342.9763
342.4644	342.9763
342.4644	341.9524
341.9524	341.9524
341.9524	341.4405
341.4405	341.4405
341.4405	340.9286
340.9286	340.9286
340.9286	338.3691
340.4167	338.3691
340.4167	337.3453
339.9048	337.3453
339.9048	336.3215
339.3929	336.3215
339.3929	335.2977
338.8810	335.2977
338.8810	332.7382
338.3691	332.7382
338.3691	331.7143
337.8572	331.7143
337.8572	330.6905
337.3453	330.6905
337.3453	329.6667
336.8334	329.6667
336.8334	329.1548
336.3215	329.1548
336.3215	328.6429
335.8096	328.6429
335.8096	328.1310
335.2977	328.1310
335.2977	327.6191
334.7858	327.6191
334.7858	327.1072
333.7620	327.1072
333.7620	326.5953
332.7382	326.5953
332.7382	326.0834
330.1786	326.0834
330.1786	325.5715
329.6667	325.5715
329.6667	325.0596
329.1548	325.0596
329.1548	324.5477
328.6429	324.5477
328.6429	324.0358
327.6191	324.0358
327.6191	323.5239
326.5953	323.5239
326.5953	323.0120
326.0834	323.0120
326.0834	322.5001
325.5715	322.5001
325.5715	321.9882
325.0596	321.9882
325.0596	320.4524
324.5477	320.4524
324.5477	319.4286
324.0358	319.4286
324.0358	318.4048
323.5239	318.4048
323.5239	317.8929
323.0120	317.8929
323.0120	317.3810
322.5001	317.3810
322.5001	316.8691
321.9882	316.8691
321.9882	316.3572
321.4763	316.3572
321.4763	315.8453
320.9643	315.8453
320.9643	315.3334
320.4524	315.3334
320.4524	314.8215
319.4286	314.8215
319.4286	314.3096
318.4048	314.3096
318.4048	313.7977
317.3810	313.7977
317.3810	313.2858
316.8691	313.2858
316.8691	312.2620
316.3572	312.2620
316.3572	311.2382
315.8453	311.2382
315.8453	310.2143
315.3334	310.2143
315.3334	309.7024
314.8215	309.7024
314.8215	309.1905
314.3096	309.1905
314.3096	308.6786
313.7977	308.6786
313.7977	308.1667
313.2858	308.1667
313.2858	307.6548
312.2620	307.6548
312.2620	307.1429
311.7501	307.1429
311.7501	306.6310
310.7262	306.6310
310.7262	306.1191
309.7024	306.1191
309.7024	305.6072
308.1667	305.6072
308.1667	305.0953
307.1429	305.0953
307.1429	304.5834
306.1191	304.5834
306.1191	304.0715
305.0953	304.0715
305.0953	303.5596
303.5596	303.5596
303.5596	303.0477
303.0477	303.0477
303.0477	302.5358
302.5358	302.5358
302.5358	302.0239
302.0239	302.0239
302.0239	301.5120
301.5120	301.5120
301.5120	301.0001
301.0001	301.0001
301.0001	300.4882
300.4882	300.4882
300.4882	299.4643
299.9762	299.4643
299.9762	298.4405
299.4643	298.4405
299.4643	297.4167
298.9524	297.4167
298.9524	296.9048
298.4405	296.9048
298.4405	295.8810
297.9286	295.8810
297.9286	294.8572
297.4167	294.8572
297.4167	294.3453
296.9048	294.3453
296.9048	293.8334
296.3929	293.8334
296.3929	293.3215
295.8810	293.3215
295.8810	292.8096
295.3691	292.8096
295.3691	292.2977
294.8572	292.2977
294.8572	291.7858
294.3453	291.7858
294.3453	291.2739
293.8334	291.2739
293.8334	290.7620
292.8096	290.7620
292.8096	290.2501
291.7858	290.2501
291.7858	289.7382
291.2739	289.7382
291.2739	289.2262
290.7620	289.2262
290.7620	288.2024
290.2501	288.2024
290.2501	287.1786
289.7382	287.1786
289.7382	286.6667
289.2262	286.6667
289.2262	286.1548
288.7143	286.1548
288.7143	285.6429
288.2024	285.6429
288.2024	285.1310
287.6905	285.1310
287.6905	284.6191
287.1786	284.6191
287.1786	284.1072
286.6667	284.1072
286.6667	283.5953
286.1548	283.5953
286.1548	283.0834
285.6429	283.0834
285.6429	282.0596
285.1310	282.0596
285.1310	281.5477
284.6191	281.5477
284.6191	280.5239
284.1072	280.5239
284.1072	279.5001
283.5953	279.5001
283.5953	276.9405
283.0834	276.9405
283.0834	275.4048
282.5715	275.4048
282.5715	274.3810
282.0596	274.3810
282.0596	272.3334
281.5477	272.3334
281.5477	271.3096
281.0358	271.3096
281.0358	270.2858
280.5239	270.2858
280.5239	269.7739
280.0120	269.7739
280.0120	269.2620
279.5001	269.2620
279.5001	268.7501
278.9881	268.7501
278.9881	268.2381
278.4762	268.2381
278.4762	267.7262
277.4524	267.7262
277.4524	266.1905
276.9405	266.1905
276.9405	265.6786
277.4524	265.6786
277.4524	265.1667
278.4762	265.1667
278.4762	264.6548
278.9881	264.6548
278.9881	264.1429
280.5239	264.1429
280.5239	263.6310
281.5477	263.6310
281.5477	263.1191
282.5715	263.1191
282.5715	262.6072
283.0834	262.6072
283.0834	262.0953
283.5953	262.0953
283.5953	261.5834
284.1072	261.5834
284.1072	261.0715
284.6191	261.0715
284.6191	260.5596
285.1310	260.5596
285.1310	260.0477
285.6429	260.0477
285.6429	259.0239
286.1548	259.0239
286.1548	258.5120
286.6667	258.5120
286.6667	258.0000
287.1786	258.0000
287.1786	257.4881
287.6905	257.4881
287.6905	256.9762
288.2024	256.9762
288.2024	255.9524
288.7143	255.9524
288.7143	255.4405
289.2262	255.4405
289.2262	254.9286
289.7382	254.9286
289.7382	253.9048
290.2501	253.9048
290.2501	252.8810
290.7620	252.8810
290.7620	251.8572
291.2739	251.8572
291.2739	250.8334
291.7858	250.8334
291.7858	249.8096
292.2977	249.8096
292.2977	248.7858
292.8096	248.7858
292.8096	246.2262
293.3215	246.2262
293.3215	243.6667
294.3453	243.6667
294.3453	243.1548
295.3691	243.1548
295.3691	242.6429
297.4167	242.6429
297.4167	242.1310
298.4405	242.1310
298.4405	241.6191
299.4643	241.6191
299.4643	241.1072
299.9762	241.1072
299.9762	240.5953
300.4882	240.5953
300.4882	240.0834
301.0001	240.0834
301.0001	239.5715
301.5120	239.5715
301.5120	239.0596
302.0239	239.0596
302.0239	238.5477
302.5358	238.5477
302.5358	237.5239
303.0477	237.5239
303.0477	236.5000
303.5596	236.5000
303.5596	235.4762
304.0715	235.4762
304.0715	232.9167
304.5834	232.9167
304.5834	232.4048
305.0953	232.4048
305.0953	231.8929
305.6072	231.8929
305.6072	231.3810
306.1191	231.3810
306.1191	230.8691
306.6310	230.8691
306.6310	229.8453
307.1429	229.8453
307.1429	228.8215
307.6548	228.8215
307.6548	226.7739
308.1667	226.7739
308.1667	224.2143
309.1905	224.2143
309.1905	223.7024
310.2143	223.7024
310.2143	223.1905
311.2382	223.1905
311.2382	222.6786
311.7501	222.6786
311.7501	222.1667
312.2620	222.1667
312.2620	221.6548
312.7739	221.6548
312.7739	221.1429
313.2858	221.1429
313.2858	220.6310
313.7977	220.6310
313.7977	219.6072
314.3096	219.6072
314.3096	218.5834
314.8215	218.5834
314.8215	216.0239
315.3334	216.0239
315.3334	210.3929
315.8453	210.3929
315.8453	202.2024
315.3334	202.2024
315.3334	201.1786
315.8453	201.1786
315.8453	193.5000
315.3334	193.5000
315.3334	189.4048
315.8453	189.4048
315.8453	184.2857
315.3334	184.2857
315.3334	182.7500
315.8453	182.7500
315.8453	182.2381
317.3810	182.2381
