314.8215	168.4167
315.3334	168.4167
315.3334	169.4405
315.8453	169.4405
315.8453	169.9524
316.3572	169.9524
316.3572	170.9762
316.8691	170.9762
316.8691	172.0000
317.3810	172.0000
317.3810	173.0238
317.8929	173.0238
317.8929	174.0477
318.4048	174.0477
318.4048	175.0715
318.9167	175.0715
318.9167	176.6072
319.4286	176.6072
319.4286	177.6310
319.9405	177.6310
319.9405	178.6548
320.4524	178.6548
320.4524	179.6786
320.9643	179.6786
320.9643	180.1905
321.4763	180.1905
321.4763	181.2143
321.9882	181.2143
321.9882	181.7262
322.5001	181.7262
322.5001	182.2381
323.0120	182.2381
323.0120	182.7500
323.5239	182.7500
323.5239	183.2619
324.0358	183.2619
324.0358	183.7738
324.5477	183.7738
324.5477	184.2857
325.0596	184.2857
325.0596	184.7977
326.0834	184.7977
326.0834	185.3096
327.1072	185.3096
327.1072	185.8215
329.6667	185.8215
329.6667	186.3334
334.2739	186.3334
334.2739	185.8215
336.8334	185.8215
336.8334	185.3096
337.8572	185.3096
337.8572	184.7977
338.8810	184.7977
338.8810	184.2857
339.3929	184.2857
339.3929	183.7738
339.9048	183.7738
339.9048	183.2619
340.4167	183.2619
340.4167	182.7500
340.9286	182.7500
340.9286	182.2381
341.4405	182.2381
341.4405	181.2143
341.9524	181.2143
341.9524	185.8215
341.4405	185.8215
341.4405	190.4286
340.9286	190.4286
340.9286	193.5000
341.4405	193.5000
341.4405	194.5238
340.9286	194.5238
340.9286	196.0596
340.4167	196.0596
340.4167	198.6191
339.9048	198.6191
339.9048	202.2024
340.4167	202.2024
340.4167	204.7619
340.9286	204.7619
340.9286	205.7858
341.4405	205.7858
341.4405	206.8096
341.9524	206.8096
341.9524	207.3215
342.4644	207.3215
342.4644	208.3453
342.9763	208.3453
342.9763	209.3691
343.4882	209.3691
343.4882	209.8810
344.0001	209.8810
344.0001	210.3929
344.5120	210.3929
344.5120	210.9048
345.0239	210.9048
345.0239	211.4167
345.5358	211.4167
345.5358	211.9286
346.0477	211.9286
346.0477	212.4405
347.0715	212.4405
347.0715	212.9524
348.0953	212.9524
348.0953	213.4643
349.1191	213.4643
349.1191	213.9762
351.6786	213.9762
351.6786	214.4881
352.7024	214.4881
352.7024	215.0000
355.2620	215.0000
355.2620	215.5119
359.8691	215.5119
359.8691	215.0000
362.4286	215.0000
362.4286	214.4881
363.4525	214.4881
363.4525	213.9762
364.4763	213.9762
364.4763	213.4643
364.9882	213.4643
364.9882	212.9524
365.5001	212.9524
365.5001	212.4405
366.0120	212.4405
366.0120	211.9286
366.5239	211.9286
366.5239	211.4167
367.0358	211.4167
367.0358	210.9048
367.5477	210.9048
367.5477	210.3929
368.0596	210.3929
368.0596	209.8810
369.0834	209.8810
369.0834	209.3691
371.6429	209.3691
371.6429	208.8572
378.8096	208.8572
378.8096	208.3453
381.3691	208.3453
381.3691	208.8572
383.9286	208.8572
383.9286	209.3691
384.4405	209.3691
384.4405	209.8810
384.9525	209.8810
384.9525	210.3929
385.9763	210.3929
385.9763	210.9048
387.0001	210.9048
387.0001	211.4167
389.5596	211.4167
389.5596	211.9286
392.1191	211.9286
392.1191	211.4167
394.6786	211.4167
394.6786	210.9048
395.1906	210.9048
395.1906	211.4167
395.7025	211.4167
395.7025	213.9762
396.2144	213.9762
396.2144	215.5119
396.7263	215.5119
396.7263	216.5358
397.2382	216.5358
397.2382	217.5596
397.7501	217.5596
397.7501	218.0715
398.2620	218.0715
398.2620	218.5834
398.7739	218.5834
398.7739	219.0953
399.2858	219.0953
399.2858	219.6072
399.7977	219.6072
399.7977	220.1191
400.8215	220.1191
400.8215	220.6310
401.8453	220.6310
401.8453	221.1429
404.4048	221.1429
404.4048	221.6548
407.9882	221.6548
407.9882	221.1429
409.0120	221.1429
409.0120	221.6548
411.5715	221.6548
411.5715	222.1667
415.1548	222.1667
415.1548	222.6786
416.1787	222.6786
416.1787	225.7500
415.6667	225.7500
415.6667	230.8691
416.1787	230.8691
416.1787	233.4286
416.6906	233.4286
416.6906	234.4524
417.2025	234.4524
417.2025	235.4762
417.7144	235.4762
417.7144	235.9881
418.2263	235.9881
418.2263	236.5000
418.7382	236.5000
418.7382	239.0596
419.2501	239.0596
419.2501	240.5953
419.7620	240.5953
419.7620	241.6191
420.2739	241.6191
420.2739	242.6429
420.7858	242.6429
420.7858	243.1548
421.2977	243.1548
421.2977	243.6667
421.8096	243.6667
421.8096	244.1786
422.3215	244.1786
422.3215	244.6905
422.8334	244.6905
422.8334	245.2024
423.3453	245.2024
423.3453	245.7143
424.3691	245.7143
424.3691	246.7381
423.8572	246.7381
423.8572	247.7620
423.3453	247.7620
423.3453	250.3215
422.8334	250.3215
422.8334	253.9048
423.3453	253.9048
423.3453	256.4643
423.8572	256.4643
423.8572	257.4881
424.3691	257.4881
424.3691	258.5120
423.8572	258.5120
423.8572	263.6310
423.3453	263.6310
423.3453	264.1429
422.8334	264.1429
422.8334	264.6548
422.3215	264.6548
422.3215	265.1667
421.8096	265.1667
421.8096	265.6786
421.2977	265.6786
421.2977	266.1905
420.7858	266.1905
420.7858	266.7024
420.2739	266.7024
420.2739	267.2143
419.7620	267.2143
419.7620	267.7262
419.2501	267.7262
419.2501	268.2381
418.7382	268.2381
418.7382	269.2620
418.2263	269.2620
418.2263	270.2858
417.7144	270.2858
417.7144	271.3096
417.2025	271.3096
417.2025	272.3334
416.6906	272.3334
416.6906	272.8453
416.1787	272.8453
416.1787	273.3572
415.6667	273.3572
415.6667	273.8691
415.1548	273.8691
415.1548	274.3810
414.6429	274.3810
414.6429	275.4048
414.1310	275.4048
414.1310	276.4286
413.6191	276.4286
413.6191	276.9405
413.1072	276.9405
413.1072	277.9643
412.5953	277.9643
412.5953	278.9881
412.0834	278.9881
412.0834	280.5239
411.5715	280.5239
411.5715	281.5477
411.0596	281.5477
411.0596	284.1072
410.5477	284.1072
410.5477	284.6191
410.0358	284.6191
410.0358	285.1310
409.5239	285.1310
409.5239	285.6429
409.0120	285.6429
409.0120	286.1548
408.5001	286.1548
408.5001	286.6667
407.9882	286.6667
407.9882	287.6905
407.4763	287.6905
407.4763	288.2024
406.4525	288.2024
406.4525	288.7143
405.4286	288.7143
405.4286	289.2262
404.9167	289.2262
404.9167	289.7382
404.4048	289.7382
404.4048	290.2501
403.8929	290.2501
403.8929	290.7620
403.3810	290.7620
403.3810	291.2739
402.8691	291.2739
402.8691	291.7858
402.3572	291.7858
402.3572	292.2977
401.8453	292.2977
401.8453	292.8096
401.3334	292.8096
401.3334	293.3215
400.8215	293.3215
400.8215	293.8334
400.3096	293.8334
400.3096	294.3453
399.7977	294.3453
399.7977	295.3691
399.2858	295.3691
399.2858	296.3929
398.7739	296.3929
398.7739	298.9524
398.2620	298.9524
398.2620	302.0239
397.7501	302.0239
397.7501	309.1905
398.2620	309.1905
398.2620	311.7501
398.7739	311.7501
398.7739	312.7739
399.2858	312.7739
399.2858	313.7977
399.7977	313.7977
399.7977	314.3096
400.3096	314.3096
400.3096	314.8215
400.8215	314.8215
400.8215	315.3334
401.3334	315.3334
401.3334	315.8453
401.8453	315.8453
401.8453	316.3572
402.3572	316.3572
402.3572	316.8691
402.8691	316.8691
402.8691	317.3810
403.8929	317.3810
403.8929	317.8929
404.4048	317.8929
404.4048	318.4048
404.9167	318.4048
404.9167	318.9167
405.4286	318.9167
405.4286	319.4286
405.9406	319.4286
405.9406	319.9405
406.9644	319.9405
406.9644	320.4524
407.4763	320.4524
407.4763	320.9643
407.9882	320.9643
407.9882	321.4763
408.5001	321.4763
408.5001	321.9882
407.9882	321.9882
407.9882	323.0120
407.4763	323.0120
407.4763	323.5239
405.9406	323.5239
405.9406	324.0358
404.9167	324.0358
404.9167	324.5477
403.8929	324.5477
403.8929	325.0596
403.3810	325.0596
403.3810	325.5715
402.8691	325.5715
402.8691	326.0834
402.3572	326.0834
402.3572	326.5953
399.2858	326.5953
399.2858	327.1072
396.7263	327.1072
396.7263	327.6191
395.7025	327.6191
395.7025	328.1310
394.6786	328.1310
394.6786	328.6429
393.6548	328.6429
393.6548	329.1548
391.0953	329.1548
391.0953	329.6667
390.0715	329.6667
390.0715	329.1548
383.9286	329.1548
383.9286	329.6667
382.9048	329.6667
382.9048	329.1548
378.2977	329.1548
378.2977	329.6667
373.6905	329.6667
373.6905	330.1786
371.1310	330.1786
371.1310	330.6905
370.1072	330.6905
370.1072	331.2024
369.0834	331.2024
369.0834	331.7143
368.0596	331.7143
368.0596	332.2263
367.5477	332.2263
367.5477	332.7382
367.0358	332.7382
367.0358	333.2501
366.0120	333.2501
366.0120	333.7620
365.5001	333.7620
365.5001	334.2739
364.9882	334.2739
364.9882	334.7858
364.4763	334.7858
364.4763	335.2977
363.4525	335.2977
363.4525	335.8096
362.9405	335.8096
362.9405	336.3215
362.4286	336.3215
362.4286	336.8334
361.9167	336.8334
361.9167	337.3453
361.4048	337.3453
361.4048	337.8572
360.8929	337.8572
360.8929	338.3691
360.3810	338.3691
360.3810	339.3929
359.8691	339.3929
359.8691	340.4167
359.3572	340.4167
359.3572	342.9763
358.8453	342.9763
358.8453	345.5358
359.3572	345.5358
359.3572	348.0953
359.8691	348.0953
359.8691	349.1191
360.3810	349.1191
360.3810	350.1429
360.8929	350.1429
360.8929	350.6548
361.4048	350.6548
361.4048	351.6786
361.9167	351.6786
361.9167	352.7024
362.4286	352.7024
362.4286	353.2144
362.9405	353.2144
362.9405	353.7263
363.4525	353.7263
363.4525	354.7501
362.9405	354.7501
362.9405	355.2620
360.3810	355.2620
360.3810	355.7739
359.3572	355.7739
359.3572	356.2858
358.3334	356.2858
358.3334	356.7977
357.3096	356.7977
357.3096	357.3096
356.7977	357.3096
356.7977	357.8215
356.2858	357.8215
356.2858	358.3334
355.7739	358.3334
355.7739	358.8453
355.2620	358.8453
355.2620	359.3572
354.7501	359.3572
354.7501	360.3810
354.2382	360.3810
354.2382	361.4048
353.7263	361.4048
353.7263	363.9644
353.2144	363.9644
353.2144	369.0834
351.6786	369.0834
351.6786	367.5477
351.1667	367.5477
351.1667	366.0120
350.6548	366.0120
350.6548	362.9405
351.1667	362.9405
351.1667	358.8453
350.6548	358.8453
350.6548	356.2858
350.1429	356.2858
350.1429	355.2620
349.6310	355.2620
349.6310	354.2382
349.1191	354.2382
349.1191	353.7263
348.6072	353.7263
348.6072	353.2144
348.0953	353.2144
348.0953	352.1905
347.5834	352.1905
347.5834	351.1667
347.0715	351.1667
347.0715	350.1429
346.5596	350.1429
346.5596	349.6310
346.0477	349.6310
346.0477	349.1191
345.5358	349.1191
345.5358	348.6072
345.0239	348.6072
345.0239	348.0953
344.5120	348.0953
344.5120	347.5834
344.0001	347.5834
344.0001	347.0715
342.9763	347.0715
342.9763	345.5358
343.4882	345.5358
343.4882	340.9286
342.9763	340.9286
342.9763	338.3691
342.4644	338.3691
342.4644	337.3453
341.9524	337.3453
341.9524	336.3215
341.4405	336.3215
341.4405	335.8096
340.9286	335.8096
340.9286	335.2977
340.4167	335.2977
340.4167	334.7858
339.9048	334.7858
339.9048	334.2739
339.3929	334.2739
339.3929	333.7620
338.3691	333.7620
338.3691	333.2501
337.3453	333.2501
337.3453	332.7382
336.3215	332.7382
336.3215	332.2263
333.7620	332.2263
333.7620	331.2024
333.2501	331.2024
333.2501	330.6905
332.7382	330.6905
332.7382	330.1786
332.2263	330.1786
332.2263	329.6667
331.7143	329.6667
331.7143	329.1548
331.2024	329.1548
331.2024	328.6429
330.6905	328.6429
330.6905	328.1310
329.6667	328.1310
329.6667	327.1072
329.1548	327.1072
329.1548	326.5953
328.6429	326.5953
328.6429	326.0834
328.1310	326.0834
328.1310	325.5715
327.6191	325.5715
327.6191	325.0596
327.1072	325.0596
327.1072	324.5477
326.5953	324.5477
326.5953	324.0358
326.0834	324.0358
326.0834	323.5239
325.5715	323.5239
325.5715	323.0120
324.5477	323.0120
324.5477	322.5001
323.5239	322.5001
323.5239	321.9882
321.9882	321.9882
321.9882	321.4763
320.9643	321.4763
320.9643	320.9643
319.9405	320.9643
319.9405	320.4524
318.4048	320.4524
318.4048	319.9405
315.8453	319.9405
315.8453	319.4286
315.3334	319.4286
315.3334	318.9167
314.8215	318.9167
314.8215	316.8691
314.3096	316.8691
314.3096	315.8453
313.7977	315.8453
313.7977	314.8215
313.2858	314.8215
313.2858	314.3096
312.7739	314.3096
312.7739	313.7977
312.2620	313.7977
312.2620	313.2858
311.7501	313.2858
311.7501	312.7739
311.2382	312.7739
311.2382	312.2620
310.7262	312.2620
310.7262	311.2382
310.2143	311.2382
310.2143	310.2143
309.7024	310.2143
309.7024	309.7024
309.1905	309.7024
309.1905	309.1905
308.6786	309.1905
308.6786	308.6786
308.1667	308.6786
308.1667	308.1667
307.6548	308.1667
307.6548	307.6548
307.1429	307.6548
307.1429	307.1429
306.6310	307.1429
306.6310	306.6310
306.1191	306.6310
306.1191	306.1191
305.6072	306.1191
305.6072	305.6072
304.5834	305.6072
304.5834	304.5834
304.0715	304.5834
304.0715	304.0715
303.5596	304.0715
303.5596	303.5596
303.0477	303.5596
303.0477	303.0477
302.5358	303.0477
302.5358	302.5358
302.0239	302.5358
302.0239	302.0239
301.5120	302.0239
301.5120	301.5120
300.4882	301.5120
300.4882	299.4643
299.9762	299.4643
299.9762	298.4405
299.4643	298.4405
299.4643	297.4167
298.9524	297.4167
298.9524	295.8810
298.4405	295.8810
298.4405	294.8572
297.9286	294.8572
297.9286	293.8334
297.4167	293.8334
297.4167	293.3215
296.9048	293.3215
296.9048	292.8096
296.3929	292.8096
296.3929	291.7858
295.8810	291.7858
295.8810	290.7620
295.3691	290.7620
295.3691	290.2501
294.8572	290.2501
294.8572	289.7382
294.3453	289.7382
294.3453	289.2262
293.8334	289.2262
293.8334	288.7143
293.3215	288.7143
293.3215	288.2024
292.8096	288.2024
292.8096	287.6905
292.2977	287.6905
292.2977	287.1786
291.7858	287.1786
291.7858	286.6667
291.2739	286.6667
291.2739	286.1548
290.7620	286.1548
290.7620	285.1310
290.2501	285.1310
290.2501	283.5953
289.7382	283.5953
289.7382	281.0358
289.2262	281.0358
289.2262	280.0120
288.7143	280.0120
288.7143	278.9881
288.2024	278.9881
288.2024	278.4762
287.6905	278.4762
287.6905	277.4524
287.1786	277.4524
287.1786	276.9405
286.6667	276.9405
286.6667	275.9167
286.1548	275.9167
286.1548	275.4048
285.6429	275.4048
285.6429	274.8929
285.1310	274.8929
285.1310	274.3810
284.6191	274.3810
284.6191	273.8691
284.1072	273.8691
284.1072	273.3572
283.5953	273.3572
283.5953	272.8453
283.0834	272.8453
283.0834	272.3334
282.5715	272.3334
282.5715	271.3096
282.0596	271.3096
282.0596	270.7977
282.5715	270.7977
282.5715	270.2858
283.0834	270.2858
283.0834	269.7739
284.6191	269.7739
284.6191	269.2620
285.6429	269.2620
285.6429	268.7501
287.1786	268.7501
287.1786	268.2381
288.2024	268.2381
288.2024	267.7262
289.2262	267.7262
289.2262	267.2143
289.7382	267.2143
289.7382	266.7024
290.2501	266.7024
290.2501	266.1905
290.7620	266.1905
290.7620	265.6786
291.2739	265.6786
291.2739	265.1667
291.7858	265.1667
291.7858	264.1429
292.2977	264.1429
292.2977	263.1191
292.8096	263.1191
292.8096	262.0953
293.3215	262.0953
293.3215	259.5358
293.8334	259.5358
293.8334	256.4643
293.3215	256.4643
293.3215	253.9048
292.8096	253.9048
292.8096	252.8810
293.3215	252.8810
293.3215	251.3453
293.8334	251.3453
293.8334	250.3215
294.3453	250.3215
294.3453	249.2977
294.8572	249.2977
294.8572	248.2739
295.3691	248.2739
295.3691	247.7620
295.8810	247.7620
295.8810	247.2500
296.3929	247.2500
296.3929	246.7381
296.9048	246.7381
296.9048	246.2262
297.4167	246.2262
297.4167	245.7143
297.9286	245.7143
297.9286	244.6905
298.4405	244.6905
298.4405	244.1786
298.9524	244.1786
298.9524	243.6667
299.4643	243.6667
299.4643	243.1548
299.9762	243.1548
299.9762	242.6429
300.4882	242.6429
300.4882	241.6191
301.0001	241.6191
301.0001	240.5953
301.5120	240.5953
301.5120	240.0834
302.0239	240.0834
302.0239	239.5715
302.5358	239.5715
302.5358	238.5477
303.0477	238.5477
303.0477	237.5239
303.5596	237.5239
303.5596	235.9881
305.0953	235.9881
305.0953	235.4762
306.1191	235.4762
306.1191	234.9643
308.1667	234.9643
308.1667	234.4524
309.1905	234.4524
309.1905	233.9405
310.2143	233.9405
310.2143	233.4286
310.7262	233.4286
310.7262	232.9167
311.2382	232.9167
311.2382	232.4048
311.7501	232.4048
311.7501	231.8929
312.2620	231.8929
312.2620	231.3810
312.7739	231.3810
312.7739	230.3572
313.2858	230.3572
313.2858	229.8453
313.7977	229.8453
313.7977	229.3334
314.3096	229.3334
314.3096	228.8215
314.8215	228.8215
314.8215	228.3096
315.3334	228.3096
315.3334	227.2858
315.8453	227.2858
315.8453	226.2619
316.3572	226.2619
316.3572	223.7024
316.8691	223.7024
316.8691	217.5596
317.3810	217.5596
317.3810	192.4762
316.8691	192.4762
316.8691	189.9167
316.3572	189.9167
316.3572	188.8929
315.8453	188.8929
315.8453	187.8691
315.3334	187.8691
315.3334	187.3572
314.8215	187.3572
314.8215	186.8453
314.3096	186.8453
314.3096	186.3334
313.7977	186.3334
313.7977	185.8215
313.2858	185.8215
313.2858	185.3096
312.2620	185.3096
312.2620	184.7977
311.7501	184.7977
311.7501	184.2857
311.2382	184.2857
311.2382	183.7738
310.7262	183.7738
310.7262	183.2619
310.2143	183.2619
310.2143	182.7500
309.7024	182.7500
309.7024	182.2381
309.1905	182.2381
309.1905	181.7262
308.6786	181.7262
308.6786	181.2143
308.1667	181.2143
308.1667	180.7024
308.6786	180.7024
308.6786	180.1905
309.7024	180.1905
309.7024	179.6786
310.7262	179.6786
310.7262	179.1667
311.2382	179.1667
311.2382	178.6548
311.7501	178.6548
311.7501	178.1429
312.2620	178.1429
312.2620	177.6310
312.7739	177.6310
312.7739	177.1191
313.2858	177.1191
313.2858	176.0953
313.7977	176.0953
313.7977	175.0715
314.3096	175.0715
314.3096	172.5119
314.8215	172.5119
314.8215	168.9286
314.3096	168.9286
314.3096	167.3929
314.8215	167.3929
