337.3453	198.1072
337.8572	198.1072
337.8572	199.1310
338.3691	199.1310
338.3691	200.1548
338.8810	200.1548
338.8810	202.2024
339.3929	202.2024
339.3929	203.2262
339.9048	203.2262
339.9048	204.2500
340.4167	204.2500
340.4167	205.2738
340.9286	205.2738
340.9286	206.2977
341.4405	206.2977
341.4405	207.3215
341.9524	207.3215
341.9524	207.8334
342.4644	207.8334
342.4644	208.3453
342.9763	208.3453
342.9763	208.8572
343.4882	208.8572
343.4882	209.3691
344.0001	209.3691
344.0001	209.8810
344.5120	209.8810
344.5120	210.3929
345.0239	210.3929
345.0239	210.9048
346.0477	210.9048
346.0477	211.4167
347.0715	211.4167
347.0715	211.9286
349.1191	211.9286
349.1191	212.4405
351.6786	212.4405
351.6786	212.9524
354.7501	212.9524
354.7501	212.4405
357.3096	212.4405
357.3096	211.9286
358.3334	211.9286
358.3334	211.4167
359.3572	211.4167
359.3572	210.9048
360.3810	210.9048
360.3810	210.3929
362.4286	210.3929
362.4286	209.8810
363.4525	209.8810
363.4525	209.3691
364.4763	209.3691
364.4763	208.8572
364.9882	208.8572
364.9882	208.3453
366.0120	208.3453
366.0120	207.8334
371.6429	207.8334
371.6429	208.3453
375.2263	208.3453
375.2263	208.8572
378.2977	208.8572
378.2977	208.3453
379.3215	208.3453
379.3215	208.8572
383.4167	208.8572
383.4167	209.3691
387.5120	209.3691
387.5120	208.8572
391.0953	208.8572
391.0953	209.3691
391.6072	209.3691
391.6072	210.9048
392.1191	210.9048
392.1191	211.9286
392.6310	211.9286
392.6310	212.9524
393.1429	212.9524
393.1429	213.4643
393.6548	213.4643
393.6548	213.9762
394.1667	213.9762
394.1667	214.4881
394.6786	214.4881
394.6786	215.0000
395.1906	215.0000
395.1906	215.5119
396.2144	215.5119
396.2144	216.0239
397.2382	216.0239
397.2382	216.5358
399.7977	216.5358
399.7977	217.0477
402.3572	217.0477
402.3572	216.5358
403.8929	216.5358
403.8929	217.0477
404.4048	217.0477
404.4048	217.5596
405.4286	217.5596
405.4286	218.0715
406.4525	218.0715
406.4525	218.5834
406.9644	218.5834
406.9644	219.0953
407.9882	219.0953
407.9882	219.6072
409.0120	219.6072
409.0120	220.1191
410.0358	220.1191
410.0358	220.6310
412.0834	220.6310
412.0834	221.1429
413.1072	221.1429
413.1072	222.1667
413.6191	222.1667
413.6191	224.7262
414.1310	224.7262
414.1310	226.2619
414.6429	226.2619
414.6429	227.2858
415.1548	227.2858
415.1548	228.3096
415.6667	228.3096
415.6667	228.8215
416.1787	228.8215
416.1787	229.3334
416.6906	229.3334
416.6906	230.3572
417.2025	230.3572
417.2025	231.3810
417.7144	231.3810
417.7144	233.9405
418.2263	233.9405
418.2263	235.9881
418.7382	235.9881
418.7382	237.0119
419.2501	237.0119
419.2501	238.5477
419.7620	238.5477
419.7620	239.5715
420.2739	239.5715
420.2739	240.5953
420.7858	240.5953
420.7858	241.1072
421.2977	241.1072
421.2977	241.6191
421.8096	241.6191
421.8096	242.1310
422.3215	242.1310
422.3215	247.2500
422.8334	247.2500
422.8334	248.2739
422.3215	248.2739
422.3215	251.8572
422.8334	251.8572
422.8334	256.4643
423.3453	256.4643
423.3453	259.0239
423.8572	259.0239
423.8572	260.0477
424.3691	260.0477
424.3691	261.0715
424.8810	261.0715
424.8810	261.5834
424.3691	261.5834
424.3691	264.1429
423.8572	264.1429
423.8572	267.7262
424.3691	267.7262
424.3691	268.7501
423.3453	268.7501
423.3453	269.2620
422.3215	269.2620
422.3215	269.7739
421.8096	269.7739
421.8096	270.2858
421.2977	270.2858
421.2977	270.7977
420.7858	270.7977
420.7858	271.3096
420.2739	271.3096
420.2739	271.8215
419.7620	271.8215
419.7620	272.3334
418.7382	272.3334
418.7382	272.8453
418.2263	272.8453
418.2263	273.3572
417.7144	273.3572
417.7144	273.8691
417.2025	273.8691
417.2025	274.3810
416.6906	274.3810
416.6906	274.8929
416.1787	274.8929
416.1787	275.4048
415.6667	275.4048
415.6667	275.9167
415.1548	275.9167
415.1548	276.9405
414.6429	276.9405
414.6429	277.4524
414.1310	277.4524
414.1310	278.4762
413.6191	278.4762
413.6191	278.9881
413.1072	278.9881
413.1072	279.5001
412.5953	279.5001
412.5953	280.0120
412.0834	280.0120
412.0834	280.5239
411.5715	280.5239
411.5715	281.5477
411.0596	281.5477
411.0596	282.0596
410.5477	282.0596
410.5477	282.5715
410.0358	282.5715
410.0358	283.0834
409.5239	283.0834
409.5239	284.1072
409.0120	284.1072
409.0120	285.1310
408.5001	285.1310
408.5001	287.6905
407.9882	287.6905
407.9882	288.2024
407.4763	288.2024
407.4763	288.7143
406.9644	288.7143
406.9644	289.2262
406.4525	289.2262
406.4525	289.7382
405.9406	289.7382
405.9406	290.2501
405.4286	290.2501
405.4286	290.7620
404.9167	290.7620
404.9167	291.7858
403.8929	291.7858
403.8929	292.2977
402.8691	292.2977
402.8691	292.8096
402.3572	292.8096
402.3572	293.3215
401.8453	293.3215
401.8453	293.8334
401.3334	293.8334
401.3334	294.3453
400.8215	294.3453
400.8215	294.8572
400.3096	294.8572
400.3096	295.3691
399.7977	295.3691
399.7977	295.8810
399.2858	295.8810
399.2858	296.9048
398.7739	296.9048
398.7739	297.9286
398.2620	297.9286
398.2620	298.9524
397.7501	298.9524
397.7501	300.4882
397.2382	300.4882
397.2382	303.0477
396.7263	303.0477
396.7263	306.6310
396.2144	306.6310
396.2144	309.1905
395.7025	309.1905
395.7025	312.2620
396.2144	312.2620
396.2144	314.8215
396.7263	314.8215
396.7263	315.8453
397.2382	315.8453
397.2382	316.8691
397.7501	316.8691
397.7501	317.8929
398.2620	317.8929
398.2620	318.4048
398.7739	318.4048
398.7739	318.9167
399.2858	318.9167
399.2858	319.4286
399.7977	319.4286
399.7977	319.9405
400.3096	319.9405
400.3096	320.4524
400.8215	320.4524
400.8215	320.9643
401.3334	320.9643
401.3334	321.4763
402.3572	321.4763
402.3572	321.9882
403.3810	321.9882
403.3810	322.5001
404.9167	322.5001
404.9167	323.0120
405.9406	323.0120
405.9406	323.5239
408.5001	323.5239
408.5001	324.0358
410.0358	324.0358
410.0358	324.5477
410.5477	324.5477
410.5477	325.0596
411.0596	325.0596
411.0596	325.5715
411.5715	325.5715
411.5715	326.5953
411.0596	326.5953
411.0596	327.1072
410.5477	327.1072
410.5477	327.6191
410.0358	327.6191
410.0358	328.1310
409.5239	328.1310
409.5239	329.1548
409.0120	329.1548
409.0120	330.1786
408.5001	330.1786
408.5001	331.2024
407.9882	331.2024
407.9882	333.7620
406.9644	333.7620
406.9644	333.2501
405.9406	333.2501
405.9406	332.7382
405.4286	332.7382
405.4286	332.2263
404.9167	332.2263
404.9167	331.7143
404.4048	331.7143
404.4048	331.2024
403.8929	331.2024
403.8929	330.6905
403.3810	330.6905
403.3810	330.1786
402.3572	330.1786
402.3572	329.6667
401.3334	329.6667
401.3334	329.1548
398.7739	329.1548
398.7739	328.6429
396.2144	328.6429
396.2144	329.1548
377.7858	329.1548
377.7858	329.6667
375.2263	329.6667
375.2263	330.1786
372.6667	330.1786
372.6667	330.6905
371.1310	330.6905
371.1310	331.2024
370.1072	331.2024
370.1072	331.7143
369.0834	331.7143
369.0834	332.2263
368.5715	332.2263
368.5715	332.7382
367.5477	332.7382
367.5477	333.2501
366.5239	333.2501
366.5239	333.7620
365.5001	333.7620
365.5001	334.2739
364.4763	334.2739
364.4763	334.7858
363.9644	334.7858
363.9644	335.2977
363.4525	335.2977
363.4525	335.8096
360.8929	335.8096
360.8929	336.3215
359.8691	336.3215
359.8691	336.8334
358.8453	336.8334
358.8453	337.3453
358.3334	337.3453
358.3334	337.8572
357.8215	337.8572
357.8215	338.3691
357.3096	338.3691
357.3096	338.8810
356.7977	338.8810
356.7977	339.3929
356.2858	339.3929
356.2858	340.4167
355.7739	340.4167
355.7739	341.4405
355.2620	341.4405
355.2620	344.0001
354.7501	344.0001
354.7501	346.5596
355.2620	346.5596
355.2620	349.1191
355.7739	349.1191
355.7739	350.1429
356.2858	350.1429
356.2858	351.1667
356.7977	351.1667
356.7977	351.6786
357.3096	351.6786
357.3096	352.1905
357.8215	352.1905
357.8215	352.7024
358.3334	352.7024
358.3334	353.2144
358.8453	353.2144
358.8453	353.7263
359.8691	353.7263
359.8691	354.2382
360.8929	354.2382
360.8929	354.7501
363.4525	354.7501
363.4525	355.2620
364.4763	355.2620
364.4763	355.7739
364.9882	355.7739
364.9882	356.7977
365.5001	356.7977
365.5001	357.8215
362.9405	357.8215
362.9405	358.3334
360.3810	358.3334
360.3810	358.8453
359.3572	358.8453
359.3572	359.3572
358.3334	359.3572
358.3334	359.8691
357.8215	359.8691
357.8215	360.3810
357.3096	360.3810
357.3096	360.8929
356.7977	360.8929
356.7977	361.4048
356.2858	361.4048
356.2858	361.9167
355.7739	361.9167
355.7739	362.9405
355.2620	362.9405
355.2620	363.9644
354.7501	363.9644
354.7501	366.5239
354.2382	366.5239
354.2382	370.1072
353.7263	370.1072
353.7263	370.6191
353.2144	370.6191
353.2144	371.1310
352.7024	371.1310
352.7024	371.6429
352.1905	371.6429
352.1905	372.6667
351.6786	372.6667
351.6786	373.6905
351.1667	373.6905
351.1667	376.2501
350.6548	376.2501
350.6548	376.7620
350.1429	376.7620
350.1429	376.2501
349.6310	376.2501
349.6310	375.7382
349.1191	375.7382
349.1191	374.7144
348.6072	374.7144
348.6072	373.6905
348.0953	373.6905
348.0953	373.1786
347.5834	373.1786
347.5834	372.6667
347.0715	372.6667
347.0715	372.1548
346.5596	372.1548
346.5596	371.6429
346.0477	371.6429
346.0477	371.1310
345.5358	371.1310
345.5358	370.6191
344.5120	370.6191
344.5120	370.1072
343.4882	370.1072
343.4882	369.5953
340.9286	369.5953
340.9286	369.0834
338.3691	369.0834
338.3691	368.5715
337.8572	368.5715
337.8572	368.0596
337.3453	368.0596
337.3453	366.5239
338.8810	366.5239
338.8810	366.0120
339.9048	366.0120
339.9048	365.5001
340.9286	365.5001
340.9286	364.9882
341.4405	364.9882
341.4405	364.4763
341.9524	364.4763
341.9524	363.9644
342.4644	363.9644
342.4644	363.4525
342.9763	363.4525
342.9763	362.9405
343.4882	362.9405
343.4882	361.9167
344.0001	361.9167
344.0001	360.8929
344.5120	360.8929
344.5120	358.3334
345.0239	358.3334
345.0239	352.1905
345.5358	352.1905
345.5358	349.6310
345.0239	349.6310
345.0239	347.0715
344.5120	347.0715
344.5120	346.0477
344.0001	346.0477
344.0001	343.4882
343.4882	343.4882
343.4882	341.9524
342.9763	341.9524
342.9763	340.9286
342.4644	340.9286
342.4644	339.9048
341.9524	339.9048
341.9524	339.3929
341.4405	339.3929
341.4405	338.3691
340.9286	338.3691
340.9286	337.3453
340.4167	337.3453
340.4167	336.8334
339.9048	336.8334
339.9048	336.3215
339.3929	336.3215
339.3929	335.8096
338.8810	335.8096
338.8810	335.2977
338.3691	335.2977
338.3691	334.7858
337.8572	334.7858
337.8572	334.2739
336.8334	334.2739
336.8334	333.7620
335.8096	333.7620
335.8096	333.2501
334.2739	333.2501
334.2739	332.7382
331.7143	332.7382
331.7143	332.2263
330.6905	332.2263
330.6905	331.7143
329.6667	331.7143
329.6667	331.2024
329.1548	331.2024
329.1548	330.6905
328.6429	330.6905
328.6429	330.1786
328.1310	330.1786
328.1310	329.6667
327.1072	329.6667
327.1072	329.1548
326.0834	329.1548
326.0834	328.6429
325.0596	328.6429
325.0596	328.1310
324.0358	328.1310
324.0358	327.6191
323.5239	327.6191
323.5239	327.1072
323.0120	327.1072
323.0120	326.5953
322.5001	326.5953
322.5001	326.0834
321.9882	326.0834
321.9882	325.5715
321.4763	325.5715
321.4763	325.0596
320.4524	325.0596
320.4524	324.5477
319.4286	324.5477
319.4286	324.0358
316.8691	324.0358
316.8691	323.5239
315.3334	323.5239
315.3334	321.9882
314.8215	321.9882
314.8215	320.9643
314.3096	320.9643
314.3096	319.9405
313.7977	319.9405
313.7977	316.3572
313.2858	316.3572
313.2858	313.7977
312.7739	313.7977
312.7739	312.7739
312.2620	312.7739
312.2620	311.7501
311.7501	311.7501
311.7501	310.7262
311.2382	310.7262
311.2382	310.2143
310.7262	310.2143
310.7262	309.7024
310.2143	309.7024
310.2143	309.1905
309.7024	309.1905
309.7024	308.6786
309.1905	308.6786
309.1905	308.1667
308.1667	308.1667
308.1667	307.6548
307.1429	307.6548
307.1429	307.1429
305.6072	307.1429
305.6072	306.6310
305.0953	306.6310
305.0953	306.1191
304.0715	306.1191
304.0715	305.6072
303.0477	305.6072
303.0477	304.5834
302.5358	304.5834
302.5358	304.0715
302.0239	304.0715
302.0239	303.5596
301.5120	303.5596
301.5120	303.0477
301.0001	303.0477
301.0001	302.5358
300.4882	302.5358
300.4882	302.0239
299.9762	302.0239
299.9762	301.5120
298.9524	301.5120
298.9524	301.0001
298.4405	301.0001
298.4405	299.9762
297.9286	299.9762
297.9286	298.9524
297.4167	298.9524
297.4167	298.4405
296.9048	298.4405
296.9048	297.9286
296.3929	297.9286
296.3929	297.4167
295.8810	297.4167
295.8810	296.9048
295.3691	296.9048
295.3691	296.3929
294.3453	296.3929
294.3453	295.8810
293.3215	295.8810
293.3215	295.3691
290.7620	295.3691
290.7620	294.8572
290.2501	294.8572
290.2501	289.7382
289.7382	289.7382
289.7382	287.1786
289.2262	287.1786
289.2262	285.1310
288.7143	285.1310
288.7143	284.1072
288.2024	284.1072
288.2024	283.0834
287.6905	283.0834
287.6905	282.5715
287.1786	282.5715
287.1786	280.0120
286.6667	280.0120
286.6667	278.9881
286.1548	278.9881
286.1548	277.9643
285.6429	277.9643
285.6429	276.9405
285.1310	276.9405
285.1310	276.4286
284.6191	276.4286
284.6191	275.9167
284.1072	275.9167
284.1072	275.4048
283.5953	275.4048
283.5953	274.8929
283.0834	274.8929
283.0834	274.3810
282.0596	274.3810
282.0596	273.8691
281.0358	273.8691
281.0358	273.3572
280.5239	273.3572
280.5239	272.8453
281.0358	272.8453
281.0358	272.3334
281.5477	272.3334
281.5477	271.8215
282.5715	271.8215
282.5715	271.3096
283.0834	271.3096
283.0834	270.7977
283.5953	270.7977
283.5953	270.2858
284.6191	270.2858
284.6191	269.7739
285.6429	269.7739
285.6429	269.2620
286.6667	269.2620
286.6667	268.7501
287.1786	268.7501
287.1786	268.2381
287.6905	268.2381
287.6905	267.7262
288.2024	267.7262
288.2024	267.2143
288.7143	267.2143
288.7143	266.7024
289.2262	266.7024
289.2262	265.6786
289.7382	265.6786
289.7382	264.6548
290.2501	264.6548
290.2501	262.6072
290.7620	262.6072
290.7620	260.0477
291.2739	260.0477
291.2739	259.0239
291.7858	259.0239
291.7858	256.4643
292.2977	256.4643
292.2977	252.3691
291.7858	252.3691
291.7858	250.3215
292.2977	250.3215
292.2977	249.8096
292.8096	249.8096
292.8096	249.2977
293.3215	249.2977
293.3215	248.7858
293.8334	248.7858
293.8334	247.7620
294.3453	247.7620
294.3453	247.2500
294.8572	247.2500
294.8572	246.7381
295.3691	246.7381
295.3691	246.2262
295.8810	246.2262
295.8810	245.7143
296.3929	245.7143
296.3929	245.2024
296.9048	245.2024
296.9048	244.1786
297.4167	244.1786
297.4167	243.1548
297.9286	243.1548
297.9286	242.1310
298.9524	242.1310
298.9524	241.6191
299.9762	241.6191
299.9762	241.1072
300.4882	241.1072
300.4882	240.5953
301.5120	240.5953
301.5120	240.0834
302.0239	240.0834
302.0239	239.5715
302.5358	239.5715
302.5358	239.0596
303.0477	239.0596
303.0477	238.5477
303.5596	238.5477
303.5596	238.0358
304.0715	238.0358
304.0715	237.5239
304.5834	237.5239
304.5834	236.5000
305.0953	236.5000
305.0953	235.4762
305.6072	235.4762
305.6072	234.4524
306.1191	234.4524
306.1191	233.9405
306.6310	233.9405
306.6310	233.4286
307.6548	233.4286
307.6548	232.9167
308.6786	232.9167
308.6786	232.4048
309.7024	232.4048
309.7024	231.8929
310.2143	231.8929
310.2143	231.3810
310.7262	231.3810
310.7262	230.8691
311.2382	230.8691
311.2382	230.3572
311.7501	230.3572
311.7501	229.8453
312.2620	229.8453
312.2620	229.3334
312.7739	229.3334
312.7739	228.8215
313.2858	228.8215
313.2858	228.3096
313.7977	228.3096
313.7977	227.7977
314.3096	227.7977
314.3096	226.7739
314.8215	226.7739
314.8215	225.7500
315.3334	225.7500
315.3334	223.1905
315.8453	223.1905
315.8453	220.1191
315.3334	220.1191
315.3334	219.0953
315.8453	219.0953
315.8453	218.5834
316.3572	218.5834
316.3572	218.0715
317.3810	218.0715
317.3810	217.5596
317.8929	217.5596
317.8929	217.0477
318.9167	217.0477
318.9167	216.5358
323.0120	216.5358
323.0120	217.0477
326.5953	217.0477
326.5953	216.5358
329.1548	216.5358
329.1548	216.0239
330.1786	216.0239
330.1786	215.5119
331.2024	215.5119
331.2024	215.0000
331.7143	215.0000
331.7143	214.4881
332.2263	214.4881
332.2263	213.9762
332.7382	213.9762
332.7382	213.4643
333.2501	213.4643
333.2501	212.9524
333.7620	212.9524
333.7620	211.9286
334.2739	211.9286
334.2739	210.9048
334.7858	210.9048
334.7858	208.3453
335.2977	208.3453
335.2977	204.2500
335.8096	204.2500
335.8096	201.1786
335.2977	201.1786
335.2977	199.1310
335.8096	199.1310
335.8096	197.5953
336.3215	197.5953
336.3215	196.5715
337.3453	196.5715
