309.7024	218.5834
310.7262	218.5834
310.7262	219.0953
311.2382	219.0953
311.2382	219.6072
311.7501	219.6072
311.7501	220.1191
312.7739	220.1191
312.7739	220.6310
313.2858	220.6310
313.2858	221.1429
314.3096	221.1429
314.3096	221.6548
315.3334	221.6548
315.3334	222.1667
316.8691	222.1667
316.8691	222.6786
319.4286	222.6786
319.4286	223.1905
321.9882	223.1905
321.9882	222.6786
327.6191	222.6786
327.6191	222.1667
328.6429	222.1667
328.6429	222.6786
331.2024	222.6786
331.2024	223.1905
336.3215	223.1905
336.3215	223.7024
337.8572	223.7024
337.8572	224.2143
338.8810	224.2143
338.8810	224.7262
339.9048	224.7262
339.9048	225.2381
340.9286	225.2381
340.9286	225.7500
343.4882	225.7500
343.4882	226.2619
350.1429	226.2619
350.1429	226.7739
350.6548	226.7739
350.6548	227.2858
351.6786	227.2858
351.6786	227.7977
352.1905	227.7977
352.1905	228.3096
352.7024	228.3096
352.7024	228.8215
353.2144	228.8215
353.2144	229.3334
354.2382	229.3334
354.2382	229.8453
354.7501	229.8453
354.7501	230.3572
355.7739	230.3572
355.7739	230.8691
356.7977	230.8691
356.7977	231.3810
357.8215	231.3810
357.8215	231.8929
360.3810	231.8929
360.3810	232.4048
361.4048	232.4048
361.4048	232.9167
361.9167	232.9167
361.9167	233.4286
362.9405	233.4286
362.9405	233.9405
363.9644	233.9405
363.9644	234.4524
364.9882	234.4524
364.9882	234.9643
366.0120	234.9643
366.0120	235.4762
368.5715	235.4762
368.5715	235.9881
371.1310	235.9881
371.1310	236.5000
377.2739	236.5000
377.2739	237.0119
380.8572	237.0119
380.8572	236.5000
383.4167	236.5000
383.4167	235.9881
384.9525	235.9881
384.9525	236.5000
385.9763	236.5000
385.9763	237.0119
386.4882	237.0119
386.4882	237.5239
387.0001	237.5239
387.0001	238.0358
387.5120	238.0358
387.5120	238.5477
388.0239	238.5477
388.0239	239.0596
389.0477	239.0596
389.0477	239.5715
390.0715	239.5715
390.0715	240.0834
391.0953	240.0834
391.0953	240.5953
392.1191	240.5953
392.1191	241.1072
393.1429	241.1072
393.1429	241.6191
394.1667	241.6191
394.1667	242.1310
395.1906	242.1310
395.1906	242.6429
396.2144	242.6429
396.2144	243.1548
396.7263	243.1548
396.7263	243.6667
397.2382	243.6667
397.2382	244.1786
397.7501	244.1786
397.7501	244.6905
398.2620	244.6905
398.2620	245.2024
398.7739	245.2024
398.7739	245.7143
399.2858	245.7143
399.2858	246.2262
399.7977	246.2262
399.7977	246.7381
400.3096	246.7381
400.3096	247.2500
401.3334	247.2500
401.3334	247.7620
402.3572	247.7620
402.3572	248.2739
403.3810	248.2739
403.3810	249.2977
403.8929	249.2977
403.8929	249.8096
404.4048	249.8096
404.4048	251.3453
404.9167	251.3453
404.9167	252.3691
405.4286	252.3691
405.4286	253.3929
405.9406	253.3929
405.9406	254.9286
406.4525	254.9286
406.4525	255.9524
406.9644	255.9524
406.9644	256.9762
407.4763	256.9762
407.4763	257.4881
407.9882	257.4881
407.9882	258.0000
408.5001	258.0000
408.5001	258.5120
409.0120	258.5120
409.0120	259.5358
409.5239	259.5358
409.5239	260.5596
410.0358	260.5596
410.0358	261.0715
410.5477	261.0715
410.5477	263.1191
410.0358	263.1191
410.0358	269.7739
410.5477	269.7739
410.5477	270.2858
410.0358	270.2858
410.0358	272.8453
409.5239	272.8453
409.5239	275.9167
409.0120	275.9167
409.0120	278.4762
408.5001	278.4762
408.5001	281.5477
407.9882	281.5477
407.9882	284.1072
407.4763	284.1072
407.4763	292.2977
406.9644	292.2977
406.9644	293.3215
406.4525	293.3215
406.4525	295.3691
405.9406	295.3691
405.9406	295.8810
405.4286	295.8810
405.4286	296.3929
404.9167	296.3929
404.9167	296.9048
404.4048	296.9048
404.4048	297.4167
403.8929	297.4167
403.8929	298.4405
401.3334	298.4405
401.3334	298.9524
400.3096	298.9524
400.3096	299.4643
399.2858	299.4643
399.2858	299.9762
398.2620	299.9762
398.2620	300.4882
397.7501	300.4882
397.7501	301.0001
397.2382	301.0001
397.2382	301.5120
396.7263	301.5120
396.7263	302.0239
396.2144	302.0239
396.2144	302.5358
395.7025	302.5358
395.7025	303.5596
395.1906	303.5596
395.1906	304.5834
394.6786	304.5834
394.6786	305.0953
394.1667	305.0953
394.1667	305.6072
393.6548	305.6072
393.6548	306.1191
393.1429	306.1191
393.1429	306.6310
392.6310	306.6310
392.6310	307.1429
392.1191	307.1429
392.1191	308.1667
391.6072	308.1667
391.6072	308.6786
388.0239	308.6786
388.0239	309.1905
385.4644	309.1905
385.4644	309.7024
383.9286	309.7024
383.9286	309.1905
380.3453	309.1905
380.3453	309.7024
377.7858	309.7024
377.7858	310.2143
376.7620	310.2143
376.7620	310.7262
375.7382	310.7262
375.7382	311.2382
375.2263	311.2382
375.2263	311.7501
374.7144	311.7501
374.7144	312.2620
374.2025	312.2620
374.2025	312.7739
373.6905	312.7739
373.6905	313.2858
373.1786	313.2858
373.1786	314.3096
372.6667	314.3096
372.6667	315.3334
372.1548	315.3334
372.1548	317.8929
371.6429	317.8929
371.6429	320.9643
372.1548	320.9643
372.1548	321.9882
369.5953	321.9882
369.5953	322.5001
368.5715	322.5001
368.5715	323.0120
366.5239	323.0120
366.5239	323.5239
365.5001	323.5239
365.5001	324.0358
364.4763	324.0358
364.4763	324.5477
362.4286	324.5477
362.4286	324.0358
359.3572	324.0358
359.3572	323.5239
355.7739	323.5239
355.7739	324.0358
353.2144	324.0358
353.2144	324.5477
350.6548	324.5477
350.6548	325.0596
349.1191	325.0596
349.1191	324.5477
348.0953	324.5477
348.0953	324.0358
345.5358	324.0358
345.5358	323.5239
340.9286	323.5239
340.9286	322.5001
340.4167	322.5001
340.4167	321.9882
339.9048	321.9882
339.9048	321.4763
339.3929	321.4763
339.3929	320.9643
338.8810	320.9643
338.8810	320.4524
338.3691	320.4524
338.3691	319.9405
337.3453	319.9405
337.3453	319.4286
336.3215	319.4286
336.3215	318.9167
333.7620	318.9167
333.7620	318.4048
332.7382	318.4048
332.7382	317.8929
331.7143	317.8929
331.7143	317.3810
330.6905	317.3810
330.6905	315.8453
330.1786	315.8453
330.1786	314.8215
330.6905	314.8215
330.6905	308.1667
330.1786	308.1667
330.1786	305.6072
329.6667	305.6072
329.6667	304.5834
329.1548	304.5834
329.1548	303.5596
328.6429	303.5596
328.6429	303.0477
328.1310	303.0477
328.1310	302.5358
327.6191	302.5358
327.6191	302.0239
327.1072	302.0239
327.1072	301.5120
326.5953	301.5120
326.5953	301.0001
326.0834	301.0001
326.0834	300.4882
325.0596	300.4882
325.0596	299.9762
324.0358	299.9762
324.0358	299.4643
321.4763	299.4643
321.4763	298.9524
317.8929	298.9524
317.8929	298.4405
316.8691	298.4405
316.8691	297.9286
316.3572	297.9286
316.3572	297.4167
315.8453	297.4167
315.8453	296.9048
314.8215	296.9048
314.8215	296.3929
313.7977	296.3929
313.7977	295.8810
312.7739	295.8810
312.7739	295.3691
311.7501	295.3691
311.7501	294.8572
310.7262	294.8572
310.7262	294.3453
310.2143	294.3453
310.2143	293.8334
309.7024	293.8334
309.7024	293.3215
309.1905	293.3215
309.1905	292.8096
308.1667	292.8096
308.1667	292.2977
307.1429	292.2977
307.1429	291.7858
306.1191	291.7858
306.1191	291.2739
303.5596	291.2739
303.5596	290.7620
303.0477	290.7620
303.0477	289.7382
302.5358	289.7382
302.5358	287.1786
302.0239	287.1786
302.0239	286.1548
301.5120	286.1548
301.5120	285.1310
301.0001	285.1310
301.0001	284.6191
300.4882	284.6191
300.4882	284.1072
299.9762	284.1072
299.9762	283.5953
299.4643	283.5953
299.4643	283.0834
298.9524	283.0834
298.9524	282.5715
298.4405	282.5715
298.4405	282.0596
297.4167	282.0596
297.4167	281.5477
296.3929	281.5477
296.3929	281.0358
295.3691	281.0358
295.3691	280.5239
294.8572	280.5239
294.8572	280.0120
294.3453	280.0120
294.3453	279.5001
293.8334	279.5001
293.8334	278.9881
292.8096	278.9881
292.8096	278.4762
292.2977	278.4762
292.2977	277.9643
291.7858	277.9643
291.7858	277.4524
291.2739	277.4524
291.2739	276.9405
290.2501	276.9405
290.2501	276.4286
289.7382	276.4286
289.7382	275.9167
289.2262	275.9167
289.2262	273.8691
288.7143	273.8691
288.7143	272.8453
288.2024	272.8453
288.2024	271.8215
287.6905	271.8215
287.6905	271.3096
287.1786	271.3096
287.1786	270.7977
286.6667	270.7977
286.6667	270.2858
286.1548	270.2858
286.1548	269.7739
285.6429	269.7739
285.6429	269.2620
284.6191	269.2620
284.6191	268.7501
283.5953	268.7501
283.5953	268.2381
282.5715	268.2381
282.5715	267.7262
280.0120	267.7262
280.0120	266.7024
279.5001	266.7024
279.5001	266.1905
278.9881	266.1905
278.9881	265.6786
278.4762	265.6786
278.4762	265.1667
277.9643	265.1667
277.9643	264.6548
277.4524	264.6548
277.4524	264.1429
276.9405	264.1429
276.9405	263.6310
276.4286	263.6310
276.4286	252.3691
276.9405	252.3691
276.9405	249.2977
277.4524	249.2977
277.4524	246.7381
277.9643	246.7381
277.9643	243.6667
278.4762	243.6667
278.4762	243.1548
278.9881	243.1548
278.9881	242.1310
279.5001	242.1310
279.5001	241.1072
280.0120	241.1072
280.0120	238.5477
280.5239	238.5477
280.5239	235.4762
281.0358	235.4762
281.0358	234.9643
281.5477	234.9643
281.5477	234.4524
282.0596	234.4524
282.0596	233.4286
282.5715	233.4286
282.5715	232.9167
283.0834	232.9167
283.0834	232.4048
283.5953	232.4048
283.5953	231.8929
284.1072	231.8929
284.1072	231.3810
284.6191	231.3810
284.6191	230.8691
285.1310	230.8691
285.1310	230.3572
285.6429	230.3572
285.6429	229.8453
286.1548	229.8453
286.1548	229.3334
286.6667	229.3334
286.6667	228.8215
287.1786	228.8215
287.1786	228.3096
287.6905	228.3096
287.6905	227.7977
288.2024	227.7977
288.2024	227.2858
289.2262	227.2858
289.2262	226.7739
290.2501	226.7739
290.2501	226.2619
291.2739	226.2619
291.2739	225.7500
292.2977	225.7500
292.2977	225.2381
293.3215	225.2381
293.3215	224.7262
293.8334	224.7262
293.8334	224.2143
294.3453	224.2143
294.3453	223.7024
294.8572	223.7024
294.8572	223.1905
295.3691	223.1905
295.3691	222.6786
295.8810	222.6786
295.8810	222.1667
296.3929	222.1667
296.3929	221.6548
296.9048	221.6548
296.9048	220.6310
297.4167	220.6310
297.4167	220.1191
300.4882	220.1191
300.4882	220.6310
303.0477	220.6310
303.0477	220.1191
305.6072	220.1191
305.6072	219.6072
306.6310	219.6072
306.6310	219.0953
307.6548	219.0953
307.6548	218.5834
308.1667	218.5834
308.1667	218.0715
309.7024	218.0715
