361.9167	225.2381
362.9405	225.2381
362.9405	225.7500
363.9644	225.7500
363.9644	226.2619
364.9882	226.2619
364.9882	226.7739
366.0120	226.7739
366.0120	227.2858
367.0358	227.2858
367.0358	227.7977
368.0596	227.7977
368.0596	228.3096
369.0834	228.3096
369.0834	228.8215
370.1072	228.8215
370.1072	229.3334
370.6191	229.3334
370.6191	229.8453
371.6429	229.8453
371.6429	230.3572
372.1548	230.3572
372.1548	230.8691
372.6667	230.8691
372.6667	231.3810
373.1786	231.3810
373.1786	231.8929
373.6905	231.8929
373.6905	232.4048
374.7144	232.4048
374.7144	232.9167
375.2263	232.9167
375.2263	233.4286
375.7382	233.4286
375.7382	233.9405
376.2501	233.9405
376.2501	234.9643
376.7620	234.9643
376.7620	235.4762
377.2739	235.4762
377.2739	235.9881
377.7858	235.9881
377.7858	236.5000
378.2977	236.5000
378.2977	237.0119
378.8096	237.0119
378.8096	237.5239
379.8334	237.5239
379.8334	238.0358
380.8572	238.0358
380.8572	238.5477
381.3691	238.5477
381.3691	239.0596
382.3929	239.0596
382.3929	240.0834
382.9048	240.0834
382.9048	241.1072
383.4167	241.1072
383.4167	241.6191
383.9286	241.6191
383.9286	242.6429
384.4405	242.6429
384.4405	244.1786
384.9525	244.1786
384.9525	246.2262
385.4644	246.2262
385.4644	247.7620
385.9763	247.7620
385.9763	248.7858
386.4882	248.7858
386.4882	249.8096
387.0001	249.8096
387.0001	252.3691
387.5120	252.3691
387.5120	254.9286
388.0239	254.9286
388.0239	256.4643
388.5358	256.4643
388.5358	257.4881
389.0477	257.4881
389.0477	259.0239
389.5596	259.0239
389.5596	261.0715
390.0715	261.0715
390.0715	262.6072
390.5834	262.6072
390.5834	263.6310
391.0953	263.6310
391.0953	264.6548
391.6072	264.6548
391.6072	265.1667
392.1191	265.1667
392.1191	266.7024
391.6072	266.7024
391.6072	269.2620
392.1191	269.2620
392.1191	271.8215
392.6310	271.8215
392.6310	272.8453
393.1429	272.8453
393.1429	273.8691
393.6548	273.8691
393.6548	276.4286
393.1429	276.4286
393.1429	277.4524
392.6310	277.4524
392.6310	277.9643
392.1191	277.9643
392.1191	278.4762
391.6072	278.4762
391.6072	278.9881
391.0953	278.9881
391.0953	279.5001
390.5834	279.5001
390.5834	280.0120
390.0715	280.0120
390.0715	281.0358
389.5596	281.0358
389.5596	282.0596
389.0477	282.0596
389.0477	283.0834
388.5358	283.0834
388.5358	285.6429
388.0239	285.6429
388.0239	286.1548
387.5120	286.1548
387.5120	286.6667
387.0001	286.6667
387.0001	287.1786
386.4882	287.1786
386.4882	287.6905
385.9763	287.6905
385.9763	288.2024
385.4644	288.2024
385.4644	288.7143
384.9525	288.7143
384.9525	289.7382
384.4405	289.7382
384.4405	290.2501
383.9286	290.2501
383.9286	290.7620
383.4167	290.7620
383.4167	291.7858
382.9048	291.7858
382.9048	292.8096
382.3929	292.8096
382.3929	294.8572
381.8810	294.8572
381.8810	297.4167
381.3691	297.4167
381.3691	297.9286
377.7858	297.9286
377.7858	298.4405
375.2263	298.4405
375.2263	298.9524
374.2025	298.9524
374.2025	299.4643
373.1786	299.4643
373.1786	299.9762
371.1310	299.9762
371.1310	300.4882
369.0834	300.4882
369.0834	301.0001
367.0358	301.0001
367.0358	301.5120
366.0120	301.5120
366.0120	301.0001
363.4525	301.0001
363.4525	300.4882
359.8691	300.4882
359.8691	301.0001
357.3096	301.0001
357.3096	301.5120
353.7263	301.5120
353.7263	301.0001
350.1429	301.0001
350.1429	299.9762
349.6310	299.9762
349.6310	299.4643
349.1191	299.4643
349.1191	298.9524
348.6072	298.9524
348.6072	298.4405
348.0953	298.4405
348.0953	297.9286
347.5834	297.9286
347.5834	297.4167
347.0715	297.4167
347.0715	296.9048
346.0477	296.9048
346.0477	296.3929
345.0239	296.3929
345.0239	295.8810
342.4644	295.8810
342.4644	295.3691
339.9048	295.3691
339.9048	295.8810
337.3453	295.8810
337.3453	296.3929
336.3215	296.3929
336.3215	295.8810
336.8334	295.8810
336.8334	292.2977
336.3215	292.2977
336.3215	289.7382
335.8096	289.7382
335.8096	288.7143
335.2977	288.7143
335.2977	287.6905
334.7858	287.6905
334.7858	287.1786
334.2739	287.1786
334.2739	286.6667
333.7620	286.6667
333.7620	286.1548
333.2501	286.1548
333.2501	285.6429
332.7382	285.6429
332.7382	285.1310
331.7143	285.1310
331.7143	284.6191
330.6905	284.6191
330.6905	284.1072
329.6667	284.1072
329.6667	283.5953
327.1072	283.5953
327.1072	283.0834
326.5953	283.0834
326.5953	282.5715
326.0834	282.5715
326.0834	282.0596
325.5715	282.0596
325.5715	281.5477
325.0596	281.5477
325.0596	281.0358
324.5477	281.0358
324.5477	280.5239
323.5239	280.5239
323.5239	280.0120
322.5001	280.0120
322.5001	279.5001
319.9405	279.5001
319.9405	278.4762
320.4524	278.4762
320.4524	277.9643
320.9643	277.9643
320.9643	276.9405
321.4763	276.9405
321.4763	275.9167
321.9882	275.9167
321.9882	273.3572
322.5001	273.3572
322.5001	270.7977
321.9882	270.7977
321.9882	268.2381
321.4763	268.2381
321.4763	267.2143
320.9643	267.2143
320.9643	266.1905
320.4524	266.1905
320.4524	265.6786
319.9405	265.6786
319.9405	264.6548
320.4524	264.6548
320.4524	261.5834
319.9405	261.5834
319.9405	259.0239
319.4286	259.0239
319.4286	258.0000
318.9167	258.0000
318.9167	256.9762
318.4048	256.9762
318.4048	256.4643
317.8929	256.4643
317.8929	255.9524
317.3810	255.9524
317.3810	255.4405
316.8691	255.4405
316.8691	254.9286
316.3572	254.9286
316.3572	254.4167
315.3334	254.4167
315.3334	253.9048
314.3096	253.9048
314.3096	253.3929
312.7739	253.3929
312.7739	252.8810
312.2620	252.8810
312.2620	251.8572
311.7501	251.8572
311.7501	251.3453
312.2620	251.3453
312.2620	250.8334
313.2858	250.8334
313.2858	250.3215
313.7977	250.3215
313.7977	249.8096
314.3096	249.8096
314.3096	249.2977
314.8215	249.2977
314.8215	248.7858
315.3334	248.7858
315.3334	248.2739
315.8453	248.2739
315.8453	247.2500
316.3572	247.2500
316.3572	246.2262
316.8691	246.2262
316.8691	243.6667
317.3810	243.6667
317.3810	241.1072
316.8691	241.1072
316.8691	238.5477
316.3572	238.5477
316.3572	237.5239
315.8453	237.5239
315.8453	236.5000
315.3334	236.5000
315.3334	235.9881
314.8215	235.9881
314.8215	235.4762
314.3096	235.4762
314.3096	233.4286
313.7977	233.4286
313.7977	232.9167
314.3096	232.9167
314.3096	232.4048
314.8215	232.4048
314.8215	231.8929
315.8453	231.8929
315.8453	232.4048
316.8691	232.4048
316.8691	232.9167
317.3810	232.9167
317.3810	233.4286
317.8929	233.4286
317.8929	233.9405
318.4048	233.9405
318.4048	234.4524
318.9167	234.4524
318.9167	234.9643
319.4286	234.9643
319.4286	235.4762
319.9405	235.4762
319.9405	235.9881
320.9643	235.9881
320.9643	236.5000
321.9882	236.5000
321.9882	237.0119
324.5477	237.0119
324.5477	237.5239
327.6191	237.5239
327.6191	237.0119
330.1786	237.0119
330.1786	236.5000
331.2024	236.5000
331.2024	235.9881
332.2263	235.9881
332.2263	235.4762
332.7382	235.4762
332.7382	234.9643
333.2501	234.9643
333.2501	234.4524
333.7620	234.4524
333.7620	233.9405
334.2739	233.9405
334.2739	233.4286
334.7858	233.4286
334.7858	232.9167
335.2977	232.9167
335.2977	232.4048
335.8096	232.4048
335.8096	231.8929
336.3215	231.8929
336.3215	230.8691
336.8334	230.8691
336.8334	230.3572
337.3453	230.3572
337.3453	229.8453
338.8810	229.8453
338.8810	229.3334
340.4167	229.3334
340.4167	228.8215
341.4405	228.8215
341.4405	228.3096
342.4644	228.3096
342.4644	227.7977
342.9763	227.7977
342.9763	227.2858
345.0239	227.2858
345.0239	226.7739
346.0477	226.7739
346.0477	226.2619
351.1667	226.2619
351.1667	225.7500
357.8215	225.7500
357.8215	225.2381
360.3810	225.2381
360.3810	224.7262
361.9167	224.7262
