351.1667	254.4167
355.2620	254.4167
355.2620	254.9286
357.8215	254.9286
357.8215	255.4405
359.3572	255.4405
359.3572	255.9524
360.8929	255.9524
360.8929	256.4643
361.4048	256.4643
361.4048	256.9762
362.4286	256.9762
362.4286	257.4881
363.4525	257.4881
363.4525	258.0000
363.9644	258.0000
363.9644	258.5120
364.9882	258.5120
364.9882	259.0239
366.0120	259.0239
366.0120	259.5358
367.0358	259.5358
367.0358	260.0477
368.0596	260.0477
368.0596	260.5596
368.5715	260.5596
368.5715	261.0715
369.5953	261.0715
369.5953	261.5834
370.6191	261.5834
370.6191	262.0953
373.1786	262.0953
373.1786	262.6072
374.2025	262.6072
374.2025	263.1191
375.2263	263.1191
375.2263	263.6310
376.2501	263.6310
376.2501	264.1429
377.2739	264.1429
377.2739	264.6548
378.2977	264.6548
378.2977	265.1667
380.3453	265.1667
380.3453	265.6786
380.8572	265.6786
380.8572	266.1905
381.3691	266.1905
381.3691	266.7024
381.8810	266.7024
381.8810	267.2143
382.3929	267.2143
382.3929	267.7262
382.9048	267.7262
382.9048	268.2381
383.9286	268.2381
383.9286	269.2620
384.4405	269.2620
384.4405	269.7739
384.9525	269.7739
384.9525	270.7977
385.4644	270.7977
385.4644	271.3096
385.9763	271.3096
385.9763	271.8215
386.4882	271.8215
386.4882	272.3334
387.0001	272.3334
387.0001	272.8453
387.5120	272.8453
387.5120	273.3572
388.0239	273.3572
388.0239	274.3810
388.5358	274.3810
388.5358	274.8929
389.0477	274.8929
389.0477	275.4048
389.5596	275.4048
389.5596	275.9167
390.0715	275.9167
390.0715	277.4524
389.5596	277.4524
389.5596	282.5715
390.0715	282.5715
390.0715	285.1310
390.5834	285.1310
390.5834	287.1786
391.0953	287.1786
391.0953	288.7143
391.6072	288.7143
391.6072	290.7620
392.1191	290.7620
392.1191	291.7858
392.6310	291.7858
392.6310	292.8096
393.1429	292.8096
393.1429	293.8334
393.6548	293.8334
393.6548	294.8572
394.1667	294.8572
394.1667	296.9048
394.6786	296.9048
394.6786	301.5120
394.1667	301.5120
394.1667	304.0715
393.6548	304.0715
393.6548	309.1905
394.1667	309.1905
394.1667	311.7501
394.6786	311.7501
394.6786	312.7739
395.1906	312.7739
395.1906	314.3096
394.6786	314.3096
394.6786	314.8215
394.1667	314.8215
394.1667	315.3334
393.6548	315.3334
393.6548	315.8453
393.1429	315.8453
393.1429	316.3572
392.6310	316.3572
392.6310	316.8691
392.1191	316.8691
392.1191	317.3810
391.6072	317.3810
391.6072	317.8929
390.5834	317.8929
390.5834	318.4048
389.5596	318.4048
389.5596	318.9167
388.5358	318.9167
388.5358	319.4286
388.0239	319.4286
388.0239	319.9405
387.5120	319.9405
387.5120	320.4524
387.0001	320.4524
387.0001	320.9643
386.4882	320.9643
386.4882	321.4763
385.9763	321.4763
385.9763	321.9882
385.4644	321.9882
385.4644	322.5001
384.9525	322.5001
384.9525	323.0120
384.4405	323.0120
384.4405	323.5239
383.9286	323.5239
383.9286	324.0358
383.4167	324.0358
383.4167	325.0596
382.9048	325.0596
382.9048	325.5715
382.3929	325.5715
382.3929	326.0834
381.8810	326.0834
381.8810	326.5953
381.3691	326.5953
381.3691	327.6191
380.8572	327.6191
380.8572	328.6429
380.3453	328.6429
380.3453	329.1548
379.3215	329.1548
379.3215	329.6667
378.8096	329.6667
378.8096	330.1786
378.2977	330.1786
378.2977	330.6905
377.7858	330.6905
377.7858	331.2024
377.2739	331.2024
377.2739	331.7143
376.7620	331.7143
376.7620	332.2263
376.2501	332.2263
376.2501	332.7382
375.7382	332.7382
375.7382	333.2501
374.7144	333.2501
374.7144	333.7620
373.6905	333.7620
373.6905	334.2739
372.6667	334.2739
372.6667	334.7858
372.1548	334.7858
372.1548	335.2977
371.6429	335.2977
371.6429	335.8096
371.1310	335.8096
371.1310	336.3215
369.0834	336.3215
369.0834	336.8334
366.5239	336.8334
366.5239	337.3453
363.9644	337.3453
363.9644	337.8572
362.9405	337.8572
362.9405	338.3691
361.9167	338.3691
361.9167	338.8810
360.8929	338.8810
360.8929	339.3929
359.8691	339.3929
359.8691	339.9048
357.3096	339.9048
357.3096	340.4167
355.7739	340.4167
355.7739	339.9048
352.1905	339.9048
352.1905	340.4167
349.6310	340.4167
349.6310	339.9048
347.5834	339.9048
347.5834	339.3929
345.0239	339.3929
345.0239	338.8810
341.9524	338.8810
341.9524	338.3691
340.4167	338.3691
340.4167	337.8572
339.3929	337.8572
339.3929	337.3453
337.8572	337.3453
337.8572	336.8334
335.8096	336.8334
335.8096	336.3215
334.7858	336.3215
334.7858	335.2977
335.2977	335.2977
335.2977	334.2739
335.8096	334.2739
335.8096	333.2501
336.3215	333.2501
336.3215	330.6905
336.8334	330.6905
336.8334	327.6191
336.3215	327.6191
336.3215	325.0596
335.8096	325.0596
335.8096	324.0358
335.2977	324.0358
335.2977	323.0120
334.7858	323.0120
334.7858	322.5001
334.2739	322.5001
334.2739	321.9882
333.7620	321.9882
333.7620	321.4763
333.2501	321.4763
333.2501	320.9643
332.7382	320.9643
332.7382	320.4524
331.7143	320.4524
331.7143	319.9405
330.6905	319.9405
330.6905	319.4286
328.1310	319.4286
328.1310	318.9167
325.0596	318.9167
325.0596	319.4286
324.0358	319.4286
324.0358	318.4048
324.5477	318.4048
324.5477	317.8929
325.0596	317.8929
325.0596	317.3810
325.5715	317.3810
325.5715	316.3572
326.0834	316.3572
326.0834	315.3334
326.5953	315.3334
326.5953	312.7739
327.1072	312.7739
327.1072	309.7024
326.5953	309.7024
326.5953	307.1429
326.0834	307.1429
326.0834	306.1191
325.5715	306.1191
325.5715	305.0953
325.0596	305.0953
325.0596	304.0715
324.5477	304.0715
324.5477	303.0477
324.0358	303.0477
324.0358	302.5358
323.5239	302.5358
323.5239	302.0239
323.0120	302.0239
323.0120	301.5120
322.5001	301.5120
322.5001	301.0001
321.9882	301.0001
321.9882	298.4405
322.5001	298.4405
322.5001	297.9286
323.0120	297.9286
323.0120	297.4167
323.5239	297.4167
323.5239	296.3929
324.0358	296.3929
324.0358	295.3691
324.5477	295.3691
324.5477	292.8096
325.0596	292.8096
325.0596	287.6905
324.5477	287.6905
324.5477	285.1310
324.0358	285.1310
324.0358	284.1072
323.5239	284.1072
323.5239	283.0834
323.0120	283.0834
323.0120	282.5715
322.5001	282.5715
322.5001	282.0596
321.9882	282.0596
321.9882	281.5477
321.4763	281.5477
321.4763	281.0358
320.9643	281.0358
320.9643	280.5239
319.9405	280.5239
319.9405	280.0120
318.9167	280.0120
318.9167	279.5001
316.8691	279.5001
316.8691	278.4762
317.3810	278.4762
317.3810	277.4524
317.8929	277.4524
317.8929	275.4048
318.4048	275.4048
318.4048	274.3810
318.9167	274.3810
318.9167	273.3572
319.4286	273.3572
319.4286	272.8453
319.9405	272.8453
319.9405	271.8215
320.4524	271.8215
320.4524	271.3096
320.9643	271.3096
320.9643	270.2858
321.4763	270.2858
321.4763	269.2620
321.9882	269.2620
321.9882	268.2381
322.5001	268.2381
322.5001	267.2143
323.0120	267.2143
323.0120	265.6786
323.5239	265.6786
323.5239	265.1667
324.0358	265.1667
324.0358	264.6548
324.5477	264.6548
324.5477	264.1429
325.0596	264.1429
325.0596	263.6310
325.5715	263.6310
325.5715	263.1191
326.0834	263.1191
326.0834	262.6072
326.5953	262.6072
326.5953	262.0953
327.1072	262.0953
327.1072	261.0715
328.1310	261.0715
328.1310	260.5596
328.6429	260.5596
328.6429	260.0477
329.1548	260.0477
329.1548	259.5358
329.6667	259.5358
329.6667	259.0239
330.6905	259.0239
330.6905	258.5120
331.7143	258.5120
331.7143	258.0000
332.7382	258.0000
332.7382	257.4881
333.2501	257.4881
333.2501	256.9762
334.2739	256.9762
334.2739	256.4643
335.8096	256.4643
335.8096	255.9524
337.3453	255.9524
337.3453	255.4405
338.8810	255.4405
338.8810	254.9286
340.9286	254.9286
340.9286	254.4167
347.0715	254.4167
347.0715	253.9048
351.1667	253.9048
