355.2620	232.9167
357.8215	232.9167
357.8215	233.4286
360.3810	233.4286
360.3810	233.9405
363.4525	233.9405
363.4525	234.4524
366.0120	234.4524
366.0120	234.9643
368.5715	234.9643
368.5715	235.4762
371.6429	235.4762
371.6429	235.9881
372.6667	235.9881
372.6667	236.5000
373.6905	236.5000
373.6905	237.0119
374.7144	237.0119
374.7144	237.5239
376.2501	237.5239
376.2501	238.0358
377.2739	238.0358
377.2739	238.5477
379.3215	238.5477
379.3215	239.0596
379.8334	239.0596
379.8334	239.5715
380.8572	239.5715
380.8572	240.0834
381.8810	240.0834
381.8810	240.5953
383.4167	240.5953
383.4167	241.1072
384.9525	241.1072
384.9525	241.6191
385.4644	241.6191
385.4644	242.1310
386.4882	242.1310
386.4882	242.6429
387.5120	242.6429
387.5120	243.1548
388.5358	243.1548
388.5358	243.6667
389.5596	243.6667
389.5596	244.1786
390.5834	244.1786
390.5834	244.6905
391.0953	244.6905
391.0953	245.2024
392.1191	245.2024
392.1191	245.7143
392.6310	245.7143
392.6310	246.2262
393.6548	246.2262
393.6548	246.7381
394.1667	246.7381
394.1667	247.2500
395.1906	247.2500
395.1906	247.7620
396.2144	247.7620
396.2144	248.2739
396.7263	248.2739
396.7263	248.7858
397.2382	248.7858
397.2382	249.2977
397.7501	249.2977
397.7501	249.8096
398.2620	249.8096
398.2620	250.3215
398.7739	250.3215
398.7739	250.8334
399.7977	250.8334
399.7977	251.3453
400.8215	251.3453
400.8215	251.8572
401.3334	251.8572
401.3334	252.3691
402.3572	252.3691
402.3572	252.8810
402.8691	252.8810
402.8691	253.3929
403.3810	253.3929
403.3810	253.9048
403.8929	253.9048
403.8929	254.9286
404.4048	254.9286
404.4048	255.4405
404.9167	255.4405
404.9167	256.4643
405.4286	256.4643
405.4286	257.4881
405.9406	257.4881
405.9406	258.0000
406.4525	258.0000
406.4525	259.0239
406.9644	259.0239
406.9644	259.5358
407.4763	259.5358
407.4763	260.5596
407.9882	260.5596
407.9882	261.0715
408.5001	261.0715
408.5001	262.0953
409.0120	262.0953
409.0120	263.1191
409.5239	263.1191
409.5239	264.1429
410.0358	264.1429
410.0358	264.6548
410.5477	264.6548
410.5477	265.6786
411.0596	265.6786
411.0596	266.7024
411.5715	266.7024
411.5715	267.2143
412.0834	267.2143
412.0834	268.2381
412.5953	268.2381
412.5953	269.2620
413.1072	269.2620
413.1072	270.2858
413.6191	270.2858
413.6191	270.7977
414.1310	270.7977
414.1310	271.3096
414.6429	271.3096
414.6429	271.8215
415.1548	271.8215
415.1548	272.3334
415.6667	272.3334
415.6667	272.8453
416.1787	272.8453
416.1787	273.3572
416.6906	273.3572
416.6906	273.8691
417.7144	273.8691
417.7144	274.3810
418.2263	274.3810
418.2263	277.9643
417.7144	277.9643
417.7144	285.1310
418.2263	285.1310
418.2263	289.2262
418.7382	289.2262
418.7382	292.2977
419.2501	292.2977
419.2501	301.5120
418.7382	301.5120
418.7382	305.6072
418.2263	305.6072
418.2263	307.6548
417.7144	307.6548
417.7144	309.1905
417.2025	309.1905
417.2025	311.2382
416.6906	311.2382
416.6906	312.2620
416.1787	312.2620
416.1787	313.7977
415.6667	313.7977
415.6667	314.8215
415.1548	314.8215
415.1548	315.8453
414.6429	315.8453
414.6429	316.8691
414.1310	316.8691
414.1310	319.4286
413.6191	319.4286
413.6191	323.0120
411.0596	323.0120
411.0596	323.5239
408.5001	323.5239
408.5001	324.0358
407.4763	324.0358
407.4763	324.5477
406.4525	324.5477
406.4525	325.0596
405.4286	325.0596
405.4286	325.5715
404.9167	325.5715
404.9167	326.0834
404.4048	326.0834
404.4048	326.5953
403.8929	326.5953
403.8929	327.1072
403.3810	327.1072
403.3810	327.6191
402.8691	327.6191
402.8691	328.1310
402.3572	328.1310
402.3572	328.6429
401.8453	328.6429
401.8453	329.1548
401.3334	329.1548
401.3334	329.6667
400.8215	329.6667
400.8215	330.1786
400.3096	330.1786
400.3096	330.6905
399.2858	330.6905
399.2858	331.2024
398.7739	331.2024
398.7739	331.7143
398.2620	331.7143
398.2620	332.2263
397.7501	332.2263
397.7501	332.7382
397.2382	332.7382
397.2382	333.2501
396.7263	333.2501
396.7263	333.7620
396.2144	333.7620
396.2144	334.2739
395.1906	334.2739
395.1906	334.7858
394.1667	334.7858
394.1667	335.2977
393.6548	335.2977
393.6548	335.8096
392.6310	335.8096
392.6310	336.3215
391.6072	336.3215
391.6072	336.8334
391.0953	336.8334
391.0953	337.3453
390.5834	337.3453
390.5834	337.8572
390.0715	337.8572
390.0715	338.3691
389.5596	338.3691
389.5596	338.8810
389.0477	338.8810
389.0477	339.3929
388.5358	339.3929
388.5358	339.9048
388.0239	339.9048
388.0239	340.4167
387.0001	340.4167
387.0001	340.9286
386.4882	340.9286
386.4882	341.4405
385.9763	341.4405
385.9763	341.9524
384.9525	341.9524
384.9525	342.4644
383.9286	342.4644
383.9286	342.9763
382.9048	342.9763
382.9048	343.4882
382.3929	343.4882
382.3929	344.0001
381.8810	344.0001
381.8810	344.5120
381.3691	344.5120
381.3691	345.0239
380.8572	345.0239
380.8572	345.5358
379.8334	345.5358
379.8334	346.0477
378.8096	346.0477
378.8096	346.5596
378.2977	346.5596
378.2977	347.0715
377.7858	347.0715
377.7858	347.5834
376.7620	347.5834
376.7620	348.0953
375.7382	348.0953
375.7382	348.6072
375.2263	348.6072
375.2263	349.1191
374.7144	349.1191
374.7144	349.6310
372.1548	349.6310
372.1548	350.1429
370.1072	350.1429
370.1072	350.6548
368.5715	350.6548
368.5715	351.1667
367.0358	351.1667
367.0358	351.6786
363.4525	351.6786
363.4525	352.1905
361.4048	352.1905
361.4048	351.6786
353.2144	351.6786
353.2144	351.1667
351.6786	351.1667
351.6786	350.6548
349.1191	350.6548
349.1191	350.1429
344.5120	350.1429
344.5120	350.6548
343.4882	350.6548
343.4882	350.1429
342.9763	350.1429
342.9763	349.1191
342.4644	349.1191
342.4644	348.0953
341.9524	348.0953
341.9524	347.5834
341.4405	347.5834
341.4405	347.0715
340.9286	347.0715
340.9286	346.5596
340.4167	346.5596
340.4167	346.0477
339.9048	346.0477
339.9048	345.5358
339.3929	345.5358
339.3929	345.0239
338.8810	345.0239
338.8810	344.5120
337.8572	344.5120
337.8572	344.0001
336.8334	344.0001
336.8334	343.4882
334.2739	343.4882
334.2739	342.9763
331.7143	342.9763
331.7143	342.4644
331.2024	342.4644
331.2024	341.4405
331.7143	341.4405
331.7143	336.3215
331.2024	336.3215
331.2024	333.7620
330.6905	333.7620
330.6905	332.7382
330.1786	332.7382
330.1786	331.7143
329.6667	331.7143
329.6667	331.2024
329.1548	331.2024
329.1548	330.1786
328.6429	330.1786
328.6429	329.6667
328.1310	329.6667
328.1310	329.1548
327.6191	329.1548
327.6191	328.6429
327.1072	328.6429
327.1072	323.0120
326.5953	323.0120
326.5953	319.9405
326.0834	319.9405
326.0834	317.3810
325.5715	317.3810
325.5715	316.3572
325.0596	316.3572
325.0596	315.3334
324.5477	315.3334
324.5477	314.3096
324.0358	314.3096
324.0358	313.2858
323.5239	313.2858
323.5239	312.2620
323.0120	312.2620
323.0120	310.7262
322.5001	310.7262
322.5001	309.7024
321.9882	309.7024
321.9882	308.6786
321.4763	308.6786
321.4763	308.1667
320.9643	308.1667
320.9643	307.1429
320.4524	307.1429
320.4524	306.1191
319.9405	306.1191
319.9405	305.0953
319.4286	305.0953
319.4286	304.5834
318.9167	304.5834
318.9167	304.0715
318.4048	304.0715
318.4048	303.5596
317.8929	303.5596
317.8929	303.0477
317.3810	303.0477
317.3810	302.5358
316.8691	302.5358
316.8691	302.0239
315.8453	302.0239
315.8453	301.5120
314.8215	301.5120
314.8215	301.0001
313.2858	301.0001
313.2858	299.9762
312.7739	299.9762
312.7739	296.9048
312.2620	296.9048
312.2620	295.8810
313.2858	295.8810
313.2858	295.3691
313.7977	295.3691
313.7977	294.8572
314.3096	294.8572
314.3096	294.3453
314.8215	294.3453
314.8215	293.8334
315.3334	293.8334
315.3334	293.3215
315.8453	293.3215
315.8453	292.2977
316.3572	292.2977
316.3572	291.2739
316.8691	291.2739
316.8691	288.7143
317.3810	288.7143
317.3810	285.1310
316.8691	285.1310
316.8691	282.5715
316.3572	282.5715
316.3572	281.5477
315.8453	281.5477
315.8453	278.4762
315.3334	278.4762
315.3334	275.9167
314.8215	275.9167
314.8215	274.8929
314.3096	274.8929
314.3096	273.8691
313.7977	273.8691
313.7977	273.3572
313.2858	273.3572
313.2858	272.3334
313.7977	272.3334
313.7977	269.7739
314.3096	269.7739
314.3096	268.2381
314.8215	268.2381
314.8215	266.7024
315.3334	266.7024
315.3334	265.6786
315.8453	265.6786
315.8453	264.1429
316.3572	264.1429
316.3572	261.5834
316.8691	261.5834
316.8691	260.0477
317.3810	260.0477
317.3810	259.0239
317.8929	259.0239
317.8929	257.4881
318.4048	257.4881
318.4048	256.4643
318.9167	256.4643
318.9167	254.9286
319.4286	254.9286
319.4286	253.9048
319.9405	253.9048
319.9405	253.3929
320.4524	253.3929
320.4524	252.3691
320.9643	252.3691
320.9643	251.3453
321.4763	251.3453
321.4763	250.8334
321.9882	250.8334
321.9882	249.8096
322.5001	249.8096
322.5001	249.2977
323.0120	249.2977
323.0120	248.7858
323.5239	248.7858
323.5239	247.7620
324.0358	247.7620
324.0358	247.2500
324.5477	247.2500
324.5477	246.7381
325.0596	246.7381
325.0596	245.7143
325.5715	245.7143
325.5715	245.2024
326.0834	245.2024
326.0834	244.6905
326.5953	244.6905
326.5953	244.1786
327.1072	244.1786
327.1072	243.6667
327.6191	243.6667
327.6191	243.1548
328.1310	243.1548
328.1310	242.6429
328.6429	242.6429
328.6429	242.1310
329.6667	242.1310
329.6667	241.6191
330.1786	241.6191
330.1786	241.1072
331.2024	241.1072
331.2024	240.5953
331.7143	240.5953
331.7143	240.0834
332.7382	240.0834
332.7382	239.5715
333.2501	239.5715
333.2501	239.0596
333.7620	239.0596
333.7620	238.5477
334.7858	238.5477
334.7858	238.0358
335.8096	238.0358
335.8096	237.5239
336.3215	237.5239
336.3215	237.0119
337.8572	237.0119
337.8572	236.5000
338.8810	236.5000
338.8810	235.9881
340.4167	235.9881
340.4167	235.4762
341.4405	235.4762
341.4405	234.9643
342.4644	234.9643
342.4644	234.4524
345.0239	234.4524
345.0239	233.9405
346.5596	233.9405
346.5596	233.4286
349.1191	233.4286
349.1191	232.9167
351.6786	232.9167
351.6786	232.4048
355.2620	232.4048
