354.2382	222.1667
356.7977	222.1667
356.7977	222.6786
359.3572	222.6786
359.3572	223.1905
362.4286	223.1905
362.4286	223.7024
366.5239	223.7024
366.5239	224.2143
368.0596	224.2143
368.0596	224.7262
369.5953	224.7262
369.5953	225.2381
370.6191	225.2381
370.6191	225.7500
371.6429	225.7500
371.6429	226.2619
372.6667	226.2619
372.6667	226.7739
373.6905	226.7739
373.6905	227.2858
374.2025	227.2858
374.2025	227.7977
374.7144	227.7977
374.7144	228.3096
375.7382	228.3096
375.7382	228.8215
376.2501	228.8215
376.2501	229.3334
376.7620	229.3334
376.7620	229.8453
377.2739	229.8453
377.2739	230.3572
377.7858	230.3572
377.7858	230.8691
378.8096	230.8691
378.8096	231.3810
379.8334	231.3810
379.8334	231.8929
380.3453	231.8929
380.3453	232.4048
380.8572	232.4048
380.8572	232.9167
381.8810	232.9167
381.8810	233.4286
382.3929	233.4286
382.3929	233.9405
382.9048	233.9405
382.9048	234.4524
383.9286	234.4524
383.9286	234.9643
384.9525	234.9643
384.9525	235.4762
387.0001	235.4762
387.0001	237.0119
387.5120	237.0119
387.5120	238.0358
388.0239	238.0358
388.0239	239.0596
388.5358	239.0596
388.5358	241.6191
389.0477	241.6191
389.0477	243.1548
389.5596	243.1548
389.5596	244.1786
390.0715	244.1786
390.0715	245.2024
390.5834	245.2024
390.5834	246.7381
391.0953	246.7381
391.0953	247.7620
391.6072	247.7620
391.6072	248.7858
392.1191	248.7858
392.1191	249.2977
392.6310	249.2977
392.6310	250.3215
393.1429	250.3215
393.1429	251.3453
393.6548	251.3453
393.6548	252.3691
394.1667	252.3691
394.1667	252.8810
394.6786	252.8810
394.6786	253.3929
395.1906	253.3929
395.1906	254.4167
395.7025	254.4167
395.7025	255.4405
396.2144	255.4405
396.2144	259.5358
396.7263	259.5358
396.7263	262.0953
397.2382	262.0953
397.2382	263.1191
397.7501	263.1191
397.7501	264.1429
398.2620	264.1429
398.2620	265.1667
398.7739	265.1667
398.7739	265.6786
399.2858	265.6786
399.2858	266.1905
399.7977	266.1905
399.7977	266.7024
400.3096	266.7024
400.3096	267.2143
400.8215	267.2143
400.8215	270.2858
400.3096	270.2858
400.3096	273.3572
399.7977	273.3572
399.7977	273.8691
399.2858	273.8691
399.2858	274.3810
398.7739	274.3810
398.7739	274.8929
398.2620	274.8929
398.2620	275.4048
397.7501	275.4048
397.7501	276.4286
397.2382	276.4286
397.2382	277.4524
396.7263	277.4524
396.7263	279.5001
396.2144	279.5001
396.2144	280.0120
395.1906	280.0120
395.1906	280.5239
394.6786	280.5239
394.6786	281.0358
394.1667	281.0358
394.1667	281.5477
393.6548	281.5477
393.6548	282.0596
393.1429	282.0596
393.1429	282.5715
392.6310	282.5715
392.6310	283.0834
392.1191	283.0834
392.1191	284.1072
391.6072	284.1072
391.6072	285.1310
391.0953	285.1310
391.0953	286.6667
390.0715	286.6667
390.0715	287.1786
389.5596	287.1786
389.5596	287.6905
389.0477	287.6905
389.0477	288.2024
388.5358	288.2024
388.5358	288.7143
388.0239	288.7143
388.0239	289.2262
387.5120	289.2262
387.5120	289.7382
387.0001	289.7382
387.0001	290.2501
386.4882	290.2501
386.4882	291.2739
385.9763	291.2739
385.9763	291.7858
385.4644	291.7858
385.4644	292.8096
383.4167	292.8096
383.4167	292.2977
378.8096	292.2977
378.8096	292.8096
378.2977	292.8096
378.2977	292.2977
375.7382	292.2977
375.7382	291.7858
372.1548	291.7858
372.1548	292.2977
369.5953	292.2977
369.5953	292.8096
368.0596	292.8096
368.0596	293.3215
365.5001	293.3215
365.5001	292.8096
362.9405	292.8096
362.9405	293.3215
360.3810	293.3215
360.3810	293.8334
359.3572	293.8334
359.3572	294.3453
358.3334	294.3453
358.3334	294.8572
357.8215	294.8572
357.8215	295.3691
357.3096	295.3691
357.3096	294.8572
353.7263	294.8572
353.7263	294.3453
352.7024	294.3453
352.7024	293.8334
352.1905	293.8334
352.1905	292.8096
351.6786	292.8096
351.6786	292.2977
351.1667	292.2977
351.1667	291.7858
350.6548	291.7858
350.6548	291.2739
350.1429	291.2739
350.1429	290.7620
349.6310	290.7620
349.6310	290.2501
349.1191	290.2501
349.1191	289.7382
348.0953	289.7382
348.0953	289.2262
347.0715	289.2262
347.0715	288.7143
345.0239	288.7143
345.0239	288.2024
344.5120	288.2024
344.5120	287.6905
343.4882	287.6905
343.4882	287.1786
342.4644	287.1786
342.4644	286.6667
339.9048	286.6667
339.9048	286.1548
333.7620	286.1548
333.7620	286.6667
332.2263	286.6667
332.2263	286.1548
331.7143	286.1548
331.7143	285.6429
331.2024	285.6429
331.2024	284.6191
330.6905	284.6191
330.6905	283.5953
330.1786	283.5953
330.1786	282.5715
329.6667	282.5715
329.6667	282.0596
329.1548	282.0596
329.1548	281.5477
328.6429	281.5477
328.6429	281.0358
328.1310	281.0358
328.1310	280.5239
327.6191	280.5239
327.6191	280.0120
327.1072	280.0120
327.1072	279.5001
326.5953	279.5001
326.5953	278.9881
325.5715	278.9881
325.5715	278.4762
324.5477	278.4762
324.5477	277.9643
324.0358	277.9643
324.0358	277.4524
323.0120	277.4524
323.0120	276.9405
322.5001	276.9405
322.5001	276.4286
321.9882	276.4286
321.9882	275.9167
321.4763	275.9167
321.4763	275.4048
320.9643	275.4048
320.9643	274.8929
320.4524	274.8929
320.4524	270.7977
319.9405	270.7977
319.9405	269.2620
320.4524	269.2620
320.4524	262.6072
319.9405	262.6072
319.9405	259.5358
319.4286	259.5358
319.4286	254.4167
318.9167	254.4167
318.9167	251.8572
318.4048	251.8572
318.4048	250.8334
317.8929	250.8334
317.8929	249.8096
317.3810	249.8096
317.3810	248.7858
316.8691	248.7858
316.8691	248.2739
316.3572	248.2739
316.3572	247.7620
315.8453	247.7620
315.8453	247.2500
315.3334	247.2500
315.3334	246.7381
314.8215	246.7381
314.8215	246.2262
313.7977	246.2262
313.7977	245.7143
312.7739	245.7143
312.7739	245.2024
312.2620	245.2024
312.2620	243.6667
312.7739	243.6667
312.7739	243.1548
313.2858	243.1548
313.2858	242.6429
313.7977	242.6429
313.7977	242.1310
314.3096	242.1310
314.3096	241.6191
314.8215	241.6191
314.8215	241.1072
315.3334	241.1072
315.3334	240.5953
315.8453	240.5953
315.8453	239.5715
316.3572	239.5715
316.3572	238.5477
316.8691	238.5477
316.8691	235.9881
317.3810	235.9881
317.3810	232.9167
316.8691	232.9167
316.8691	230.3572
316.3572	230.3572
316.3572	229.3334
315.8453	229.3334
315.8453	228.3096
315.3334	228.3096
315.3334	227.2858
314.8215	227.2858
314.8215	226.2619
314.3096	226.2619
314.3096	225.7500
313.7977	225.7500
313.7977	225.2381
313.2858	225.2381
313.2858	224.2143
313.7977	224.2143
313.7977	223.7024
314.8215	223.7024
314.8215	224.2143
315.3334	224.2143
315.3334	224.7262
316.3572	224.7262
316.3572	225.2381
317.3810	225.2381
317.3810	225.7500
317.8929	225.7500
317.8929	226.2619
318.9167	226.2619
318.9167	226.7739
319.9405	226.7739
319.9405	227.2858
320.9643	227.2858
320.9643	227.7977
321.9882	227.7977
321.9882	228.3096
323.0120	228.3096
323.0120	228.8215
325.5715	228.8215
325.5715	229.3334
328.1310	229.3334
328.1310	228.8215
330.6905	228.8215
330.6905	228.3096
332.7382	228.3096
332.7382	227.7977
333.7620	227.7977
333.7620	227.2858
334.7858	227.2858
334.7858	226.7739
335.8096	226.7739
335.8096	226.2619
336.3215	226.2619
336.3215	225.7500
337.8572	225.7500
337.8572	225.2381
338.8810	225.2381
338.8810	224.7262
339.9048	224.7262
339.9048	224.2143
341.4405	224.2143
341.4405	223.7024
342.9763	223.7024
342.9763	223.1905
344.0001	223.1905
344.0001	222.6786
348.6072	222.6786
348.6072	222.1667
351.1667	222.1667
351.1667	221.6548
354.2382	221.6548
