352.7024	223.1905
357.3096	223.1905
357.3096	223.7024
359.8691	223.7024
359.8691	224.2143
362.4286	224.2143
362.4286	224.7262
367.0358	224.7262
367.0358	225.2381
368.0596	225.2381
368.0596	225.7500
369.0834	225.7500
369.0834	226.2619
371.1310	226.2619
371.1310	226.7739
372.1548	226.7739
372.1548	227.2858
372.6667	227.2858
372.6667	227.7977
373.6905	227.7977
373.6905	228.3096
374.2025	228.3096
374.2025	228.8215
374.7144	228.8215
374.7144	229.3334
375.7382	229.3334
375.7382	229.8453
376.2501	229.8453
376.2501	230.3572
376.7620	230.3572
376.7620	230.8691
377.7858	230.8691
377.7858	231.3810
378.8096	231.3810
378.8096	231.8929
379.3215	231.8929
379.3215	232.4048
380.3453	232.4048
380.3453	232.9167
381.3691	232.9167
381.3691	233.4286
382.3929	233.4286
382.3929	233.9405
383.4167	233.9405
383.4167	234.4524
384.4405	234.4524
384.4405	234.9643
387.0001	234.9643
387.0001	237.5239
387.5120	237.5239
387.5120	238.5477
388.0239	238.5477
388.0239	241.1072
388.5358	241.1072
388.5358	242.6429
389.0477	242.6429
389.0477	243.6667
389.5596	243.6667
389.5596	244.6905
390.0715	244.6905
390.0715	245.7143
390.5834	245.7143
390.5834	247.2500
391.0953	247.2500
391.0953	248.2739
391.6072	248.2739
391.6072	249.2977
392.1191	249.2977
392.1191	249.8096
392.6310	249.8096
392.6310	250.8334
393.1429	250.8334
393.1429	251.8572
393.6548	251.8572
393.6548	252.3691
394.1667	252.3691
394.1667	253.3929
394.6786	253.3929
394.6786	253.9048
395.1906	253.9048
395.1906	254.9286
395.7025	254.9286
395.7025	255.9524
396.2144	255.9524
396.2144	261.0715
396.7263	261.0715
396.7263	263.6310
397.2382	263.6310
397.2382	264.6548
397.7501	264.6548
397.7501	265.6786
398.2620	265.6786
398.2620	266.1905
398.7739	266.1905
398.7739	266.7024
399.2858	266.7024
399.2858	267.2143
399.7977	267.2143
399.7977	268.2381
400.3096	268.2381
400.3096	270.2858
399.7977	270.2858
399.7977	272.3334
399.2858	272.3334
399.2858	273.3572
398.7739	273.3572
398.7739	274.3810
398.2620	274.3810
398.2620	274.8929
397.7501	274.8929
397.7501	275.4048
397.2382	275.4048
397.2382	276.4286
396.7263	276.4286
396.7263	277.4524
396.2144	277.4524
396.2144	280.0120
395.7025	280.0120
395.7025	280.5239
394.6786	280.5239
394.6786	281.0358
393.6548	281.0358
393.6548	281.5477
393.1429	281.5477
393.1429	282.0596
392.6310	282.0596
392.6310	282.5715
392.1191	282.5715
392.1191	283.0834
391.6072	283.0834
391.6072	283.5953
391.0953	283.5953
391.0953	284.6191
390.5834	284.6191
390.5834	285.6429
390.0715	285.6429
390.0715	287.1786
389.0477	287.1786
389.0477	287.6905
388.5358	287.6905
388.5358	288.2024
388.0239	288.2024
388.0239	288.7143
387.5120	288.7143
387.5120	289.2262
387.0001	289.2262
387.0001	289.7382
386.4882	289.7382
386.4882	290.7620
385.9763	290.7620
385.9763	291.7858
385.4644	291.7858
385.4644	292.2977
384.9525	292.2977
384.9525	292.8096
384.4405	292.8096
384.4405	293.3215
382.9048	293.3215
382.9048	292.8096
377.7858	292.8096
377.7858	293.3215
376.7620	293.3215
376.7620	292.8096
373.1786	292.8096
373.1786	292.2977
369.0834	292.2977
369.0834	292.8096
366.5239	292.8096
366.5239	292.2977
362.9405	292.2977
362.9405	292.8096
360.3810	292.8096
360.3810	293.3215
359.3572	293.3215
359.3572	293.8334
358.3334	293.8334
358.3334	294.3453
357.8215	294.3453
357.8215	294.8572
357.3096	294.8572
357.3096	295.3691
356.7977	295.3691
356.7977	295.8810
356.2858	295.8810
356.2858	296.3929
355.7739	296.3929
355.7739	296.9048
355.2620	296.9048
355.2620	294.8572
354.7501	294.8572
354.7501	293.8334
354.2382	293.8334
354.2382	292.8096
353.7263	292.8096
353.7263	292.2977
353.2144	292.2977
353.2144	291.7858
352.7024	291.7858
352.7024	291.2739
352.1905	291.2739
352.1905	290.7620
351.6786	290.7620
351.6786	290.2501
351.1667	290.2501
351.1667	289.7382
350.6548	289.7382
350.6548	289.2262
349.6310	289.2262
349.6310	288.7143
348.6072	288.7143
348.6072	288.2024
346.0477	288.2024
346.0477	287.6905
343.4882	287.6905
343.4882	288.2024
342.4644	288.2024
342.4644	287.6905
338.3691	287.6905
338.3691	288.2024
335.8096	288.2024
335.8096	288.7143
334.7858	288.7143
334.7858	289.2262
332.7382	289.2262
332.7382	288.7143
331.7143	288.7143
331.7143	288.2024
330.6905	288.2024
330.6905	287.6905
329.1548	287.6905
329.1548	285.6429
328.6429	285.6429
328.6429	284.6191
328.1310	284.6191
328.1310	283.5953
327.6191	283.5953
327.6191	283.0834
327.1072	283.0834
327.1072	282.5715
326.5953	282.5715
326.5953	282.0596
326.0834	282.0596
326.0834	281.5477
325.5715	281.5477
325.5715	281.0358
324.5477	281.0358
324.5477	280.5239
323.5239	280.5239
323.5239	280.0120
322.5001	280.0120
322.5001	278.9881
321.9882	278.9881
321.9882	278.4762
321.4763	278.4762
321.4763	277.9643
320.9643	277.9643
320.9643	277.4524
320.4524	277.4524
320.4524	276.9405
319.9405	276.9405
319.9405	276.4286
319.4286	276.4286
319.4286	275.9167
318.9167	275.9167
318.9167	269.7739
318.4048	269.7739
318.4048	268.7501
318.9167	268.7501
318.9167	262.0953
318.4048	262.0953
318.4048	259.5358
317.8929	259.5358
317.8929	254.4167
317.3810	254.4167
317.3810	251.8572
316.8691	251.8572
316.8691	250.8334
316.3572	250.8334
316.3572	249.8096
315.8453	249.8096
315.8453	248.7858
315.3334	248.7858
315.3334	248.2739
314.8215	248.2739
314.8215	247.7620
314.3096	247.7620
314.3096	247.2500
313.7977	247.2500
313.7977	246.7381
313.2858	246.7381
313.2858	246.2262
312.2620	246.2262
312.2620	245.7143
311.2382	245.7143
311.2382	245.2024
310.7262	245.2024
310.7262	244.1786
311.7501	244.1786
311.7501	243.6667
312.2620	243.6667
312.2620	243.1548
312.7739	243.1548
312.7739	242.6429
313.2858	242.6429
313.2858	242.1310
313.7977	242.1310
313.7977	241.6191
314.3096	241.6191
314.3096	241.1072
314.8215	241.1072
314.8215	240.0834
315.3334	240.0834
315.3334	239.0596
315.8453	239.0596
315.8453	236.5000
316.3572	236.5000
316.3572	233.4286
315.8453	233.4286
315.8453	230.8691
315.3334	230.8691
315.3334	229.8453
314.8215	229.8453
314.8215	228.8215
314.3096	228.8215
314.3096	227.7977
313.7977	227.7977
313.7977	226.7739
313.2858	226.7739
313.2858	226.2619
312.7739	226.2619
312.7739	225.7500
312.2620	225.7500
312.2620	224.2143
313.7977	224.2143
313.7977	224.7262
315.3334	224.7262
315.3334	225.2381
315.8453	225.2381
315.8453	225.7500
316.3572	225.7500
316.3572	226.2619
316.8691	226.2619
316.8691	226.7739
317.8929	226.7739
317.8929	227.2858
318.9167	227.2858
318.9167	227.7977
319.9405	227.7977
319.9405	228.3096
320.4524	228.3096
320.4524	228.8215
321.4763	228.8215
321.4763	229.3334
322.5001	229.3334
322.5001	229.8453
325.0596	229.8453
325.0596	230.3572
327.6191	230.3572
327.6191	229.8453
330.1786	229.8453
330.1786	229.3334
332.2263	229.3334
332.2263	228.8215
333.2501	228.8215
333.2501	228.3096
334.2739	228.3096
334.2739	227.7977
335.2977	227.7977
335.2977	227.2858
336.3215	227.2858
336.3215	226.7739
337.3453	226.7739
337.3453	226.2619
338.3691	226.2619
338.3691	225.7500
338.8810	225.7500
338.8810	225.2381
339.3929	225.2381
339.3929	224.7262
340.4167	224.7262
340.4167	224.2143
342.9763	224.2143
342.9763	223.7024
349.1191	223.7024
349.1191	223.1905
351.6786	223.1905
351.6786	222.6786
352.7024	222.6786
