364.4763	190.9405
367.5477	190.9405
367.5477	190.4286
370.1072	190.4286
370.1072	190.9405
372.1548	190.9405
372.1548	191.4524
374.7144	191.4524
374.7144	191.9643
377.2739	191.9643
377.2739	192.4762
379.8334	192.4762
379.8334	192.9881
380.8572	192.9881
380.8572	193.5000
382.3929	193.5000
382.3929	194.0119
383.4167	194.0119
383.4167	194.5238
384.9525	194.5238
384.9525	195.0358
385.9763	195.0358
385.9763	195.5477
387.0001	195.5477
387.0001	196.0596
388.5358	196.0596
388.5358	196.5715
390.5834	196.5715
390.5834	197.0834
392.6310	197.0834
392.6310	197.5953
393.1429	197.5953
393.1429	198.1072
394.1667	198.1072
394.1667	198.6191
395.1906	198.6191
395.1906	199.1310
396.7263	199.1310
396.7263	199.6429
397.2382	199.6429
397.2382	200.1548
397.7501	200.1548
397.7501	200.6667
398.2620	200.6667
398.2620	201.1786
399.2858	201.1786
399.2858	201.6905
399.7977	201.6905
399.7977	202.2024
400.3096	202.2024
400.3096	202.7143
401.3334	202.7143
401.3334	203.2262
402.3572	203.2262
402.3572	203.7381
402.8691	203.7381
402.8691	204.2500
403.3810	204.2500
403.3810	204.7619
403.8929	204.7619
403.8929	205.2738
404.4048	205.2738
404.4048	205.7858
404.9167	205.7858
404.9167	206.2977
405.4286	206.2977
405.4286	206.8096
405.9406	206.8096
405.9406	207.3215
406.9644	207.3215
406.9644	207.8334
407.4763	207.8334
407.4763	208.8572
407.9882	208.8572
407.9882	209.3691
408.5001	209.3691
408.5001	210.3929
409.0120	210.3929
409.0120	211.4167
409.5239	211.4167
409.5239	211.9286
410.0358	211.9286
410.0358	212.4405
410.5477	212.4405
410.5477	213.4643
411.0596	213.4643
411.0596	213.9762
411.5715	213.9762
411.5715	215.0000
412.0834	215.0000
412.0834	215.5119
412.5953	215.5119
412.5953	216.0239
413.1072	216.0239
413.1072	216.5358
413.6191	216.5358
413.6191	217.0477
414.1310	217.0477
414.1310	217.5596
414.6429	217.5596
414.6429	218.5834
415.1548	218.5834
415.1548	219.6072
415.6667	219.6072
415.6667	220.1191
416.1787	220.1191
416.1787	221.1429
416.6906	221.1429
416.6906	222.1667
417.2025	222.1667
417.2025	224.7262
417.7144	224.7262
417.7144	226.2619
418.2263	226.2619
418.2263	227.7977
418.7382	227.7977
418.7382	229.8453
419.2501	229.8453
419.2501	231.3810
419.7620	231.3810
419.7620	233.9405
420.2739	233.9405
420.2739	239.5715
420.7858	239.5715
420.7858	242.6429
421.2977	242.6429
421.2977	246.2262
420.7858	246.2262
420.7858	253.3929
420.2739	253.3929
420.2739	256.4643
419.7620	256.4643
419.7620	259.0239
419.2501	259.0239
419.2501	261.5834
418.7382	261.5834
418.7382	263.1191
418.2263	263.1191
418.2263	265.1667
417.7144	265.1667
417.7144	267.7262
417.2025	267.7262
417.2025	271.3096
416.6906	271.3096
416.6906	274.3810
416.1787	274.3810
416.1787	276.4286
415.6667	276.4286
415.6667	278.4762
415.1548	278.4762
415.1548	280.0120
414.6429	280.0120
414.6429	282.0596
414.1310	282.0596
414.1310	284.1072
413.6191	284.1072
413.6191	285.6429
413.1072	285.6429
413.1072	286.6667
412.5953	286.6667
412.5953	287.1786
412.0834	287.1786
412.0834	288.2024
411.5715	288.2024
411.5715	288.7143
411.0596	288.7143
411.0596	289.7382
410.5477	289.7382
410.5477	290.2501
410.0358	290.2501
410.0358	290.7620
409.5239	290.7620
409.5239	291.2739
409.0120	291.2739
409.0120	291.7858
408.5001	291.7858
408.5001	292.2977
407.9882	292.2977
407.9882	292.8096
407.4763	292.8096
407.4763	293.3215
406.9644	293.3215
406.9644	293.8334
406.4525	293.8334
406.4525	294.3453
405.9406	294.3453
405.9406	294.8572
405.4286	294.8572
405.4286	295.8810
404.9167	295.8810
404.9167	296.3929
404.4048	296.3929
404.4048	296.9048
403.8929	296.9048
403.8929	297.4167
403.3810	297.4167
403.3810	297.9286
402.8691	297.9286
402.8691	298.4405
402.3572	298.4405
402.3572	298.9524
401.8453	298.9524
401.8453	299.9762
401.3334	299.9762
401.3334	301.0001
400.8215	301.0001
400.8215	302.0239
400.3096	302.0239
400.3096	302.5358
399.7977	302.5358
399.7977	303.0477
398.7739	303.0477
398.7739	303.5596
398.2620	303.5596
398.2620	304.0715
397.7501	304.0715
397.7501	304.5834
397.2382	304.5834
397.2382	305.0953
396.7263	305.0953
396.7263	305.6072
396.2144	305.6072
396.2144	306.6310
395.7025	306.6310
395.7025	307.1429
395.1906	307.1429
395.1906	307.6548
394.6786	307.6548
394.6786	308.6786
394.1667	308.6786
394.1667	309.1905
393.6548	309.1905
393.6548	310.2143
393.1429	310.2143
393.1429	311.2382
392.6310	311.2382
392.6310	313.7977
392.1191	313.7977
392.1191	314.3096
390.5834	314.3096
390.5834	314.8215
389.5596	314.8215
389.5596	315.3334
388.5358	315.3334
388.5358	315.8453
388.0239	315.8453
388.0239	316.3572
387.5120	316.3572
387.5120	316.8691
387.0001	316.8691
387.0001	317.3810
386.4882	317.3810
386.4882	317.8929
385.9763	317.8929
385.9763	318.9167
385.4644	318.9167
385.4644	319.9405
384.9525	319.9405
384.9525	321.9882
384.4405	321.9882
384.4405	323.5239
383.4167	323.5239
383.4167	324.0358
382.3929	324.0358
382.3929	324.5477
381.8810	324.5477
381.8810	325.0596
381.3691	325.0596
381.3691	325.5715
380.8572	325.5715
380.8572	326.0834
380.3453	326.0834
380.3453	326.5953
379.8334	326.5953
379.8334	327.6191
379.3215	327.6191
379.3215	328.6429
378.8096	328.6429
378.8096	329.6667
378.2977	329.6667
378.2977	330.1786
376.7620	330.1786
376.7620	330.6905
375.7382	330.6905
375.7382	331.2024
374.7144	331.2024
374.7144	331.7143
374.2025	331.7143
374.2025	331.2024
368.5715	331.2024
368.5715	331.7143
366.0120	331.7143
366.0120	332.2263
363.4525	332.2263
363.4525	332.7382
360.8929	332.7382
360.8929	333.2501
359.8691	333.2501
359.8691	333.7620
358.8453	333.7620
358.8453	334.2739
358.3334	334.2739
358.3334	334.7858
357.8215	334.7858
357.8215	335.2977
357.3096	335.2977
357.3096	335.8096
356.7977	335.8096
356.7977	335.2977
356.2858	335.2977
356.2858	334.7858
355.7739	334.7858
355.7739	334.2739
355.2620	334.2739
355.2620	333.7620
354.7501	333.7620
354.7501	333.2501
353.7263	333.2501
353.7263	332.7382
352.7024	332.7382
352.7024	332.2263
350.1429	332.2263
350.1429	331.7143
347.0715	331.7143
347.0715	331.2024
346.0477	331.2024
346.0477	330.6905
343.4882	330.6905
343.4882	330.1786
339.3929	330.1786
339.3929	330.6905
336.8334	330.6905
336.8334	331.2024
335.8096	331.2024
335.8096	331.7143
335.2977	331.7143
335.2977	331.2024
334.7858	331.2024
334.7858	328.6429
334.2739	328.6429
334.2739	327.6191
333.7620	327.6191
333.7620	326.5953
333.2501	326.5953
333.2501	326.0834
332.7382	326.0834
332.7382	325.5715
332.2263	325.5715
332.2263	325.0596
331.7143	325.0596
331.7143	324.5477
331.2024	324.5477
331.2024	324.0358
330.1786	324.0358
330.1786	323.5239
329.1548	323.5239
329.1548	323.0120
328.1310	323.0120
328.1310	322.5001
327.6191	322.5001
327.6191	320.4524
327.1072	320.4524
327.1072	319.4286
326.5953	319.4286
326.5953	318.4048
326.0834	318.4048
326.0834	317.8929
325.5715	317.8929
325.5715	317.3810
325.0596	317.3810
325.0596	316.8691
324.5477	316.8691
324.5477	316.3572
324.0358	316.3572
324.0358	315.8453
323.5239	315.8453
323.5239	315.3334
322.5001	315.3334
322.5001	314.8215
321.4763	314.8215
321.4763	314.3096
320.9643	314.3096
320.9643	313.7977
320.4524	313.7977
320.4524	312.2620
319.9405	312.2620
319.9405	311.2382
319.4286	311.2382
319.4286	310.2143
318.9167	310.2143
318.9167	309.7024
318.4048	309.7024
318.4048	309.1905
317.8929	309.1905
317.8929	308.6786
317.3810	308.6786
317.3810	306.1191
316.8691	306.1191
316.8691	303.5596
316.3572	303.5596
316.3572	302.5358
315.8453	302.5358
315.8453	301.5120
315.3334	301.5120
315.3334	301.0001
314.8215	301.0001
314.8215	300.4882
314.3096	300.4882
314.3096	299.9762
313.7977	299.9762
313.7977	299.4643
313.2858	299.4643
313.2858	298.9524
312.2620	298.9524
312.2620	298.4405
311.2382	298.4405
311.2382	297.9286
308.6786	297.9286
308.6786	297.4167
299.9762	297.4167
299.9762	296.3929
299.4643	296.3929
299.4643	295.8810
298.9524	295.8810
298.9524	295.3691
298.4405	295.3691
298.4405	294.8572
297.9286	294.8572
297.9286	294.3453
297.4167	294.3453
297.4167	293.8334
296.9048	293.8334
296.9048	293.3215
295.8810	293.3215
295.8810	292.8096
294.8572	292.8096
294.8572	292.2977
294.3453	292.2977
294.3453	290.7620
294.8572	290.7620
294.8572	281.0358
294.3453	281.0358
294.3453	275.4048
293.8334	275.4048
293.8334	272.8453
293.3215	272.8453
293.3215	271.8215
292.8096	271.8215
292.8096	270.7977
292.2977	270.7977
292.2977	269.7739
291.7858	269.7739
291.7858	268.7501
291.2739	268.7501
291.2739	267.7262
290.7620	267.7262
290.7620	267.2143
290.2501	267.2143
290.2501	266.7024
289.7382	266.7024
289.7382	266.1905
289.2262	266.1905
289.2262	265.6786
288.7143	265.6786
288.7143	265.1667
288.2024	265.1667
288.2024	264.6548
287.6905	264.6548
287.6905	264.1429
286.6667	264.1429
286.6667	263.6310
285.6429	263.6310
285.6429	263.1191
284.6191	263.1191
284.6191	262.6072
284.1072	262.6072
284.1072	262.0953
283.5953	262.0953
283.5953	261.5834
283.0834	261.5834
283.0834	261.0715
282.5715	261.0715
282.5715	260.5596
282.0596	260.5596
282.0596	258.0000
281.5477	258.0000
281.5477	257.4881
282.0596	257.4881
282.0596	256.9762
282.5715	256.9762
282.5715	255.9524
283.0834	255.9524
283.0834	254.9286
283.5953	254.9286
283.5953	252.3691
284.1072	252.3691
284.1072	249.8096
283.5953	249.8096
283.5953	247.2500
283.0834	247.2500
283.0834	246.2262
282.5715	246.2262
282.5715	245.2024
282.0596	245.2024
282.0596	244.6905
281.5477	244.6905
281.5477	244.1786
281.0358	244.1786
281.0358	243.6667
280.5239	243.6667
280.5239	243.1548
280.0120	243.1548
280.0120	242.6429
278.9881	242.6429
278.9881	241.6191
279.5001	241.6191
279.5001	241.1072
280.0120	241.1072
280.0120	240.5953
280.5239	240.5953
280.5239	240.0834
281.0358	240.0834
281.0358	239.5715
281.5477	239.5715
281.5477	238.5477
282.0596	238.5477
282.0596	237.5239
282.5715	237.5239
282.5715	234.9643
283.0834	234.9643
283.0834	230.3572
282.5715	230.3572
282.5715	228.8215
283.0834	228.8215
283.0834	228.3096
283.5953	228.3096
283.5953	227.2858
284.1072	227.2858
284.1072	226.7739
284.6191	226.7739
284.6191	226.2619
285.1310	226.2619
285.1310	225.7500
285.6429	225.7500
285.6429	225.2381
286.1548	225.2381
286.1548	224.7262
286.6667	224.7262
286.6667	224.2143
287.1786	224.2143
287.1786	223.7024
287.6905	223.7024
287.6905	223.1905
288.2024	223.1905
288.2024	222.6786
288.7143	222.6786
288.7143	222.1667
289.7382	222.1667
289.7382	221.6548
290.2501	221.6548
290.2501	221.1429
291.2739	221.1429
291.2739	220.6310
291.7858	220.6310
291.7858	220.1191
292.8096	220.1191
292.8096	219.6072
293.3215	219.6072
293.3215	219.0953
293.8334	219.0953
293.8334	218.5834
294.8572	218.5834
294.8572	218.0715
296.3929	218.0715
296.3929	217.5596
298.9524	217.5596
298.9524	217.0477
303.0477	217.0477
303.0477	216.5358
312.2620	216.5358
312.2620	217.0477
313.7977	217.0477
313.7977	217.5596
315.8453	217.5596
315.8453	218.0715
317.8929	218.0715
317.8929	218.5834
320.4524	218.5834
320.4524	219.0953
323.0120	219.0953
323.0120	218.5834
325.5715	218.5834
325.5715	218.0715
326.5953	218.0715
326.5953	217.5596
327.6191	217.5596
327.6191	217.0477
328.1310	217.0477
328.1310	216.5358
328.6429	216.5358
328.6429	216.0239
329.1548	216.0239
329.1548	215.5119
329.6667	215.5119
329.6667	215.0000
330.1786	215.0000
330.1786	213.9762
330.6905	213.9762
330.6905	212.9524
331.2024	212.9524
331.2024	210.3929
331.7143	210.3929
331.7143	207.3215
332.2263	207.3215
332.2263	206.8096
332.7382	206.8096
332.7382	205.7858
333.2501	205.7858
333.2501	204.7619
333.7620	204.7619
333.7620	204.2500
334.2739	204.2500
334.2739	203.7381
334.7858	203.7381
334.7858	203.2262
335.2977	203.2262
335.2977	202.7143
335.8096	202.7143
335.8096	202.2024
336.3215	202.2024
336.3215	201.6905
336.8334	201.6905
336.8334	201.1786
337.8572	201.1786
337.8572	200.6667
338.8810	200.6667
338.8810	200.1548
339.3929	200.1548
339.3929	199.6429
340.4167	199.6429
340.4167	199.1310
341.4405	199.1310
341.4405	198.6191
341.9524	198.6191
341.9524	198.1072
342.9763	198.1072
342.9763	197.5953
344.0001	197.5953
344.0001	197.0834
345.0239	197.0834
345.0239	196.5715
346.0477	196.5715
346.0477	196.0596
347.5834	196.0596
347.5834	195.5477
348.6072	195.5477
348.6072	195.0358
350.1429	195.0358
350.1429	194.5238
351.6786	194.5238
351.6786	194.0119
352.7024	194.0119
352.7024	193.5000
353.7263	193.5000
353.7263	192.9881
356.2858	192.9881
356.2858	192.4762
357.3096	192.4762
357.3096	191.9643
358.8453	191.9643
358.8453	191.4524
361.4048	191.4524
361.4048	190.9405
362.9405	190.9405
362.9405	190.4286
364.4763	190.4286
