349.6310	182.2381
352.1905	182.2381
352.1905	182.7500
354.7501	182.7500
354.7501	183.2619
357.3096	183.2619
357.3096	183.7738
358.3334	183.7738
358.3334	184.2857
360.8929	184.2857
360.8929	184.7977
361.9167	184.7977
361.9167	185.3096
364.4763	185.3096
364.4763	185.8215
369.5953	185.8215
369.5953	186.3334
374.2025	186.3334
374.2025	186.8453
375.2263	186.8453
375.2263	187.3572
376.2501	187.3572
376.2501	187.8691
377.2739	187.8691
377.2739	188.3810
378.2977	188.3810
378.2977	188.8929
379.3215	188.8929
379.3215	189.4048
380.8572	189.4048
380.8572	189.9167
381.3691	189.9167
381.3691	190.4286
382.3929	190.4286
382.3929	190.9405
383.4167	190.9405
383.4167	191.4524
384.4405	191.4524
384.4405	191.9643
385.4644	191.9643
385.4644	192.4762
387.0001	192.4762
387.0001	192.9881
387.5120	192.9881
387.5120	193.5000
388.0239	193.5000
388.0239	194.0119
388.5358	194.0119
388.5358	194.5238
389.5596	194.5238
389.5596	195.0358
390.5834	195.0358
390.5834	195.5477
391.0953	195.5477
391.0953	196.0596
391.6072	196.0596
391.6072	196.5715
392.1191	196.5715
392.1191	197.0834
392.6310	197.0834
392.6310	197.5953
393.1429	197.5953
393.1429	198.1072
393.6548	198.1072
393.6548	198.6191
394.1667	198.6191
394.1667	199.1310
394.6786	199.1310
394.6786	199.6429
395.1906	199.6429
395.1906	200.1548
395.7025	200.1548
395.7025	200.6667
396.2144	200.6667
396.2144	201.1786
396.7263	201.1786
396.7263	201.6905
397.2382	201.6905
397.2382	202.2024
397.7501	202.2024
397.7501	203.2262
398.2620	203.2262
398.2620	203.7381
398.7739	203.7381
398.7739	204.2500
399.2858	204.2500
399.2858	204.7619
399.7977	204.7619
399.7977	205.2738
400.3096	205.2738
400.3096	206.2977
400.8215	206.2977
400.8215	206.8096
401.3334	206.8096
401.3334	207.3215
401.8453	207.3215
401.8453	208.3453
402.3572	208.3453
402.3572	208.8572
402.8691	208.8572
402.8691	209.8810
403.3810	209.8810
403.3810	210.9048
403.8929	210.9048
403.8929	211.9286
404.4048	211.9286
404.4048	212.9524
404.9167	212.9524
404.9167	213.4643
405.4286	213.4643
405.4286	214.4881
405.9406	214.4881
405.9406	215.5119
406.4525	215.5119
406.4525	216.5358
406.9644	216.5358
406.9644	217.5596
407.4763	217.5596
407.4763	218.5834
407.9882	218.5834
407.9882	219.6072
408.5001	219.6072
408.5001	220.6310
409.0120	220.6310
409.0120	221.6548
409.5239	221.6548
409.5239	222.6786
410.0358	222.6786
410.0358	223.7024
410.5477	223.7024
410.5477	224.7262
411.0596	224.7262
411.0596	226.2619
411.5715	226.2619
411.5715	227.2858
412.0834	227.2858
412.0834	228.8215
412.5953	228.8215
412.5953	230.8691
413.1072	230.8691
413.1072	232.4048
413.6191	232.4048
413.6191	238.5477
414.1310	238.5477
414.1310	241.1072
414.6429	241.1072
414.6429	242.1310
415.1548	242.1310
415.1548	244.6905
415.6667	244.6905
415.6667	247.2500
416.1787	247.2500
416.1787	252.3691
415.6667	252.3691
415.6667	254.9286
415.1548	254.9286
415.1548	257.4881
414.6429	257.4881
414.6429	262.6072
415.1548	262.6072
415.1548	268.7501
414.6429	268.7501
414.6429	271.3096
415.1548	271.3096
415.1548	271.8215
414.6429	271.8215
414.6429	272.8453
414.1310	272.8453
414.1310	274.8929
413.6191	274.8929
413.6191	277.4524
413.1072	277.4524
413.1072	278.9881
412.5953	278.9881
412.5953	281.0358
412.0834	281.0358
412.0834	282.0596
411.5715	282.0596
411.5715	283.0834
411.0596	283.0834
411.0596	285.1310
410.5477	285.1310
410.5477	285.6429
410.0358	285.6429
410.0358	286.6667
409.5239	286.6667
409.5239	287.6905
409.0120	287.6905
409.0120	290.2501
408.5001	290.2501
408.5001	292.8096
407.9882	292.8096
407.9882	294.3453
407.4763	294.3453
407.4763	295.3691
406.9644	295.3691
406.9644	296.3929
406.4525	296.3929
406.4525	297.9286
405.9406	297.9286
405.9406	298.4405
405.4286	298.4405
405.4286	298.9524
404.9167	298.9524
404.9167	299.4643
404.4048	299.4643
404.4048	300.4882
403.8929	300.4882
403.8929	301.5120
403.3810	301.5120
403.3810	302.0239
402.3572	302.0239
402.3572	302.5358
401.8453	302.5358
401.8453	303.0477
400.8215	303.0477
400.8215	303.5596
400.3096	303.5596
400.3096	304.0715
399.7977	304.0715
399.7977	304.5834
399.2858	304.5834
399.2858	305.0953
398.7739	305.0953
398.7739	305.6072
398.2620	305.6072
398.2620	306.1191
397.7501	306.1191
397.7501	306.6310
397.2382	306.6310
397.2382	307.1429
396.7263	307.1429
396.7263	307.6548
396.2144	307.6548
396.2144	308.6786
395.7025	308.6786
395.7025	309.1905
394.6786	309.1905
394.6786	309.7024
394.1667	309.7024
394.1667	310.2143
393.1429	310.2143
393.1429	310.7262
392.1191	310.7262
392.1191	311.2382
391.6072	311.2382
391.6072	311.7501
391.0953	311.7501
391.0953	312.2620
390.5834	312.2620
390.5834	312.7739
390.0715	312.7739
390.0715	313.2858
389.5596	313.2858
389.5596	313.7977
389.0477	313.7977
389.0477	314.3096
388.5358	314.3096
388.5358	315.3334
388.0239	315.3334
388.0239	316.3572
387.5120	316.3572
387.5120	317.3810
384.9525	317.3810
384.9525	317.8929
382.9048	317.8929
382.9048	318.4048
381.8810	318.4048
381.8810	318.9167
380.8572	318.9167
380.8572	319.4286
380.3453	319.4286
380.3453	319.9405
379.8334	319.9405
379.8334	320.4524
379.3215	320.4524
379.3215	320.9643
378.8096	320.9643
378.8096	321.4763
378.2977	321.4763
378.2977	321.9882
377.7858	321.9882
377.7858	323.0120
377.2739	323.0120
377.2739	323.5239
376.7620	323.5239
376.7620	324.0358
376.2501	324.0358
376.2501	324.5477
375.7382	324.5477
375.7382	325.0596
373.1786	325.0596
373.1786	325.5715
372.1548	325.5715
372.1548	326.0834
371.1310	326.0834
371.1310	326.5953
370.6191	326.5953
370.6191	327.1072
370.1072	327.1072
370.1072	327.6191
369.5953	327.6191
369.5953	328.1310
369.0834	328.1310
369.0834	328.6429
368.5715	328.6429
368.5715	329.1548
368.0596	329.1548
368.0596	329.6667
367.5477	329.6667
367.5477	330.6905
362.9405	330.6905
362.9405	330.1786
356.2858	330.1786
356.2858	330.6905
355.7739	330.6905
355.7739	330.1786
355.2620	330.1786
355.2620	329.6667
354.2382	329.6667
354.2382	329.1548
353.2144	329.1548
353.2144	328.6429
352.1905	328.6429
352.1905	328.1310
349.6310	328.1310
349.6310	325.5715
349.1191	325.5715
349.1191	324.5477
348.6072	324.5477
348.6072	323.5239
348.0953	323.5239
348.0953	322.5001
347.5834	322.5001
347.5834	321.9882
347.0715	321.9882
347.0715	321.4763
346.5596	321.4763
346.5596	320.9643
346.0477	320.9643
346.0477	320.4524
345.5358	320.4524
345.5358	319.9405
344.5120	319.9405
344.5120	319.4286
343.4882	319.4286
343.4882	318.9167
342.9763	318.9167
342.9763	318.4048
342.4644	318.4048
342.4644	317.8929
341.4405	317.8929
341.4405	317.3810
340.4167	317.3810
340.4167	316.8691
337.8572	316.8691
337.8572	316.3572
334.7858	316.3572
334.7858	316.8691
332.2263	316.8691
332.2263	317.3810
331.2024	317.3810
331.2024	317.8929
330.1786	317.8929
330.1786	318.4048
329.6667	318.4048
329.6667	318.9167
329.1548	318.9167
329.1548	319.4286
328.6429	319.4286
328.6429	319.9405
327.1072	319.9405
327.1072	318.9167
326.5953	318.9167
326.5953	317.8929
326.0834	317.8929
326.0834	317.3810
325.5715	317.3810
325.5715	316.8691
325.0596	316.8691
325.0596	316.3572
324.5477	316.3572
324.5477	315.8453
324.0358	315.8453
324.0358	315.3334
323.5239	315.3334
323.5239	314.8215
323.0120	314.8215
323.0120	314.3096
322.5001	314.3096
322.5001	313.7977
323.0120	313.7977
323.0120	313.2858
323.5239	313.2858
323.5239	312.2620
324.0358	312.2620
324.0358	311.2382
324.5477	311.2382
324.5477	308.6786
325.0596	308.6786
325.0596	305.0953
324.5477	305.0953
324.5477	304.5834
325.0596	304.5834
325.0596	302.0239
324.5477	302.0239
324.5477	299.4643
324.0358	299.4643
324.0358	298.4405
323.5239	298.4405
323.5239	297.4167
323.0120	297.4167
323.0120	296.9048
322.5001	296.9048
322.5001	296.3929
321.9882	296.3929
321.9882	295.8810
321.4763	295.8810
321.4763	295.3691
320.9643	295.3691
320.9643	294.8572
320.4524	294.8572
320.4524	294.3453
319.9405	294.3453
319.9405	293.8334
318.9167	293.8334
318.9167	293.3215
317.8929	293.3215
317.8929	292.8096
315.3334	292.8096
315.3334	292.2977
312.7739	292.2977
312.7739	292.8096
310.2143	292.8096
310.2143	293.3215
309.1905	293.3215
309.1905	293.8334
308.1667	293.8334
308.1667	294.3453
307.6548	294.3453
307.6548	294.8572
307.1429	294.8572
307.1429	295.3691
306.6310	295.3691
306.6310	295.8810
306.1191	295.8810
306.1191	296.3929
305.6072	296.3929
305.6072	296.9048
305.0953	296.9048
305.0953	297.9286
304.5834	297.9286
304.5834	298.9524
304.0715	298.9524
304.0715	301.5120
303.5596	301.5120
303.5596	302.0239
303.0477	302.0239
303.0477	302.5358
302.5358	302.5358
302.5358	303.0477
302.0239	303.0477
302.0239	303.5596
301.5120	303.5596
301.5120	304.5834
301.0001	304.5834
301.0001	305.6072
299.4643	305.6072
299.4643	305.0953
298.4405	305.0953
298.4405	304.5834
297.9286	304.5834
297.9286	304.0715
297.4167	304.0715
297.4167	303.0477
296.9048	303.0477
296.9048	302.5358
296.3929	302.5358
296.3929	302.0239
295.8810	302.0239
295.8810	301.5120
295.3691	301.5120
295.3691	301.0001
294.8572	301.0001
294.8572	300.4882
294.3453	300.4882
294.3453	299.9762
293.8334	299.9762
293.8334	296.3929
293.3215	296.3929
293.3215	293.8334
292.8096	293.8334
292.8096	292.8096
292.2977	292.8096
292.2977	291.7858
291.7858	291.7858
291.7858	291.2739
291.2739	291.2739
291.2739	290.7620
290.7620	290.7620
290.7620	290.2501
290.2501	290.2501
290.2501	289.7382
289.7382	289.7382
289.7382	289.2262
289.2262	289.2262
289.2262	288.7143
288.2024	288.7143
288.2024	288.2024
287.6905	288.2024
287.6905	287.6905
286.6667	287.6905
286.6667	287.1786
286.1548	287.1786
286.1548	286.6667
285.6429	286.6667
285.6429	286.1548
285.1310	286.1548
285.1310	285.6429
284.6191	285.6429
284.6191	285.1310
284.1072	285.1310
284.1072	283.5953
283.5953	283.5953
283.5953	282.5715
283.0834	282.5715
283.0834	280.0120
282.5715	280.0120
282.5715	278.9881
282.0596	278.9881
282.0596	277.9643
281.5477	277.9643
281.5477	277.4524
281.0358	277.4524
281.0358	276.9405
280.5239	276.9405
280.5239	276.4286
280.0120	276.4286
280.0120	275.9167
279.5001	275.9167
279.5001	275.4048
278.4762	275.4048
278.4762	274.8929
277.4524	274.8929
277.4524	274.3810
275.4048	274.3810
275.4048	273.8691
272.8453	273.8691
272.8453	273.3572
267.2143	273.3572
267.2143	272.8453
266.1905	272.8453
266.1905	272.3334
264.6548	272.3334
264.6548	271.8215
264.1429	271.8215
264.1429	271.3096
263.6310	271.3096
263.6310	270.7977
262.6072	270.7977
262.6072	270.2858
261.5834	270.2858
261.5834	269.7739
261.0715	269.7739
261.0715	269.2620
260.5596	269.2620
260.5596	268.7501
260.0477	268.7501
260.0477	268.2381
259.5358	268.2381
259.5358	267.2143
259.0239	267.2143
259.0239	266.1905
258.5120	266.1905
258.5120	265.1667
258.0000	265.1667
258.0000	264.6548
257.4881	264.6548
257.4881	263.6310
256.9762	263.6310
256.9762	263.1191
256.4643	263.1191
256.4643	262.6072
255.9524	262.6072
255.9524	260.0477
255.4405	260.0477
255.4405	259.0239
254.9286	259.0239
254.9286	258.0000
254.4167	258.0000
254.4167	257.4881
253.9048	257.4881
253.9048	256.4643
253.3929	256.4643
253.3929	255.9524
252.8810	255.9524
252.8810	255.4405
252.3691	255.4405
252.3691	254.9286
251.8572	254.9286
251.8572	254.4167
251.3453	254.4167
251.3453	253.9048
250.8334	253.9048
250.8334	250.3215
250.3215	250.3215
250.3215	247.7620
249.8096	247.7620
249.8096	246.7381
249.2977	246.7381
249.2977	245.7143
248.7858	245.7143
248.7858	245.2024
248.2739	245.2024
248.2739	244.6905
247.7620	244.6905
247.7620	244.1786
247.2500	244.1786
247.2500	243.6667
246.7381	243.6667
246.7381	243.1548
245.7143	243.1548
245.7143	242.6429
244.6905	242.6429
244.6905	242.1310
244.1786	242.1310
244.1786	241.6191
243.6667	241.6191
243.6667	241.1072
243.1548	241.1072
243.1548	240.0834
243.6667	240.0834
243.6667	237.5239
244.1786	237.5239
244.1786	234.4524
243.6667	234.4524
243.6667	231.8929
243.1548	231.8929
243.1548	230.8691
242.6429	230.8691
242.6429	229.8453
242.1310	229.8453
242.1310	229.3334
241.6191	229.3334
241.6191	228.8215
241.1072	228.8215
241.1072	228.3096
240.5953	228.3096
240.5953	227.7977
240.0834	227.7977
240.0834	227.2858
239.5715	227.2858
239.5715	225.7500
239.0596	225.7500
239.0596	224.7262
238.5477	224.7262
238.5477	223.7024
238.0358	223.7024
238.0358	223.1905
237.5239	223.1905
237.5239	221.6548
238.0358	221.6548
238.0358	217.5596
238.5477	217.5596
238.5477	214.4881
239.0596	214.4881
239.0596	211.9286
239.5715	211.9286
239.5715	208.8572
239.0596	208.8572
239.0596	206.2977
238.5477	206.2977
238.5477	205.2738
238.0358	205.2738
238.0358	204.2500
237.5239	204.2500
237.5239	203.7381
237.0119	203.7381
237.0119	202.7143
237.5239	202.7143
237.5239	201.1786
238.0358	201.1786
238.0358	198.6191
238.5477	198.6191
238.5477	198.1072
239.0596	198.1072
239.0596	197.5953
239.5715	197.5953
239.5715	197.0834
240.0834	197.0834
240.0834	196.5715
240.5953	196.5715
240.5953	196.0596
241.1072	196.0596
241.1072	195.5477
241.6191	195.5477
241.6191	194.5238
242.1310	194.5238
242.1310	194.0119
242.6429	194.0119
242.6429	193.5000
243.6667	193.5000
243.6667	192.9881
244.1786	192.9881
244.1786	192.4762
244.6905	192.4762
244.6905	191.9643
245.7143	191.9643
245.7143	191.4524
247.7620	191.4524
247.7620	190.9405
253.9048	190.9405
253.9048	190.4286
258.0000	190.4286
258.0000	189.9167
259.0239	189.9167
259.0239	190.4286
262.0953	190.4286
262.0953	190.9405
266.7024	190.9405
266.7024	191.4524
267.7262	191.4524
267.7262	191.9643
268.2381	191.9643
268.2381	192.4762
268.7501	192.4762
268.7501	192.9881
269.2620	192.9881
269.2620	193.5000
269.7739	193.5000
269.7739	194.0119
270.2858	194.0119
270.2858	195.0358
270.7977	195.0358
270.7977	195.5477
271.3096	195.5477
271.3096	196.0596
271.8215	196.0596
271.8215	196.5715
272.3334	196.5715
272.3334	197.0834
272.8453	197.0834
272.8453	197.5953
273.8691	197.5953
273.8691	198.1072
274.3810	198.1072
274.3810	198.6191
274.8929	198.6191
274.8929	199.1310
275.4048	199.1310
275.4048	199.6429
275.9167	199.6429
275.9167	200.1548
276.4286	200.1548
276.4286	200.6667
276.9405	200.6667
276.9405	201.1786
277.4524	201.1786
277.4524	201.6905
277.9643	201.6905
277.9643	202.2024
278.9881	202.2024
278.9881	202.7143
279.5001	202.7143
279.5001	203.2262
280.0120	203.2262
280.0120	203.7381
281.0358	203.7381
281.0358	204.2500
281.5477	204.2500
281.5477	204.7619
282.0596	204.7619
282.0596	205.2738
282.5715	205.2738
282.5715	205.7858
283.0834	205.7858
283.0834	206.2977
283.5953	206.2977
283.5953	206.8096
284.1072	206.8096
284.1072	207.3215
284.6191	207.3215
284.6191	207.8334
285.1310	207.8334
285.1310	208.3453
285.6429	208.3453
285.6429	208.8572
286.1548	208.8572
286.1548	209.3691
286.6667	209.3691
286.6667	209.8810
287.1786	209.8810
287.1786	210.3929
287.6905	210.3929
287.6905	210.9048
288.2024	210.9048
288.2024	211.4167
288.7143	211.4167
288.7143	211.9286
289.2262	211.9286
289.2262	212.4405
290.2501	212.4405
290.2501	212.9524
290.7620	212.9524
290.7620	213.4643
291.2739	213.4643
291.2739	213.9762
292.2977	213.9762
292.2977	214.4881
293.3215	214.4881
293.3215	215.0000
294.3453	215.0000
294.3453	215.5119
295.3691	215.5119
295.3691	216.0239
296.3929	216.0239
296.3929	216.5358
297.4167	216.5358
297.4167	217.0477
299.9762	217.0477
299.9762	217.5596
303.5596	217.5596
303.5596	217.0477
306.1191	217.0477
306.1191	216.5358
307.1429	216.5358
307.1429	216.0239
308.1667	216.0239
308.1667	215.5119
308.6786	215.5119
308.6786	215.0000
309.1905	215.0000
309.1905	214.4881
309.7024	214.4881
309.7024	213.9762
310.2143	213.9762
310.2143	213.4643
310.7262	213.4643
310.7262	212.4405
311.2382	212.4405
311.2382	211.9286
311.7501	211.9286
311.7501	211.4167
312.2620	211.4167
312.2620	210.9048
312.7739	210.9048
312.7739	209.8810
313.2858	209.8810
313.2858	208.8572
313.7977	208.8572
313.7977	207.3215
314.3096	207.3215
314.3096	206.2977
314.8215	206.2977
314.8215	205.2738
315.3334	205.2738
315.3334	204.2500
315.8453	204.2500
315.8453	203.7381
316.3572	203.7381
316.3572	202.7143
316.8691	202.7143
316.8691	201.6905
317.3810	201.6905
317.3810	199.6429
317.8929	199.6429
317.8929	199.1310
318.4048	199.1310
318.4048	198.1072
318.9167	198.1072
318.9167	197.5953
319.4286	197.5953
319.4286	196.5715
319.9405	196.5715
319.9405	195.5477
320.4524	195.5477
320.4524	195.0358
320.9643	195.0358
320.9643	194.5238
321.4763	194.5238
321.4763	193.5000
321.9882	193.5000
321.9882	192.4762
323.0120	192.4762
323.0120	191.9643
323.5239	191.9643
323.5239	191.4524
324.0358	191.4524
324.0358	190.9405
325.0596	190.9405
325.0596	190.4286
325.5715	190.4286
325.5715	189.9167
326.0834	189.9167
326.0834	189.4048
327.1072	189.4048
327.1072	188.8929
327.6191	188.8929
327.6191	188.3810
328.1310	188.3810
328.1310	187.8691
328.6429	187.8691
328.6429	187.3572
329.6667	187.3572
329.6667	186.8453
330.6905	186.8453
330.6905	186.3334
331.2024	186.3334
331.2024	185.8215
331.7143	185.8215
331.7143	185.3096
333.2501	185.3096
333.2501	184.7977
334.7858	184.7977
334.7858	184.2857
336.3215	184.2857
336.3215	183.7738
337.3453	183.7738
337.3453	183.2619
338.3691	183.2619
338.3691	182.7500
339.3929	182.7500
339.3929	182.2381
344.5120	182.2381
344.5120	181.7262
349.6310	181.7262
