366.5239	213.4643
373.1786	213.4643
373.1786	212.9524
375.2263	212.9524
375.2263	213.4643
376.2501	213.4643
376.2501	213.9762
377.2739	213.9762
377.2739	214.4881
378.2977	214.4881
378.2977	215.0000
380.3453	215.0000
380.3453	215.5119
381.8810	215.5119
381.8810	216.0239
382.9048	216.0239
382.9048	216.5358
385.4644	216.5358
385.4644	217.0477
388.5358	217.0477
388.5358	216.5358
391.0953	216.5358
391.0953	217.5596
391.6072	217.5596
391.6072	220.1191
392.1191	220.1191
392.1191	221.1429
392.6310	221.1429
392.6310	222.1667
393.1429	222.1667
393.1429	223.1905
393.6548	223.1905
393.6548	223.7024
394.1667	223.7024
394.1667	224.2143
394.6786	224.2143
394.6786	224.7262
395.1906	224.7262
395.1906	225.2381
395.7025	225.2381
395.7025	225.7500
396.2144	225.7500
396.2144	226.2619
397.2382	226.2619
397.2382	227.2858
397.7501	227.2858
397.7501	227.7977
398.2620	227.7977
398.2620	228.3096
398.7739	228.3096
398.7739	228.8215
399.2858	228.8215
399.2858	229.8453
399.7977	229.8453
399.7977	230.8691
400.3096	230.8691
400.3096	231.8929
400.8215	231.8929
400.8215	233.4286
401.3334	233.4286
401.3334	234.4524
401.8453	234.4524
401.8453	235.4762
402.3572	235.4762
402.3572	235.9881
402.8691	235.9881
402.8691	237.0119
403.3810	237.0119
403.3810	238.5477
403.8929	238.5477
403.8929	240.0834
404.4048	240.0834
404.4048	241.6191
404.9167	241.6191
404.9167	244.6905
404.4048	244.6905
404.4048	248.2739
403.8929	248.2739
403.8929	251.3453
403.3810	251.3453
403.3810	255.9524
402.8691	255.9524
402.8691	256.9762
402.3572	256.9762
402.3572	257.4881
401.8453	257.4881
401.8453	258.0000
401.3334	258.0000
401.3334	258.5120
400.8215	258.5120
400.8215	259.0239
400.3096	259.0239
400.3096	260.0477
399.7977	260.0477
399.7977	261.0715
399.2858	261.0715
399.2858	262.0953
398.7739	262.0953
398.7739	263.1191
398.2620	263.1191
398.2620	265.1667
397.7501	265.1667
397.7501	266.7024
397.2382	266.7024
397.2382	267.7262
396.7263	267.7262
396.7263	268.7501
396.2144	268.7501
396.2144	270.2858
395.7025	270.2858
395.7025	270.7977
395.1906	270.7977
395.1906	271.3096
394.6786	271.3096
394.6786	271.8215
394.1667	271.8215
394.1667	272.3334
393.6548	272.3334
393.6548	272.8453
393.1429	272.8453
393.1429	273.3572
392.6310	273.3572
392.6310	273.8691
392.1191	273.8691
392.1191	274.3810
391.6072	274.3810
391.6072	274.8929
391.0953	274.8929
391.0953	275.4048
390.5834	275.4048
390.5834	275.9167
390.0715	275.9167
390.0715	276.9405
389.5596	276.9405
389.5596	277.4524
389.0477	277.4524
389.0477	277.9643
388.5358	277.9643
388.5358	278.4762
388.0239	278.4762
388.0239	279.5001
387.5120	279.5001
387.5120	280.5239
387.0001	280.5239
387.0001	281.5477
386.4882	281.5477
386.4882	282.5715
385.9763	282.5715
385.9763	283.5953
385.4644	283.5953
385.4644	284.6191
384.9525	284.6191
384.9525	286.1548
384.4405	286.1548
384.4405	287.6905
383.9286	287.6905
383.9286	288.2024
383.4167	288.2024
383.4167	288.7143
382.9048	288.7143
382.9048	289.2262
382.3929	289.2262
382.3929	289.7382
380.8572	289.7382
380.8572	290.2501
379.8334	290.2501
379.8334	290.7620
378.8096	290.7620
378.8096	291.2739
378.2977	291.2739
378.2977	291.7858
377.7858	291.7858
377.7858	292.2977
377.2739	292.2977
377.2739	292.8096
376.7620	292.8096
376.7620	293.3215
376.2501	293.3215
376.2501	294.3453
375.7382	294.3453
375.7382	295.3691
375.2263	295.3691
375.2263	297.4167
374.7144	297.4167
374.7144	299.9762
374.2025	299.9762
374.2025	301.5120
373.6905	301.5120
373.6905	302.0239
371.1310	302.0239
371.1310	302.5358
370.1072	302.5358
370.1072	303.0477
369.0834	303.0477
369.0834	303.5596
368.5715	303.5596
368.5715	304.0715
368.0596	304.0715
368.0596	304.5834
367.5477	304.5834
367.5477	305.0953
367.0358	305.0953
367.0358	305.6072
366.5239	305.6072
366.5239	306.1191
366.0120	306.1191
366.0120	307.1429
365.5001	307.1429
365.5001	308.1667
364.9882	308.1667
364.9882	310.2143
364.4763	310.2143
364.4763	310.7262
363.9644	310.7262
363.9644	311.2382
363.4525	311.2382
363.4525	311.7501
362.9405	311.7501
362.9405	312.2620
362.4286	312.2620
362.4286	313.2858
361.9167	313.2858
361.9167	314.3096
361.4048	314.3096
361.4048	316.3572
360.8929	316.3572
360.8929	318.9167
360.3810	318.9167
360.3810	319.4286
358.8453	319.4286
358.8453	319.9405
357.8215	319.9405
357.8215	319.4286
352.7024	319.4286
352.7024	319.9405
350.1429	319.9405
350.1429	320.4524
348.6072	320.4524
348.6072	319.9405
347.5834	319.9405
347.5834	319.4286
347.0715	319.4286
347.0715	318.9167
346.5596	318.9167
346.5596	318.4048
345.5358	318.4048
345.5358	317.8929
344.5120	317.8929
344.5120	317.3810
341.9524	317.3810
341.9524	316.8691
338.3691	316.8691
338.3691	317.3810
335.8096	317.3810
335.8096	317.8929
335.2977	317.8929
335.2977	317.3810
332.7382	317.3810
332.7382	316.8691
331.7143	316.8691
331.7143	316.3572
330.6905	316.3572
330.6905	315.8453
329.6667	315.8453
329.6667	315.3334
328.6429	315.3334
328.6429	314.8215
328.1310	314.8215
328.1310	314.3096
327.6191	314.3096
327.6191	313.7977
326.5953	313.7977
326.5953	313.2858
325.5715	313.2858
325.5715	312.7739
325.0596	312.7739
325.0596	312.2620
324.5477	312.2620
324.5477	311.7501
323.5239	311.7501
323.5239	311.2382
323.0120	311.2382
323.0120	310.7262
321.9882	310.7262
321.9882	310.2143
320.9643	310.2143
320.9643	309.7024
318.4048	309.7024
318.4048	309.1905
314.3096	309.1905
314.3096	308.6786
313.7977	308.6786
313.7977	307.6548
313.2858	307.6548
313.2858	306.6310
312.7739	306.6310
312.7739	305.6072
312.2620	305.6072
312.2620	305.0953
311.7501	305.0953
311.7501	303.5596
311.2382	303.5596
311.2382	301.5120
311.7501	301.5120
311.7501	295.3691
311.2382	295.3691
311.2382	289.7382
310.7262	289.7382
310.7262	287.1786
310.2143	287.1786
310.2143	285.1310
309.7024	285.1310
309.7024	284.1072
309.1905	284.1072
309.1905	283.0834
308.6786	283.0834
308.6786	282.0596
309.1905	282.0596
309.1905	281.0358
309.7024	281.0358
309.7024	278.4762
310.2143	278.4762
310.2143	275.9167
310.7262	275.9167
310.7262	275.4048
311.2382	275.4048
311.2382	274.8929
311.7501	274.8929
311.7501	273.8691
312.2620	273.8691
312.2620	272.8453
312.7739	272.8453
312.7739	270.2858
313.2858	270.2858
313.2858	259.5358
313.7977	259.5358
313.7977	258.5120
314.3096	258.5120
314.3096	257.4881
314.8215	257.4881
314.8215	255.9524
315.3334	255.9524
315.3334	255.4405
319.4286	255.4405
319.4286	254.9286
321.9882	254.9286
321.9882	254.4167
323.0120	254.4167
323.0120	253.9048
324.0358	253.9048
324.0358	253.3929
324.5477	253.3929
324.5477	252.8810
325.0596	252.8810
325.0596	252.3691
325.5715	252.3691
325.5715	251.8572
326.0834	251.8572
326.0834	251.3453
326.5953	251.3453
326.5953	250.3215
327.1072	250.3215
327.1072	249.2977
327.6191	249.2977
327.6191	246.7381
328.1310	246.7381
328.1310	246.2262
328.6429	246.2262
328.6429	245.2024
329.1548	245.2024
329.1548	244.1786
329.6667	244.1786
329.6667	241.6191
330.1786	241.6191
330.1786	238.0358
330.6905	238.0358
330.6905	237.5239
331.2024	237.5239
331.2024	236.5000
331.7143	236.5000
331.7143	235.9881
332.2263	235.9881
332.2263	235.4762
332.7382	235.4762
332.7382	234.4524
333.2501	234.4524
333.2501	233.4286
333.7620	233.4286
333.7620	230.8691
334.2739	230.8691
334.2739	227.2858
335.2977	227.2858
335.2977	226.7739
336.3215	226.7739
336.3215	226.2619
337.3453	226.2619
337.3453	225.7500
338.3691	225.7500
338.3691	225.2381
339.3929	225.2381
339.3929	224.7262
340.9286	224.7262
340.9286	224.2143
341.9524	224.2143
341.9524	223.7024
342.9763	223.7024
342.9763	223.1905
344.0001	223.1905
344.0001	222.6786
344.5120	222.6786
344.5120	222.1667
345.0239	222.1667
345.0239	221.6548
345.5358	221.6548
345.5358	221.1429
346.5596	221.1429
346.5596	220.6310
347.0715	220.6310
347.0715	220.1191
348.0953	220.1191
348.0953	219.6072
349.6310	219.6072
349.6310	219.0953
350.6548	219.0953
350.6548	218.5834
351.6786	218.5834
351.6786	218.0715
352.7024	218.0715
352.7024	217.5596
354.7501	217.5596
354.7501	217.0477
355.7739	217.0477
355.7739	216.5358
356.7977	216.5358
356.7977	216.0239
357.8215	216.0239
357.8215	215.5119
358.3334	215.5119
358.3334	215.0000
359.8691	215.0000
359.8691	214.4881
362.4286	214.4881
362.4286	213.9762
364.4763	213.9762
364.4763	213.4643
365.5001	213.4643
365.5001	212.9524
366.5239	212.9524
