262.0953	174.5596
264.1429	174.5596
264.1429	175.0715
266.7024	175.0715
266.7024	175.5834
267.7262	175.5834
267.7262	176.0953
268.7501	176.0953
268.7501	176.6072
269.7739	176.6072
269.7739	177.1191
270.7977	177.1191
270.7977	177.6310
271.3096	177.6310
271.3096	178.1429
271.8215	178.1429
271.8215	178.6548
272.8453	178.6548
272.8453	179.1667
273.3572	179.1667
273.3572	179.6786
273.8691	179.6786
273.8691	180.7024
274.3810	180.7024
274.3810	181.2143
274.8929	181.2143
274.8929	181.7262
275.4048	181.7262
275.4048	182.2381
275.9167	182.2381
275.9167	182.7500
276.4286	182.7500
276.4286	183.2619
276.9405	183.2619
276.9405	185.3096
277.4524	185.3096
277.4524	186.8453
277.9643	186.8453
277.9643	188.8929
278.4762	188.8929
278.4762	190.4286
278.9881	190.4286
278.9881	192.4762
279.5001	192.4762
279.5001	193.5000
280.0120	193.5000
280.0120	194.5238
280.5239	194.5238
280.5239	195.5477
281.0358	195.5477
281.0358	196.0596
281.5477	196.0596
281.5477	197.0834
282.0596	197.0834
282.0596	198.1072
282.5715	198.1072
282.5715	199.1310
283.0834	199.1310
283.0834	200.1548
283.5953	200.1548
283.5953	202.2024
284.1072	202.2024
284.1072	203.7381
284.6191	203.7381
284.6191	205.2738
285.1310	205.2738
285.1310	206.2977
285.6429	206.2977
285.6429	207.3215
286.1548	207.3215
286.1548	208.3453
286.6667	208.3453
286.6667	209.3691
287.1786	209.3691
287.1786	210.3929
287.6905	210.3929
287.6905	210.9048
288.2024	210.9048
288.2024	211.4167
288.7143	211.4167
288.7143	211.9286
289.2262	211.9286
289.2262	212.4405
289.7382	212.4405
289.7382	212.9524
290.7620	212.9524
290.7620	213.4643
291.7858	213.4643
291.7858	213.9762
294.3453	213.9762
294.3453	214.4881
299.4643	214.4881
299.4643	215.0000
302.0239	215.0000
302.0239	215.5119
306.1191	215.5119
306.1191	215.0000
307.1429	215.0000
307.1429	215.5119
308.1667	215.5119
308.1667	216.0239
309.7024	216.0239
309.7024	216.5358
312.2620	216.5358
312.2620	217.0477
314.8215	217.0477
314.8215	216.5358
317.3810	216.5358
317.3810	216.0239
319.9405	216.0239
319.9405	216.5358
320.4524	216.5358
320.4524	218.5834
320.9643	218.5834
320.9643	219.6072
321.4763	219.6072
321.4763	220.6310
321.9882	220.6310
321.9882	221.1429
322.5001	221.1429
322.5001	221.6548
323.0120	221.6548
323.0120	222.1667
323.5239	222.1667
323.5239	222.6786
324.0358	222.6786
324.0358	223.1905
325.0596	223.1905
325.0596	223.7024
326.0834	223.7024
326.0834	224.2143
327.1072	224.2143
327.1072	224.7262
329.1548	224.7262
329.1548	225.2381
330.1786	225.2381
330.1786	225.7500
331.2024	225.7500
331.2024	226.2619
333.7620	226.2619
333.7620	226.7739
336.3215	226.7739
336.3215	226.2619
338.8810	226.2619
338.8810	225.7500
339.9048	225.7500
339.9048	225.2381
340.9286	225.2381
340.9286	224.7262
341.4405	224.7262
341.4405	224.2143
341.9524	224.2143
341.9524	223.7024
342.4644	223.7024
342.4644	223.1905
342.9763	223.1905
342.9763	222.6786
343.4882	222.6786
343.4882	222.1667
344.0001	222.1667
344.0001	221.1429
344.5120	221.1429
344.5120	220.6310
345.0239	220.6310
345.0239	219.6072
345.5358	219.6072
345.5358	218.5834
346.0477	218.5834
346.0477	216.0239
346.5596	216.0239
346.5596	213.4643
347.0715	213.4643
347.0715	210.9048
346.5596	210.9048
346.5596	208.3453
346.0477	208.3453
346.0477	207.3215
345.5358	207.3215
345.5358	206.2977
345.0239	206.2977
345.0239	205.2738
344.5120	205.2738
344.5120	204.7619
344.0001	204.7619
344.0001	204.2500
343.4882	204.2500
343.4882	203.7381
342.9763	203.7381
342.9763	203.2262
342.4644	203.2262
342.4644	202.7143
341.4405	202.7143
341.4405	202.2024
340.4167	202.2024
340.4167	201.6905
339.3929	201.6905
339.3929	201.1786
338.8810	201.1786
338.8810	200.6667
338.3691	200.6667
338.3691	200.1548
337.3453	200.1548
337.3453	199.6429
336.3215	199.6429
336.3215	199.1310
335.2977	199.1310
335.2977	197.0834
334.7858	197.0834
334.7858	196.0596
334.2739	196.0596
334.2739	195.0358
333.7620	195.0358
333.7620	194.5238
333.2501	194.5238
333.2501	194.0119
332.7382	194.0119
332.7382	193.5000
332.2263	193.5000
332.2263	192.9881
331.7143	192.9881
331.7143	192.4762
330.6905	192.4762
330.6905	191.9643
329.6667	191.9643
329.6667	191.4524
328.6429	191.4524
328.6429	190.9405
326.0834	190.9405
326.0834	190.4286
320.9643	190.4286
320.9643	189.9167
318.4048	189.9167
318.4048	190.4286
315.8453	190.4286
315.8453	190.9405
314.3096	190.9405
314.3096	190.4286
313.7977	190.4286
313.7977	189.9167
314.3096	189.9167
314.3096	188.8929
314.8215	188.8929
314.8215	187.8691
315.3334	187.8691
315.3334	187.3572
315.8453	187.3572
315.8453	186.8453
316.3572	186.8453
316.3572	186.3334
316.8691	186.3334
316.8691	185.8215
317.3810	185.8215
317.3810	185.3096
318.4048	185.3096
318.4048	184.7977
318.9167	184.7977
318.9167	184.2857
319.4286	184.2857
319.4286	183.7738
319.9405	183.7738
319.9405	183.2619
320.9643	183.2619
320.9643	182.7500
321.9882	182.7500
321.9882	182.2381
323.0120	182.2381
323.0120	181.7262
323.5239	181.7262
323.5239	181.2143
326.0834	181.2143
326.0834	180.7024
328.6429	180.7024
328.6429	180.1905
331.7143	180.1905
331.7143	179.6786
333.2501	179.6786
333.2501	180.1905
336.8334	180.1905
336.8334	179.6786
337.8572	179.6786
337.8572	180.1905
341.9524	180.1905
341.9524	180.7024
347.0715	180.7024
347.0715	181.2143
348.0953	181.2143
348.0953	181.7262
349.6310	181.7262
349.6310	182.2381
351.1667	182.2381
351.1667	182.7500
352.1905	182.7500
352.1905	183.2619
353.7263	183.2619
353.7263	183.7738
355.2620	183.7738
355.2620	184.2857
357.3096	184.2857
357.3096	184.7977
359.8691	184.7977
359.8691	185.3096
364.4763	185.3096
364.4763	185.8215
368.5715	185.8215
368.5715	186.3334
369.5953	186.3334
369.5953	186.8453
372.1548	186.8453
372.1548	187.3572
373.1786	187.3572
373.1786	187.8691
374.2025	187.8691
374.2025	188.3810
375.2263	188.3810
375.2263	188.8929
376.7620	188.8929
376.7620	189.4048
377.7858	189.4048
377.7858	189.9167
378.8096	189.9167
378.8096	190.4286
379.3215	190.4286
379.3215	190.9405
380.3453	190.9405
380.3453	191.4524
380.8572	191.4524
380.8572	191.9643
381.3691	191.9643
381.3691	192.4762
382.3929	192.4762
382.3929	192.9881
383.4167	192.9881
383.4167	193.5000
384.9525	193.5000
384.9525	194.0119
385.9763	194.0119
385.9763	194.5238
386.4882	194.5238
386.4882	195.0358
387.5120	195.0358
387.5120	195.5477
388.0239	195.5477
388.0239	196.0596
389.0477	196.0596
389.0477	196.5715
389.5596	196.5715
389.5596	197.0834
390.0715	197.0834
390.0715	197.5953
390.5834	197.5953
390.5834	198.1072
391.0953	198.1072
391.0953	198.6191
391.6072	198.6191
391.6072	199.1310
392.1191	199.1310
392.1191	199.6429
393.1429	199.6429
393.1429	200.1548
394.1667	200.1548
394.1667	200.6667
394.6786	200.6667
394.6786	201.1786
395.1906	201.1786
395.1906	201.6905
395.7025	201.6905
395.7025	202.2024
396.2144	202.2024
396.2144	202.7143
396.7263	202.7143
396.7263	203.2262
397.7501	203.2262
397.7501	204.2500
398.2620	204.2500
398.2620	204.7619
398.7739	204.7619
398.7739	205.2738
399.2858	205.2738
399.2858	205.7858
399.7977	205.7858
399.7977	206.2977
400.3096	206.2977
400.3096	207.3215
400.8215	207.3215
400.8215	208.3453
401.3334	208.3453
401.3334	209.3691
401.8453	209.3691
401.8453	210.3929
402.3572	210.3929
402.3572	211.9286
402.8691	211.9286
402.8691	212.9524
403.3810	212.9524
403.3810	213.9762
403.8929	213.9762
403.8929	215.0000
404.4048	215.0000
404.4048	216.0239
404.9167	216.0239
404.9167	217.0477
405.4286	217.0477
405.4286	218.0715
405.9406	218.0715
405.9406	219.0953
406.4525	219.0953
406.4525	220.1191
406.9644	220.1191
406.9644	220.6310
407.4763	220.6310
407.4763	221.6548
407.9882	221.6548
407.9882	224.2143
408.5001	224.2143
408.5001	225.2381
409.0120	225.2381
409.0120	227.2858
409.5239	227.2858
409.5239	228.3096
410.0358	228.3096
410.0358	229.3334
410.5477	229.3334
410.5477	231.3810
411.0596	231.3810
411.0596	232.4048
411.5715	232.4048
411.5715	233.9405
412.0834	233.9405
412.0834	235.4762
412.5953	235.4762
412.5953	236.5000
413.1072	236.5000
413.1072	240.5953
413.6191	240.5953
413.6191	243.1548
414.1310	243.1548
414.1310	244.6905
414.6429	244.6905
414.6429	255.9524
414.1310	255.9524
414.1310	263.6310
413.6191	263.6310
413.6191	272.3334
413.1072	272.3334
413.1072	273.8691
412.5953	273.8691
412.5953	274.8929
412.0834	274.8929
412.0834	276.9405
411.5715	276.9405
411.5715	277.9643
411.0596	277.9643
411.0596	279.5001
410.5477	279.5001
410.5477	281.5477
410.0358	281.5477
410.0358	282.5715
409.5239	282.5715
409.5239	283.5953
409.0120	283.5953
409.0120	285.1310
408.5001	285.1310
408.5001	286.1548
407.9882	286.1548
407.9882	287.1786
407.4763	287.1786
407.4763	288.2024
406.9644	288.2024
406.9644	289.2262
406.4525	289.2262
406.4525	290.2501
405.9406	290.2501
405.9406	291.2739
405.4286	291.2739
405.4286	292.2977
404.9167	292.2977
404.9167	292.8096
404.4048	292.8096
404.4048	293.8334
403.8929	293.8334
403.8929	294.8572
403.3810	294.8572
403.3810	295.8810
402.8691	295.8810
402.8691	296.9048
402.3572	296.9048
402.3572	297.9286
401.8453	297.9286
401.8453	298.4405
401.3334	298.4405
401.3334	298.9524
400.8215	298.9524
400.8215	299.9762
400.3096	299.9762
400.3096	300.4882
399.7977	300.4882
399.7977	301.5120
399.2858	301.5120
399.2858	302.5358
398.7739	302.5358
398.7739	303.5596
398.2620	303.5596
398.2620	304.0715
397.7501	304.0715
397.7501	304.5834
397.2382	304.5834
397.2382	305.0953
396.7263	305.0953
396.7263	305.6072
396.2144	305.6072
396.2144	306.1191
395.7025	306.1191
395.7025	306.6310
395.1906	306.6310
395.1906	307.1429
394.6786	307.1429
394.6786	307.6548
394.1667	307.6548
394.1667	308.1667
393.6548	308.1667
393.6548	308.6786
393.1429	308.6786
393.1429	309.1905
392.6310	309.1905
392.6310	309.7024
392.1191	309.7024
392.1191	310.7262
391.6072	310.7262
391.6072	311.2382
391.0953	311.2382
391.0953	312.2620
390.5834	312.2620
390.5834	313.2858
390.0715	313.2858
390.0715	314.3096
389.5596	314.3096
389.5596	314.8215
389.0477	314.8215
389.0477	315.8453
388.5358	315.8453
388.5358	316.8691
385.9763	316.8691
385.9763	317.3810
384.9525	317.3810
384.9525	317.8929
383.9286	317.8929
383.9286	318.4048
382.9048	318.4048
382.9048	318.9167
382.3929	318.9167
382.3929	319.4286
381.8810	319.4286
381.8810	319.9405
381.3691	319.9405
381.3691	320.4524
380.8572	320.4524
380.8572	320.9643
380.3453	320.9643
380.3453	321.4763
379.8334	321.4763
379.8334	322.5001
379.3215	322.5001
379.3215	323.5239
378.8096	323.5239
378.8096	325.5715
375.2263	325.5715
375.2263	326.0834
372.6667	326.0834
372.6667	326.5953
371.6429	326.5953
371.6429	327.1072
370.6191	327.1072
370.6191	327.6191
370.1072	327.6191
370.1072	328.1310
369.0834	328.1310
369.0834	328.6429
368.5715	328.6429
368.5715	329.1548
368.0596	329.1548
368.0596	329.6667
367.5477	329.6667
367.5477	330.1786
367.0358	330.1786
367.0358	330.6905
366.5239	330.6905
366.5239	331.2024
364.9882	331.2024
364.9882	330.6905
362.4286	330.6905
362.4286	330.1786
359.8691	330.1786
359.8691	330.6905
357.3096	330.6905
357.3096	331.2024
352.7024	331.2024
352.7024	331.7143
350.1429	331.7143
350.1429	332.2263
349.1191	332.2263
349.1191	331.7143
348.6072	331.7143
348.6072	331.2024
348.0953	331.2024
348.0953	330.6905
347.5834	330.6905
347.5834	330.1786
347.0715	330.1786
347.0715	329.6667
346.5596	329.6667
346.5596	329.1548
346.0477	329.1548
346.0477	328.6429
345.0239	328.6429
345.0239	328.1310
344.0001	328.1310
344.0001	327.6191
341.4405	327.6191
341.4405	327.1072
336.8334	327.1072
336.8334	327.6191
336.3215	327.6191
336.3215	324.5477
335.8096	324.5477
335.8096	321.9882
335.2977	321.9882
335.2977	320.9643
334.7858	320.9643
334.7858	319.9405
334.2739	319.9405
334.2739	319.4286
333.7620	319.4286
333.7620	318.9167
333.2501	318.9167
333.2501	318.4048
332.7382	318.4048
332.7382	317.8929
332.2263	317.8929
332.2263	317.3810
331.7143	317.3810
331.7143	316.8691
331.2024	316.8691
331.2024	316.3572
330.6905	316.3572
330.6905	315.8453
329.6667	315.8453
329.6667	315.3334
328.6429	315.3334
328.6429	314.8215
326.0834	314.8215
326.0834	314.3096
323.5239	314.3096
323.5239	314.8215
320.9643	314.8215
320.9643	315.3334
319.9405	315.3334
319.9405	315.8453
318.9167	315.8453
318.9167	316.3572
318.4048	316.3572
318.4048	316.8691
317.8929	316.8691
317.8929	317.3810
316.8691	317.3810
316.8691	316.8691
316.3572	316.8691
316.3572	316.3572
315.8453	316.3572
315.8453	315.8453
315.3334	315.8453
315.3334	315.3334
314.8215	315.3334
314.8215	312.7739
314.3096	312.7739
314.3096	311.7501
313.7977	311.7501
313.7977	310.7262
313.2858	310.7262
313.2858	310.2143
312.7739	310.2143
312.7739	309.7024
312.2620	309.7024
312.2620	309.1905
311.7501	309.1905
311.7501	308.6786
311.2382	308.6786
311.2382	308.1667
310.2143	308.1667
310.2143	307.6548
309.1905	307.6548
309.1905	307.1429
308.1667	307.1429
308.1667	306.6310
307.1429	306.6310
307.1429	306.1191
304.5834	306.1191
304.5834	305.6072
298.9524	305.6072
298.9524	306.1191
297.9286	306.1191
297.9286	305.6072
296.9048	305.6072
296.9048	305.0953
295.8810	305.0953
295.8810	304.0715
295.3691	304.0715
295.3691	303.0477
294.8572	303.0477
294.8572	302.5358
294.3453	302.5358
294.3453	302.0239
293.8334	302.0239
293.8334	301.5120
293.3215	301.5120
293.3215	296.3929
293.8334	296.3929
293.8334	292.8096
293.3215	292.8096
293.3215	290.2501
292.8096	290.2501
292.8096	289.2262
292.2977	289.2262
292.2977	288.2024
291.7858	288.2024
291.7858	287.6905
291.2739	287.6905
291.2739	287.1786
290.7620	287.1786
290.7620	286.6667
290.2501	286.6667
290.2501	286.1548
289.7382	286.1548
289.7382	285.6429
289.2262	285.6429
289.2262	285.1310
288.2024	285.1310
288.2024	284.6191
287.1786	284.6191
287.1786	284.1072
284.6191	284.1072
284.6191	283.5953
281.5477	283.5953
281.5477	283.0834
281.0358	283.0834
281.0358	282.5715
280.5239	282.5715
280.5239	282.0596
280.0120	282.0596
280.0120	281.5477
278.9881	281.5477
278.9881	281.0358
277.9643	281.0358
277.9643	280.5239
275.4048	280.5239
275.4048	280.0120
271.3096	280.0120
271.3096	280.5239
270.2858	280.5239
270.2858	280.0120
269.2620	280.0120
269.2620	279.5001
267.2143	279.5001
267.2143	278.9881
266.7024	278.9881
266.7024	278.4762
265.6786	278.4762
265.6786	277.9643
264.6548	277.9643
264.6548	277.4524
263.6310	277.4524
263.6310	276.9405
262.0953	276.9405
262.0953	276.4286
261.0715	276.4286
261.0715	275.9167
260.0477	275.9167
260.0477	275.4048
257.4881	275.4048
257.4881	274.8929
256.4643	274.8929
256.4643	272.8453
255.9524	272.8453
255.9524	271.8215
255.4405	271.8215
255.4405	270.7977
254.9286	270.7977
254.9286	269.7739
254.4167	269.7739
254.4167	268.7501
253.9048	268.7501
253.9048	268.2381
253.3929	268.2381
253.3929	267.2143
252.8810	267.2143
252.8810	266.7024
252.3691	266.7024
252.3691	266.1905
251.8572	266.1905
251.8572	265.6786
251.3453	265.6786
251.3453	265.1667
250.8334	265.1667
250.8334	264.6548
250.3215	264.6548
250.3215	264.1429
249.8096	264.1429
249.8096	263.6310
249.2977	263.6310
249.2977	260.0477
249.8096	260.0477
249.8096	259.0239
250.3215	259.0239
250.3215	256.4643
250.8334	256.4643
250.8334	253.3929
250.3215	253.3929
250.3215	250.8334
249.8096	250.8334
249.8096	249.8096
249.2977	249.8096
249.2977	248.7858
248.7858	248.7858
248.7858	248.2739
248.2739	248.2739
248.2739	247.7620
247.7620	247.7620
247.7620	247.2500
247.2500	247.2500
247.2500	246.7381
246.7381	246.7381
246.7381	244.6905
246.2262	244.6905
246.2262	243.6667
245.7143	243.6667
245.7143	241.1072
245.2024	241.1072
245.2024	240.0834
244.6905	240.0834
244.6905	239.0596
244.1786	239.0596
244.1786	238.5477
243.6667	238.5477
243.6667	237.0119
243.1548	237.0119
243.1548	235.9881
242.6429	235.9881
242.6429	234.9643
242.1310	234.9643
242.1310	234.4524
241.6191	234.4524
241.6191	232.9167
241.1072	232.9167
241.1072	231.8929
240.5953	231.8929
240.5953	230.8691
240.0834	230.8691
240.0834	229.8453
239.5715	229.8453
239.5715	229.3334
239.0596	229.3334
239.0596	228.3096
238.5477	228.3096
238.5477	227.7977
238.0358	227.7977
238.0358	227.2858
237.5239	227.2858
237.5239	226.7739
237.0119	226.7739
237.0119	226.2619
236.5000	226.2619
236.5000	225.7500
235.9881	225.7500
235.9881	225.2381
235.4762	225.2381
235.4762	224.2143
234.9643	224.2143
234.9643	223.1905
234.4524	223.1905
234.4524	222.1667
233.9405	222.1667
233.9405	221.1429
233.4286	221.1429
233.4286	220.1191
232.9167	220.1191
232.9167	212.4405
232.4048	212.4405
232.4048	202.7143
232.9167	202.7143
232.9167	197.0834
233.4286	197.0834
233.4286	194.5238
233.9405	194.5238
233.9405	193.5000
234.4524	193.5000
234.4524	191.4524
234.9643	191.4524
234.9643	189.9167
235.4762	189.9167
235.4762	188.8929
235.9881	188.8929
235.9881	188.3810
236.5000	188.3810
236.5000	187.3572
237.0119	187.3572
237.0119	186.3334
237.5239	186.3334
237.5239	185.3096
238.0358	185.3096
238.0358	184.2857
238.5477	184.2857
238.5477	183.7738
239.0596	183.7738
239.0596	183.2619
239.5715	183.2619
239.5715	182.7500
240.0834	182.7500
240.0834	182.2381
240.5953	182.2381
240.5953	181.7262
241.1072	181.7262
241.1072	181.2143
241.6191	181.2143
241.6191	180.7024
242.1310	180.7024
242.1310	180.1905
242.6429	180.1905
242.6429	179.6786
243.1548	179.6786
243.1548	179.1667
243.6667	179.1667
243.6667	178.6548
245.2024	178.6548
245.2024	178.1429
246.2262	178.1429
246.2262	177.6310
247.2500	177.6310
247.2500	177.1191
247.7620	177.1191
247.7620	176.6072
248.7858	176.6072
248.7858	176.0953
250.8334	176.0953
250.8334	175.5834
251.8572	175.5834
251.8572	175.0715
253.3929	175.0715
253.3929	174.5596
254.4167	174.5596
254.4167	174.0477
262.0953	174.0477
