378.2977	228.8215
379.3215	228.8215
379.3215	229.3334
381.8810	229.3334
381.8810	229.8453
385.9763	229.8453
385.9763	230.3572
386.4882	230.3572
386.4882	232.9167
387.0001	232.9167
387.0001	234.4524
387.5120	234.4524
387.5120	235.4762
388.0239	235.4762
388.0239	236.5000
388.5358	236.5000
388.5358	237.0119
389.0477	237.0119
389.0477	237.5239
389.5596	237.5239
389.5596	238.0358
390.0715	238.0358
390.0715	238.5477
390.5834	238.5477
390.5834	239.0596
391.6072	239.0596
391.6072	239.5715
392.6310	239.5715
392.6310	240.0834
392.1191	240.0834
392.1191	240.5953
391.0953	240.5953
391.0953	241.1072
390.0715	241.1072
390.0715	241.6191
389.5596	241.6191
389.5596	242.1310
389.0477	242.1310
389.0477	242.6429
388.5358	242.6429
388.5358	243.1548
388.0239	243.1548
388.0239	243.6667
387.5120	243.6667
387.5120	244.6905
387.0001	244.6905
387.0001	245.7143
386.4882	245.7143
386.4882	248.2739
385.9763	248.2739
385.9763	250.8334
386.4882	250.8334
386.4882	253.3929
387.0001	253.3929
387.0001	254.9286
387.5120	254.9286
387.5120	255.9524
388.0239	255.9524
388.0239	256.9762
388.5358	256.9762
388.5358	257.4881
389.0477	257.4881
389.0477	258.0000
389.5596	258.0000
389.5596	258.5120
390.0715	258.5120
390.0715	260.0477
389.5596	260.0477
389.5596	262.6072
389.0477	262.6072
389.0477	266.7024
388.5358	266.7024
388.5358	269.2620
388.0239	269.2620
388.0239	273.8691
387.5120	273.8691
387.5120	274.8929
387.0001	274.8929
387.0001	275.4048
386.4882	275.4048
386.4882	275.9167
385.9763	275.9167
385.9763	276.4286
385.4644	276.4286
385.4644	276.9405
384.9525	276.9405
384.9525	277.9643
384.4405	277.9643
384.4405	278.9881
383.9286	278.9881
383.9286	281.5477
383.4167	281.5477
383.4167	285.6429
382.9048	285.6429
382.9048	286.6667
382.3929	286.6667
382.3929	287.1786
380.8572	287.1786
380.8572	286.6667
377.7858	286.6667
377.7858	287.1786
375.2263	287.1786
375.2263	287.6905
374.2025	287.6905
374.2025	288.2024
373.1786	288.2024
373.1786	288.7143
372.6667	288.7143
372.6667	289.2262
372.1548	289.2262
372.1548	289.7382
371.6429	289.7382
371.6429	290.2501
370.6191	290.2501
370.6191	289.7382
367.0358	289.7382
367.0358	290.2501
364.4763	290.2501
364.4763	290.7620
363.9644	290.7620
363.9644	290.2501
360.3810	290.2501
360.3810	290.7620
357.8215	290.7620
357.8215	291.2739
356.7977	291.2739
356.7977	291.7858
355.7739	291.7858
355.7739	292.2977
355.2620	292.2977
355.2620	292.8096
354.7501	292.8096
354.7501	293.3215
354.2382	293.3215
354.2382	293.8334
353.7263	293.8334
353.7263	294.3453
353.2144	294.3453
353.2144	295.3691
352.7024	295.3691
352.7024	296.3929
352.1905	296.3929
352.1905	297.4167
351.6786	297.4167
351.6786	297.9286
350.6548	297.9286
350.6548	298.4405
345.5358	298.4405
345.5358	298.9524
342.9763	298.9524
342.9763	298.4405
340.9286	298.4405
340.9286	297.9286
338.3691	297.9286
338.3691	297.4167
337.3453	297.4167
337.3453	296.9048
335.8096	296.9048
335.8096	296.3929
333.2501	296.3929
333.2501	295.8810
332.2263	295.8810
332.2263	295.3691
329.6667	295.3691
329.6667	294.8572
325.5715	294.8572
325.5715	295.3691
324.0358	295.3691
324.0358	294.8572
323.0120	294.8572
323.0120	294.3453
322.5001	294.3453
322.5001	293.8334
321.9882	293.8334
321.9882	293.3215
321.4763	293.3215
321.4763	292.8096
320.4524	292.8096
320.4524	292.2977
319.9405	292.2977
319.9405	291.7858
319.4286	291.7858
319.4286	291.2739
318.9167	291.2739
318.9167	290.7620
318.4048	290.7620
318.4048	290.2501
317.3810	290.2501
317.3810	289.7382
316.3572	289.7382
316.3572	289.2262
315.3334	289.2262
315.3334	288.7143
314.3096	288.7143
314.3096	288.2024
313.7977	288.2024
313.7977	287.6905
312.7739	287.6905
312.7739	287.1786
311.7501	287.1786
311.7501	286.6667
310.7262	286.6667
310.7262	286.1548
309.7024	286.1548
309.7024	285.6429
308.1667	285.6429
308.1667	285.1310
307.1429	285.1310
307.1429	284.6191
306.1191	284.6191
306.1191	284.1072
303.5596	284.1072
303.5596	283.5953
300.4882	283.5953
300.4882	283.0834
299.4643	283.0834
299.4643	281.5477
299.9762	281.5477
299.9762	281.0358
300.4882	281.0358
300.4882	280.0120
301.0001	280.0120
301.0001	278.9881
301.5120	278.9881
301.5120	276.4286
302.0239	276.4286
302.0239	272.8453
302.5358	272.8453
302.5358	272.3334
303.0477	272.3334
303.0477	271.8215
303.5596	271.8215
303.5596	271.3096
304.0715	271.3096
304.0715	270.7977
304.5834	270.7977
304.5834	270.2858
306.1191	270.2858
306.1191	269.7739
307.1429	269.7739
307.1429	269.2620
308.1667	269.2620
308.1667	268.7501
308.6786	268.7501
308.6786	268.2381
309.1905	268.2381
309.1905	267.7262
309.7024	267.7262
309.7024	267.2143
310.2143	267.2143
310.2143	266.7024
310.7262	266.7024
310.7262	266.1905
311.2382	266.1905
311.2382	265.1667
311.7501	265.1667
311.7501	264.1429
312.2620	264.1429
312.2620	263.1191
312.7739	263.1191
312.7739	262.0953
313.2858	262.0953
313.2858	261.0715
313.7977	261.0715
313.7977	259.0239
314.3096	259.0239
314.3096	256.4643
314.8215	256.4643
314.8215	254.9286
315.3334	254.9286
315.3334	253.9048
315.8453	253.9048
315.8453	253.3929
316.3572	253.3929
316.3572	252.8810
316.8691	252.8810
316.8691	251.8572
317.3810	251.8572
317.3810	250.8334
317.8929	250.8334
317.8929	248.7858
318.4048	248.7858
318.4048	246.2262
319.9405	246.2262
319.9405	245.7143
320.9643	245.7143
320.9643	245.2024
321.9882	245.2024
321.9882	244.6905
323.0120	244.6905
323.0120	244.1786
324.0358	244.1786
324.0358	243.6667
325.0596	243.6667
325.0596	243.1548
326.0834	243.1548
326.0834	242.6429
327.1072	242.6429
327.1072	242.1310
328.1310	242.1310
328.1310	241.6191
329.1548	241.6191
329.1548	241.1072
330.1786	241.1072
330.1786	240.5953
330.6905	240.5953
330.6905	240.0834
331.2024	240.0834
331.2024	239.5715
331.7143	239.5715
331.7143	239.0596
332.2263	239.0596
332.2263	238.5477
332.7382	238.5477
332.7382	238.0358
333.2501	238.0358
333.2501	237.0119
333.7620	237.0119
333.7620	235.9881
334.2739	235.9881
334.2739	235.4762
336.3215	235.4762
336.3215	234.9643
337.3453	234.9643
337.3453	234.4524
338.3691	234.4524
338.3691	233.9405
338.8810	233.9405
338.8810	233.4286
343.4882	233.4286
343.4882	232.9167
346.0477	232.9167
346.0477	232.4048
347.0715	232.4048
347.0715	231.8929
348.0953	231.8929
348.0953	231.3810
348.6072	231.3810
348.6072	230.8691
349.1191	230.8691
349.1191	230.3572
349.6310	230.3572
349.6310	229.8453
350.6548	229.8453
350.6548	229.3334
352.1905	229.3334
352.1905	229.8453
353.2144	229.8453
353.2144	230.3572
353.7263	230.3572
353.7263	230.8691
354.2382	230.8691
354.2382	231.3810
355.2620	231.3810
355.2620	231.8929
356.2858	231.8929
356.2858	232.4048
358.3334	232.4048
358.3334	232.9167
360.8929	232.9167
360.8929	233.4286
364.4763	233.4286
364.4763	232.9167
367.0358	232.9167
367.0358	232.4048
369.5953	232.4048
369.5953	231.8929
370.6191	231.8929
370.6191	231.3810
371.6429	231.3810
371.6429	230.8691
372.1548	230.8691
372.1548	230.3572
372.6667	230.3572
372.6667	229.8453
374.7144	229.8453
374.7144	229.3334
375.7382	229.3334
375.7382	228.8215
376.7620	228.8215
376.7620	228.3096
378.2977	228.3096
