345.0239	232.4048
346.0477	232.4048
346.0477	232.9167
348.6072	232.9167
348.6072	233.4286
353.2144	233.4286
353.2144	232.9167
355.7739	232.9167
355.7739	233.4286
356.7977	233.4286
356.7977	233.9405
357.3096	233.9405
357.3096	234.4524
358.3334	234.4524
358.3334	234.9643
359.3572	234.9643
359.3572	235.4762
360.8929	235.4762
360.8929	235.9881
361.4048	235.9881
361.4048	236.5000
362.4286	236.5000
362.4286	237.0119
363.4525	237.0119
363.4525	237.5239
366.0120	237.5239
366.0120	238.0358
369.0834	238.0358
369.0834	237.5239
370.6191	237.5239
370.6191	238.0358
373.1786	238.0358
373.1786	238.5477
377.2739	238.5477
377.2739	239.0596
378.2977	239.0596
378.2977	239.5715
380.8572	239.5715
380.8572	240.0834
383.4167	240.0834
383.4167	239.5715
385.9763	239.5715
385.9763	239.0596
387.0001	239.0596
387.0001	240.0834
386.4882	240.0834
386.4882	240.5953
385.9763	240.5953
385.9763	241.1072
385.4644	241.1072
385.4644	241.6191
384.9525	241.6191
384.9525	242.1310
384.4405	242.1310
384.4405	243.1548
383.9286	243.1548
383.9286	244.1786
383.4167	244.1786
383.4167	246.7381
382.9048	246.7381
382.9048	251.8572
383.4167	251.8572
383.4167	254.4167
383.9286	254.4167
383.9286	255.4405
384.4405	255.4405
384.4405	256.4643
384.9525	256.4643
384.9525	256.9762
385.4644	256.9762
385.4644	258.0000
385.9763	258.0000
385.9763	258.5120
386.4882	258.5120
386.4882	259.0239
387.0001	259.0239
387.0001	259.5358
387.5120	259.5358
387.5120	260.0477
387.0001	260.0477
387.0001	260.5596
386.4882	260.5596
386.4882	261.5834
385.9763	261.5834
385.9763	262.6072
385.4644	262.6072
385.4644	265.1667
384.9525	265.1667
384.9525	270.2858
385.4644	270.2858
385.4644	272.3334
384.9525	272.3334
384.9525	272.8453
384.4405	272.8453
384.4405	273.8691
383.9286	273.8691
383.9286	274.8929
383.4167	274.8929
383.4167	277.4524
382.9048	277.4524
382.9048	282.0596
382.3929	282.0596
382.3929	282.5715
381.8810	282.5715
381.8810	283.0834
381.3691	283.0834
381.3691	283.5953
378.8096	283.5953
378.8096	284.1072
376.7620	284.1072
376.7620	284.6191
375.7382	284.6191
375.7382	285.1310
374.7144	285.1310
374.7144	285.6429
374.2025	285.6429
374.2025	286.1548
373.6905	286.1548
373.6905	286.6667
373.1786	286.6667
373.1786	287.1786
372.6667	287.1786
372.6667	287.6905
372.1548	287.6905
372.1548	288.2024
371.6429	288.2024
371.6429	289.2262
371.1310	289.2262
371.1310	289.7382
370.1072	289.7382
370.1072	290.2501
369.0834	290.2501
369.0834	290.7620
368.0596	290.7620
368.0596	291.2739
367.5477	291.2739
367.5477	291.7858
367.0358	291.7858
367.0358	292.2977
366.5239	292.2977
366.5239	292.8096
366.0120	292.8096
366.0120	293.3215
365.5001	293.3215
365.5001	294.3453
364.4763	294.3453
364.4763	294.8572
363.9644	294.8572
363.9644	295.3691
363.4525	295.3691
363.4525	295.8810
362.4286	295.8810
362.4286	296.3929
361.4048	296.3929
361.4048	296.9048
360.3810	296.9048
360.3810	297.4167
357.8215	297.4167
357.8215	297.9286
355.2620	297.9286
355.2620	298.4405
354.2382	298.4405
354.2382	298.9524
353.2144	298.9524
353.2144	299.4643
352.7024	299.4643
352.7024	299.9762
352.1905	299.9762
352.1905	300.4882
351.6786	300.4882
351.6786	301.0001
351.1667	301.0001
351.1667	301.5120
349.6310	301.5120
349.6310	301.0001
342.4644	301.0001
342.4644	301.5120
339.3929	301.5120
339.3929	301.0001
335.8096	301.0001
335.8096	301.5120
333.2501	301.5120
333.2501	302.0239
332.2263	302.0239
332.2263	301.5120
331.7143	301.5120
331.7143	299.9762
331.2024	299.9762
331.2024	298.9524
330.6905	298.9524
330.6905	297.9286
330.1786	297.9286
330.1786	297.4167
329.6667	297.4167
329.6667	296.9048
329.1548	296.9048
329.1548	296.3929
328.6429	296.3929
328.6429	295.8810
328.1310	295.8810
328.1310	295.3691
327.1072	295.3691
327.1072	294.8572
326.5953	294.8572
326.5953	294.3453
326.0834	294.3453
326.0834	293.8334
325.5715	293.8334
325.5715	293.3215
325.0596	293.3215
325.0596	292.8096
324.0358	292.8096
324.0358	292.2977
323.0120	292.2977
323.0120	291.7858
320.4524	291.7858
320.4524	291.2739
317.3810	291.2739
317.3810	291.7858
316.3572	291.7858
316.3572	291.2739
315.8453	291.2739
315.8453	290.7620
315.3334	290.7620
315.3334	290.2501
314.3096	290.2501
314.3096	289.7382
313.7977	289.7382
313.7977	289.2262
312.7739	289.2262
312.7739	288.7143
311.7501	288.7143
311.7501	288.2024
310.7262	288.2024
310.7262	287.6905
310.2143	287.6905
310.2143	283.5953
309.7024	283.5953
309.7024	281.0358
309.1905	281.0358
309.1905	280.0120
308.6786	280.0120
308.6786	278.9881
308.1667	278.9881
308.1667	277.9643
307.6548	277.9643
307.6548	276.9405
307.1429	276.9405
307.1429	276.4286
306.6310	276.4286
306.6310	275.9167
306.1191	275.9167
306.1191	275.4048
305.6072	275.4048
305.6072	274.8929
305.0953	274.8929
305.0953	274.3810
304.5834	274.3810
304.5834	273.8691
304.0715	273.8691
304.0715	272.8453
305.0953	272.8453
305.0953	272.3334
305.6072	272.3334
305.6072	271.8215
306.1191	271.8215
306.1191	271.3096
306.6310	271.3096
306.6310	270.7977
307.1429	270.7977
307.1429	270.2858
307.6548	270.2858
307.6548	269.7739
308.1667	269.7739
308.1667	269.2620
308.6786	269.2620
308.6786	268.7501
309.1905	268.7501
309.1905	268.2381
309.7024	268.2381
309.7024	267.2143
310.2143	267.2143
310.2143	266.1905
310.7262	266.1905
310.7262	263.6310
311.2382	263.6310
311.2382	259.5358
311.7501	259.5358
311.7501	256.4643
312.2620	256.4643
312.2620	255.4405
312.7739	255.4405
312.7739	254.4167
313.2858	254.4167
313.2858	253.3929
313.7977	253.3929
313.7977	252.3691
314.3096	252.3691
314.3096	251.8572
314.8215	251.8572
314.8215	251.3453
315.8453	251.3453
315.8453	250.8334
316.8691	250.8334
316.8691	250.3215
317.3810	250.3215
317.3810	249.8096
317.8929	249.8096
317.8929	249.2977
318.4048	249.2977
318.4048	248.7858
318.9167	248.7858
318.9167	248.2739
319.4286	248.2739
319.4286	247.7620
319.9405	247.7620
319.9405	247.2500
320.4524	247.2500
320.4524	246.7381
320.9643	246.7381
320.9643	246.2262
321.4763	246.2262
321.4763	245.2024
321.9882	245.2024
321.9882	244.6905
322.5001	244.6905
322.5001	244.1786
324.5477	244.1786
324.5477	243.6667
325.5715	243.6667
325.5715	243.1548
326.5953	243.1548
326.5953	242.6429
327.1072	242.6429
327.1072	242.1310
328.1310	242.1310
328.1310	241.6191
330.6905	241.6191
330.6905	241.1072
333.2501	241.1072
333.2501	240.5953
335.8096	240.5953
335.8096	240.0834
337.8572	240.0834
337.8572	239.5715
338.8810	239.5715
338.8810	239.0596
339.9048	239.0596
339.9048	238.5477
340.4167	238.5477
340.4167	238.0358
340.9286	238.0358
340.9286	237.5239
341.4405	237.5239
341.4405	237.0119
341.9524	237.0119
341.9524	236.5000
342.4644	236.5000
342.4644	235.4762
342.9763	235.4762
342.9763	234.4524
343.4882	234.4524
343.4882	232.9167
344.0001	232.9167
344.0001	231.8929
345.0239	231.8929
