379.3215	230.3572
380.8572	230.3572
380.8572	230.8691
381.8810	230.8691
381.8810	231.3810
384.4405	231.3810
384.4405	231.8929
385.4644	231.8929
385.4644	232.4048
387.0001	232.4048
387.0001	232.9167
387.5120	232.9167
387.5120	235.4762
388.0239	235.4762
388.0239	237.0119
388.5358	237.0119
388.5358	238.0358
389.0477	238.0358
389.0477	239.0596
389.5596	239.0596
389.5596	239.5715
390.0715	239.5715
390.0715	240.0834
390.5834	240.0834
390.5834	240.5953
391.0953	240.5953
391.0953	241.1072
391.6072	241.1072
391.6072	241.6191
392.6310	241.6191
392.6310	242.1310
393.1429	242.1310
393.1429	242.6429
392.6310	242.6429
392.6310	243.1548
392.1191	243.1548
392.1191	243.6667
391.6072	243.6667
391.6072	244.6905
391.0953	244.6905
391.0953	245.7143
390.5834	245.7143
390.5834	248.2739
390.0715	248.2739
390.0715	250.8334
390.5834	250.8334
390.5834	253.3929
391.0953	253.3929
391.0953	254.4167
391.6072	254.4167
391.6072	255.4405
392.1191	255.4405
392.1191	255.9524
392.6310	255.9524
392.6310	256.4643
393.1429	256.4643
393.1429	256.9762
393.6548	256.9762
393.6548	257.4881
394.1667	257.4881
394.1667	258.0000
394.6786	258.0000
394.6786	258.5120
395.1906	258.5120
395.1906	259.0239
395.7025	259.0239
395.7025	259.5358
396.2144	259.5358
396.2144	260.0477
396.7263	260.0477
396.7263	260.5596
397.2382	260.5596
397.2382	261.5834
396.7263	261.5834
396.7263	262.0953
396.2144	262.0953
396.2144	261.5834
391.6072	261.5834
391.6072	262.0953
389.0477	262.0953
389.0477	262.6072
388.0239	262.6072
388.0239	263.1191
387.0001	263.1191
387.0001	263.6310
386.4882	263.6310
386.4882	264.1429
385.9763	264.1429
385.9763	264.6548
385.4644	264.6548
385.4644	265.1667
384.9525	265.1667
384.9525	265.6786
384.4405	265.6786
384.4405	266.7024
383.9286	266.7024
383.9286	267.7262
383.4167	267.7262
383.4167	268.7501
382.9048	268.7501
382.9048	271.3096
382.3929	271.3096
382.3929	271.8215
381.8810	271.8215
381.8810	272.3334
381.3691	272.3334
381.3691	272.8453
380.8572	272.8453
380.8572	273.3572
380.3453	273.3572
380.3453	273.8691
379.8334	273.8691
379.8334	274.3810
379.3215	274.3810
379.3215	275.4048
378.8096	275.4048
378.8096	276.4286
378.2977	276.4286
378.2977	278.9881
377.7858	278.9881
377.7858	282.5715
378.2977	282.5715
378.2977	284.6191
375.7382	284.6191
375.7382	285.1310
374.7144	285.1310
374.7144	285.6429
372.6667	285.6429
372.6667	286.1548
371.6429	286.1548
371.6429	286.6667
370.6191	286.6667
370.6191	287.1786
370.1072	287.1786
370.1072	287.6905
369.5953	287.6905
369.5953	288.2024
369.0834	288.2024
369.0834	288.7143
368.5715	288.7143
368.5715	289.2262
368.0596	289.2262
368.0596	289.7382
367.0358	289.7382
367.0358	289.2262
363.9644	289.2262
363.9644	289.7382
361.4048	289.7382
361.4048	290.2501
360.3810	290.2501
360.3810	290.7620
359.3572	290.7620
359.3572	291.2739
358.8453	291.2739
358.8453	291.7858
357.8215	291.7858
357.8215	292.2977
357.3096	292.2977
357.3096	292.8096
356.2858	292.8096
356.2858	293.3215
355.2620	293.3215
355.2620	293.8334
354.2382	293.8334
354.2382	294.3453
353.2144	294.3453
353.2144	294.8572
352.1905	294.8572
352.1905	295.3691
351.6786	295.3691
351.6786	295.8810
351.1667	295.8810
351.1667	296.3929
350.6548	296.3929
350.6548	296.9048
349.6310	296.9048
349.6310	297.4167
348.6072	297.4167
348.6072	297.9286
347.5834	297.9286
347.5834	298.4405
347.0715	298.4405
347.0715	298.9524
346.5596	298.9524
346.5596	299.4643
346.0477	299.4643
346.0477	299.9762
345.5358	299.9762
345.5358	300.4882
345.0239	300.4882
345.0239	301.0001
344.0001	301.0001
344.0001	300.4882
343.4882	300.4882
343.4882	299.9762
342.4644	299.9762
342.4644	299.4643
341.4405	299.4643
341.4405	298.9524
338.8810	298.9524
338.8810	298.4405
336.3215	298.4405
336.3215	298.9524
333.2501	298.9524
333.2501	299.4643
331.7143	299.4643
331.7143	298.9524
330.6905	298.9524
330.6905	297.9286
330.1786	297.9286
330.1786	296.9048
329.6667	296.9048
329.6667	296.3929
329.1548	296.3929
329.1548	295.8810
328.6429	295.8810
328.6429	295.3691
328.1310	295.3691
328.1310	294.8572
327.6191	294.8572
327.6191	294.3453
327.1072	294.3453
327.1072	293.8334
326.5953	293.8334
326.5953	293.3215
325.5715	293.3215
325.5715	292.8096
324.5477	292.8096
324.5477	292.2977
321.9882	292.2977
321.9882	291.7858
319.4286	291.7858
319.4286	291.2739
318.9167	291.2739
318.9167	290.7620
317.8929	290.7620
317.8929	290.2501
316.8691	290.2501
316.8691	289.7382
316.3572	289.7382
316.3572	289.2262
315.3334	289.2262
315.3334	288.7143
314.3096	288.7143
314.3096	288.2024
312.2620	288.2024
312.2620	287.6905
309.7024	287.6905
309.7024	287.1786
309.1905	287.1786
309.1905	283.0834
308.6786	283.0834
308.6786	280.5239
308.1667	280.5239
308.1667	279.5001
307.6548	279.5001
307.6548	278.4762
307.1429	278.4762
307.1429	277.9643
306.6310	277.9643
306.6310	277.4524
306.1191	277.4524
306.1191	276.9405
305.6072	276.9405
305.6072	276.4286
305.0953	276.4286
305.0953	275.9167
304.0715	275.9167
304.0715	275.4048
303.0477	275.4048
303.0477	274.8929
302.5358	274.8929
302.5358	274.3810
302.0239	274.3810
302.0239	273.8691
301.0001	273.8691
301.0001	273.3572
301.5120	273.3572
301.5120	272.8453
304.0715	272.8453
304.0715	272.3334
305.0953	272.3334
305.0953	271.8215
306.1191	271.8215
306.1191	271.3096
306.6310	271.3096
306.6310	270.7977
307.6548	270.7977
307.6548	270.2858
308.6786	270.2858
308.6786	269.7739
309.1905	269.7739
309.1905	269.2620
309.7024	269.2620
309.7024	268.7501
310.2143	268.7501
310.2143	268.2381
310.7262	268.2381
310.7262	267.7262
311.2382	267.7262
311.2382	266.7024
311.7501	266.7024
311.7501	265.6786
312.2620	265.6786
312.2620	263.1191
312.7739	263.1191
312.7739	259.5358
312.2620	259.5358
312.2620	256.9762
311.7501	256.9762
311.7501	255.9524
312.2620	255.9524
312.2620	255.4405
313.2858	255.4405
313.2858	254.9286
314.3096	254.9286
314.3096	254.4167
314.8215	254.4167
314.8215	253.9048
315.3334	253.9048
315.3334	253.3929
315.8453	253.3929
315.8453	252.8810
316.3572	252.8810
316.3572	252.3691
316.8691	252.3691
316.8691	251.3453
317.3810	251.3453
317.3810	250.3215
317.8929	250.3215
317.8929	248.2739
318.9167	248.2739
318.9167	247.7620
319.9405	247.7620
319.9405	247.2500
320.9643	247.2500
320.9643	246.7381
321.4763	246.7381
321.4763	246.2262
321.9882	246.2262
321.9882	245.7143
323.0120	245.7143
323.0120	245.2024
324.0358	245.2024
324.0358	244.6905
324.5477	244.6905
324.5477	244.1786
325.0596	244.1786
325.0596	243.6667
325.5715	243.6667
325.5715	243.1548
326.0834	243.1548
326.0834	242.6429
326.5953	242.6429
326.5953	242.1310
327.1072	242.1310
327.1072	241.6191
329.6667	241.6191
329.6667	241.1072
330.6905	241.1072
330.6905	240.5953
331.7143	240.5953
331.7143	240.0834
332.7382	240.0834
332.7382	239.5715
333.2501	239.5715
333.2501	239.0596
333.7620	239.0596
333.7620	238.5477
334.2739	238.5477
334.2739	238.0358
334.7858	238.0358
334.7858	237.5239
335.2977	237.5239
335.2977	237.0119
335.8096	237.0119
335.8096	235.9881
336.8334	235.9881
336.8334	236.5000
339.3929	236.5000
339.3929	237.0119
342.9763	237.0119
342.9763	236.5000
345.5358	236.5000
345.5358	235.9881
346.5596	235.9881
346.5596	235.4762
347.5834	235.4762
347.5834	234.9643
348.0953	234.9643
348.0953	234.4524
348.6072	234.4524
348.6072	233.9405
353.2144	233.9405
353.2144	234.4524
354.2382	234.4524
354.2382	234.9643
355.7739	234.9643
355.7739	235.4762
356.7977	235.4762
356.7977	235.9881
357.8215	235.9881
357.8215	236.5000
358.8453	236.5000
358.8453	237.0119
359.8691	237.0119
359.8691	237.5239
362.4286	237.5239
362.4286	238.0358
366.5239	238.0358
366.5239	237.5239
369.0834	237.5239
369.0834	237.0119
370.1072	237.0119
370.1072	236.5000
371.1310	236.5000
371.1310	235.9881
372.1548	235.9881
372.1548	235.4762
373.1786	235.4762
373.1786	234.9643
373.6905	234.9643
373.6905	234.4524
374.2025	234.4524
374.2025	233.9405
374.7144	233.9405
374.7144	233.4286
375.2263	233.4286
375.2263	232.9167
375.7382	232.9167
375.7382	231.8929
376.2501	231.8929
376.2501	230.8691
376.7620	230.8691
376.7620	230.3572
377.7858	230.3572
377.7858	229.8453
379.3215	229.8453
