419.7620	212.9524
422.3215	212.9524
422.3215	213.4643
424.8810	213.4643
424.8810	212.9524
427.4406	212.9524
427.4406	213.4643
428.4644	213.4643
428.4644	213.9762
429.4882	213.9762
429.4882	214.4881
430.0001	214.4881
430.0001	215.0000
430.5120	215.0000
430.5120	215.5119
431.0239	215.5119
431.0239	216.0239
431.5358	216.0239
431.5358	216.5358
432.0477	216.5358
432.0477	217.0477
432.5596	217.0477
432.5596	217.5596
433.5834	217.5596
433.5834	218.0715
434.6072	218.0715
434.6072	218.5834
436.6548	218.5834
436.6548	219.6072
436.1429	219.6072
436.1429	222.1667
436.6548	222.1667
436.6548	224.7262
437.1667	224.7262
437.1667	226.2619
436.6548	226.2619
436.6548	227.2858
436.1429	227.2858
436.1429	227.7977
433.5834	227.7977
433.5834	228.3096
432.5596	228.3096
432.5596	228.8215
431.5358	228.8215
431.5358	229.3334
431.0239	229.3334
431.0239	229.8453
430.5120	229.8453
430.5120	230.3572
430.0001	230.3572
430.0001	230.8691
429.4882	230.8691
429.4882	231.3810
428.9763	231.3810
428.9763	231.8929
428.4644	231.8929
428.4644	232.9167
427.9525	232.9167
427.9525	233.9405
427.4406	233.9405
427.4406	234.4524
426.9287	234.4524
426.9287	233.9405
424.3691	233.9405
424.3691	234.4524
421.8096	234.4524
421.8096	234.9643
420.7858	234.9643
420.7858	235.4762
419.7620	235.4762
419.7620	235.9881
419.2501	235.9881
419.2501	236.5000
418.7382	236.5000
418.7382	237.0119
418.2263	237.0119
418.2263	237.5239
417.7144	237.5239
417.7144	238.0358
417.2025	238.0358
417.2025	239.0596
416.6906	239.0596
416.6906	239.5715
416.1787	239.5715
416.1787	240.5953
415.6667	240.5953
415.6667	241.6191
415.1548	241.6191
415.1548	243.6667
414.6429	243.6667
414.6429	246.2262
414.1310	246.2262
414.1310	246.7381
413.6191	246.7381
413.6191	247.7620
413.1072	247.7620
413.1072	248.7858
412.5953	248.7858
412.5953	250.8334
412.0834	250.8334
412.0834	253.3929
411.5715	253.3929
411.5715	257.4881
412.0834	257.4881
412.0834	258.0000
411.5715	258.0000
411.5715	258.5120
411.0596	258.5120
411.0596	259.5358
410.5477	259.5358
410.5477	260.5596
410.0358	260.5596
410.0358	262.0953
409.5239	262.0953
409.5239	263.1191
409.0120	263.1191
409.0120	265.6786
408.5001	265.6786
408.5001	268.2381
407.9882	268.2381
407.9882	272.8453
408.5001	272.8453
408.5001	277.4524
407.9882	277.4524
407.9882	278.4762
407.4763	278.4762
407.4763	281.0358
406.9644	281.0358
406.9644	287.1786
404.4048	287.1786
404.4048	287.6905
402.3572	287.6905
402.3572	288.2024
401.3334	288.2024
401.3334	288.7143
400.3096	288.7143
400.3096	289.2262
399.7977	289.2262
399.7977	289.7382
398.7739	289.7382
398.7739	290.2501
397.7501	290.2501
397.7501	290.7620
397.2382	290.7620
397.2382	291.2739
396.7263	291.2739
396.7263	291.7858
396.2144	291.7858
396.2144	292.2977
395.7025	292.2977
395.7025	292.8096
395.1906	292.8096
395.1906	293.3215
394.6786	293.3215
394.6786	293.8334
394.1667	293.8334
394.1667	294.3453
393.6548	294.3453
393.6548	294.8572
393.1429	294.8572
393.1429	294.3453
390.0715	294.3453
390.0715	294.8572
387.5120	294.8572
387.5120	295.3691
386.4882	295.3691
386.4882	295.8810
385.4644	295.8810
385.4644	296.3929
384.4405	296.3929
384.4405	296.9048
383.9286	296.9048
383.9286	297.4167
383.4167	297.4167
383.4167	297.9286
382.9048	297.9286
382.9048	298.4405
382.3929	298.4405
382.3929	298.9524
379.8334	298.9524
379.8334	299.4643
378.2977	299.4643
378.2977	299.9762
377.2739	299.9762
377.2739	300.4882
376.2501	300.4882
376.2501	301.0001
375.2263	301.0001
375.2263	301.5120
374.2025	301.5120
374.2025	302.0239
373.6905	302.0239
373.6905	302.5358
373.1786	302.5358
373.1786	303.0477
372.6667	303.0477
372.6667	303.5596
372.1548	303.5596
372.1548	304.0715
371.6429	304.0715
371.6429	305.0953
371.1310	305.0953
371.1310	306.1191
370.6191	306.1191
370.6191	306.6310
368.0596	306.6310
368.0596	307.1429
367.0358	307.1429
367.0358	307.6548
366.0120	307.6548
366.0120	308.1667
365.5001	308.1667
365.5001	308.6786
364.9882	308.6786
364.9882	309.1905
364.4763	309.1905
364.4763	309.7024
363.9644	309.7024
363.9644	310.2143
363.4525	310.2143
363.4525	310.7262
362.9405	310.7262
362.9405	311.2382
362.4286	311.2382
362.4286	312.2620
361.4048	312.2620
361.4048	312.7739
360.3810	312.7739
360.3810	313.2858
359.8691	313.2858
359.8691	313.7977
359.3572	313.7977
359.3572	314.3096
357.3096	314.3096
357.3096	314.8215
356.2858	314.8215
356.2858	315.3334
355.2620	315.3334
355.2620	315.8453
354.7501	315.8453
354.7501	316.3572
354.2382	316.3572
354.2382	316.8691
353.7263	316.8691
353.7263	317.3810
353.2144	317.3810
353.2144	317.8929
352.7024	317.8929
352.7024	318.9167
352.1905	318.9167
352.1905	319.4286
350.6548	319.4286
350.6548	319.9405
349.6310	319.9405
349.6310	320.4524
348.6072	320.4524
348.6072	320.9643
348.0953	320.9643
348.0953	321.4763
347.5834	321.4763
347.5834	321.9882
346.5596	321.9882
346.5596	321.4763
342.9763	321.4763
342.9763	321.9882
340.4167	321.9882
340.4167	322.5001
339.3929	322.5001
339.3929	323.0120
338.3691	323.0120
338.3691	323.5239
337.3453	323.5239
337.3453	324.0358
336.3215	324.0358
336.3215	324.5477
335.8096	324.5477
335.8096	325.0596
335.2977	325.0596
335.2977	325.5715
334.7858	325.5715
334.7858	326.0834
334.2739	326.0834
334.2739	326.5953
333.7620	326.5953
333.7620	327.6191
331.2024	327.6191
331.2024	327.1072
330.1786	327.1072
330.1786	326.5953
329.1548	326.5953
329.1548	326.0834
327.6191	326.0834
327.6191	325.0596
327.1072	325.0596
327.1072	324.5477
327.6191	324.5477
327.6191	320.4524
327.1072	320.4524
327.1072	317.8929
326.5953	317.8929
326.5953	316.8691
326.0834	316.8691
326.0834	315.8453
325.5715	315.8453
325.5715	315.3334
325.0596	315.3334
325.0596	314.8215
324.5477	314.8215
324.5477	314.3096
324.0358	314.3096
324.0358	313.7977
323.5239	313.7977
323.5239	313.2858
322.5001	313.2858
322.5001	312.7739
321.4763	312.7739
321.4763	312.2620
319.4286	312.2620
319.4286	311.2382
318.9167	311.2382
318.9167	310.2143
318.4048	310.2143
318.4048	305.6072
317.8929	305.6072
317.8929	303.0477
317.3810	303.0477
317.3810	302.0239
316.8691	302.0239
316.8691	301.0001
316.3572	301.0001
316.3572	300.4882
315.8453	300.4882
315.8453	299.9762
315.3334	299.9762
315.3334	299.4643
314.8215	299.4643
314.8215	298.9524
314.3096	298.9524
314.3096	295.3691
313.7977	295.3691
313.7977	291.7858
313.2858	291.7858
313.2858	289.2262
313.7977	289.2262
313.7977	280.5239
313.2858	280.5239
313.2858	277.9643
312.7739	277.9643
312.7739	276.9405
312.2620	276.9405
312.2620	275.9167
311.7501	275.9167
311.7501	275.4048
311.2382	275.4048
311.2382	273.8691
310.7262	273.8691
310.7262	271.3096
310.2143	271.3096
310.2143	270.7977
310.7262	270.7977
310.7262	265.1667
310.2143	265.1667
310.2143	262.6072
309.7024	262.6072
309.7024	261.5834
309.1905	261.5834
309.1905	260.5596
310.2143	260.5596
310.2143	260.0477
310.7262	260.0477
310.7262	259.5358
311.2382	259.5358
311.2382	259.0239
311.7501	259.0239
311.7501	258.5120
312.2620	258.5120
312.2620	258.0000
312.7739	258.0000
312.7739	256.9762
313.7977	256.9762
313.7977	256.4643
314.8215	256.4643
314.8215	256.9762
318.9167	256.9762
318.9167	256.4643
321.4763	256.4643
321.4763	255.9524
323.5239	255.9524
323.5239	255.4405
324.5477	255.4405
324.5477	254.9286
325.5715	254.9286
325.5715	254.4167
326.0834	254.4167
326.0834	253.9048
326.5953	253.9048
326.5953	253.3929
327.1072	253.3929
327.1072	252.8810
327.6191	252.8810
327.6191	252.3691
328.1310	252.3691
328.1310	251.3453
328.6429	251.3453
328.6429	250.3215
329.1548	250.3215
329.1548	248.7858
329.6667	248.7858
329.6667	248.2739
330.1786	248.2739
330.1786	247.7620
330.6905	247.7620
330.6905	247.2500
331.2024	247.2500
331.2024	246.2262
331.7143	246.2262
331.7143	245.2024
332.2263	245.2024
332.2263	244.6905
334.2739	244.6905
334.2739	244.1786
335.2977	244.1786
335.2977	243.6667
336.3215	243.6667
336.3215	243.1548
336.8334	243.1548
336.8334	242.6429
337.3453	242.6429
337.3453	242.1310
337.8572	242.1310
337.8572	241.6191
338.3691	241.6191
338.3691	241.1072
339.9048	241.1072
339.9048	240.5953
340.9286	240.5953
340.9286	240.0834
341.9524	240.0834
341.9524	239.5715
342.4644	239.5715
342.4644	239.0596
343.4882	239.0596
343.4882	238.5477
344.5120	238.5477
344.5120	238.0358
345.0239	238.0358
345.0239	237.5239
345.5358	237.5239
345.5358	237.0119
346.0477	237.0119
346.0477	236.5000
346.5596	236.5000
346.5596	235.9881
347.0715	235.9881
347.0715	234.9643
347.5834	234.9643
347.5834	234.4524
348.0953	234.4524
348.0953	233.9405
348.6072	233.9405
348.6072	232.9167
349.1191	232.9167
349.1191	232.4048
349.6310	232.4048
349.6310	231.8929
352.1905	231.8929
352.1905	231.3810
354.7501	231.3810
354.7501	230.8691
357.3096	230.8691
357.3096	230.3572
358.3334	230.3572
358.3334	229.8453
359.3572	229.8453
359.3572	229.3334
359.8691	229.3334
359.8691	228.8215
360.3810	228.8215
360.3810	228.3096
360.8929	228.3096
360.8929	227.7977
361.4048	227.7977
361.4048	227.2858
361.9167	227.2858
361.9167	226.2619
362.4286	226.2619
362.4286	225.2381
362.9405	225.2381
362.9405	222.6786
363.4525	222.6786
363.4525	222.1667
365.5001	222.1667
365.5001	222.6786
369.0834	222.6786
369.0834	223.1905
374.2025	223.1905
374.2025	222.6786
376.7620	222.6786
376.7620	222.1667
377.7858	222.1667
377.7858	221.6548
378.8096	221.6548
378.8096	221.1429
379.8334	221.1429
379.8334	220.6310
382.3929	220.6310
382.3929	220.1191
383.9286	220.1191
383.9286	220.6310
385.9763	220.6310
385.9763	221.1429
387.0001	221.1429
387.0001	221.6548
388.0239	221.6548
388.0239	222.1667
390.0715	222.1667
390.0715	222.6786
391.6072	222.6786
391.6072	223.1905
392.6310	223.1905
392.6310	223.7024
393.6548	223.7024
393.6548	224.2143
394.6786	224.2143
394.6786	224.7262
397.2382	224.7262
397.2382	225.2381
400.3096	225.2381
400.3096	224.7262
402.8691	224.7262
402.8691	224.2143
403.8929	224.2143
403.8929	223.7024
404.9167	223.7024
404.9167	223.1905
405.4286	223.1905
405.4286	222.6786
405.9406	222.6786
405.9406	222.1667
406.4525	222.1667
406.4525	221.6548
406.9644	221.6548
406.9644	221.1429
407.4763	221.1429
407.4763	220.6310
407.9882	220.6310
407.9882	220.1191
408.5001	220.1191
408.5001	219.6072
409.0120	219.6072
409.0120	218.5834
409.5239	218.5834
409.5239	218.0715
410.0358	218.0715
410.0358	217.0477
410.5477	217.0477
410.5477	216.0239
411.0596	216.0239
411.0596	215.0000
411.5715	215.0000
411.5715	214.4881
413.1072	214.4881
413.1072	213.9762
414.1310	213.9762
414.1310	213.4643
415.1548	213.4643
415.1548	212.9524
416.1787	212.9524
416.1787	212.4405
419.7620	212.4405
