423.8572	206.2977
424.8810	206.2977
424.8810	206.8096
425.9048	206.8096
425.9048	207.3215
427.4406	207.3215
427.4406	207.8334
430.0001	207.8334
430.0001	208.3453
431.5358	208.3453
431.5358	209.3691
432.0477	209.3691
432.0477	209.8810
432.5596	209.8810
432.5596	210.3929
433.0715	210.3929
433.0715	210.9048
433.5834	210.9048
433.5834	211.4167
434.0953	211.4167
434.0953	211.9286
434.6072	211.9286
434.6072	212.9524
435.1191	212.9524
435.1191	213.9762
435.6310	213.9762
435.6310	214.4881
436.1429	214.4881
436.1429	215.0000
436.6548	215.0000
436.6548	215.5119
437.1667	215.5119
437.1667	217.5596
437.6787	217.5596
437.6787	222.6786
437.1667	222.6786
437.1667	223.1905
434.6072	223.1905
434.6072	223.7024
433.5834	223.7024
433.5834	224.2143
432.5596	224.2143
432.5596	224.7262
431.5358	224.7262
431.5358	225.2381
431.0239	225.2381
431.0239	225.7500
430.5120	225.7500
430.5120	226.2619
430.0001	226.2619
430.0001	226.7739
429.4882	226.7739
429.4882	227.2858
428.9763	227.2858
428.9763	227.7977
428.4644	227.7977
428.4644	228.3096
425.3929	228.3096
425.3929	228.8215
422.8334	228.8215
422.8334	229.3334
421.8096	229.3334
421.8096	229.8453
420.7858	229.8453
420.7858	230.3572
420.2739	230.3572
420.2739	230.8691
412.5953	230.8691
412.5953	231.3810
410.0358	231.3810
410.0358	231.8929
409.0120	231.8929
409.0120	232.4048
407.9882	232.4048
407.9882	232.9167
407.4763	232.9167
407.4763	233.4286
406.9644	233.4286
406.9644	233.9405
406.4525	233.9405
406.4525	234.4524
405.9406	234.4524
405.9406	234.9643
405.4286	234.9643
405.4286	235.9881
404.9167	235.9881
404.9167	237.0119
404.4048	237.0119
404.4048	239.5715
403.8929	239.5715
403.8929	246.2262
403.3810	246.2262
403.3810	249.2977
403.8929	249.2977
403.8929	251.3453
403.3810	251.3453
403.3810	255.4405
403.8929	255.4405
403.8929	255.9524
403.3810	255.9524
403.3810	259.0239
402.8691	259.0239
402.8691	265.1667
402.3572	265.1667
402.3572	270.2858
402.8691	270.2858
402.8691	274.3810
403.3810	274.3810
403.3810	278.9881
401.8453	278.9881
401.8453	279.5001
400.8215	279.5001
400.8215	280.0120
399.7977	280.0120
399.7977	280.5239
399.2858	280.5239
399.2858	281.0358
398.7739	281.0358
398.7739	281.5477
398.2620	281.5477
398.2620	282.0596
397.7501	282.0596
397.7501	282.5715
397.2382	282.5715
397.2382	283.0834
396.7263	283.0834
396.7263	283.5953
396.2144	283.5953
396.2144	284.1072
395.7025	284.1072
395.7025	285.1310
395.1906	285.1310
395.1906	286.1548
394.6786	286.1548
394.6786	287.1786
394.1667	287.1786
394.1667	288.2024
393.6548	288.2024
393.6548	289.2262
393.1429	289.2262
393.1429	289.7382
390.5834	289.7382
390.5834	290.2501
388.5358	290.2501
388.5358	290.7620
387.5120	290.7620
387.5120	291.2739
386.4882	291.2739
386.4882	291.7858
385.9763	291.7858
385.9763	292.2977
384.4405	292.2977
384.4405	292.8096
383.4167	292.8096
383.4167	293.3215
382.3929	293.3215
382.3929	293.8334
381.8810	293.8334
381.8810	294.3453
381.3691	294.3453
381.3691	294.8572
380.8572	294.8572
380.8572	295.3691
380.3453	295.3691
380.3453	295.8810
379.8334	295.8810
379.8334	296.3929
378.2977	296.3929
378.2977	296.9048
377.2739	296.9048
377.2739	297.4167
376.2501	297.4167
376.2501	297.9286
374.2025	297.9286
374.2025	298.4405
373.1786	298.4405
373.1786	298.9524
372.1548	298.9524
372.1548	299.4643
371.6429	299.4643
371.6429	299.9762
371.1310	299.9762
371.1310	300.4882
370.6191	300.4882
370.6191	301.0001
370.1072	301.0001
370.1072	301.5120
369.5953	301.5120
369.5953	302.0239
368.5715	302.0239
368.5715	302.5358
367.5477	302.5358
367.5477	303.0477
367.0358	303.0477
367.0358	303.5596
366.5239	303.5596
366.5239	304.0715
366.0120	304.0715
366.0120	304.5834
365.5001	304.5834
365.5001	305.0953
364.9882	305.0953
364.9882	305.6072
364.4763	305.6072
364.4763	306.1191
363.4525	306.1191
363.4525	306.6310
362.9405	306.6310
362.9405	307.1429
362.4286	307.1429
362.4286	307.6548
361.4048	307.6548
361.4048	308.1667
360.8929	308.1667
360.8929	308.6786
359.3572	308.6786
359.3572	309.1905
358.3334	309.1905
358.3334	309.7024
355.7739	309.7024
355.7739	310.2143
354.2382	310.2143
354.2382	310.7262
351.6786	310.7262
351.6786	311.2382
350.1429	311.2382
350.1429	311.7501
349.1191	311.7501
349.1191	312.2620
346.0477	312.2620
346.0477	312.7739
344.0001	312.7739
344.0001	312.2620
342.4644	312.2620
342.4644	311.7501
339.9048	311.7501
339.9048	311.2382
339.3929	311.2382
339.3929	310.7262
338.3691	310.7262
338.3691	310.2143
337.3453	310.2143
337.3453	309.7024
334.7858	309.7024
334.7858	309.1905
332.2263	309.1905
332.2263	309.7024
331.7143	309.7024
331.7143	309.1905
326.0834	309.1905
326.0834	308.6786
325.5715	308.6786
325.5715	308.1667
325.0596	308.1667
325.0596	307.6548
324.5477	307.6548
324.5477	307.1429
324.0358	307.1429
324.0358	306.6310
323.5239	306.6310
323.5239	304.5834
323.0120	304.5834
323.0120	303.5596
322.5001	303.5596
322.5001	302.5358
321.9882	302.5358
321.9882	302.0239
321.4763	302.0239
321.4763	301.5120
320.9643	301.5120
320.9643	301.0001
320.4524	301.0001
320.4524	300.4882
319.9405	300.4882
319.9405	299.9762
319.4286	299.9762
319.4286	299.4643
318.9167	299.4643
318.9167	298.9524
318.4048	298.9524
318.4048	298.4405
317.8929	298.4405
317.8929	297.9286
317.3810	297.9286
317.3810	297.4167
316.8691	297.4167
316.8691	296.9048
316.3572	296.9048
316.3572	296.3929
315.8453	296.3929
315.8453	295.3691
315.3334	295.3691
315.3334	293.8334
314.8215	293.8334
314.8215	292.2977
314.3096	292.2977
314.3096	291.2739
313.7977	291.2739
313.7977	290.2501
313.2858	290.2501
313.2858	288.7143
312.7739	288.7143
312.7739	287.6905
312.2620	287.6905
312.2620	286.6667
311.7501	286.6667
311.7501	286.1548
311.2382	286.1548
311.2382	282.5715
310.7262	282.5715
310.7262	280.0120
310.2143	280.0120
310.2143	277.4524
310.7262	277.4524
310.7262	272.3334
310.2143	272.3334
310.2143	269.7739
309.7024	269.7739
309.7024	267.7262
309.1905	267.7262
309.1905	266.7024
308.6786	266.7024
308.6786	266.1905
309.7024	266.1905
309.7024	265.6786
310.7262	265.6786
310.7262	265.1667
311.7501	265.1667
311.7501	264.6548
312.2620	264.6548
312.2620	264.1429
312.7739	264.1429
312.7739	263.6310
313.2858	263.6310
313.2858	263.1191
313.7977	263.1191
313.7977	262.6072
314.3096	262.6072
314.3096	262.0953
314.8215	262.0953
314.8215	261.0715
315.3334	261.0715
315.3334	260.0477
315.8453	260.0477
315.8453	258.0000
316.3572	258.0000
316.3572	256.9762
316.8691	256.9762
316.8691	255.9524
317.3810	255.9524
317.3810	254.9286
317.8929	254.9286
317.8929	253.9048
318.4048	253.9048
318.4048	252.8810
318.9167	252.8810
318.9167	251.3453
319.4286	251.3453
319.4286	248.7858
319.9405	248.7858
319.9405	247.7620
320.4524	247.7620
320.4524	247.2500
320.9643	247.2500
320.9643	246.7381
321.9882	246.7381
321.9882	246.2262
322.5001	246.2262
322.5001	245.7143
323.0120	245.7143
323.0120	245.2024
323.5239	245.2024
323.5239	244.6905
324.0358	244.6905
324.0358	244.1786
324.5477	244.1786
324.5477	243.6667
325.0596	243.6667
325.0596	243.1548
325.5715	243.1548
325.5715	242.1310
326.0834	242.1310
326.0834	241.6191
326.5953	241.6191
326.5953	241.1072
327.1072	241.1072
327.1072	240.5953
327.6191	240.5953
327.6191	240.0834
328.1310	240.0834
328.1310	239.5715
328.6429	239.5715
328.6429	239.0596
329.1548	239.0596
329.1548	238.0358
329.6667	238.0358
329.6667	237.0119
330.1786	237.0119
330.1786	236.5000
332.7382	236.5000
332.7382	235.9881
333.7620	235.9881
333.7620	235.4762
334.7858	235.4762
334.7858	234.9643
335.8096	234.9643
335.8096	234.4524
336.3215	234.4524
336.3215	233.9405
336.8334	233.9405
336.8334	233.4286
337.3453	233.4286
337.3453	232.9167
337.8572	232.9167
337.8572	232.4048
338.3691	232.4048
338.3691	231.8929
339.3929	231.8929
339.3929	231.3810
339.9048	231.3810
339.9048	230.8691
340.4167	230.8691
340.4167	230.3572
340.9286	230.3572
340.9286	229.8453
341.9524	229.8453
341.9524	229.3334
342.4644	229.3334
342.4644	228.8215
342.9763	228.8215
342.9763	228.3096
344.0001	228.3096
344.0001	227.7977
344.5120	227.7977
344.5120	227.2858
345.0239	227.2858
345.0239	226.7739
345.5358	226.7739
345.5358	226.2619
347.0715	226.2619
347.0715	225.7500
348.6072	225.7500
348.6072	225.2381
349.6310	225.2381
349.6310	224.7262
350.6548	224.7262
350.6548	224.2143
351.6786	224.2143
351.6786	223.7024
352.7024	223.7024
352.7024	223.1905
353.2144	223.1905
353.2144	222.6786
354.7501	222.6786
354.7501	222.1667
355.7739	222.1667
355.7739	221.6548
356.7977	221.6548
356.7977	221.1429
357.3096	221.1429
357.3096	220.6310
357.8215	220.6310
357.8215	220.1191
358.3334	220.1191
358.3334	219.6072
358.8453	219.6072
358.8453	219.0953
359.3572	219.0953
359.3572	218.5834
359.8691	218.5834
359.8691	218.0715
360.3810	218.0715
360.3810	217.0477
360.8929	217.0477
360.8929	216.0239
361.4048	216.0239
361.4048	215.5119
362.4286	215.5119
362.4286	215.0000
363.4525	215.0000
363.4525	214.4881
364.9882	214.4881
364.9882	215.0000
366.5239	215.0000
366.5239	215.5119
367.5477	215.5119
367.5477	216.0239
368.5715	216.0239
368.5715	216.5358
371.1310	216.5358
371.1310	217.0477
375.2263	217.0477
375.2263	217.5596
375.7382	217.5596
375.7382	218.0715
376.7620	218.0715
376.7620	218.5834
377.7858	218.5834
377.7858	219.0953
380.3453	219.0953
380.3453	219.6072
383.4167	219.6072
383.4167	220.1191
384.9525	220.1191
384.9525	220.6310
386.4882	220.6310
386.4882	221.1429
388.0239	221.1429
388.0239	221.6548
390.5834	221.6548
390.5834	222.1667
391.6072	222.1667
391.6072	222.6786
392.1191	222.6786
392.1191	223.1905
393.1429	223.1905
393.1429	223.7024
394.1667	223.7024
394.1667	224.2143
395.1906	224.2143
395.1906	224.7262
396.2144	224.7262
396.2144	225.2381
398.7739	225.2381
398.7739	225.7500
401.3334	225.7500
401.3334	225.2381
403.8929	225.2381
403.8929	224.7262
404.9167	224.7262
404.9167	224.2143
405.9406	224.2143
405.9406	223.7024
406.4525	223.7024
406.4525	223.1905
406.9644	223.1905
406.9644	222.6786
407.4763	222.6786
407.4763	222.1667
407.9882	222.1667
407.9882	221.6548
408.5001	221.6548
408.5001	221.1429
409.0120	221.1429
409.0120	220.6310
409.5239	220.6310
409.5239	220.1191
410.0358	220.1191
410.0358	219.6072
410.5477	219.6072
410.5477	218.5834
411.0596	218.5834
411.0596	217.5596
411.5715	217.5596
411.5715	216.0239
412.0834	216.0239
412.0834	213.4643
412.5953	213.4643
412.5953	212.9524
413.6191	212.9524
413.6191	212.4405
414.1310	212.4405
414.1310	211.9286
414.6429	211.9286
414.6429	211.4167
415.1548	211.4167
415.1548	210.9048
415.6667	210.9048
415.6667	210.3929
416.1787	210.3929
416.1787	209.3691
416.6906	209.3691
416.6906	208.3453
417.2025	208.3453
417.2025	206.8096
418.2263	206.8096
418.2263	206.2977
422.3215	206.2977
422.3215	205.7858
423.8572	205.7858
