360.8929	201.6905
361.9167	201.6905
361.9167	202.2024
363.4525	202.2024
363.4525	202.7143
365.5001	202.7143
365.5001	203.2262
367.0358	203.2262
367.0358	203.7381
369.5953	203.7381
369.5953	204.2500
372.6667	204.2500
372.6667	204.7619
374.2025	204.7619
374.2025	205.2738
375.7382	205.2738
375.7382	205.7858
376.2501	205.7858
376.2501	206.2977
377.2739	206.2977
377.2739	206.8096
377.7858	206.8096
377.7858	207.3215
378.8096	207.3215
378.8096	207.8334
379.8334	207.8334
379.8334	208.3453
380.8572	208.3453
380.8572	208.8572
381.3691	208.8572
381.3691	209.3691
381.8810	209.3691
381.8810	209.8810
382.3929	209.8810
382.3929	210.3929
383.4167	210.3929
383.4167	210.9048
383.9286	210.9048
383.9286	211.4167
384.4405	211.4167
384.4405	211.9286
385.4644	211.9286
385.4644	212.4405
386.4882	212.4405
386.4882	212.9524
387.0001	212.9524
387.0001	213.4643
388.0239	213.4643
388.0239	213.9762
388.5358	213.9762
388.5358	214.4881
389.0477	214.4881
389.0477	215.0000
389.5596	215.0000
389.5596	215.5119
390.0715	215.5119
390.0715	216.0239
390.5834	216.0239
390.5834	217.0477
391.0953	217.0477
391.0953	217.5596
391.6072	217.5596
391.6072	218.0715
392.1191	218.0715
392.1191	219.0953
392.6310	219.0953
392.6310	219.6072
393.1429	219.6072
393.1429	220.6310
393.6548	220.6310
393.6548	221.1429
394.1667	221.1429
394.1667	222.1667
394.6786	222.1667
394.6786	223.1905
395.1906	223.1905
395.1906	224.2143
395.7025	224.2143
395.7025	225.2381
396.2144	225.2381
396.2144	225.7500
396.7263	225.7500
396.7263	227.2858
397.2382	227.2858
397.2382	228.3096
397.7501	228.3096
397.7501	229.3334
398.2620	229.3334
398.2620	230.8691
398.7739	230.8691
398.7739	232.9167
399.2858	232.9167
399.2858	234.9643
399.7977	234.9643
399.7977	235.9881
400.3096	235.9881
400.3096	237.5239
400.8215	237.5239
400.8215	244.6905
401.3334	244.6905
401.3334	246.2262
400.8215	246.2262
400.8215	249.8096
400.3096	249.8096
400.3096	253.9048
399.7977	253.9048
399.7977	262.0953
400.3096	262.0953
400.3096	263.1191
399.7977	263.1191
399.7977	268.2381
399.2858	268.2381
399.2858	274.3810
398.7739	274.3810
398.7739	275.4048
398.2620	275.4048
398.2620	276.4286
397.7501	276.4286
397.7501	278.9881
397.2382	278.9881
397.2382	279.5001
396.7263	279.5001
396.7263	280.0120
396.2144	280.0120
396.2144	280.5239
395.7025	280.5239
395.7025	281.0358
395.1906	281.0358
395.1906	281.5477
394.6786	281.5477
394.6786	282.0596
391.6072	282.0596
391.6072	282.5715
389.0477	282.5715
389.0477	283.0834
388.0239	283.0834
388.0239	283.5953
387.0001	283.5953
387.0001	284.1072
386.4882	284.1072
386.4882	284.6191
385.9763	284.6191
385.9763	285.1310
385.4644	285.1310
385.4644	285.6429
384.9525	285.6429
384.9525	286.1548
383.9286	286.1548
383.9286	286.6667
382.9048	286.6667
382.9048	287.1786
382.3929	287.1786
382.3929	287.6905
381.8810	287.6905
381.8810	288.2024
381.3691	288.2024
381.3691	288.7143
380.8572	288.7143
380.8572	289.2262
380.3453	289.2262
380.3453	289.7382
379.8334	289.7382
379.8334	290.7620
379.3215	290.7620
379.3215	291.2739
378.8096	291.2739
378.8096	291.7858
378.2977	291.7858
378.2977	292.8096
377.7858	292.8096
377.7858	293.3215
377.2739	293.3215
377.2739	293.8334
376.7620	293.8334
376.7620	294.3453
375.7382	294.3453
375.7382	294.8572
374.7144	294.8572
374.7144	295.3691
373.6905	295.3691
373.6905	295.8810
373.1786	295.8810
373.1786	296.3929
370.6191	296.3929
370.6191	296.9048
368.5715	296.9048
368.5715	297.4167
368.0596	297.4167
368.0596	296.9048
367.5477	296.9048
367.5477	296.3929
366.5239	296.3929
366.5239	295.8810
365.5001	295.8810
365.5001	295.3691
362.9405	295.3691
362.9405	294.8572
360.3810	294.8572
360.3810	295.3691
357.8215	295.3691
357.8215	295.8810
356.7977	295.8810
356.7977	296.3929
355.7739	296.3929
355.7739	296.9048
351.1667	296.9048
351.1667	297.4167
345.5358	297.4167
345.5358	296.9048
341.9524	296.9048
341.9524	296.3929
338.8810	296.3929
338.8810	295.8810
336.3215	295.8810
336.3215	295.3691
331.2024	295.3691
331.2024	295.8810
330.1786	295.8810
330.1786	295.3691
329.6667	295.3691
329.6667	294.8572
328.6429	294.8572
328.6429	294.3453
327.6191	294.3453
327.6191	293.8334
326.5953	293.8334
326.5953	293.3215
324.0358	293.3215
324.0358	292.8096
321.4763	292.8096
321.4763	292.2977
320.4524	292.2977
320.4524	291.7858
319.4286	291.7858
319.4286	291.2739
316.8691	291.2739
316.8691	290.7620
316.3572	290.7620
316.3572	290.2501
315.3334	290.2501
315.3334	289.7382
314.3096	289.7382
314.3096	289.2262
313.2858	289.2262
313.2858	288.7143
312.2620	288.7143
312.2620	288.2024
311.2382	288.2024
311.2382	287.6905
308.6786	287.6905
308.6786	287.1786
305.0953	287.1786
305.0953	286.6667
304.5834	286.6667
304.5834	286.1548
303.5596	286.1548
303.5596	285.6429
302.5358	285.6429
302.5358	285.1310
302.0239	285.1310
302.0239	284.6191
301.5120	284.6191
301.5120	284.1072
301.0001	284.1072
301.0001	280.0120
300.4882	280.0120
300.4882	277.4524
299.9762	277.4524
299.9762	276.4286
299.4643	276.4286
299.4643	275.4048
298.9524	275.4048
298.9524	274.3810
298.4405	274.3810
298.4405	273.3572
297.9286	273.3572
297.9286	272.3334
297.4167	272.3334
297.4167	271.8215
296.9048	271.8215
296.9048	271.3096
296.3929	271.3096
296.3929	268.2381
295.8810	268.2381
295.8810	267.2143
296.3929	267.2143
296.3929	260.5596
296.9048	260.5596
296.9048	256.4643
296.3929	256.4643
296.3929	253.9048
295.8810	253.9048
295.8810	250.3215
296.3929	250.3215
296.3929	248.7858
296.9048	248.7858
296.9048	247.2500
297.4167	247.2500
297.4167	245.7143
297.9286	245.7143
297.9286	244.6905
298.4405	244.6905
298.4405	243.6667
298.9524	243.6667
298.9524	242.6429
299.4643	242.6429
299.4643	241.6191
299.9762	241.6191
299.9762	240.5953
300.4882	240.5953
300.4882	238.5477
301.0001	238.5477
301.0001	238.0358
301.5120	238.0358
301.5120	237.0119
302.0239	237.0119
302.0239	235.9881
302.5358	235.9881
302.5358	233.4286
303.0477	233.4286
303.0477	232.4048
303.5596	232.4048
303.5596	229.8453
304.0715	229.8453
304.0715	228.8215
304.5834	228.8215
304.5834	228.3096
305.0953	228.3096
305.0953	227.7977
305.6072	227.7977
305.6072	226.7739
306.1191	226.7739
306.1191	226.2619
306.6310	226.2619
306.6310	225.7500
307.1429	225.7500
307.1429	224.7262
307.6548	224.7262
307.6548	223.7024
308.1667	223.7024
308.1667	222.6786
308.6786	222.6786
308.6786	221.6548
309.7024	221.6548
309.7024	221.1429
310.2143	221.1429
310.2143	220.6310
310.7262	220.6310
310.7262	220.1191
311.2382	220.1191
311.2382	219.6072
311.7501	219.6072
311.7501	219.0953
312.2620	219.0953
312.2620	218.5834
312.7739	218.5834
312.7739	218.0715
313.7977	218.0715
313.7977	217.5596
314.3096	217.5596
314.3096	217.0477
315.3334	217.0477
315.3334	216.5358
315.8453	216.5358
315.8453	216.0239
316.3572	216.0239
316.3572	215.5119
316.8691	215.5119
316.8691	215.0000
317.3810	215.0000
317.3810	214.4881
317.8929	214.4881
317.8929	213.9762
318.9167	213.9762
318.9167	213.4643
319.9405	213.4643
319.9405	212.9524
320.9643	212.9524
320.9643	212.4405
321.4763	212.4405
321.4763	211.9286
322.5001	211.9286
322.5001	211.4167
323.5239	211.4167
323.5239	210.9048
324.5477	210.9048
324.5477	210.3929
325.0596	210.3929
325.0596	209.8810
326.5953	209.8810
326.5953	209.3691
328.1310	209.3691
328.1310	208.8572
329.1548	208.8572
329.1548	208.3453
330.6905	208.3453
330.6905	207.8334
331.7143	207.8334
331.7143	207.3215
333.2501	207.3215
333.2501	206.8096
334.2739	206.8096
334.2739	206.2977
335.2977	206.2977
335.2977	205.7858
336.3215	205.7858
336.3215	205.2738
336.8334	205.2738
336.8334	204.7619
338.8810	204.7619
338.8810	204.2500
339.9048	204.2500
339.9048	203.7381
340.9286	203.7381
340.9286	203.2262
345.0239	203.2262
345.0239	202.7143
347.5834	202.7143
347.5834	202.2024
349.1191	202.2024
349.1191	201.6905
350.1429	201.6905
350.1429	201.1786
360.8929	201.1786
