353.7263	203.7381
354.7501	203.7381
354.7501	204.2500
357.3096	204.2500
357.3096	204.7619
363.4525	204.7619
363.4525	205.2738
372.1548	205.2738
372.1548	205.7858
373.6905	205.7858
373.6905	206.2977
375.2263	206.2977
375.2263	206.8096
376.7620	206.8096
376.7620	207.3215
378.2977	207.3215
378.2977	207.8334
379.8334	207.8334
379.8334	208.3453
380.8572	208.3453
380.8572	208.8572
381.8810	208.8572
381.8810	209.3691
384.4405	209.3691
384.4405	209.8810
387.0001	209.8810
387.0001	210.3929
389.5596	210.3929
389.5596	210.9048
390.5834	210.9048
390.5834	211.4167
391.6072	211.4167
391.6072	211.9286
392.6310	211.9286
392.6310	212.4405
394.1667	212.4405
394.1667	212.9524
395.7025	212.9524
395.7025	213.4643
396.7263	213.4643
396.7263	213.9762
397.7501	213.9762
397.7501	214.4881
398.2620	214.4881
398.2620	215.0000
399.2858	215.0000
399.2858	215.5119
399.7977	215.5119
399.7977	216.0239
400.8215	216.0239
400.8215	216.5358
401.3334	216.5358
401.3334	217.0477
401.8453	217.0477
401.8453	217.5596
402.3572	217.5596
402.3572	218.0715
402.8691	218.0715
402.8691	218.5834
403.3810	218.5834
403.3810	219.0953
403.8929	219.0953
403.8929	219.6072
404.9167	219.6072
404.9167	220.1191
405.4286	220.1191
405.4286	220.6310
405.9406	220.6310
405.9406	222.1667
406.4525	222.1667
406.4525	223.1905
406.9644	223.1905
406.9644	224.2143
407.4763	224.2143
407.4763	224.7262
407.9882	224.7262
407.9882	227.2858
408.5001	227.2858
408.5001	228.3096
409.0120	228.3096
409.0120	231.8929
409.5239	231.8929
409.5239	236.5000
409.0120	236.5000
409.0120	244.6905
408.5001	244.6905
408.5001	251.3453
407.9882	251.3453
407.9882	252.3691
407.4763	252.3691
407.4763	253.9048
406.9644	253.9048
406.9644	256.4643
406.4525	256.4643
406.4525	259.0239
405.9406	259.0239
405.9406	261.5834
405.4286	261.5834
405.4286	262.6072
404.9167	262.6072
404.9167	263.6310
404.4048	263.6310
404.4048	264.6548
403.8929	264.6548
403.8929	267.2143
403.3810	267.2143
403.3810	269.7739
402.8691	269.7739
402.8691	272.8453
402.3572	272.8453
402.3572	275.9167
401.8453	275.9167
401.8453	276.9405
401.3334	276.9405
401.3334	277.9643
400.8215	277.9643
400.8215	280.5239
400.3096	280.5239
400.3096	286.6667
400.8215	286.6667
400.8215	287.1786
400.3096	287.1786
400.3096	287.6905
399.7977	287.6905
399.7977	288.2024
399.2858	288.2024
399.2858	288.7143
398.7739	288.7143
398.7739	289.7382
398.2620	289.7382
398.2620	290.2501
397.7501	290.2501
397.7501	291.2739
397.2382	291.2739
397.2382	292.2977
394.6786	292.2977
394.6786	292.8096
393.6548	292.8096
393.6548	293.3215
392.6310	293.3215
392.6310	293.8334
391.6072	293.8334
391.6072	294.3453
391.0953	294.3453
391.0953	294.8572
390.5834	294.8572
390.5834	295.3691
390.0715	295.3691
390.0715	295.8810
389.5596	295.8810
389.5596	296.3929
389.0477	296.3929
389.0477	296.9048
388.5358	296.9048
388.5358	297.9286
388.0239	297.9286
388.0239	298.9524
387.5120	298.9524
387.5120	299.4643
387.0001	299.4643
387.0001	299.9762
386.4882	299.9762
386.4882	300.4882
385.9763	300.4882
385.9763	301.0001
385.4644	301.0001
385.4644	301.5120
384.9525	301.5120
384.9525	302.0239
384.4405	302.0239
384.4405	302.5358
383.9286	302.5358
383.9286	303.0477
382.9048	303.0477
382.9048	303.5596
382.3929	303.5596
382.3929	304.0715
381.8810	304.0715
381.8810	304.5834
380.8572	304.5834
380.8572	305.0953
380.3453	305.0953
380.3453	305.6072
379.8334	305.6072
379.8334	306.1191
378.8096	306.1191
378.8096	306.6310
378.2977	306.6310
378.2977	307.1429
376.7620	307.1429
376.7620	307.6548
375.7382	307.6548
375.7382	308.1667
374.2025	308.1667
374.2025	307.6548
373.6905	307.6548
373.6905	307.1429
372.6667	307.1429
372.6667	306.6310
371.6429	306.6310
371.6429	306.1191
370.6191	306.1191
370.6191	305.6072
369.5953	305.6072
369.5953	305.0953
367.0358	305.0953
367.0358	304.5834
364.4763	304.5834
364.4763	305.0953
361.9167	305.0953
361.9167	305.6072
360.8929	305.6072
360.8929	306.1191
359.8691	306.1191
359.8691	306.6310
359.3572	306.6310
359.3572	307.1429
358.3334	307.1429
358.3334	307.6548
354.7501	307.6548
354.7501	307.1429
349.6310	307.1429
349.6310	307.6548
340.4167	307.6548
340.4167	307.1429
338.8810	307.1429
338.8810	306.6310
337.8572	306.6310
337.8572	306.1191
336.8334	306.1191
336.8334	305.6072
335.8096	305.6072
335.8096	305.0953
334.7858	305.0953
334.7858	304.5834
332.7382	304.5834
332.7382	304.0715
331.7143	304.0715
331.7143	303.5596
330.1786	303.5596
330.1786	303.0477
328.6429	303.0477
328.6429	302.5358
326.0834	302.5358
326.0834	302.0239
322.5001	302.0239
322.5001	301.5120
318.4048	301.5120
318.4048	302.0239
316.3572	302.0239
316.3572	301.5120
311.2382	301.5120
311.2382	301.0001
310.7262	301.0001
310.7262	300.4882
309.7024	300.4882
309.7024	299.9762
308.6786	299.9762
308.6786	299.4643
306.1191	299.4643
306.1191	298.9524
305.0953	298.9524
305.0953	298.4405
304.5834	298.4405
304.5834	297.9286
304.0715	297.9286
304.0715	297.4167
303.0477	297.4167
303.0477	296.9048
302.5358	296.9048
302.5358	296.3929
302.0239	296.3929
302.0239	295.8810
301.5120	295.8810
301.5120	295.3691
301.0001	295.3691
301.0001	294.3453
300.4882	294.3453
300.4882	292.2977
299.9762	292.2977
299.9762	291.2739
299.4643	291.2739
299.4643	290.2501
298.9524	290.2501
298.9524	287.6905
298.4405	287.6905
298.4405	286.6667
298.9524	286.6667
298.9524	283.5953
298.4405	283.5953
298.4405	281.0358
297.9286	281.0358
297.9286	278.9881
297.4167	278.9881
297.4167	277.4524
296.9048	277.4524
296.9048	276.4286
296.3929	276.4286
296.3929	275.4048
295.8810	275.4048
295.8810	274.8929
295.3691	274.8929
295.3691	274.3810
294.8572	274.3810
294.8572	273.8691
294.3453	273.8691
294.3453	272.8453
293.8334	272.8453
293.8334	271.8215
293.3215	271.8215
293.3215	271.3096
292.8096	271.3096
292.8096	270.7977
292.2977	270.7977
292.2977	269.7739
291.7858	269.7739
291.7858	266.1905
291.2739	266.1905
291.2739	264.6548
291.7858	264.6548
291.7858	264.1429
292.2977	264.1429
292.2977	263.1191
292.8096	263.1191
292.8096	262.0953
293.3215	262.0953
293.3215	260.0477
293.8334	260.0477
293.8334	257.4881
294.3453	257.4881
294.3453	256.4643
294.8572	256.4643
294.8572	254.9286
295.3691	254.9286
295.3691	252.3691
295.8810	252.3691
295.8810	250.3215
296.3929	250.3215
296.3929	249.2977
296.9048	249.2977
296.9048	248.2739
297.4167	248.2739
297.4167	247.2500
297.9286	247.2500
297.9286	246.2262
298.4405	246.2262
298.4405	245.7143
298.9524	245.7143
298.9524	245.2024
299.4643	245.2024
299.4643	244.1786
299.9762	244.1786
299.9762	243.6667
300.4882	243.6667
300.4882	243.1548
301.0001	243.1548
301.0001	242.6429
301.5120	242.6429
301.5120	242.1310
302.0239	242.1310
302.0239	241.6191
302.5358	241.6191
302.5358	241.1072
303.0477	241.1072
303.0477	240.5953
303.5596	240.5953
303.5596	240.0834
304.0715	240.0834
304.0715	239.5715
304.5834	239.5715
304.5834	239.0596
305.0953	239.0596
305.0953	238.5477
305.6072	238.5477
305.6072	238.0358
306.1191	238.0358
306.1191	237.0119
306.6310	237.0119
306.6310	236.5000
307.1429	236.5000
307.1429	235.9881
307.6548	235.9881
307.6548	235.4762
308.1667	235.4762
308.1667	234.9643
308.6786	234.9643
308.6786	233.9405
309.1905	233.9405
309.1905	233.4286
309.7024	233.4286
309.7024	232.9167
310.2143	232.9167
310.2143	232.4048
310.7262	232.4048
310.7262	231.3810
311.2382	231.3810
311.2382	230.8691
311.7501	230.8691
311.7501	230.3572
312.2620	230.3572
312.2620	229.8453
312.7739	229.8453
312.7739	229.3334
313.2858	229.3334
313.2858	228.8215
313.7977	228.8215
313.7977	228.3096
314.3096	228.3096
314.3096	227.2858
314.8215	227.2858
314.8215	226.2619
315.3334	226.2619
315.3334	224.7262
315.8453	224.7262
315.8453	224.2143
316.3572	224.2143
316.3572	223.7024
316.8691	223.7024
316.8691	223.1905
317.3810	223.1905
317.3810	222.1667
317.8929	222.1667
317.8929	221.1429
318.4048	221.1429
318.4048	220.6310
318.9167	220.6310
318.9167	220.1191
319.4286	220.1191
319.4286	219.6072
319.9405	219.6072
319.9405	219.0953
320.4524	219.0953
320.4524	218.5834
320.9643	218.5834
320.9643	218.0715
321.4763	218.0715
321.4763	217.5596
321.9882	217.5596
321.9882	217.0477
323.0120	217.0477
323.0120	216.5358
324.0358	216.5358
324.0358	216.0239
324.5477	216.0239
324.5477	215.5119
325.0596	215.5119
325.0596	215.0000
325.5715	215.0000
325.5715	214.4881
326.0834	214.4881
326.0834	213.9762
326.5953	213.9762
326.5953	213.4643
327.1072	213.4643
327.1072	212.9524
327.6191	212.9524
327.6191	212.4405
328.6429	212.4405
328.6429	211.9286
329.1548	211.9286
329.1548	211.4167
329.6667	211.4167
329.6667	210.9048
330.1786	210.9048
330.1786	210.3929
331.2024	210.3929
331.2024	209.8810
332.2263	209.8810
332.2263	209.3691
333.2501	209.3691
333.2501	208.8572
334.2739	208.8572
334.2739	208.3453
334.7858	208.3453
334.7858	207.8334
335.8096	207.8334
335.8096	207.3215
336.3215	207.3215
336.3215	206.8096
337.8572	206.8096
337.8572	206.2977
338.8810	206.2977
338.8810	205.7858
339.9048	205.7858
339.9048	205.2738
341.4405	205.2738
341.4405	204.7619
343.4882	204.7619
343.4882	204.2500
346.0477	204.2500
346.0477	203.7381
351.6786	203.7381
351.6786	203.2262
353.7263	203.2262
