376.2501	203.7381
378.8096	203.7381
378.8096	204.2500
381.3691	204.2500
381.3691	204.7619
393.6548	204.7619
393.6548	205.2738
397.2382	205.2738
397.2382	205.7858
398.7739	205.7858
398.7739	206.2977
401.3334	206.2977
401.3334	206.8096
405.4286	206.8096
405.4286	206.2977
409.0120	206.2977
409.0120	206.8096
411.0596	206.8096
411.0596	207.3215
411.5715	207.3215
411.5715	208.3453
412.0834	208.3453
412.0834	209.3691
412.5953	209.3691
412.5953	209.8810
413.1072	209.8810
413.1072	210.3929
413.6191	210.3929
413.6191	210.9048
414.1310	210.9048
414.1310	211.9286
414.6429	211.9286
414.6429	217.0477
415.1548	217.0477
415.1548	219.6072
415.6667	219.6072
415.6667	222.1667
416.1787	222.1667
416.1787	224.2143
416.6906	224.2143
416.6906	227.2858
417.2025	227.2858
417.2025	236.5000
417.7144	236.5000
417.7144	240.5953
418.2263	240.5953
418.2263	241.1072
417.7144	241.1072
417.7144	246.2262
418.2263	246.2262
418.2263	247.2500
417.7144	247.2500
417.7144	249.8096
417.2025	249.8096
417.2025	252.8810
416.6906	252.8810
416.6906	255.4405
416.1787	255.4405
416.1787	256.9762
415.6667	256.9762
415.6667	258.0000
415.1548	258.0000
415.1548	259.5358
414.6429	259.5358
414.6429	260.5596
414.1310	260.5596
414.1310	262.0953
413.6191	262.0953
413.6191	262.6072
413.1072	262.6072
413.1072	263.6310
412.5953	263.6310
412.5953	264.6548
412.0834	264.6548
412.0834	265.6786
411.5715	265.6786
411.5715	266.7024
411.0596	266.7024
411.0596	267.7262
410.5477	267.7262
410.5477	269.7739
410.0358	269.7739
410.0358	271.3096
409.5239	271.3096
409.5239	273.8691
409.0120	273.8691
409.0120	280.0120
409.5239	280.0120
409.5239	282.5715
409.0120	282.5715
409.0120	285.1310
408.5001	285.1310
408.5001	288.7143
409.0120	288.7143
409.0120	291.2739
409.5239	291.2739
409.5239	292.2977
410.0358	292.2977
410.0358	293.3215
410.5477	293.3215
410.5477	293.8334
411.0596	293.8334
411.0596	294.3453
411.5715	294.3453
411.5715	294.8572
412.0834	294.8572
412.0834	295.3691
412.5953	295.3691
412.5953	295.8810
413.6191	295.8810
413.6191	296.3929
414.6429	296.3929
414.6429	296.9048
417.2025	296.9048
417.2025	297.4167
418.2263	297.4167
418.2263	298.4405
418.7382	298.4405
418.7382	299.4643
418.2263	299.4643
418.2263	299.9762
414.6429	299.9762
414.6429	300.4882
412.0834	300.4882
412.0834	301.0001
411.0596	301.0001
411.0596	301.5120
410.0358	301.5120
410.0358	302.0239
407.9882	302.0239
407.9882	301.5120
405.4286	301.5120
405.4286	301.0001
401.8453	301.0001
401.8453	301.5120
399.2858	301.5120
399.2858	302.0239
398.2620	302.0239
398.2620	302.5358
396.2144	302.5358
396.2144	303.0477
395.1906	303.0477
395.1906	303.5596
394.1667	303.5596
394.1667	304.0715
393.1429	304.0715
393.1429	304.5834
392.1191	304.5834
392.1191	305.0953
391.6072	305.0953
391.6072	305.6072
391.0953	305.6072
391.0953	306.1191
390.5834	306.1191
390.5834	306.6310
389.5596	306.6310
389.5596	307.1429
388.5358	307.1429
388.5358	307.6548
388.0239	307.6548
388.0239	308.1667
387.0001	308.1667
387.0001	308.6786
385.9763	308.6786
385.9763	309.1905
385.4644	309.1905
385.4644	309.7024
384.4405	309.7024
384.4405	310.2143
383.4167	310.2143
383.4167	310.7262
380.8572	310.7262
380.8572	311.2382
379.8334	311.2382
379.8334	310.7262
378.2977	310.7262
378.2977	310.2143
375.7382	310.2143
375.7382	309.7024
373.1786	309.7024
373.1786	310.2143
370.6191	310.2143
370.6191	310.7262
369.0834	310.7262
369.0834	311.2382
367.5477	311.2382
367.5477	311.7501
366.5239	311.7501
366.5239	312.2620
365.5001	312.2620
365.5001	312.7739
364.9882	312.7739
364.9882	313.2858
364.4763	313.2858
364.4763	313.7977
363.9644	313.7977
363.9644	314.3096
363.4525	314.3096
363.4525	314.8215
362.9405	314.8215
362.9405	315.3334
362.4286	315.3334
362.4286	316.3572
361.9167	316.3572
361.9167	316.8691
361.4048	316.8691
361.4048	317.3810
357.3096	317.3810
357.3096	316.8691
356.2858	316.8691
356.2858	316.3572
355.2620	316.3572
355.2620	315.8453
352.7024	315.8453
352.7024	315.3334
350.1429	315.3334
350.1429	315.8453
343.4882	315.8453
343.4882	315.3334
342.4644	315.3334
342.4644	314.8215
339.9048	314.8215
339.9048	314.3096
336.8334	314.3096
336.8334	314.8215
334.2739	314.8215
334.2739	315.3334
333.2501	315.3334
333.2501	315.8453
329.6667	315.8453
329.6667	315.3334
328.1310	315.3334
328.1310	314.8215
326.5953	314.8215
326.5953	314.3096
326.0834	314.3096
326.0834	313.7977
325.0596	313.7977
325.0596	313.2858
324.5477	313.2858
324.5477	312.7739
323.5239	312.7739
323.5239	312.2620
322.5001	312.2620
322.5001	311.7501
321.9882	311.7501
321.9882	311.2382
320.9643	311.2382
320.9643	310.7262
319.9405	310.7262
319.9405	310.2143
319.4286	310.2143
319.4286	309.7024
318.9167	309.7024
318.9167	309.1905
318.4048	309.1905
318.4048	308.6786
317.8929	308.6786
317.8929	308.1667
317.3810	308.1667
317.3810	307.6548
316.8691	307.6548
316.8691	307.1429
316.3572	307.1429
316.3572	306.6310
315.8453	306.6310
315.8453	306.1191
315.3334	306.1191
315.3334	305.6072
314.8215	305.6072
314.8215	305.0953
314.3096	305.0953
314.3096	304.5834
313.7977	304.5834
313.7977	304.0715
313.2858	304.0715
313.2858	303.0477
312.7739	303.0477
312.7739	302.5358
312.2620	302.5358
312.2620	302.0239
311.7501	302.0239
311.7501	301.5120
311.2382	301.5120
311.2382	301.0001
310.7262	301.0001
310.7262	299.9762
310.2143	299.9762
310.2143	298.9524
309.7024	298.9524
309.7024	298.4405
309.1905	298.4405
309.1905	297.9286
308.6786	297.9286
308.6786	295.3691
308.1667	295.3691
308.1667	294.3453
307.6548	294.3453
307.6548	293.3215
307.1429	293.3215
307.1429	292.2977
306.6310	292.2977
306.6310	291.7858
306.1191	291.7858
306.1191	291.2739
305.6072	291.2739
305.6072	290.7620
305.0953	290.7620
305.0953	290.2501
304.5834	290.2501
304.5834	289.2262
304.0715	289.2262
304.0715	288.7143
303.5596	288.7143
303.5596	287.6905
303.0477	287.6905
303.0477	286.6667
302.5358	286.6667
302.5358	285.6429
302.0239	285.6429
302.0239	285.1310
301.5120	285.1310
301.5120	283.5953
301.0001	283.5953
301.0001	282.0596
300.4882	282.0596
300.4882	280.0120
299.9762	280.0120
299.9762	277.4524
299.4643	277.4524
299.4643	274.8929
298.9524	274.8929
298.9524	265.6786
299.4643	265.6786
299.4643	264.1429
299.9762	264.1429
299.9762	263.1191
300.4882	263.1191
300.4882	262.0953
301.0001	262.0953
301.0001	259.5358
301.5120	259.5358
301.5120	255.4405
301.0001	255.4405
301.0001	251.8572
301.5120	251.8572
301.5120	250.3215
302.0239	250.3215
302.0239	248.7858
302.5358	248.7858
302.5358	247.7620
303.0477	247.7620
303.0477	246.7381
303.5596	246.7381
303.5596	245.7143
304.0715	245.7143
304.0715	245.2024
304.5834	245.2024
304.5834	244.6905
305.0953	244.6905
305.0953	243.6667
305.6072	243.6667
305.6072	243.1548
306.1191	243.1548
306.1191	242.6429
306.6310	242.6429
306.6310	242.1310
307.1429	242.1310
307.1429	241.6191
307.6548	241.6191
307.6548	241.1072
308.1667	241.1072
308.1667	240.5953
308.6786	240.5953
308.6786	240.0834
309.1905	240.0834
309.1905	239.5715
309.7024	239.5715
309.7024	239.0596
310.2143	239.0596
310.2143	238.5477
310.7262	238.5477
310.7262	238.0358
311.2382	238.0358
311.2382	237.0119
311.7501	237.0119
311.7501	235.9881
312.2620	235.9881
312.2620	234.9643
312.7739	234.9643
312.7739	234.4524
313.7977	234.4524
313.7977	233.9405
314.3096	233.9405
314.3096	233.4286
314.8215	233.4286
314.8215	232.9167
315.3334	232.9167
315.3334	232.4048
315.8453	232.4048
315.8453	231.8929
316.3572	231.8929
316.3572	231.3810
316.8691	231.3810
316.8691	230.8691
317.3810	230.8691
317.3810	229.8453
317.8929	229.8453
317.8929	228.8215
318.4048	228.8215
318.4048	227.7977
318.9167	227.7977
318.9167	227.2858
319.9405	227.2858
319.9405	226.7739
320.4524	226.7739
320.4524	226.2619
320.9643	226.2619
320.9643	225.7500
321.4763	225.7500
321.4763	225.2381
321.9882	225.2381
321.9882	224.7262
323.0120	224.7262
323.0120	224.2143
323.5239	224.2143
323.5239	223.7024
324.0358	223.7024
324.0358	223.1905
324.5477	223.1905
324.5477	222.6786
325.0596	222.6786
325.0596	222.1667
325.5715	222.1667
325.5715	221.1429
326.0834	221.1429
326.0834	220.6310
326.5953	220.6310
326.5953	220.1191
327.1072	220.1191
327.1072	219.0953
327.6191	219.0953
327.6191	218.5834
328.6429	218.5834
328.6429	218.0715
329.6667	218.0715
329.6667	217.5596
330.6905	217.5596
330.6905	217.0477
331.7143	217.0477
331.7143	216.5358
332.7382	216.5358
332.7382	216.0239
333.7620	216.0239
333.7620	215.5119
334.7858	215.5119
334.7858	215.0000
335.2977	215.0000
335.2977	214.4881
336.3215	214.4881
336.3215	213.9762
336.8334	213.9762
336.8334	213.4643
337.3453	213.4643
337.3453	212.9524
337.8572	212.9524
337.8572	212.4405
338.3691	212.4405
338.3691	211.9286
338.8810	211.9286
338.8810	210.9048
339.9048	210.9048
339.9048	210.3929
340.9286	210.3929
340.9286	209.8810
341.4405	209.8810
341.4405	209.3691
341.9524	209.3691
341.9524	208.8572
342.4644	208.8572
342.4644	208.3453
342.9763	208.3453
342.9763	207.8334
343.4882	207.8334
343.4882	207.3215
344.5120	207.3215
344.5120	206.8096
347.0715	206.8096
347.0715	206.2977
348.6072	206.2977
348.6072	205.7858
349.6310	205.7858
349.6310	205.2738
352.1905	205.2738
352.1905	204.7619
354.2382	204.7619
354.2382	204.2500
359.3572	204.2500
359.3572	203.7381
364.9882	203.7381
364.9882	203.2262
376.2501	203.2262
