419.7620	148.9643
422.8334	148.9643
422.8334	149.4762
424.3691	149.4762
424.3691	149.9881
425.9048	149.9881
425.9048	150.5000
426.9287	150.5000
426.9287	151.0119
427.9525	151.0119
427.9525	151.5238
428.9763	151.5238
428.9763	152.0357
430.0001	152.0357
430.0001	152.5476
430.5120	152.5476
430.5120	153.0596
431.5358	153.0596
431.5358	153.5715
432.5596	153.5715
432.5596	154.0834
433.0715	154.0834
433.0715	154.5953
433.5834	154.5953
433.5834	155.1072
434.0953	155.1072
434.0953	155.6191
434.6072	155.6191
434.6072	156.1310
435.1191	156.1310
435.1191	156.6429
435.6310	156.6429
435.6310	157.1548
436.1429	157.1548
436.1429	157.6667
436.6548	157.6667
436.6548	158.1786
437.1667	158.1786
437.1667	158.6905
437.6787	158.6905
437.6787	159.2024
438.1906	159.2024
438.1906	159.7143
438.7025	159.7143
438.7025	160.2262
439.2144	160.2262
439.2144	160.7381
439.7263	160.7381
439.7263	161.2500
440.2382	161.2500
440.2382	161.7619
440.7501	161.7619
440.7501	162.2738
441.7739	162.2738
441.7739	162.7857
442.7977	162.7857
442.7977	163.2977
443.8215	163.2977
443.8215	164.3215
444.3334	164.3215
444.3334	164.8334
444.8453	164.8334
444.8453	165.3453
445.3572	165.3453
445.3572	165.8572
445.8691	165.8572
445.8691	166.3691
446.3810	166.3691
446.3810	166.8810
446.8929	166.8810
446.8929	167.3929
447.4048	167.3929
447.4048	167.9048
447.9168	167.9048
447.9168	168.9286
448.4287	168.9286
448.4287	169.9524
448.9406	169.9524
448.9406	170.4643
449.4525	170.4643
449.4525	170.9762
449.9644	170.9762
449.9644	171.4881
450.4763	171.4881
450.4763	172.5119
450.9882	172.5119
450.9882	173.5357
451.5001	173.5357
451.5001	174.0477
452.0120	174.0477
452.0120	175.0715
452.5239	175.0715
452.5239	176.6072
453.0358	176.6072
453.0358	177.6310
453.5477	177.6310
453.5477	178.6548
454.0596	178.6548
454.0596	183.7738
454.5715	183.7738
454.5715	184.7977
454.0596	184.7977
454.0596	189.4048
453.5477	189.4048
453.5477	190.4286
453.0358	190.4286
453.0358	191.4524
452.5239	191.4524
452.5239	192.4762
452.0120	192.4762
452.0120	193.5000
451.5001	193.5000
451.5001	196.0596
450.9882	196.0596
450.9882	198.6191
450.4763	198.6191
450.4763	199.1310
449.9644	199.1310
449.9644	200.1548
449.4525	200.1548
449.4525	201.1786
448.9406	201.1786
448.9406	201.6905
448.4287	201.6905
448.4287	202.2024
447.9168	202.2024
447.9168	202.7143
447.4048	202.7143
447.4048	203.2262
446.3810	203.2262
446.3810	203.7381
445.8691	203.7381
445.8691	204.2500
445.3572	204.2500
445.3572	204.7619
444.8453	204.7619
444.8453	205.2738
444.3334	205.2738
444.3334	205.7858
443.8215	205.7858
443.8215	206.2977
443.3096	206.2977
443.3096	206.8096
442.7977	206.8096
442.7977	207.3215
442.2858	207.3215
442.2858	207.8334
439.7263	207.8334
439.7263	208.3453
437.6787	208.3453
437.6787	208.8572
436.6548	208.8572
436.6548	209.3691
435.6310	209.3691
435.6310	209.8810
435.1191	209.8810
435.1191	210.3929
434.6072	210.3929
434.6072	210.9048
433.0715	210.9048
433.0715	211.4167
432.0477	211.4167
432.0477	211.9286
431.0239	211.9286
431.0239	212.4405
430.0001	212.4405
430.0001	212.9524
429.4882	212.9524
429.4882	213.4643
428.9763	213.4643
428.9763	213.9762
428.4644	213.9762
428.4644	214.4881
427.9525	214.4881
427.9525	215.0000
427.4406	215.0000
427.4406	216.0239
426.9287	216.0239
426.9287	217.0477
426.4167	217.0477
426.4167	218.0715
425.9048	218.0715
425.9048	218.5834
425.3929	218.5834
425.3929	219.0953
424.8810	219.0953
424.8810	219.6072
424.3691	219.6072
424.3691	220.1191
423.8572	220.1191
423.8572	220.6310
423.3453	220.6310
423.3453	221.1429
422.8334	221.1429
422.8334	222.1667
422.3215	222.1667
422.3215	223.1905
421.8096	223.1905
421.8096	224.2143
420.7858	224.2143
420.7858	224.7262
419.7620	224.7262
419.7620	225.2381
417.7144	225.2381
417.7144	225.7500
416.6906	225.7500
416.6906	226.2619
415.6667	226.2619
415.6667	226.7739
415.1548	226.7739
415.1548	227.2858
414.6429	227.2858
414.6429	227.7977
414.1310	227.7977
414.1310	228.3096
413.6191	228.3096
413.6191	228.8215
413.1072	228.8215
413.1072	229.8453
412.5953	229.8453
412.5953	230.8691
412.0834	230.8691
412.0834	233.4286
411.5715	233.4286
411.5715	238.0358
412.0834	238.0358
412.0834	240.5953
412.5953	240.5953
412.5953	241.6191
413.1072	241.6191
413.1072	242.6429
413.6191	242.6429
413.6191	243.1548
414.1310	243.1548
414.1310	244.1786
414.6429	244.1786
414.6429	245.2024
415.1548	245.2024
415.1548	245.7143
414.6429	245.7143
414.6429	252.8810
414.1310	252.8810
414.1310	256.4643
414.6429	256.4643
414.6429	259.0239
415.1548	259.0239
415.1548	260.0477
415.6667	260.0477
415.6667	261.0715
416.1787	261.0715
416.1787	265.1667
414.6429	265.1667
414.6429	264.6548
414.1310	264.6548
414.1310	264.1429
413.1072	264.1429
413.1072	263.6310
412.0834	263.6310
412.0834	263.1191
411.5715	263.1191
411.5715	262.6072
411.0596	262.6072
411.0596	262.0953
410.0358	262.0953
410.0358	261.5834
409.5239	261.5834
409.5239	261.0715
409.0120	261.0715
409.0120	260.5596
408.5001	260.5596
408.5001	260.0477
407.9882	260.0477
407.9882	259.5358
407.4763	259.5358
407.4763	259.0239
406.4525	259.0239
406.4525	258.5120
405.4286	258.5120
405.4286	258.0000
402.8691	258.0000
402.8691	257.4881
399.7977	257.4881
399.7977	258.0000
397.2382	258.0000
397.2382	258.5120
395.1906	258.5120
395.1906	259.0239
394.1667	259.0239
394.1667	259.5358
393.1429	259.5358
393.1429	260.0477
392.6310	260.0477
392.6310	260.5596
392.1191	260.5596
392.1191	261.0715
391.6072	261.0715
391.6072	261.5834
391.0953	261.5834
391.0953	262.0953
390.5834	262.0953
390.5834	262.6072
390.0715	262.6072
390.0715	263.1191
389.5596	263.1191
389.5596	263.6310
389.0477	263.6310
389.0477	264.6548
388.5358	264.6548
388.5358	265.6786
388.0239	265.6786
388.0239	266.7024
387.5120	266.7024
387.5120	267.7262
387.0001	267.7262
387.0001	268.2381
386.4882	268.2381
386.4882	268.7501
385.9763	268.7501
385.9763	269.2620
385.4644	269.2620
385.4644	269.7739
384.4405	269.7739
384.4405	270.2858
383.4167	270.2858
383.4167	270.7977
382.9048	270.7977
382.9048	271.3096
382.3929	271.3096
382.3929	271.8215
381.8810	271.8215
381.8810	272.3334
381.3691	272.3334
381.3691	272.8453
380.8572	272.8453
380.8572	273.3572
380.3453	273.3572
380.3453	273.8691
379.8334	273.8691
379.8334	274.3810
379.3215	274.3810
379.3215	274.8929
378.8096	274.8929
378.8096	275.4048
378.2977	275.4048
378.2977	275.9167
377.7858	275.9167
377.7858	276.9405
377.2739	276.9405
377.2739	277.9643
376.7620	277.9643
376.7620	279.5001
376.2501	279.5001
376.2501	280.5239
375.7382	280.5239
375.7382	282.0596
375.2263	282.0596
375.2263	283.5953
374.7144	283.5953
374.7144	285.6429
374.2025	285.6429
374.2025	286.1548
373.6905	286.1548
373.6905	287.1786
373.1786	287.1786
373.1786	288.2024
372.6667	288.2024
372.6667	289.2262
372.1548	289.2262
372.1548	289.7382
371.6429	289.7382
371.6429	290.7620
371.1310	290.7620
371.1310	291.2739
370.6191	291.2739
370.6191	291.7858
370.1072	291.7858
370.1072	292.2977
369.5953	292.2977
369.5953	292.8096
369.0834	292.8096
369.0834	293.8334
368.5715	293.8334
368.5715	294.3453
368.0596	294.3453
368.0596	294.8572
367.5477	294.8572
367.5477	295.3691
367.0358	295.3691
367.0358	295.8810
366.0120	295.8810
366.0120	296.3929
363.4525	296.3929
363.4525	296.9048
361.4048	296.9048
361.4048	297.4167
360.3810	297.4167
360.3810	297.9286
359.3572	297.9286
359.3572	298.4405
358.8453	298.4405
358.8453	298.9524
358.3334	298.9524
358.3334	299.4643
357.8215	299.4643
357.8215	299.9762
357.3096	299.9762
357.3096	300.4882
356.7977	300.4882
356.7977	301.0001
356.2858	301.0001
356.2858	302.0239
355.7739	302.0239
355.7739	303.0477
355.2620	303.0477
355.2620	305.6072
354.7501	305.6072
354.7501	306.1191
354.2382	306.1191
354.2382	306.6310
353.7263	306.6310
353.7263	307.1429
353.2144	307.1429
353.2144	308.1667
352.7024	308.1667
352.7024	309.1905
352.1905	309.1905
352.1905	310.2143
351.6786	310.2143
351.6786	311.7501
351.1667	311.7501
351.1667	313.2858
350.6548	313.2858
350.6548	313.7977
350.1429	313.7977
350.1429	314.3096
349.6310	314.3096
349.6310	315.3334
349.1191	315.3334
349.1191	315.8453
348.6072	315.8453
348.6072	316.8691
348.0953	316.8691
348.0953	317.8929
347.5834	317.8929
347.5834	318.9167
347.0715	318.9167
347.0715	319.9405
346.5596	319.9405
346.5596	320.4524
346.0477	320.4524
346.0477	321.4763
345.5358	321.4763
345.5358	322.5001
345.0239	322.5001
345.0239	323.0120
344.5120	323.0120
344.5120	323.5239
344.0001	323.5239
344.0001	324.5477
343.4882	324.5477
343.4882	325.0596
342.9763	325.0596
342.9763	325.5715
342.4644	325.5715
342.4644	326.0834
341.9524	326.0834
341.9524	327.1072
341.4405	327.1072
341.4405	327.6191
340.4167	327.6191
340.4167	328.1310
339.9048	328.1310
339.9048	328.6429
338.8810	328.6429
338.8810	329.1548
338.3691	329.1548
338.3691	329.6667
337.8572	329.6667
337.8572	330.1786
336.8334	330.1786
336.8334	330.6905
335.8096	330.6905
335.8096	331.2024
334.7858	331.2024
334.7858	331.7143
333.7620	331.7143
333.7620	332.2263
331.2024	332.2263
331.2024	331.7143
328.6429	331.7143
328.6429	331.2024
326.0834	331.2024
326.0834	331.7143
318.4048	331.7143
318.4048	331.2024
317.3810	331.2024
317.3810	330.6905
315.8453	330.6905
315.8453	330.1786
315.3334	330.1786
315.3334	329.6667
314.8215	329.6667
314.8215	327.1072
314.3096	327.1072
314.3096	325.0596
313.7977	325.0596
313.7977	324.0358
313.2858	324.0358
313.2858	323.0120
312.7739	323.0120
312.7739	322.5001
312.2620	322.5001
312.2620	321.9882
311.7501	321.9882
311.7501	321.4763
311.2382	321.4763
311.2382	320.9643
310.7262	320.9643
310.7262	320.4524
309.7024	320.4524
309.7024	317.8929
309.1905	317.8929
309.1905	315.8453
308.6786	315.8453
308.6786	314.8215
308.1667	314.8215
308.1667	313.7977
307.6548	313.7977
307.6548	313.2858
307.1429	313.2858
307.1429	312.7739
306.6310	312.7739
306.6310	312.2620
306.1191	312.2620
306.1191	311.7501
305.6072	311.7501
305.6072	311.2382
304.5834	311.2382
304.5834	310.7262
303.5596	310.7262
303.5596	310.2143
302.5358	310.2143
302.5358	309.7024
302.0239	309.7024
302.0239	309.1905
301.5120	309.1905
301.5120	308.6786
301.0001	308.6786
301.0001	308.1667
300.4882	308.1667
300.4882	307.6548
299.4643	307.6548
299.4643	307.1429
298.4405	307.1429
298.4405	306.6310
296.3929	306.6310
296.3929	306.1191
295.8810	306.1191
295.8810	305.6072
295.3691	305.6072
295.3691	305.0953
294.3453	305.0953
294.3453	304.0715
293.8334	304.0715
293.8334	303.0477
293.3215	303.0477
293.3215	302.5358
292.8096	302.5358
292.8096	302.0239
292.2977	302.0239
292.2977	301.5120
291.7858	301.5120
291.7858	301.0001
291.2739	301.0001
291.2739	300.4882
290.7620	300.4882
290.7620	299.9762
289.7382	299.9762
289.7382	299.4643
288.7143	299.4643
288.7143	298.9524
287.6905	298.9524
287.6905	297.9286
287.1786	297.9286
287.1786	296.9048
286.6667	296.9048
286.6667	295.8810
286.1548	295.8810
286.1548	295.3691
285.6429	295.3691
285.6429	294.8572
285.1310	294.8572
285.1310	294.3453
284.6191	294.3453
284.6191	293.8334
284.1072	293.8334
284.1072	293.3215
283.0834	293.3215
283.0834	292.8096
282.0596	292.8096
282.0596	292.2977
279.5001	292.2977
279.5001	291.7858
274.8929	291.7858
274.8929	291.2739
274.3810	291.2739
274.3810	290.7620
273.8691	290.7620
273.8691	290.2501
274.3810	290.2501
274.3810	289.2262
274.8929	289.2262
274.8929	286.6667
275.4048	286.6667
275.4048	284.1072
275.9167	284.1072
275.9167	283.5953
276.4286	283.5953
276.4286	283.0834
276.9405	283.0834
276.9405	282.0596
277.4524	282.0596
277.4524	281.5477
277.9643	281.5477
277.9643	281.0358
278.4762	281.0358
278.4762	280.0120
278.9881	280.0120
278.9881	279.5001
279.5001	279.5001
279.5001	278.9881
280.0120	278.9881
280.0120	278.4762
280.5239	278.4762
280.5239	277.9643
281.0358	277.9643
281.0358	276.9405
281.5477	276.9405
281.5477	275.9167
282.0596	275.9167
282.0596	274.8929
282.5715	274.8929
282.5715	272.3334
283.0834	272.3334
283.0834	267.7262
283.5953	267.7262
283.5953	263.6310
283.0834	263.6310
283.0834	261.0715
282.5715	261.0715
282.5715	258.5120
282.0596	258.5120
282.0596	255.9524
281.5477	255.9524
281.5477	254.9286
281.0358	254.9286
281.0358	253.9048
280.5239	253.9048
280.5239	253.3929
280.0120	253.3929
280.0120	252.3691
279.5001	252.3691
279.5001	251.3453
278.9881	251.3453
278.9881	250.3215
278.4762	250.3215
278.4762	249.8096
277.9643	249.8096
277.9643	246.7381
278.4762	246.7381
278.4762	245.7143
278.9881	245.7143
278.9881	243.1548
279.5001	243.1548
279.5001	240.5953
278.9881	240.5953
278.9881	239.0596
279.5001	239.0596
279.5001	238.0358
280.0120	238.0358
280.0120	237.0119
280.5239	237.0119
280.5239	234.4524
281.0358	234.4524
281.0358	231.3810
281.5477	231.3810
281.5477	230.3572
282.0596	230.3572
282.0596	229.8453
282.5715	229.8453
282.5715	228.8215
283.0834	228.8215
283.0834	228.3096
283.5953	228.3096
283.5953	227.7977
284.1072	227.7977
284.1072	227.2858
284.6191	227.2858
284.6191	226.7739
285.1310	226.7739
285.1310	226.2619
286.1548	226.2619
286.1548	225.7500
286.6667	225.7500
286.6667	225.2381
287.6905	225.2381
287.6905	224.7262
288.2024	224.7262
288.2024	224.2143
289.2262	224.2143
289.2262	223.7024
289.7382	223.7024
289.7382	223.1905
290.7620	223.1905
290.7620	222.6786
291.2739	222.6786
291.2739	222.1667
292.8096	222.1667
292.8096	221.6548
293.8334	221.6548
293.8334	221.1429
294.8572	221.1429
294.8572	220.6310
295.3691	220.6310
295.3691	220.1191
295.8810	220.1191
295.8810	219.6072
296.9048	219.6072
296.9048	219.0953
297.9286	219.0953
297.9286	218.5834
298.4405	218.5834
298.4405	218.0715
300.4882	218.0715
300.4882	217.5596
302.5358	217.5596
302.5358	217.0477
305.0953	217.0477
305.0953	216.5358
307.6548	216.5358
307.6548	216.0239
309.7024	216.0239
309.7024	215.5119
312.2620	215.5119
312.2620	215.0000
314.3096	215.0000
314.3096	214.4881
315.3334	214.4881
315.3334	213.9762
316.3572	213.9762
316.3572	213.4643
317.3810	213.4643
317.3810	212.9524
317.8929	212.9524
317.8929	212.4405
318.4048	212.4405
318.4048	211.9286
319.4286	211.9286
319.4286	211.4167
320.4524	211.4167
320.4524	210.9048
320.9643	210.9048
320.9643	210.3929
321.4763	210.3929
321.4763	209.8810
322.5001	209.8810
322.5001	209.3691
323.5239	209.3691
323.5239	208.8572
324.5477	208.8572
324.5477	208.3453
325.0596	208.3453
325.0596	207.8334
325.5715	207.8334
325.5715	207.3215
326.0834	207.3215
326.0834	206.8096
326.5953	206.8096
326.5953	206.2977
327.1072	206.2977
327.1072	205.2738
328.1310	205.2738
328.1310	204.7619
328.6429	204.7619
328.6429	204.2500
329.1548	204.2500
329.1548	203.7381
330.1786	203.7381
330.1786	203.2262
330.6905	203.2262
330.6905	202.7143
331.2024	202.7143
331.2024	202.2024
331.7143	202.2024
331.7143	201.6905
332.2263	201.6905
332.2263	201.1786
332.7382	201.1786
332.7382	200.6667
333.7620	200.6667
333.7620	200.1548
334.2739	200.1548
334.2739	199.6429
334.7858	199.6429
334.7858	199.1310
335.2977	199.1310
335.2977	198.6191
335.8096	198.6191
335.8096	198.1072
336.8334	198.1072
336.8334	197.5953
337.3453	197.5953
337.3453	197.0834
337.8572	197.0834
337.8572	196.5715
338.3691	196.5715
338.3691	196.0596
338.8810	196.0596
338.8810	195.5477
339.9048	195.5477
339.9048	195.0358
340.4167	195.0358
340.4167	194.5238
341.4405	194.5238
341.4405	194.0119
342.4644	194.0119
342.4644	193.5000
344.0001	193.5000
344.0001	192.9881
348.6072	192.9881
348.6072	192.4762
354.7501	192.4762
354.7501	191.9643
357.3096	191.9643
357.3096	191.4524
358.3334	191.4524
358.3334	190.9405
359.3572	190.9405
359.3572	190.4286
359.8691	190.4286
359.8691	189.9167
360.8929	189.9167
360.8929	189.4048
361.4048	189.4048
361.4048	188.8929
361.9167	188.8929
361.9167	188.3810
362.4286	188.3810
362.4286	187.8691
362.9405	187.8691
362.9405	187.3572
363.4525	187.3572
363.4525	186.8453
363.9644	186.8453
363.9644	186.3334
364.4763	186.3334
364.4763	185.3096
364.9882	185.3096
364.9882	184.7977
365.5001	184.7977
365.5001	183.7738
366.0120	183.7738
366.0120	182.7500
366.5239	182.7500
366.5239	180.1905
367.0358	180.1905
367.0358	177.6310
367.5477	177.6310
367.5477	176.6072
368.0596	176.6072
368.0596	175.5834
368.5715	175.5834
368.5715	173.5357
369.0834	173.5357
369.0834	173.0238
369.5953	173.0238
369.5953	172.0000
370.1072	172.0000
370.1072	170.9762
370.6191	170.9762
370.6191	169.4405
371.1310	169.4405
371.1310	167.9048
371.6429	167.9048
371.6429	167.3929
372.1548	167.3929
372.1548	166.8810
372.6667	166.8810
372.6667	165.8572
373.1786	165.8572
373.1786	164.8334
374.2025	164.8334
374.2025	164.3215
374.7144	164.3215
374.7144	163.8096
375.2263	163.8096
375.2263	163.2977
375.7382	163.2977
375.7382	162.7857
376.2501	162.7857
376.2501	162.2738
376.7620	162.2738
376.7620	161.7619
377.7858	161.7619
377.7858	161.2500
378.2977	161.2500
378.2977	160.7381
378.8096	160.7381
378.8096	160.2262
379.3215	160.2262
379.3215	159.7143
380.3453	159.7143
380.3453	159.2024
380.8572	159.2024
380.8572	158.6905
381.3691	158.6905
381.3691	158.1786
381.8810	158.1786
381.8810	157.6667
382.9048	157.6667
382.9048	157.1548
383.9286	157.1548
383.9286	156.6429
384.4405	156.6429
384.4405	156.1310
384.9525	156.1310
384.9525	155.6191
385.9763	155.6191
385.9763	155.1072
387.0001	155.1072
387.0001	154.5953
387.5120	154.5953
387.5120	154.0834
388.0239	154.0834
388.0239	153.5715
388.5358	153.5715
388.5358	153.0596
390.0715	153.0596
390.0715	152.5476
391.0953	152.5476
391.0953	152.0357
392.1191	152.0357
392.1191	151.5238
396.7263	151.5238
396.7263	152.0357
403.3810	152.0357
403.3810	151.5238
405.9406	151.5238
405.9406	151.0119
407.9882	151.0119
407.9882	150.5000
409.5239	150.5000
409.5239	149.9881
411.0596	149.9881
411.0596	149.4762
413.1072	149.4762
413.1072	148.9643
416.6906	148.9643
416.6906	148.4524
419.7620	148.4524
