390.0715	163.2977
391.6072	163.2977
391.6072	163.8096
392.6310	163.8096
392.6310	164.3215
393.6548	164.3215
393.6548	164.8334
394.6786	164.8334
394.6786	165.3453
396.2144	165.3453
396.2144	165.8572
397.2382	165.8572
397.2382	166.3691
398.7739	166.3691
398.7739	166.8810
399.7977	166.8810
399.7977	167.3929
402.3572	167.3929
402.3572	167.9048
405.9406	167.9048
405.9406	167.3929
413.6191	167.3929
413.6191	167.9048
416.1787	167.9048
416.1787	168.4167
419.2501	168.4167
419.2501	168.9286
421.2977	168.9286
421.2977	169.4405
423.8572	169.4405
423.8572	169.9524
425.3929	169.9524
425.3929	170.4643
426.4167	170.4643
426.4167	170.9762
427.4406	170.9762
427.4406	171.4881
427.9525	171.4881
427.9525	172.0000
428.4644	172.0000
428.4644	172.5119
429.4882	172.5119
429.4882	173.0238
430.0001	173.0238
430.0001	173.5357
430.5120	173.5357
430.5120	174.0477
431.0239	174.0477
431.0239	174.5596
432.0477	174.5596
432.0477	175.0715
432.5596	175.0715
432.5596	175.5834
433.0715	175.5834
433.0715	176.0953
433.5834	176.0953
433.5834	176.6072
434.0953	176.6072
434.0953	177.1191
435.1191	177.1191
435.1191	177.6310
435.6310	177.6310
435.6310	178.1429
436.1429	178.1429
436.1429	178.6548
436.6548	178.6548
436.6548	179.6786
437.1667	179.6786
437.1667	180.1905
437.6787	180.1905
437.6787	180.7024
438.1906	180.7024
438.1906	181.7262
438.7025	181.7262
438.7025	182.2381
439.2144	182.2381
439.2144	182.7500
439.7263	182.7500
439.7263	183.7738
440.2382	183.7738
440.2382	184.2857
440.7501	184.2857
440.7501	184.7977
441.2620	184.7977
441.2620	185.3096
441.7739	185.3096
441.7739	185.8215
442.2858	185.8215
442.2858	186.8453
442.7977	186.8453
442.7977	187.3572
443.3096	187.3572
443.3096	188.3810
443.8215	188.3810
443.8215	189.4048
444.3334	189.4048
444.3334	190.4286
444.8453	190.4286
444.8453	191.4524
445.3572	191.4524
445.3572	191.9643
445.8691	191.9643
445.8691	192.4762
446.3810	192.4762
446.3810	195.0358
446.8929	195.0358
446.8929	196.5715
447.4048	196.5715
447.4048	197.5953
447.9168	197.5953
447.9168	200.1548
448.4287	200.1548
448.4287	201.6905
448.9406	201.6905
448.9406	202.7143
449.4525	202.7143
449.4525	203.2262
448.9406	203.2262
448.9406	205.7858
448.4287	205.7858
448.4287	208.3453
447.9168	208.3453
447.9168	209.3691
447.4048	209.3691
447.4048	210.3929
446.8929	210.3929
446.8929	211.9286
446.3810	211.9286
446.3810	213.4643
445.8691	213.4643
445.8691	214.4881
445.3572	214.4881
445.3572	215.5119
444.8453	215.5119
444.8453	216.5358
444.3334	216.5358
444.3334	217.5596
443.8215	217.5596
443.8215	218.0715
443.3096	218.0715
443.3096	218.5834
442.7977	218.5834
442.7977	219.6072
442.2858	219.6072
442.2858	220.6310
441.7739	220.6310
441.7739	221.6548
441.2620	221.6548
441.2620	222.6786
440.7501	222.6786
440.7501	223.7024
440.2382	223.7024
440.2382	224.2143
439.7263	224.2143
439.7263	224.7262
439.2144	224.7262
439.2144	225.2381
438.7025	225.2381
438.7025	225.7500
438.1906	225.7500
438.1906	226.2619
437.1667	226.2619
437.1667	226.7739
436.6548	226.7739
436.6548	227.2858
436.1429	227.2858
436.1429	227.7977
435.1191	227.7977
435.1191	228.3096
434.6072	228.3096
434.6072	228.8215
434.0953	228.8215
434.0953	229.3334
433.5834	229.3334
433.5834	229.8453
431.0239	229.8453
431.0239	229.3334
427.9525	229.3334
427.9525	229.8453
425.3929	229.8453
425.3929	230.3572
423.3453	230.3572
423.3453	230.8691
422.3215	230.8691
422.3215	231.3810
421.2977	231.3810
421.2977	231.8929
420.7858	231.8929
420.7858	232.4048
419.7620	232.4048
419.7620	232.9167
419.2501	232.9167
419.2501	233.4286
418.2263	233.4286
418.2263	233.9405
417.7144	233.9405
417.7144	234.4524
417.2025	234.4524
417.2025	234.9643
416.6906	234.9643
416.6906	235.4762
415.6667	235.4762
415.6667	235.9881
415.1548	235.9881
415.1548	236.5000
414.6429	236.5000
414.6429	237.0119
414.1310	237.0119
414.1310	237.5239
413.6191	237.5239
413.6191	238.0358
412.5953	238.0358
412.5953	238.5477
411.0596	238.5477
411.0596	239.0596
410.0358	239.0596
410.0358	239.5715
409.0120	239.5715
409.0120	240.0834
408.5001	240.0834
408.5001	240.5953
407.4763	240.5953
407.4763	241.1072
406.9644	241.1072
406.9644	241.6191
406.4525	241.6191
406.4525	242.1310
405.9406	242.1310
405.9406	242.6429
405.4286	242.6429
405.4286	243.1548
404.9167	243.1548
404.9167	243.6667
404.4048	243.6667
404.4048	244.1786
403.8929	244.1786
403.8929	244.6905
403.3810	244.6905
403.3810	245.7143
402.8691	245.7143
402.8691	246.7381
402.3572	246.7381
402.3572	247.2500
401.8453	247.2500
401.8453	248.2739
401.3334	248.2739
401.3334	248.7858
400.8215	248.7858
400.8215	249.2977
400.3096	249.2977
400.3096	250.3215
399.7977	250.3215
399.7977	251.3453
399.2858	251.3453
399.2858	253.9048
398.7739	253.9048
398.7739	256.4643
399.2858	256.4643
399.2858	259.0239
399.7977	259.0239
399.7977	260.0477
400.3096	260.0477
400.3096	261.0715
400.8215	261.0715
400.8215	261.5834
401.3334	261.5834
401.3334	262.0953
401.8453	262.0953
401.8453	262.6072
402.3572	262.6072
402.3572	263.1191
402.8691	263.1191
402.8691	263.6310
403.8929	263.6310
403.8929	264.1429
404.9167	264.1429
404.9167	264.6548
406.9644	264.6548
406.9644	265.1667
407.4763	265.1667
407.4763	265.6786
407.9882	265.6786
407.9882	266.1905
408.5001	266.1905
408.5001	267.2143
409.0120	267.2143
409.0120	268.7501
409.5239	268.7501
409.5239	271.8215
410.0358	271.8215
410.0358	274.3810
410.5477	274.3810
410.5477	275.4048
411.0596	275.4048
411.0596	276.4286
411.5715	276.4286
411.5715	278.4762
411.0596	278.4762
411.0596	278.9881
410.5477	278.9881
410.5477	278.4762
409.0120	278.4762
409.0120	277.9643
407.4763	277.9643
407.4763	277.4524
406.9644	277.4524
406.9644	276.9405
406.4525	276.9405
406.4525	276.4286
405.9406	276.4286
405.9406	275.9167
405.4286	275.9167
405.4286	275.4048
404.9167	275.4048
404.9167	274.8929
404.4048	274.8929
404.4048	274.3810
403.8929	274.3810
403.8929	273.8691
402.8691	273.8691
402.8691	273.3572
401.8453	273.3572
401.8453	272.8453
399.2858	272.8453
399.2858	272.3334
395.7025	272.3334
395.7025	272.8453
393.1429	272.8453
393.1429	273.3572
391.0953	273.3572
391.0953	273.8691
390.0715	273.8691
390.0715	274.3810
389.0477	274.3810
389.0477	274.8929
388.5358	274.8929
388.5358	275.4048
388.0239	275.4048
388.0239	275.9167
387.5120	275.9167
387.5120	276.4286
387.0001	276.4286
387.0001	276.9405
386.4882	276.9405
386.4882	277.4524
385.9763	277.4524
385.9763	278.4762
385.4644	278.4762
385.4644	279.5001
384.9525	279.5001
384.9525	281.0358
384.4405	281.0358
384.4405	281.5477
383.9286	281.5477
383.9286	282.0596
383.4167	282.0596
383.4167	282.5715
382.9048	282.5715
382.9048	283.0834
382.3929	283.0834
382.3929	283.5953
381.8810	283.5953
381.8810	284.1072
381.3691	284.1072
381.3691	284.6191
380.8572	284.6191
380.8572	285.6429
380.3453	285.6429
380.3453	286.6667
379.8334	286.6667
379.8334	288.2024
379.3215	288.2024
379.3215	289.2262
378.8096	289.2262
378.8096	291.7858
378.2977	291.7858
378.2977	292.8096
377.7858	292.8096
377.7858	295.3691
377.2739	295.3691
377.2739	295.8810
376.7620	295.8810
376.7620	296.9048
376.2501	296.9048
376.2501	297.9286
375.7382	297.9286
375.7382	299.4643
375.2263	299.4643
375.2263	300.4882
374.7144	300.4882
374.7144	301.5120
374.2025	301.5120
374.2025	302.0239
373.6905	302.0239
373.6905	303.0477
373.1786	303.0477
373.1786	303.5596
372.6667	303.5596
372.6667	304.0715
372.1548	304.0715
372.1548	304.5834
371.6429	304.5834
371.6429	305.0953
370.6191	305.0953
370.6191	305.6072
370.1072	305.6072
370.1072	306.1191
369.0834	306.1191
369.0834	306.6310
368.5715	306.6310
368.5715	307.1429
368.0596	307.1429
368.0596	307.6548
367.0358	307.6548
367.0358	308.1667
366.5239	308.1667
366.5239	308.6786
366.0120	308.6786
366.0120	309.1905
364.9882	309.1905
364.9882	309.7024
364.4763	309.7024
364.4763	310.2143
363.4525	310.2143
363.4525	310.7262
362.4286	310.7262
362.4286	311.2382
361.4048	311.2382
361.4048	311.7501
360.3810	311.7501
360.3810	312.2620
359.8691	312.2620
359.8691	312.7739
359.3572	312.7739
359.3572	313.2858
358.8453	313.2858
358.8453	313.7977
358.3334	313.7977
358.3334	314.3096
357.8215	314.3096
357.8215	314.8215
357.3096	314.8215
357.3096	315.8453
356.7977	315.8453
356.7977	316.8691
356.2858	316.8691
356.2858	318.9167
355.7739	318.9167
355.7739	320.4524
355.2620	320.4524
355.2620	321.4763
354.7501	321.4763
354.7501	323.5239
354.2382	323.5239
354.2382	324.5477
353.7263	324.5477
353.7263	326.0834
353.2144	326.0834
353.2144	328.6429
352.7024	328.6429
352.7024	329.6667
352.1905	329.6667
352.1905	330.6905
351.6786	330.6905
351.6786	331.2024
351.1667	331.2024
351.1667	332.2263
350.6548	332.2263
350.6548	333.2501
350.1429	333.2501
350.1429	334.7858
349.6310	334.7858
349.6310	335.8096
349.1191	335.8096
349.1191	337.8572
348.6072	337.8572
348.6072	338.3691
348.0953	338.3691
348.0953	338.8810
347.5834	338.8810
347.5834	339.3929
347.0715	339.3929
347.0715	340.4167
346.5596	340.4167
346.5596	341.4405
346.0477	341.4405
346.0477	342.4644
345.5358	342.4644
345.5358	343.4882
344.5120	343.4882
344.5120	344.0001
344.0001	344.0001
344.0001	344.5120
343.4882	344.5120
343.4882	345.0239
342.4644	345.0239
342.4644	345.5358
341.9524	345.5358
341.9524	346.0477
341.4405	346.0477
341.4405	346.5596
340.9286	346.5596
340.9286	347.0715
340.4167	347.0715
340.4167	347.5834
339.9048	347.5834
339.9048	348.0953
339.3929	348.0953
339.3929	348.6072
338.8810	348.6072
338.8810	349.1191
338.3691	349.1191
338.3691	349.6310
337.8572	349.6310
337.8572	350.1429
337.3453	350.1429
337.3453	350.6548
336.8334	350.6548
336.8334	351.1667
336.3215	351.1667
336.3215	351.6786
334.2739	351.6786
334.2739	352.1905
333.2501	352.1905
333.2501	352.7024
328.6429	352.7024
328.6429	352.1905
325.5715	352.1905
325.5715	350.6548
326.0834	350.6548
326.0834	348.0953
326.5953	348.0953
326.5953	344.5120
326.0834	344.5120
326.0834	341.9524
325.5715	341.9524
325.5715	340.9286
325.0596	340.9286
325.0596	339.9048
324.5477	339.9048
324.5477	339.3929
324.0358	339.3929
324.0358	338.8810
323.5239	338.8810
323.5239	336.3215
323.0120	336.3215
323.0120	335.2977
322.5001	335.2977
322.5001	334.2739
321.9882	334.2739
321.9882	333.2501
321.4763	333.2501
321.4763	332.7382
320.9643	332.7382
320.9643	332.2263
320.4524	332.2263
320.4524	331.7143
319.9405	331.7143
319.9405	331.2024
319.4286	331.2024
319.4286	330.6905
318.4048	330.6905
318.4048	330.1786
317.3810	330.1786
317.3810	329.6667
314.8215	329.6667
314.8215	329.1548
313.7977	329.1548
313.7977	328.6429
312.7739	328.6429
312.7739	328.1310
311.2382	328.1310
311.2382	327.6191
308.6786	327.6191
308.6786	327.1072
306.1191	327.1072
306.1191	326.5953
302.5358	326.5953
302.5358	327.1072
299.9762	327.1072
299.9762	327.6191
298.9524	327.6191
298.9524	328.1310
297.9286	328.1310
297.9286	328.6429
296.9048	328.6429
296.9048	328.1310
295.8810	328.1310
295.8810	327.6191
294.8572	327.6191
294.8572	327.1072
293.8334	327.1072
293.8334	326.5953
292.8096	326.5953
292.8096	325.5715
292.2977	325.5715
292.2977	325.0596
291.7858	325.0596
291.7858	324.5477
291.2739	324.5477
291.2739	324.0358
290.7620	324.0358
290.7620	322.5001
291.2739	322.5001
291.2739	321.4763
291.7858	321.4763
291.7858	320.4524
292.2977	320.4524
292.2977	317.8929
292.8096	317.8929
292.8096	314.8215
292.2977	314.8215
292.2977	312.2620
291.7858	312.2620
291.7858	311.2382
291.2739	311.2382
291.2739	310.2143
290.7620	310.2143
290.7620	309.7024
290.2501	309.7024
290.2501	309.1905
289.7382	309.1905
289.7382	308.6786
289.2262	308.6786
289.2262	308.1667
288.7143	308.1667
288.7143	307.6548
287.6905	307.6548
287.6905	307.1429
286.6667	307.1429
286.6667	306.6310
285.6429	306.6310
285.6429	306.1191
284.6191	306.1191
284.6191	305.6072
283.0834	305.6072
283.0834	305.0953
280.5239	305.0953
280.5239	304.5834
277.9643	304.5834
277.9643	303.5596
277.4524	303.5596
277.4524	302.5358
277.9643	302.5358
277.9643	301.5120
278.4762	301.5120
278.4762	299.9762
278.9881	299.9762
278.9881	298.4405
279.5001	298.4405
279.5001	297.9286
280.0120	297.9286
280.0120	297.4167
280.5239	297.4167
280.5239	296.3929
281.0358	296.3929
281.0358	295.3691
281.5477	295.3691
281.5477	293.8334
282.0596	293.8334
282.0596	292.8096
282.5715	292.8096
282.5715	291.7858
283.0834	291.7858
283.0834	290.2501
283.5953	290.2501
283.5953	287.6905
284.1072	287.6905
284.1072	282.0596
284.6191	282.0596
284.6191	278.4762
284.1072	278.4762
284.1072	277.4524
284.6191	277.4524
284.6191	274.8929
284.1072	274.8929
284.1072	272.3334
283.5953	272.3334
283.5953	271.3096
283.0834	271.3096
283.0834	270.2858
282.5715	270.2858
282.5715	268.7501
282.0596	268.7501
282.0596	267.2143
281.5477	267.2143
281.5477	266.1905
281.0358	266.1905
281.0358	264.1429
280.5239	264.1429
280.5239	262.6072
280.0120	262.6072
280.0120	261.5834
279.5001	261.5834
279.5001	260.5596
278.9881	260.5596
278.9881	259.5358
278.4762	259.5358
278.4762	257.4881
277.9643	257.4881
277.9643	256.4643
278.4762	256.4643
278.4762	255.4405
278.9881	255.4405
278.9881	254.4167
279.5001	254.4167
279.5001	252.3691
280.0120	252.3691
280.0120	251.3453
280.5239	251.3453
280.5239	250.3215
281.0358	250.3215
281.0358	248.7858
281.5477	248.7858
281.5477	248.2739
282.0596	248.2739
282.0596	247.2500
282.5715	247.2500
282.5715	246.2262
283.0834	246.2262
283.0834	245.2024
283.5953	245.2024
283.5953	244.1786
284.1072	244.1786
284.1072	243.6667
284.6191	243.6667
284.6191	243.1548
285.1310	243.1548
285.1310	242.6429
285.6429	242.6429
285.6429	242.1310
286.1548	242.1310
286.1548	241.1072
286.6667	241.1072
286.6667	240.0834
287.1786	240.0834
287.1786	239.5715
287.6905	239.5715
287.6905	239.0596
288.2024	239.0596
288.2024	238.5477
288.7143	238.5477
288.7143	238.0358
289.2262	238.0358
289.2262	237.5239
289.7382	237.5239
289.7382	237.0119
290.2501	237.0119
290.2501	236.5000
291.2739	236.5000
291.2739	235.9881
291.7858	235.9881
291.7858	235.4762
292.2977	235.4762
292.2977	234.9643
293.3215	234.9643
293.3215	234.4524
294.8572	234.4524
294.8572	233.9405
295.8810	233.9405
295.8810	233.4286
297.9286	233.4286
297.9286	232.9167
298.9524	232.9167
298.9524	232.4048
306.1191	232.4048
306.1191	231.8929
308.6786	231.8929
308.6786	231.3810
310.2143	231.3810
310.2143	230.8691
311.2382	230.8691
311.2382	230.3572
312.2620	230.3572
312.2620	229.8453
312.7739	229.8453
312.7739	229.3334
313.2858	229.3334
313.2858	228.8215
313.7977	228.8215
313.7977	228.3096
314.3096	228.3096
314.3096	227.7977
314.8215	227.7977
314.8215	226.7739
315.3334	226.7739
315.3334	225.7500
315.8453	225.7500
315.8453	223.7024
316.3572	223.7024
316.3572	223.1905
316.8691	223.1905
316.8691	222.1667
317.3810	222.1667
317.3810	221.1429
317.8929	221.1429
317.8929	220.6310
318.4048	220.6310
318.4048	220.1191
318.9167	220.1191
318.9167	219.6072
319.4286	219.6072
319.4286	218.5834
319.9405	218.5834
319.9405	218.0715
320.4524	218.0715
320.4524	217.5596
320.9643	217.5596
320.9643	217.0477
321.4763	217.0477
321.4763	216.5358
321.9882	216.5358
321.9882	216.0239
322.5001	216.0239
322.5001	215.5119
323.0120	215.5119
323.0120	215.0000
323.5239	215.0000
323.5239	214.4881
324.0358	214.4881
324.0358	213.9762
324.5477	213.9762
324.5477	213.4643
325.0596	213.4643
325.0596	212.4405
325.5715	212.4405
325.5715	211.9286
327.1072	211.9286
327.1072	211.4167
328.1310	211.4167
328.1310	210.9048
329.1548	210.9048
329.1548	210.3929
329.6667	210.3929
329.6667	209.8810
331.2024	209.8810
331.2024	209.3691
332.7382	209.3691
332.7382	208.8572
334.7858	208.8572
334.7858	208.3453
336.8334	208.3453
336.8334	207.8334
342.4644	207.8334
342.4644	208.3453
344.5120	208.3453
344.5120	208.8572
347.0715	208.8572
347.0715	209.3691
350.6548	209.3691
350.6548	208.8572
353.2144	208.8572
353.2144	208.3453
354.2382	208.3453
354.2382	207.8334
355.2620	207.8334
355.2620	207.3215
355.7739	207.3215
355.7739	206.8096
356.2858	206.8096
356.2858	206.2977
356.7977	206.2977
356.7977	205.7858
357.3096	205.7858
357.3096	205.2738
358.3334	205.2738
358.3334	204.7619
358.8453	204.7619
358.8453	204.2500
359.3572	204.2500
359.3572	203.7381
359.8691	203.7381
359.8691	203.2262
360.3810	203.2262
360.3810	202.7143
360.8929	202.7143
360.8929	202.2024
361.4048	202.2024
361.4048	201.1786
361.9167	201.1786
361.9167	200.1548
362.4286	200.1548
362.4286	197.5953
362.9405	197.5953
362.9405	194.5238
363.4525	194.5238
363.4525	194.0119
363.9644	194.0119
363.9644	193.5000
364.4763	193.5000
364.4763	192.9881
364.9882	192.9881
364.9882	192.4762
365.5001	192.4762
365.5001	191.9643
366.0120	191.9643
366.0120	190.9405
366.5239	190.9405
366.5239	189.9167
367.0358	189.9167
367.0358	187.3572
367.5477	187.3572
367.5477	184.2857
367.0358	184.2857
367.0358	183.7738
367.5477	183.7738
367.5477	182.2381
368.0596	182.2381
368.0596	179.6786
368.5715	179.6786
368.5715	179.1667
369.0834	179.1667
369.0834	178.6548
369.5953	178.6548
369.5953	178.1429
370.1072	178.1429
370.1072	177.6310
370.6191	177.6310
370.6191	176.6072
371.1310	176.6072
371.1310	176.0953
371.6429	176.0953
371.6429	175.5834
372.1548	175.5834
372.1548	175.0715
372.6667	175.0715
372.6667	174.5596
373.1786	174.5596
373.1786	174.0477
373.6905	174.0477
373.6905	173.0238
374.2025	173.0238
374.2025	172.0000
374.7144	172.0000
374.7144	170.9762
375.2263	170.9762
375.2263	170.4643
375.7382	170.4643
375.7382	169.9524
376.2501	169.9524
376.2501	168.9286
377.2739	168.9286
377.2739	168.4167
377.7858	168.4167
377.7858	167.9048
378.2977	167.9048
378.2977	167.3929
379.3215	167.3929
379.3215	166.8810
379.8334	166.8810
379.8334	166.3691
380.8572	166.3691
380.8572	165.8572
381.3691	165.8572
381.3691	165.3453
382.3929	165.3453
382.3929	164.8334
383.4167	164.8334
383.4167	164.3215
384.4405	164.3215
384.4405	163.8096
385.4644	163.8096
385.4644	163.2977
386.4882	163.2977
386.4882	162.7857
390.0715	162.7857
