358.3334	229.8453
360.3810	229.8453
360.3810	230.3572
361.9167	230.3572
361.9167	230.8691
362.4286	230.8691
362.4286	231.3810
362.9405	231.3810
362.9405	231.8929
363.9644	231.8929
363.9644	232.4048
364.4763	232.4048
364.4763	232.9167
364.9882	232.9167
364.9882	233.4286
365.5001	233.4286
365.5001	233.9405
366.5239	233.9405
366.5239	234.4524
367.5477	234.4524
367.5477	234.9643
369.5953	234.9643
369.5953	235.4762
370.6191	235.4762
370.6191	235.9881
371.6429	235.9881
371.6429	236.5000
372.6667	236.5000
372.6667	237.0119
373.6905	237.0119
373.6905	237.5239
375.7382	237.5239
375.7382	238.0358
378.2977	238.0358
378.2977	238.5477
381.3691	238.5477
381.3691	239.0596
382.3929	239.0596
382.3929	239.5715
383.4167	239.5715
383.4167	240.0834
384.4405	240.0834
384.4405	240.5953
385.4644	240.5953
385.4644	241.1072
385.9763	241.1072
385.9763	241.6191
386.4882	241.6191
386.4882	242.1310
387.0001	242.1310
387.0001	242.6429
387.5120	242.6429
387.5120	243.1548
388.0239	243.1548
388.0239	243.6667
388.5358	243.6667
388.5358	244.1786
389.0477	244.1786
389.0477	244.6905
389.5596	244.6905
389.5596	245.2024
390.0715	245.2024
390.0715	245.7143
390.5834	245.7143
390.5834	246.2262
391.0953	246.2262
391.0953	246.7381
391.6072	246.7381
391.6072	247.7620
392.1191	247.7620
392.1191	249.2977
392.6310	249.2977
392.6310	250.3215
393.1429	250.3215
393.1429	251.8572
393.6548	251.8572
393.6548	252.8810
394.1667	252.8810
394.1667	253.9048
394.6786	253.9048
394.6786	255.9524
395.1906	255.9524
395.1906	259.0239
395.7025	259.0239
395.7025	261.5834
396.2144	261.5834
396.2144	262.6072
396.7263	262.6072
396.7263	263.6310
397.2382	263.6310
397.2382	266.1905
397.7501	266.1905
397.7501	267.2143
398.2620	267.2143
398.2620	268.2381
398.7739	268.2381
398.7739	269.2620
398.2620	269.2620
398.2620	271.3096
397.7501	271.3096
397.7501	272.3334
397.2382	272.3334
397.2382	273.3572
396.7263	273.3572
396.7263	275.9167
396.2144	275.9167
396.2144	280.5239
395.7025	280.5239
395.7025	281.0358
395.1906	281.0358
395.1906	282.0596
394.6786	282.0596
394.6786	283.0834
392.1191	283.0834
392.1191	283.5953
390.0715	283.5953
390.0715	284.1072
389.0477	284.1072
389.0477	284.6191
388.0239	284.6191
388.0239	285.1310
387.5120	285.1310
387.5120	285.6429
387.0001	285.6429
387.0001	286.1548
386.4882	286.1548
386.4882	286.6667
385.9763	286.6667
385.9763	287.1786
385.4644	287.1786
385.4644	287.6905
384.9525	287.6905
384.9525	288.2024
383.9286	288.2024
383.9286	288.7143
382.9048	288.7143
382.9048	289.2262
382.3929	289.2262
382.3929	289.7382
381.8810	289.7382
381.8810	290.2501
380.8572	290.2501
380.8572	290.7620
380.3453	290.7620
380.3453	291.2739
379.8334	291.2739
379.8334	291.7858
379.3215	291.7858
379.3215	292.2977
378.8096	292.2977
378.8096	292.8096
378.2977	292.8096
378.2977	293.3215
377.2739	293.3215
377.2739	292.8096
374.7144	292.8096
374.7144	292.2977
371.6429	292.2977
371.6429	292.8096
369.0834	292.8096
369.0834	293.3215
368.0596	293.3215
368.0596	293.8334
367.0358	293.8334
367.0358	294.3453
366.5239	294.3453
366.5239	294.8572
366.0120	294.8572
366.0120	295.3691
365.5001	295.3691
365.5001	295.8810
364.9882	295.8810
364.9882	296.3929
364.4763	296.3929
364.4763	297.4167
363.9644	297.4167
363.9644	298.4405
361.9167	298.4405
361.9167	298.9524
359.8691	298.9524
359.8691	299.4643
356.7977	299.4643
356.7977	298.9524
354.2382	298.9524
354.2382	298.4405
349.6310	298.4405
349.6310	298.9524
344.0001	298.9524
344.0001	298.4405
340.9286	298.4405
340.9286	298.9524
338.3691	298.9524
338.3691	299.4643
337.3453	299.4643
337.3453	299.9762
335.8096	299.9762
335.8096	299.4643
331.7143	299.4643
331.7143	298.9524
328.6429	298.9524
328.6429	299.4643
327.1072	299.4643
327.1072	298.9524
326.0834	298.9524
326.0834	298.4405
325.0596	298.4405
325.0596	297.9286
323.5239	297.9286
323.5239	297.4167
320.9643	297.4167
320.9643	296.9048
320.4524	296.9048
320.4524	296.3929
319.9405	296.3929
319.9405	295.8810
318.9167	295.8810
318.9167	295.3691
317.8929	295.3691
317.8929	294.8572
316.8691	294.8572
316.8691	294.3453
316.3572	294.3453
316.3572	293.8334
315.8453	293.8334
315.8453	293.3215
314.8215	293.3215
314.8215	292.8096
313.7977	292.8096
313.7977	292.2977
313.2858	292.2977
313.2858	291.7858
312.7739	291.7858
312.7739	291.2739
312.2620	291.2739
312.2620	290.7620
311.7501	290.7620
311.7501	290.2501
311.2382	290.2501
311.2382	289.2262
310.7262	289.2262
310.7262	287.1786
310.2143	287.1786
310.2143	286.1548
309.7024	286.1548
309.7024	285.1310
309.1905	285.1310
309.1905	284.6191
308.6786	284.6191
308.6786	282.0596
308.1667	282.0596
308.1667	281.0358
307.6548	281.0358
307.6548	280.0120
307.1429	280.0120
307.1429	279.5001
306.6310	279.5001
306.6310	273.3572
307.1429	273.3572
307.1429	267.7262
307.6548	267.7262
307.6548	267.2143
308.1667	267.2143
308.1667	266.1905
308.6786	266.1905
308.6786	265.1667
309.1905	265.1667
309.1905	263.1191
309.7024	263.1191
309.7024	261.5834
310.2143	261.5834
310.2143	259.0239
310.7262	259.0239
310.7262	258.0000
311.2382	258.0000
311.2382	257.4881
311.7501	257.4881
311.7501	256.9762
312.2620	256.9762
312.2620	255.9524
312.7739	255.9524
312.7739	254.9286
313.2858	254.9286
313.2858	253.9048
313.7977	253.9048
313.7977	252.8810
314.3096	252.8810
314.3096	251.8572
314.8215	251.8572
314.8215	250.8334
315.3334	250.8334
315.3334	250.3215
315.8453	250.3215
315.8453	249.2977
316.3572	249.2977
316.3572	248.7858
316.8691	248.7858
316.8691	247.7620
317.8929	247.7620
317.8929	247.2500
318.4048	247.2500
318.4048	246.7381
318.9167	246.7381
318.9167	246.2262
319.4286	246.2262
319.4286	245.7143
319.9405	245.7143
319.9405	245.2024
320.4524	245.2024
320.4524	244.6905
321.4763	244.6905
321.4763	244.1786
321.9882	244.1786
321.9882	243.6667
322.5001	243.6667
322.5001	243.1548
323.0120	243.1548
323.0120	242.6429
323.5239	242.6429
323.5239	242.1310
324.0358	242.1310
324.0358	241.6191
324.5477	241.6191
324.5477	240.5953
325.0596	240.5953
325.0596	239.5715
325.5715	239.5715
325.5715	238.5477
326.0834	238.5477
326.0834	238.0358
326.5953	238.0358
326.5953	237.5239
327.1072	237.5239
327.1072	237.0119
327.6191	237.0119
327.6191	236.5000
328.1310	236.5000
328.1310	235.4762
328.6429	235.4762
328.6429	234.4524
329.1548	234.4524
329.1548	233.4286
330.1786	233.4286
330.1786	233.9405
331.2024	233.9405
331.2024	234.4524
333.7620	234.4524
333.7620	234.9643
337.8572	234.9643
337.8572	234.4524
340.4167	234.4524
340.4167	233.9405
342.4644	233.9405
342.4644	233.4286
343.4882	233.4286
343.4882	232.9167
344.5120	232.9167
344.5120	232.4048
345.5358	232.4048
345.5358	231.8929
346.0477	231.8929
346.0477	231.3810
346.5596	231.3810
346.5596	230.8691
347.0715	230.8691
347.0715	230.3572
349.6310	230.3572
349.6310	229.8453
352.1905	229.8453
352.1905	229.3334
358.3334	229.3334
