365.5001	226.2619
368.0596	226.2619
368.0596	226.7739
368.5715	226.7739
368.5715	227.7977
369.0834	227.7977
369.0834	228.8215
369.5953	228.8215
369.5953	229.3334
370.1072	229.3334
370.1072	229.8453
370.6191	229.8453
370.6191	230.3572
371.1310	230.3572
371.1310	230.8691
371.6429	230.8691
371.6429	231.3810
372.1548	231.3810
372.1548	231.8929
373.1786	231.8929
373.1786	232.4048
373.6905	232.4048
373.6905	232.9167
374.7144	232.9167
374.7144	233.4286
375.7382	233.4286
375.7382	233.9405
377.2739	233.9405
377.2739	234.4524
377.7858	234.4524
377.7858	234.9643
378.2977	234.9643
378.2977	235.4762
378.8096	235.4762
378.8096	235.9881
379.8334	235.9881
379.8334	236.5000
380.8572	236.5000
380.8572	237.0119
381.3691	237.0119
381.3691	237.5239
381.8810	237.5239
381.8810	238.0358
382.3929	238.0358
382.3929	238.5477
382.9048	238.5477
382.9048	239.5715
383.4167	239.5715
383.4167	240.0834
383.9286	240.0834
383.9286	241.1072
384.4405	241.1072
384.4405	242.1310
384.9525	242.1310
384.9525	242.6429
385.4644	242.6429
385.4644	243.1548
385.9763	243.1548
385.9763	243.6667
386.4882	243.6667
386.4882	244.1786
387.0001	244.1786
387.0001	244.6905
388.0239	244.6905
388.0239	245.2024
388.5358	245.2024
388.5358	245.7143
389.0477	245.7143
389.0477	246.2262
390.0715	246.2262
390.0715	246.7381
390.5834	246.7381
390.5834	247.2500
391.0953	247.2500
391.0953	247.7620
391.6072	247.7620
391.6072	248.2739
392.1191	248.2739
392.1191	248.7858
392.6310	248.7858
392.6310	249.2977
393.1429	249.2977
393.1429	249.8096
393.6548	249.8096
393.6548	250.3215
394.1667	250.3215
394.1667	250.8334
394.6786	250.8334
394.6786	251.8572
395.1906	251.8572
395.1906	253.9048
395.7025	253.9048
395.7025	255.4405
396.2144	255.4405
396.2144	257.4881
396.7263	257.4881
396.7263	260.0477
397.2382	260.0477
397.2382	264.6548
396.7263	264.6548
396.7263	275.9167
396.2144	275.9167
396.2144	276.9405
395.7025	276.9405
395.7025	278.9881
395.1906	278.9881
395.1906	281.5477
394.6786	281.5477
394.6786	284.1072
394.1667	284.1072
394.1667	286.1548
392.6310	286.1548
392.6310	286.6667
391.6072	286.6667
391.6072	287.1786
390.5834	287.1786
390.5834	287.6905
388.0239	287.6905
388.0239	288.2024
387.0001	288.2024
387.0001	288.7143
385.9763	288.7143
385.9763	289.2262
385.4644	289.2262
385.4644	289.7382
384.9525	289.7382
384.9525	290.2501
384.4405	290.2501
384.4405	290.7620
383.9286	290.7620
383.9286	291.2739
383.4167	291.2739
383.4167	291.7858
382.9048	291.7858
382.9048	292.2977
382.3929	292.2977
382.3929	292.8096
381.8810	292.8096
381.8810	293.3215
381.3691	293.3215
381.3691	293.8334
380.8572	293.8334
380.8572	294.3453
380.3453	294.3453
380.3453	295.3691
379.8334	295.3691
379.8334	296.3929
379.3215	296.3929
379.3215	296.9048
378.8096	296.9048
378.8096	297.9286
378.2977	297.9286
378.2977	298.9524
377.2739	298.9524
377.2739	299.4643
376.7620	299.4643
376.7620	299.9762
376.2501	299.9762
376.2501	300.4882
375.7382	300.4882
375.7382	301.0001
375.2263	301.0001
375.2263	301.5120
374.2025	301.5120
374.2025	302.0239
373.6905	302.0239
373.6905	302.5358
371.6429	302.5358
371.6429	303.0477
370.6191	303.0477
370.6191	303.5596
369.5953	303.5596
369.5953	304.0715
369.0834	304.0715
369.0834	304.5834
368.5715	304.5834
368.5715	305.0953
368.0596	305.0953
368.0596	305.6072
367.0358	305.6072
367.0358	305.0953
366.0120	305.0953
366.0120	304.5834
363.4525	304.5834
363.4525	304.0715
359.3572	304.0715
359.3572	304.5834
356.7977	304.5834
356.7977	305.0953
355.7739	305.0953
355.7739	305.6072
354.7501	305.6072
354.7501	306.1191
353.7263	306.1191
353.7263	305.6072
352.7024	305.6072
352.7024	305.0953
350.1429	305.0953
350.1429	304.5834
346.5596	304.5834
346.5596	305.0953
345.5358	305.0953
345.5358	304.5834
342.9763	304.5834
342.9763	304.0715
337.8572	304.0715
337.8572	304.5834
335.2977	304.5834
335.2977	305.0953
329.6667	305.0953
329.6667	304.5834
328.6429	304.5834
328.6429	304.0715
327.6191	304.0715
327.6191	303.5596
325.5715	303.5596
325.5715	303.0477
323.0120	303.0477
323.0120	302.5358
321.9882	302.5358
321.9882	302.0239
320.9643	302.0239
320.9643	301.5120
319.9405	301.5120
319.9405	301.0001
318.9167	301.0001
318.9167	300.4882
317.8929	300.4882
317.8929	299.9762
316.8691	299.9762
316.8691	299.4643
314.8215	299.4643
314.8215	298.9524
313.7977	298.9524
313.7977	298.4405
312.7739	298.4405
312.7739	297.9286
311.7501	297.9286
311.7501	297.4167
310.2143	297.4167
310.2143	296.9048
309.1905	296.9048
309.1905	296.3929
308.6786	296.3929
308.6786	295.8810
308.1667	295.8810
308.1667	295.3691
307.1429	295.3691
307.1429	294.8572
306.6310	294.8572
306.6310	294.3453
306.1191	294.3453
306.1191	293.8334
305.6072	293.8334
305.6072	293.3215
305.0953	293.3215
305.0953	292.8096
304.5834	292.8096
304.5834	291.7858
304.0715	291.7858
304.0715	290.7620
303.5596	290.7620
303.5596	290.2501
303.0477	290.2501
303.0477	289.2262
302.5358	289.2262
302.5358	288.2024
302.0239	288.2024
302.0239	287.1786
301.5120	287.1786
301.5120	286.1548
301.0001	286.1548
301.0001	285.6429
300.4882	285.6429
300.4882	283.5953
299.9762	283.5953
299.9762	281.0358
299.4643	281.0358
299.4643	279.5001
298.9524	279.5001
298.9524	276.9405
298.4405	276.9405
298.4405	274.3810
298.9524	274.3810
298.9524	272.3334
299.4643	272.3334
299.4643	270.7977
299.9762	270.7977
299.9762	268.2381
300.4882	268.2381
300.4882	265.1667
301.0001	265.1667
301.0001	263.6310
301.5120	263.6310
301.5120	262.0953
302.0239	262.0953
302.0239	259.5358
302.5358	259.5358
302.5358	257.4881
303.0477	257.4881
303.0477	254.9286
303.5596	254.9286
303.5596	252.3691
303.0477	252.3691
303.0477	249.2977
303.5596	249.2977
303.5596	248.7858
304.0715	248.7858
304.0715	247.7620
304.5834	247.7620
304.5834	247.2500
305.0953	247.2500
305.0953	246.7381
305.6072	246.7381
305.6072	246.2262
306.1191	246.2262
306.1191	245.7143
306.6310	245.7143
306.6310	244.6905
307.1429	244.6905
307.1429	243.6667
307.6548	243.6667
307.6548	242.6429
308.1667	242.6429
308.1667	242.1310
308.6786	242.1310
308.6786	241.6191
309.1905	241.6191
309.1905	241.1072
309.7024	241.1072
309.7024	240.5953
310.7262	240.5953
310.7262	240.0834
311.2382	240.0834
311.2382	239.5715
311.7501	239.5715
311.7501	239.0596
312.2620	239.0596
312.2620	238.5477
312.7739	238.5477
312.7739	238.0358
313.2858	238.0358
313.2858	237.5239
313.7977	237.5239
313.7977	237.0119
314.3096	237.0119
314.3096	236.5000
315.3334	236.5000
315.3334	235.9881
316.3572	235.9881
316.3572	235.4762
316.8691	235.4762
316.8691	234.9643
317.3810	234.9643
317.3810	234.4524
318.4048	234.4524
318.4048	233.9405
318.9167	233.9405
318.9167	233.4286
319.9405	233.4286
319.9405	232.9167
320.4524	232.9167
320.4524	232.4048
321.9882	232.4048
321.9882	231.8929
323.0120	231.8929
323.0120	231.3810
324.0358	231.3810
324.0358	230.8691
325.0596	230.8691
325.0596	230.3572
327.1072	230.3572
327.1072	229.8453
328.1310	229.8453
328.1310	229.3334
329.6667	229.3334
329.6667	228.8215
334.7858	228.8215
334.7858	228.3096
336.3215	228.3096
336.3215	228.8215
340.4167	228.8215
340.4167	229.3334
347.0715	229.3334
347.0715	229.8453
349.6310	229.8453
349.6310	229.3334
352.1905	229.3334
352.1905	228.8215
353.7263	228.8215
353.7263	228.3096
355.2620	228.3096
355.2620	227.7977
359.8691	227.7977
359.8691	227.2858
362.4286	227.2858
362.4286	226.7739
363.4525	226.7739
363.4525	226.2619
364.4763	226.2619
364.4763	225.7500
365.5001	225.7500
