360.3810	174.5596
363.9644	174.5596
363.9644	175.0715
364.9882	175.0715
364.9882	175.5834
366.5239	175.5834
366.5239	176.0953
369.0834	176.0953
369.0834	176.6072
369.5953	176.6072
369.5953	177.1191
370.6191	177.1191
370.6191	177.6310
371.6429	177.6310
371.6429	178.1429
374.2025	178.1429
374.2025	178.6548
376.7620	178.6548
376.7620	179.1667
377.2739	179.1667
377.2739	179.6786
377.7858	179.6786
377.7858	180.1905
378.2977	180.1905
378.2977	180.7024
379.3215	180.7024
379.3215	181.2143
380.3453	181.2143
380.3453	181.7262
381.3691	181.7262
381.3691	182.2381
383.4167	182.2381
383.4167	182.7500
383.9286	182.7500
383.9286	183.2619
384.9525	183.2619
384.9525	183.7738
385.9763	183.7738
385.9763	184.2857
387.5120	184.2857
387.5120	184.7977
388.0239	184.7977
388.0239	185.3096
388.5358	185.3096
388.5358	185.8215
389.0477	185.8215
389.0477	186.3334
389.5596	186.3334
389.5596	186.8453
390.0715	186.8453
390.0715	187.3572
391.0953	187.3572
391.0953	187.8691
391.6072	187.8691
391.6072	188.3810
392.1191	188.3810
392.1191	189.4048
392.6310	189.4048
392.6310	189.9167
393.1429	189.9167
393.1429	190.4286
393.6548	190.4286
393.6548	190.9405
394.1667	190.9405
394.1667	191.4524
394.6786	191.4524
394.6786	191.9643
395.1906	191.9643
395.1906	192.4762
395.7025	192.4762
395.7025	193.5000
396.2144	193.5000
396.2144	194.0119
396.7263	194.0119
396.7263	194.5238
397.2382	194.5238
397.2382	195.0358
397.7501	195.0358
397.7501	195.5477
398.2620	195.5477
398.2620	196.0596
398.7739	196.0596
398.7739	196.5715
399.7977	196.5715
399.7977	197.0834
400.3096	197.0834
400.3096	197.5953
401.3334	197.5953
401.3334	198.1072
401.8453	198.1072
401.8453	199.1310
402.3572	199.1310
402.3572	200.1548
402.8691	200.1548
402.8691	201.6905
403.3810	201.6905
403.3810	202.7143
403.8929	202.7143
403.8929	203.7381
404.4048	203.7381
404.4048	204.2500
404.9167	204.2500
404.9167	204.7619
405.4286	204.7619
405.4286	205.7858
405.9406	205.7858
405.9406	206.2977
406.4525	206.2977
406.4525	208.8572
406.9644	208.8572
406.9644	210.3929
407.4763	210.3929
407.4763	211.9286
407.9882	211.9286
407.9882	212.9524
408.5001	212.9524
408.5001	213.9762
409.0120	213.9762
409.0120	215.5119
409.5239	215.5119
409.5239	216.5358
410.0358	216.5358
410.0358	219.0953
410.5477	219.0953
410.5477	220.1191
411.0596	220.1191
411.0596	221.6548
411.5715	221.6548
411.5715	222.6786
412.0834	222.6786
412.0834	224.2143
412.5953	224.2143
412.5953	225.2381
413.1072	225.2381
413.1072	226.2619
413.6191	226.2619
413.6191	227.2858
414.1310	227.2858
414.1310	228.8215
414.6429	228.8215
414.6429	229.8453
415.1548	229.8453
415.1548	230.8691
415.6667	230.8691
415.6667	231.8929
416.1787	231.8929
416.1787	232.9167
416.6906	232.9167
416.6906	233.9405
417.2025	233.9405
417.2025	234.9643
417.7144	234.9643
417.7144	235.4762
418.2263	235.4762
418.2263	235.9881
418.7382	235.9881
418.7382	236.5000
419.2501	236.5000
419.2501	237.5239
419.7620	237.5239
419.7620	239.5715
420.2739	239.5715
420.2739	242.1310
420.7858	242.1310
420.7858	244.6905
421.2977	244.6905
421.2977	245.7143
421.8096	245.7143
421.8096	246.7381
422.3215	246.7381
422.3215	247.7620
422.8334	247.7620
422.8334	248.7858
423.3453	248.7858
423.3453	249.2977
423.8572	249.2977
423.8572	250.8334
423.3453	250.8334
423.3453	253.9048
423.8572	253.9048
423.8572	260.5596
424.3691	260.5596
424.3691	264.1429
423.8572	264.1429
423.8572	267.2143
423.3453	267.2143
423.3453	268.2381
422.8334	268.2381
422.8334	270.7977
422.3215	270.7977
422.3215	274.3810
421.8096	274.3810
421.8096	276.9405
421.2977	276.9405
421.2977	278.9881
420.7858	278.9881
420.7858	280.0120
420.2739	280.0120
420.2739	282.0596
419.7620	282.0596
419.7620	283.5953
419.2501	283.5953
419.2501	285.6429
418.7382	285.6429
418.7382	287.1786
418.2263	287.1786
418.2263	288.2024
417.7144	288.2024
417.7144	289.2262
417.2025	289.2262
417.2025	289.7382
416.6906	289.7382
416.6906	290.7620
416.1787	290.7620
416.1787	291.7858
415.6667	291.7858
415.6667	292.8096
415.1548	292.8096
415.1548	294.8572
414.6429	294.8572
414.6429	295.8810
414.1310	295.8810
414.1310	296.9048
413.6191	296.9048
413.6191	299.4643
413.1072	299.4643
413.1072	299.9762
412.5953	299.9762
412.5953	301.0001
412.0834	301.0001
412.0834	302.0239
411.5715	302.0239
411.5715	302.5358
411.0596	302.5358
411.0596	303.0477
410.5477	303.0477
410.5477	304.0715
410.0358	304.0715
410.0358	305.0953
409.5239	305.0953
409.5239	306.1191
409.0120	306.1191
409.0120	308.6786
408.5001	308.6786
408.5001	309.1905
407.9882	309.1905
407.9882	309.7024
407.4763	309.7024
407.4763	310.2143
406.9644	310.2143
406.9644	310.7262
406.4525	310.7262
406.4525	311.2382
405.9406	311.2382
405.9406	311.7501
404.9167	311.7501
404.9167	312.2620
404.4048	312.2620
404.4048	312.7739
403.8929	312.7739
403.8929	313.2858
403.3810	313.2858
403.3810	313.7977
402.8691	313.7977
402.8691	314.3096
402.3572	314.3096
402.3572	314.8215
401.3334	314.8215
401.3334	315.3334
400.8215	315.3334
400.8215	315.8453
400.3096	315.8453
400.3096	316.3572
399.7977	316.3572
399.7977	316.8691
399.2858	316.8691
399.2858	317.3810
398.7739	317.3810
398.7739	317.8929
398.2620	317.8929
398.2620	318.4048
397.2382	318.4048
397.2382	318.9167
396.2144	318.9167
396.2144	319.4286
395.1906	319.4286
395.1906	319.9405
394.6786	319.9405
394.6786	320.4524
394.1667	320.4524
394.1667	320.9643
393.6548	320.9643
393.6548	321.4763
393.1429	321.4763
393.1429	321.9882
391.6072	321.9882
391.6072	322.5001
390.5834	322.5001
390.5834	323.0120
389.5596	323.0120
389.5596	323.5239
385.9763	323.5239
385.9763	323.0120
385.4644	323.0120
385.4644	322.5001
384.9525	322.5001
384.9525	321.9882
384.4405	321.9882
384.4405	321.4763
383.9286	321.4763
383.9286	320.9643
383.4167	320.9643
383.4167	319.9405
382.9048	319.9405
382.9048	318.9167
383.4167	318.9167
383.4167	317.8929
383.9286	317.8929
383.9286	315.3334
384.4405	315.3334
384.4405	314.3096
384.9525	314.3096
384.9525	313.2858
385.4644	313.2858
385.4644	312.2620
385.9763	312.2620
385.9763	310.7262
387.0001	310.7262
387.0001	310.2143
388.0239	310.2143
388.0239	309.7024
389.0477	309.7024
389.0477	309.1905
389.5596	309.1905
389.5596	308.6786
390.0715	308.6786
390.0715	308.1667
390.5834	308.1667
390.5834	307.6548
391.0953	307.6548
391.0953	307.1429
391.6072	307.1429
391.6072	306.6310
392.1191	306.6310
392.1191	306.1191
392.6310	306.1191
392.6310	305.0953
393.1429	305.0953
393.1429	304.0715
393.6548	304.0715
393.6548	302.5358
394.1667	302.5358
394.1667	302.0239
394.6786	302.0239
394.6786	301.0001
395.1906	301.0001
395.1906	299.9762
395.7025	299.9762
395.7025	298.9524
396.2144	298.9524
396.2144	296.9048
396.7263	296.9048
396.7263	295.8810
397.2382	295.8810
397.2382	293.3215
397.7501	293.3215
397.7501	288.7143
397.2382	288.7143
397.2382	286.1548
397.7501	286.1548
397.7501	285.1310
398.2620	285.1310
398.2620	284.1072
398.7739	284.1072
398.7739	281.5477
399.2858	281.5477
399.2858	276.9405
398.7739	276.9405
398.7739	274.3810
398.2620	274.3810
398.2620	273.3572
397.7501	273.3572
397.7501	272.3334
397.2382	272.3334
397.2382	271.8215
396.7263	271.8215
396.7263	271.3096
396.2144	271.3096
396.2144	270.7977
395.7025	270.7977
395.7025	270.2858
395.1906	270.2858
395.1906	269.7739
394.1667	269.7739
394.1667	269.2620
393.1429	269.2620
393.1429	268.7501
390.5834	268.7501
390.5834	268.2381
388.0239	268.2381
388.0239	268.7501
385.4644	268.7501
385.4644	269.2620
384.4405	269.2620
384.4405	269.7739
383.4167	269.7739
383.4167	270.2858
382.3929	270.2858
382.3929	270.7977
381.8810	270.7977
381.8810	271.3096
381.3691	271.3096
381.3691	271.8215
380.8572	271.8215
380.8572	272.3334
380.3453	272.3334
380.3453	272.8453
379.8334	272.8453
379.8334	273.3572
378.8096	273.3572
378.8096	273.8691
378.2977	273.8691
378.2977	274.3810
377.7858	274.3810
377.7858	274.8929
375.2263	274.8929
375.2263	275.4048
373.1786	275.4048
373.1786	275.9167
372.1548	275.9167
372.1548	276.4286
371.1310	276.4286
371.1310	276.9405
370.6191	276.9405
370.6191	277.4524
370.1072	277.4524
370.1072	277.9643
369.5953	277.9643
369.5953	278.4762
369.0834	278.4762
369.0834	278.9881
368.5715	278.9881
368.5715	279.5001
368.0596	279.5001
368.0596	280.0120
367.5477	280.0120
367.5477	280.5239
367.0358	280.5239
367.0358	281.0358
366.5239	281.0358
366.5239	282.0596
366.0120	282.0596
366.0120	283.0834
365.5001	283.0834
365.5001	285.6429
364.9882	285.6429
364.9882	289.2262
365.5001	289.2262
365.5001	291.7858
366.0120	291.7858
366.0120	292.8096
366.5239	292.8096
366.5239	294.3453
365.5001	294.3453
365.5001	294.8572
364.9882	294.8572
364.9882	295.3691
364.4763	295.3691
364.4763	295.8810
363.4525	295.8810
363.4525	296.3929
362.9405	296.3929
362.9405	296.9048
362.4286	296.9048
362.4286	297.4167
361.9167	297.4167
361.9167	297.9286
361.4048	297.9286
361.4048	298.4405
359.8691	298.4405
359.8691	297.9286
358.3334	297.9286
358.3334	297.4167
357.3096	297.4167
357.3096	296.9048
355.2620	296.9048
355.2620	296.3929
354.7501	296.3929
354.7501	295.3691
354.2382	295.3691
354.2382	294.8572
353.7263	294.8572
353.7263	294.3453
353.2144	294.3453
353.2144	293.8334
352.7024	293.8334
352.7024	293.3215
352.1905	293.3215
352.1905	292.8096
351.1667	292.8096
351.1667	292.2977
350.1429	292.2977
350.1429	291.7858
347.5834	291.7858
347.5834	291.2739
344.5120	291.2739
344.5120	291.7858
341.9524	291.7858
341.9524	292.2977
340.9286	292.2977
340.9286	292.8096
339.9048	292.8096
339.9048	293.3215
338.8810	293.3215
338.8810	293.8334
337.8572	293.8334
337.8572	294.3453
337.3453	294.3453
337.3453	294.8572
336.8334	294.8572
336.8334	295.3691
336.3215	295.3691
336.3215	295.8810
335.8096	295.8810
335.8096	296.3929
333.7620	296.3929
333.7620	295.3691
333.2501	295.3691
333.2501	294.3453
332.7382	294.3453
332.7382	293.8334
332.2263	293.8334
332.2263	293.3215
331.7143	293.3215
331.7143	292.8096
331.2024	292.8096
331.2024	292.2977
330.6905	292.2977
330.6905	291.7858
330.1786	291.7858
330.1786	291.2739
329.1548	291.2739
329.1548	290.7620
328.1310	290.7620
328.1310	290.2501
326.5953	290.2501
326.5953	289.7382
324.0358	289.7382
324.0358	289.2262
323.0120	289.2262
323.0120	288.7143
321.9882	288.7143
321.9882	288.2024
321.4763	288.2024
321.4763	287.6905
320.9643	287.6905
320.9643	287.1786
320.4524	287.1786
320.4524	286.6667
319.9405	286.6667
319.9405	286.1548
318.9167	286.1548
318.9167	285.6429
317.8929	285.6429
317.8929	285.1310
315.3334	285.1310
315.3334	284.6191
312.7739	284.6191
312.7739	285.1310
310.2143	285.1310
310.2143	285.6429
309.1905	285.6429
309.1905	286.1548
308.1667	286.1548
308.1667	286.6667
307.6548	286.6667
307.6548	287.1786
307.1429	287.1786
307.1429	287.6905
306.6310	287.6905
306.6310	288.2024
306.1191	288.2024
306.1191	288.7143
305.6072	288.7143
305.6072	289.7382
305.0953	289.7382
305.0953	290.7620
304.5834	290.7620
304.5834	291.7858
304.0715	291.7858
304.0715	291.2739
303.0477	291.2739
303.0477	290.7620
302.0239	290.7620
302.0239	290.2501
299.4643	290.2501
299.4643	289.7382
295.3691	289.7382
295.3691	290.2501
293.3215	290.2501
293.3215	289.2262
292.8096	289.2262
292.8096	288.7143
292.2977	288.7143
292.2977	288.2024
291.7858	288.2024
291.7858	287.6905
291.2739	287.6905
291.2739	287.1786
290.7620	287.1786
290.7620	286.1548
290.2501	286.1548
290.2501	285.6429
289.7382	285.6429
289.7382	285.1310
289.2262	285.1310
289.2262	284.6191
288.7143	284.6191
288.7143	284.1072
288.2024	284.1072
288.2024	283.5953
287.1786	283.5953
287.1786	283.0834
286.1548	283.0834
286.1548	282.5715
285.1310	282.5715
285.1310	282.0596
284.6191	282.0596
284.6191	281.5477
283.5953	281.5477
283.5953	281.0358
282.5715	281.0358
282.5715	280.5239
281.5477	280.5239
281.5477	280.0120
280.5239	280.0120
280.5239	279.5001
279.5001	279.5001
279.5001	278.9881
277.9643	278.9881
277.9643	278.4762
277.4524	278.4762
277.4524	277.9643
276.4286	277.9643
276.4286	277.4524
275.9167	277.4524
275.9167	276.9405
275.4048	276.9405
275.4048	276.4286
274.8929	276.4286
274.8929	275.9167
274.3810	275.9167
274.3810	275.4048
273.8691	275.4048
273.8691	274.8929
273.3572	274.8929
273.3572	274.3810
272.8453	274.3810
272.8453	273.8691
272.3334	273.8691
272.3334	273.3572
271.8215	273.3572
271.8215	272.8453
271.3096	272.8453
271.3096	272.3334
270.2858	272.3334
270.2858	271.8215
269.7739	271.8215
269.7739	271.3096
269.2620	271.3096
269.2620	270.7977
268.7501	270.7977
268.7501	270.2858
268.2381	270.2858
268.2381	269.7739
267.7262	269.7739
267.7262	269.2620
267.2143	269.2620
267.2143	268.7501
266.7024	268.7501
266.7024	267.7262
266.1905	267.7262
266.1905	266.7024
265.6786	266.7024
265.6786	265.1667
265.1667	265.1667
265.1667	264.1429
264.6548	264.1429
264.6548	263.1191
264.1429	263.1191
264.1429	262.6072
263.6310	262.6072
263.6310	262.0953
263.1191	262.0953
263.1191	261.5834
262.6072	261.5834
262.6072	261.0715
262.0953	261.0715
262.0953	260.5596
261.5834	260.5596
261.5834	259.5358
261.0715	259.5358
261.0715	259.0239
260.5596	259.0239
260.5596	258.5120
260.0477	258.5120
260.0477	258.0000
259.5358	258.0000
259.5358	256.9762
259.0239	256.9762
259.0239	255.9524
258.5120	255.9524
258.5120	254.9286
258.0000	254.9286
258.0000	253.3929
257.4881	253.3929
257.4881	248.2739
256.9762	248.2739
256.9762	245.7143
256.4643	245.7143
256.4643	244.1786
255.9524	244.1786
255.9524	238.5477
256.4643	238.5477
256.4643	236.5000
256.9762	236.5000
256.9762	235.4762
257.4881	235.4762
257.4881	232.9167
258.0000	232.9167
258.0000	229.8453
258.5120	229.8453
258.5120	229.3334
259.0239	229.3334
259.0239	228.8215
259.5358	228.8215
259.5358	228.3096
260.0477	228.3096
260.0477	227.7977
260.5596	227.7977
260.5596	227.2858
261.0715	227.2858
261.0715	226.7739
261.5834	226.7739
261.5834	225.7500
262.0953	225.7500
262.0953	224.7262
262.6072	224.7262
262.6072	223.1905
263.1191	223.1905
263.1191	220.6310
263.6310	220.6310
263.6310	219.6072
264.1429	219.6072
264.1429	218.0715
264.6548	218.0715
264.6548	217.0477
265.1667	217.0477
265.1667	215.0000
265.6786	215.0000
265.6786	213.4643
266.1905	213.4643
266.1905	212.4405
266.7024	212.4405
266.7024	211.4167
267.2143	211.4167
267.2143	208.8572
267.7262	208.8572
267.7262	204.7619
268.2381	204.7619
268.2381	203.7381
268.7501	203.7381
268.7501	203.2262
269.2620	203.2262
269.2620	202.2024
269.7739	202.2024
269.7739	201.6905
270.2858	201.6905
270.2858	200.6667
270.7977	200.6667
270.7977	200.1548
271.3096	200.1548
271.3096	199.1310
271.8215	199.1310
271.8215	198.1072
272.3334	198.1072
272.3334	197.5953
272.8453	197.5953
272.8453	197.0834
273.3572	197.0834
273.3572	196.5715
274.3810	196.5715
274.3810	196.0596
275.4048	196.0596
275.4048	195.5477
276.4286	195.5477
276.4286	195.0358
277.4524	195.0358
277.4524	194.5238
277.9643	194.5238
277.9643	194.0119
279.5001	194.0119
279.5001	193.5000
280.5239	193.5000
280.5239	192.9881
281.5477	192.9881
281.5477	192.4762
282.0596	192.4762
282.0596	191.9643
283.0834	191.9643
283.0834	191.4524
284.1072	191.4524
284.1072	190.9405
285.1310	190.9405
285.1310	190.4286
285.6429	190.4286
285.6429	189.9167
287.1786	189.9167
287.1786	189.4048
288.2024	189.4048
288.2024	188.8929
289.2262	188.8929
289.2262	188.3810
289.7382	188.3810
289.7382	187.8691
290.7620	187.8691
290.7620	187.3572
292.8096	187.3572
292.8096	186.8453
293.8334	186.8453
293.8334	186.3334
294.8572	186.3334
294.8572	185.8215
295.8810	185.8215
295.8810	185.3096
297.4167	185.3096
297.4167	184.7977
298.4405	184.7977
298.4405	184.2857
299.4643	184.2857
299.4643	183.7738
302.0239	183.7738
302.0239	183.2619
303.0477	183.2619
303.0477	182.7500
304.0715	182.7500
304.0715	182.2381
304.5834	182.2381
304.5834	181.7262
305.0953	181.7262
305.0953	181.2143
305.6072	181.2143
305.6072	180.7024
306.1191	180.7024
306.1191	180.1905
306.6310	180.1905
306.6310	179.1667
307.1429	179.1667
307.1429	178.1429
307.6548	178.1429
307.6548	177.6310
310.2143	177.6310
310.2143	177.1191
311.2382	177.1191
311.2382	177.6310
317.3810	177.6310
317.3810	177.1191
319.9405	177.1191
319.9405	176.6072
321.4763	176.6072
321.4763	177.1191
324.0358	177.1191
324.0358	177.6310
327.6191	177.6310
327.6191	177.1191
328.6429	177.1191
328.6429	177.6310
332.7382	177.6310
332.7382	178.1429
338.3691	178.1429
338.3691	177.6310
340.9286	177.6310
340.9286	177.1191
343.4882	177.1191
343.4882	176.6072
346.0477	176.6072
346.0477	176.0953
347.5834	176.0953
347.5834	175.5834
351.1667	175.5834
351.1667	175.0715
354.2382	175.0715
354.2382	174.5596
358.3334	174.5596
358.3334	174.0477
360.3810	174.0477
