356.2858	178.6548
359.3572	178.6548
359.3572	179.1667
360.3810	179.1667
360.3810	179.6786
362.9405	179.6786
362.9405	180.1905
365.5001	180.1905
365.5001	180.7024
370.1072	180.7024
370.1072	181.2143
372.6667	181.2143
372.6667	181.7262
384.9525	181.7262
384.9525	182.2381
389.5596	182.2381
389.5596	181.7262
395.7025	181.7262
395.7025	182.2381
401.3334	182.2381
401.3334	182.7500
402.8691	182.7500
402.8691	183.2619
403.8929	183.2619
403.8929	183.7738
405.4286	183.7738
405.4286	184.2857
407.9882	184.2857
407.9882	184.7977
409.0120	184.7977
409.0120	185.3096
409.5239	185.3096
409.5239	185.8215
410.0358	185.8215
410.0358	186.3334
411.0596	186.3334
411.0596	186.8453
411.5715	186.8453
411.5715	187.3572
412.0834	187.3572
412.0834	188.3810
412.5953	188.3810
412.5953	188.8929
413.1072	188.8929
413.1072	189.4048
413.6191	189.4048
413.6191	189.9167
414.1310	189.9167
414.1310	190.4286
414.6429	190.4286
414.6429	190.9405
415.1548	190.9405
415.1548	191.4524
416.1787	191.4524
416.1787	191.9643
416.6906	191.9643
416.6906	192.4762
417.7144	192.4762
417.7144	193.5000
418.2263	193.5000
418.2263	194.5238
418.7382	194.5238
418.7382	195.0358
419.2501	195.0358
419.2501	195.5477
419.7620	195.5477
419.7620	196.0596
420.2739	196.0596
420.2739	196.5715
420.7858	196.5715
420.7858	197.0834
421.2977	197.0834
421.2977	197.5953
421.8096	197.5953
421.8096	198.1072
422.3215	198.1072
422.3215	199.1310
422.8334	199.1310
422.8334	199.6429
423.3453	199.6429
423.3453	200.1548
423.8572	200.1548
423.8572	200.6667
424.3691	200.6667
424.3691	201.1786
424.8810	201.1786
424.8810	201.6905
425.3929	201.6905
425.3929	202.2024
425.9048	202.2024
425.9048	202.7143
426.4167	202.7143
426.4167	203.2262
427.4406	203.2262
427.4406	204.2500
427.9525	204.2500
427.9525	205.2738
428.4644	205.2738
428.4644	205.7858
428.9763	205.7858
428.9763	206.8096
429.4882	206.8096
429.4882	207.3215
430.0001	207.3215
430.0001	208.3453
430.5120	208.3453
430.5120	208.8572
431.0239	208.8572
431.0239	209.3691
431.5358	209.3691
431.5358	209.8810
432.0477	209.8810
432.0477	210.9048
432.5596	210.9048
432.5596	211.9286
433.0715	211.9286
433.0715	212.4405
433.5834	212.4405
433.5834	212.9524
434.0953	212.9524
434.0953	213.4643
434.6072	213.4643
434.6072	213.9762
435.1191	213.9762
435.1191	215.5119
435.6310	215.5119
435.6310	216.5358
436.1429	216.5358
436.1429	217.5596
436.6548	217.5596
436.6548	220.1191
437.1667	220.1191
437.1667	221.1429
437.6787	221.1429
437.6787	222.1667
438.1906	222.1667
438.1906	223.1905
438.7025	223.1905
438.7025	224.7262
439.2144	224.7262
439.2144	226.2619
439.7263	226.2619
439.7263	227.2858
440.2382	227.2858
440.2382	229.8453
440.7501	229.8453
440.7501	230.8691
441.2620	230.8691
441.2620	231.8929
441.7739	231.8929
441.7739	232.9167
442.2858	232.9167
442.2858	233.9405
441.7739	233.9405
441.7739	236.5000
442.2858	236.5000
442.2858	240.5953
442.7977	240.5953
442.7977	243.1548
443.3096	243.1548
443.3096	245.7143
443.8215	245.7143
443.8215	247.7620
444.3334	247.7620
444.3334	248.7858
444.8453	248.7858
444.8453	249.8096
445.3572	249.8096
445.3572	250.3215
445.8691	250.3215
445.8691	250.8334
446.3810	250.8334
446.3810	253.3929
446.8929	253.3929
446.8929	255.4405
447.4048	255.4405
447.4048	256.4643
447.9168	256.4643
447.9168	257.4881
448.4287	257.4881
448.4287	258.0000
448.9406	258.0000
448.9406	258.5120
449.4525	258.5120
449.4525	259.5358
449.9644	259.5358
449.9644	260.0477
449.4525	260.0477
449.4525	260.5596
448.9406	260.5596
448.9406	261.0715
448.4287	261.0715
448.4287	261.5834
447.9168	261.5834
447.9168	262.0953
447.4048	262.0953
447.4048	263.1191
446.8929	263.1191
446.8929	264.1429
446.3810	264.1429
446.3810	266.7024
445.8691	266.7024
445.8691	274.8929
446.3810	274.8929
446.3810	277.4524
446.8929	277.4524
446.8929	280.0120
447.4048	280.0120
447.4048	282.5715
447.9168	282.5715
447.9168	284.1072
447.4048	284.1072
447.4048	286.6667
446.8929	286.6667
446.8929	288.2024
446.3810	288.2024
446.3810	289.2262
445.8691	289.2262
445.8691	290.2501
445.3572	290.2501
445.3572	290.7620
444.8453	290.7620
444.8453	291.7858
444.3334	291.7858
444.3334	292.8096
443.8215	292.8096
443.8215	294.3453
443.3096	294.3453
443.3096	295.3691
442.7977	295.3691
442.7977	297.4167
442.2858	297.4167
442.2858	298.4405
441.7739	298.4405
441.7739	298.9524
441.2620	298.9524
441.2620	299.9762
440.7501	299.9762
440.7501	300.4882
440.2382	300.4882
440.2382	301.0001
439.7263	301.0001
439.7263	301.5120
439.2144	301.5120
439.2144	302.0239
438.7025	302.0239
438.7025	302.5358
438.1906	302.5358
438.1906	303.0477
437.6787	303.0477
437.6787	304.0715
437.1667	304.0715
437.1667	304.5834
436.6548	304.5834
436.6548	305.6072
436.1429	305.6072
436.1429	306.1191
435.6310	306.1191
435.6310	307.1429
435.1191	307.1429
435.1191	307.6548
434.6072	307.6548
434.6072	308.1667
434.0953	308.1667
434.0953	308.6786
433.5834	308.6786
433.5834	309.1905
433.0715	309.1905
433.0715	309.7024
432.0477	309.7024
432.0477	310.2143
431.5358	310.2143
431.5358	310.7262
431.0239	310.7262
431.0239	311.2382
430.5120	311.2382
430.5120	311.7501
430.0001	311.7501
430.0001	312.2620
429.4882	312.2620
429.4882	313.2858
428.9763	313.2858
428.9763	314.3096
428.4644	314.3096
428.4644	314.8215
427.9525	314.8215
427.9525	315.3334
427.4406	315.3334
427.4406	315.8453
426.9287	315.8453
426.9287	316.3572
426.4167	316.3572
426.4167	317.3810
425.3929	317.3810
425.3929	317.8929
424.8810	317.8929
424.8810	318.4048
424.3691	318.4048
424.3691	318.9167
423.3453	318.9167
423.3453	319.4286
422.3215	319.4286
422.3215	319.9405
421.8096	319.9405
421.8096	320.4524
421.2977	320.4524
421.2977	320.9643
420.7858	320.9643
420.7858	321.4763
420.2739	321.4763
420.2739	321.9882
419.7620	321.9882
419.7620	322.5001
419.2501	322.5001
419.2501	323.0120
418.2263	323.0120
418.2263	323.5239
417.7144	323.5239
417.7144	324.0358
417.2025	324.0358
417.2025	324.5477
416.6906	324.5477
416.6906	325.0596
416.1787	325.0596
416.1787	325.5715
415.6667	325.5715
415.6667	326.5953
415.1548	326.5953
415.1548	327.1072
414.6429	327.1072
414.6429	327.6191
413.6191	327.6191
413.6191	328.1310
413.1072	328.1310
413.1072	328.6429
412.5953	328.6429
412.5953	329.1548
412.0834	329.1548
412.0834	329.6667
411.5715	329.6667
411.5715	330.1786
411.0596	330.1786
411.0596	330.6905
409.5239	330.6905
409.5239	331.2024
408.5001	331.2024
408.5001	331.7143
407.4763	331.7143
407.4763	332.2263
406.9644	332.2263
406.9644	332.7382
406.4525	332.7382
406.4525	333.2501
405.4286	333.2501
405.4286	333.7620
404.4048	333.7620
404.4048	334.2739
403.3810	334.2739
403.3810	334.7858
402.3572	334.7858
402.3572	335.2977
401.3334	335.2977
401.3334	335.8096
400.8215	335.8096
400.8215	336.3215
398.7739	336.3215
398.7739	335.8096
396.2144	335.8096
396.2144	335.2977
390.5834	335.2977
390.5834	334.7858
390.0715	334.7858
390.0715	332.2263
389.5596	332.2263
389.5596	331.2024
389.0477	331.2024
389.0477	330.1786
389.5596	330.1786
389.5596	327.1072
389.0477	327.1072
389.0477	324.5477
388.5358	324.5477
388.5358	323.5239
388.0239	323.5239
388.0239	322.5001
387.5120	322.5001
387.5120	321.9882
387.0001	321.9882
387.0001	321.4763
386.4882	321.4763
386.4882	320.9643
385.9763	320.9643
385.9763	320.4524
385.4644	320.4524
385.4644	319.9405
384.4405	319.9405
384.4405	319.4286
383.4167	319.4286
383.4167	318.9167
380.8572	318.9167
380.8572	318.4048
377.2739	318.4048
377.2739	318.9167
375.7382	318.9167
375.7382	318.4048
375.2263	318.4048
375.2263	317.8929
374.2025	317.8929
374.2025	317.3810
373.1786	317.3810
373.1786	316.8691
370.6191	316.8691
370.6191	316.3572
359.3572	316.3572
359.3572	316.8691
358.3334	316.8691
358.3334	316.3572
355.7739	316.3572
355.7739	315.8453
353.2144	315.8453
353.2144	316.3572
350.6548	316.3572
350.6548	316.8691
349.6310	316.8691
349.6310	317.3810
348.6072	317.3810
348.6072	317.8929
348.0953	317.8929
348.0953	318.4048
347.5834	318.4048
347.5834	318.9167
347.0715	318.9167
347.0715	319.4286
346.5596	319.4286
346.5596	319.9405
346.0477	319.9405
346.0477	320.9643
345.5358	320.9643
345.5358	321.9882
345.0239	321.9882
345.0239	323.0120
344.5120	323.0120
344.5120	322.5001
343.4882	322.5001
343.4882	321.9882
341.9524	321.9882
341.9524	321.4763
340.9286	321.4763
340.9286	320.9643
340.4167	320.9643
340.4167	320.4524
339.9048	320.4524
339.9048	319.9405
339.3929	319.9405
339.3929	319.4286
338.8810	319.4286
338.8810	318.9167
337.8572	318.9167
337.8572	318.4048
337.3453	318.4048
337.3453	317.8929
336.8334	317.8929
336.8334	317.3810
336.3215	317.3810
336.3215	316.8691
335.8096	316.8691
335.8096	316.3572
335.2977	316.3572
335.2977	315.8453
334.7858	315.8453
334.7858	315.3334
334.2739	315.3334
334.2739	314.8215
333.7620	314.8215
333.7620	314.3096
333.2501	314.3096
333.2501	313.7977
332.7382	313.7977
332.7382	313.2858
331.7143	313.2858
331.7143	312.7739
332.2263	312.7739
332.2263	308.1667
331.7143	308.1667
331.7143	305.6072
331.2024	305.6072
331.2024	304.5834
330.6905	304.5834
330.6905	303.5596
330.1786	303.5596
330.1786	303.0477
329.6667	303.0477
329.6667	302.5358
329.1548	302.5358
329.1548	302.0239
328.6429	302.0239
328.6429	301.5120
328.1310	301.5120
328.1310	301.0001
327.6191	301.0001
327.6191	300.4882
327.1072	300.4882
327.1072	299.9762
326.0834	299.9762
326.0834	299.4643
325.0596	299.4643
325.0596	298.9524
323.5239	298.9524
323.5239	298.4405
321.9882	298.4405
321.9882	297.9286
321.4763	297.9286
321.4763	297.4167
320.9643	297.4167
320.9643	296.9048
320.4524	296.9048
320.4524	296.3929
319.9405	296.3929
319.9405	295.8810
318.9167	295.8810
318.9167	295.3691
317.8929	295.3691
317.8929	294.8572
315.3334	294.8572
315.3334	294.3453
310.7262	294.3453
310.7262	294.8572
308.1667	294.8572
308.1667	295.3691
307.1429	295.3691
307.1429	295.8810
306.1191	295.8810
306.1191	296.3929
305.6072	296.3929
305.6072	296.9048
304.5834	296.9048
304.5834	295.8810
304.0715	295.8810
304.0715	294.8572
303.5596	294.8572
303.5596	294.3453
303.0477	294.3453
303.0477	293.8334
302.5358	293.8334
302.5358	293.3215
302.0239	293.3215
302.0239	292.8096
301.5120	292.8096
301.5120	292.2977
301.0001	292.2977
301.0001	291.7858
299.9762	291.7858
299.9762	291.2739
298.9524	291.2739
298.9524	290.7620
298.4405	290.7620
298.4405	290.2501
297.9286	290.2501
297.9286	289.7382
297.4167	289.7382
297.4167	289.2262
296.9048	289.2262
296.9048	288.7143
295.8810	288.7143
295.8810	288.2024
295.3691	288.2024
295.3691	287.6905
294.8572	287.6905
294.8572	287.1786
294.3453	287.1786
294.3453	286.6667
293.3215	286.6667
293.3215	286.1548
292.2977	286.1548
292.2977	285.6429
291.7858	285.6429
291.7858	285.1310
291.2739	285.1310
291.2739	284.6191
290.7620	284.6191
290.7620	284.1072
290.2501	284.1072
290.2501	283.5953
289.7382	283.5953
289.7382	283.0834
289.2262	283.0834
289.2262	282.5715
288.2024	282.5715
288.2024	282.0596
287.1786	282.0596
287.1786	281.5477
286.1548	281.5477
286.1548	281.0358
283.5953	281.0358
283.5953	280.5239
277.9643	280.5239
277.9643	280.0120
276.9405	280.0120
276.9405	279.5001
276.4286	279.5001
276.4286	277.4524
275.9167	277.4524
275.9167	276.4286
275.4048	276.4286
275.4048	275.4048
274.8929	275.4048
274.8929	272.8453
274.3810	272.8453
274.3810	271.8215
273.8691	271.8215
273.8691	270.7977
273.3572	270.7977
273.3572	269.7739
272.8453	269.7739
272.8453	269.2620
272.3334	269.2620
272.3334	268.7501
271.8215	268.7501
271.8215	268.2381
271.3096	268.2381
271.3096	267.7262
270.7977	267.7262
270.7977	267.2143
270.2858	267.2143
270.2858	266.7024
269.2620	266.7024
269.2620	265.6786
268.7501	265.6786
268.7501	265.1667
268.2381	265.1667
268.2381	264.6548
267.7262	264.6548
267.7262	264.1429
267.2143	264.1429
267.2143	263.6310
266.7024	263.6310
266.7024	263.1191
265.6786	263.1191
265.6786	262.6072
264.6548	262.6072
264.6548	262.0953
263.1191	262.0953
263.1191	261.5834
262.6072	261.5834
262.6072	260.5596
262.0953	260.5596
262.0953	260.0477
261.5834	260.0477
261.5834	259.5358
261.0715	259.5358
261.0715	259.0239
260.5596	259.0239
260.5596	258.5120
260.0477	258.5120
260.0477	257.4881
259.5358	257.4881
259.5358	256.4643
259.0239	256.4643
259.0239	255.9524
259.5358	255.9524
259.5358	252.8810
259.0239	252.8810
259.0239	250.3215
258.5120	250.3215
258.5120	249.2977
258.0000	249.2977
258.0000	248.2739
257.4881	248.2739
257.4881	247.7620
256.9762	247.7620
256.9762	247.2500
256.4643	247.2500
256.4643	246.7381
255.9524	246.7381
255.9524	246.2262
255.4405	246.2262
255.4405	245.7143
254.9286	245.7143
254.9286	244.1786
255.9524	244.1786
255.9524	243.6667
256.4643	243.6667
256.4643	243.1548
256.9762	243.1548
256.9762	242.6429
257.4881	242.6429
257.4881	242.1310
258.0000	242.1310
258.0000	241.6191
258.5120	241.6191
258.5120	241.1072
259.0239	241.1072
259.0239	240.0834
259.5358	240.0834
259.5358	239.0596
260.0477	239.0596
260.0477	236.5000
260.5596	236.5000
260.5596	233.9405
261.0715	233.9405
261.0715	227.2858
260.5596	227.2858
260.5596	224.7262
261.0715	224.7262
261.0715	224.2143
261.5834	224.2143
261.5834	223.7024
262.0953	223.7024
262.0953	223.1905
262.6072	223.1905
262.6072	222.6786
263.1191	222.6786
263.1191	221.6548
264.1429	221.6548
264.1429	221.1429
265.1667	221.1429
265.1667	220.6310
265.6786	220.6310
265.6786	220.1191
266.1905	220.1191
266.1905	219.6072
266.7024	219.6072
266.7024	219.0953
267.2143	219.0953
267.2143	218.5834
267.7262	218.5834
267.7262	218.0715
268.2381	218.0715
268.2381	217.5596
268.7501	217.5596
268.7501	216.5358
269.2620	216.5358
269.2620	215.5119
269.7739	215.5119
269.7739	215.0000
270.2858	215.0000
270.2858	214.4881
270.7977	214.4881
270.7977	213.9762
271.8215	213.9762
271.8215	213.4643
272.3334	213.4643
272.3334	212.9524
272.8453	212.9524
272.8453	212.4405
273.3572	212.4405
273.3572	211.9286
273.8691	211.9286
273.8691	211.4167
274.3810	211.4167
274.3810	210.9048
274.8929	210.9048
274.8929	210.3929
275.4048	210.3929
275.4048	209.8810
275.9167	209.8810
275.9167	208.8572
276.4286	208.8572
276.4286	208.3453
276.9405	208.3453
276.9405	207.8334
277.4524	207.8334
277.4524	207.3215
277.9643	207.3215
277.9643	206.8096
278.4762	206.8096
278.4762	206.2977
278.9881	206.2977
278.9881	205.7858
280.0120	205.7858
280.0120	205.2738
280.5239	205.2738
280.5239	204.7619
281.0358	204.7619
281.0358	204.2500
282.0596	204.2500
282.0596	203.7381
282.5715	203.7381
282.5715	203.2262
283.0834	203.2262
283.0834	202.7143
283.5953	202.7143
283.5953	202.2024
284.1072	202.2024
284.1072	201.6905
284.6191	201.6905
284.6191	201.1786
285.1310	201.1786
285.1310	200.6667
285.6429	200.6667
285.6429	200.1548
286.1548	200.1548
286.1548	199.6429
287.1786	199.6429
287.1786	199.1310
288.2024	199.1310
288.2024	198.6191
289.2262	198.6191
289.2262	198.1072
290.2501	198.1072
290.2501	197.5953
291.2739	197.5953
291.2739	197.0834
292.2977	197.0834
292.2977	196.5715
292.8096	196.5715
292.8096	196.0596
293.3215	196.0596
293.3215	195.5477
293.8334	195.5477
293.8334	195.0358
294.3453	195.0358
294.3453	194.5238
294.8572	194.5238
294.8572	194.0119
295.3691	194.0119
295.3691	193.5000
295.8810	193.5000
295.8810	192.9881
296.9048	192.9881
296.9048	192.4762
297.9286	192.4762
297.9286	191.9643
298.9524	191.9643
298.9524	191.4524
299.9762	191.4524
299.9762	190.9405
301.0001	190.9405
301.0001	190.4286
301.5120	190.4286
301.5120	189.9167
302.0239	189.9167
302.0239	189.4048
303.0477	189.4048
303.0477	188.8929
304.0715	188.8929
304.0715	188.3810
305.0953	188.3810
305.0953	187.8691
306.6310	187.8691
306.6310	187.3572
307.6548	187.3572
307.6548	186.8453
308.6786	186.8453
308.6786	186.3334
309.7024	186.3334
309.7024	185.8215
311.7501	185.8215
311.7501	185.3096
312.7739	185.3096
312.7739	184.7977
314.3096	184.7977
314.3096	184.2857
316.8691	184.2857
316.8691	183.7738
317.8929	183.7738
317.8929	183.2619
318.9167	183.2619
318.9167	182.7500
319.9405	182.7500
319.9405	182.2381
320.4524	182.2381
320.4524	181.7262
321.4763	181.7262
321.4763	181.2143
321.9882	181.2143
321.9882	180.7024
325.5715	180.7024
325.5715	180.1905
328.6429	180.1905
328.6429	180.7024
331.2024	180.7024
331.2024	181.2143
336.3215	181.2143
336.3215	180.7024
338.8810	180.7024
338.8810	180.1905
339.9048	180.1905
339.9048	179.6786
340.9286	179.6786
340.9286	179.1667
342.9763	179.1667
342.9763	178.6548
353.2144	178.6548
353.2144	178.1429
356.2858	178.1429
