372.6667	178.1429
373.6905	178.1429
373.6905	178.6548
374.7144	178.6548
374.7144	179.1667
377.2739	179.1667
377.2739	179.6786
381.3691	179.6786
381.3691	179.1667
383.9286	179.1667
383.9286	178.6548
384.9525	178.6548
384.9525	178.1429
388.0239	178.1429
388.0239	178.6548
388.5358	178.6548
388.5358	179.1667
389.5596	179.1667
389.5596	179.6786
390.5834	179.6786
390.5834	180.1905
393.1429	180.1905
393.1429	180.7024
396.7263	180.7024
396.7263	181.2143
399.2858	181.2143
399.2858	182.2381
399.7977	182.2381
399.7977	183.2619
400.3096	183.2619
400.3096	184.2857
400.8215	184.2857
400.8215	184.7977
401.3334	184.7977
401.3334	185.8215
401.8453	185.8215
401.8453	186.8453
402.3572	186.8453
402.3572	188.3810
402.8691	188.3810
402.8691	189.4048
403.3810	189.4048
403.3810	190.4286
403.8929	190.4286
403.8929	190.9405
404.4048	190.9405
404.4048	191.4524
404.9167	191.4524
404.9167	191.9643
405.4286	191.9643
405.4286	192.4762
405.9406	192.4762
405.9406	192.9881
406.9644	192.9881
406.9644	193.5000
407.9882	193.5000
407.9882	194.0119
410.5477	194.0119
410.5477	194.5238
413.1072	194.5238
413.1072	194.0119
414.6429	194.0119
414.6429	194.5238
415.1548	194.5238
415.1548	195.0358
416.1787	195.0358
416.1787	195.5477
416.6906	195.5477
416.6906	196.5715
417.2025	196.5715
417.2025	199.6429
417.7144	199.6429
417.7144	202.2024
418.2263	202.2024
418.2263	203.2262
418.7382	203.2262
418.7382	204.2500
419.2501	204.2500
419.2501	205.2738
419.7620	205.2738
419.7620	206.2977
420.2739	206.2977
420.2739	206.8096
420.7858	206.8096
420.7858	207.3215
421.2977	207.3215
421.2977	207.8334
421.8096	207.8334
421.8096	208.3453
422.3215	208.3453
422.3215	208.8572
423.3453	208.8572
423.3453	209.3691
423.8572	209.3691
423.8572	209.8810
424.3691	209.8810
424.3691	210.3929
424.8810	210.3929
424.8810	210.9048
425.3929	210.9048
425.3929	211.4167
425.9048	211.4167
425.9048	211.9286
426.4167	211.9286
426.4167	212.4405
426.9287	212.4405
426.9287	212.9524
427.4406	212.9524
427.4406	213.4643
427.9525	213.4643
427.9525	216.0239
428.4644	216.0239
428.4644	217.0477
428.9763	217.0477
428.9763	218.0715
429.4882	218.0715
429.4882	219.0953
430.0001	219.0953
430.0001	219.6072
430.5120	219.6072
430.5120	220.6310
430.0001	220.6310
430.0001	225.2381
430.5120	225.2381
430.5120	227.7977
431.0239	227.7977
431.0239	228.8215
431.5358	228.8215
431.5358	229.8453
432.0477	229.8453
432.0477	230.3572
432.5596	230.3572
432.5596	230.8691
433.0715	230.8691
433.0715	231.3810
433.5834	231.3810
433.5834	231.8929
434.0953	231.8929
434.0953	232.4048
434.6072	232.4048
434.6072	232.9167
435.1191	232.9167
435.1191	233.4286
436.1429	233.4286
436.1429	233.9405
437.1667	233.9405
437.1667	235.9881
437.6787	235.9881
437.6787	237.0119
438.1906	237.0119
438.1906	238.0358
438.7025	238.0358
438.7025	238.5477
439.2144	238.5477
439.2144	239.0596
439.7263	239.0596
439.7263	239.5715
440.2382	239.5715
440.2382	240.0834
440.7501	240.0834
440.7501	240.5953
441.7739	240.5953
441.7739	241.1072
442.7977	241.1072
442.7977	241.6191
444.8453	241.6191
444.8453	242.1310
447.4048	242.1310
447.4048	242.6429
448.4287	242.6429
448.4287	243.1548
448.9406	243.1548
448.9406	243.6667
449.4525	243.6667
449.4525	244.1786
449.9644	244.1786
449.9644	244.6905
450.4763	244.6905
450.4763	245.2024
450.9882	245.2024
450.9882	245.7143
451.5001	245.7143
451.5001	246.2262
452.5239	246.2262
452.5239	247.2500
452.0120	247.2500
452.0120	249.8096
452.5239	249.8096
452.5239	252.3691
453.0358	252.3691
453.0358	253.3929
453.5477	253.3929
453.5477	254.4167
454.0596	254.4167
454.0596	254.9286
454.5715	254.9286
454.5715	255.4405
455.0834	255.4405
455.0834	256.4643
455.5953	256.4643
455.5953	257.4881
456.1072	257.4881
456.1072	258.5120
456.6191	258.5120
456.6191	259.0239
457.1310	259.0239
457.1310	260.0477
457.6429	260.0477
457.6429	261.0715
458.1548	261.0715
458.1548	262.0953
458.6668	262.0953
458.6668	262.6072
459.1787	262.6072
459.1787	263.1191
459.6906	263.1191
459.6906	263.6310
460.2025	263.6310
460.2025	266.1905
460.7144	266.1905
460.7144	269.7739
461.2263	269.7739
461.2263	272.3334
461.7382	272.3334
461.7382	273.3572
462.2501	273.3572
462.2501	274.3810
462.7620	274.3810
462.7620	275.4048
463.2739	275.4048
463.2739	276.9405
462.7620	276.9405
462.7620	281.5477
462.2501	281.5477
462.2501	295.3691
461.7382	295.3691
461.7382	297.4167
461.2263	297.4167
461.2263	299.4643
460.7144	299.4643
460.7144	301.0001
460.2025	301.0001
460.2025	303.5596
459.6906	303.5596
459.6906	307.6548
460.2025	307.6548
460.2025	310.2143
460.7144	310.2143
460.7144	311.2382
461.2263	311.2382
461.2263	312.2620
461.7382	312.2620
461.7382	313.2858
461.2263	313.2858
461.2263	313.7977
460.7144	313.7977
460.7144	314.3096
460.2025	314.3096
460.2025	314.8215
459.6906	314.8215
459.6906	315.8453
459.1787	315.8453
459.1787	316.8691
458.6668	316.8691
458.6668	318.9167
458.1548	318.9167
458.1548	320.4524
457.6429	320.4524
457.6429	323.0120
457.1310	323.0120
457.1310	325.5715
456.6191	325.5715
456.6191	327.6191
456.1072	327.6191
456.1072	328.1310
455.0834	328.1310
455.0834	328.6429
454.5715	328.6429
454.5715	329.1548
454.0596	329.1548
454.0596	329.6667
453.5477	329.6667
453.5477	330.1786
453.0358	330.1786
453.0358	330.6905
452.5239	330.6905
452.5239	331.2024
452.0120	331.2024
452.0120	331.7143
451.5001	331.7143
451.5001	332.2263
450.9882	332.2263
450.9882	332.7382
450.4763	332.7382
450.4763	333.7620
449.9644	333.7620
449.9644	334.2739
449.4525	334.2739
449.4525	335.2977
448.9406	335.2977
448.9406	336.3215
448.4287	336.3215
448.4287	337.3453
447.9168	337.3453
447.9168	337.8572
447.4048	337.8572
447.4048	338.3691
446.8929	338.3691
446.8929	338.8810
446.3810	338.8810
446.3810	339.3929
445.8691	339.3929
445.8691	340.4167
445.3572	340.4167
445.3572	341.4405
444.8453	341.4405
444.8453	344.0001
444.3334	344.0001
444.3334	346.5596
443.8215	346.5596
443.8215	351.6786
444.3334	351.6786
444.3334	352.7024
443.8215	352.7024
443.8215	357.3096
443.3096	357.3096
443.3096	360.3810
442.7977	360.3810
442.7977	361.4048
442.2858	361.4048
442.2858	363.9644
441.7739	363.9644
441.7739	366.0120
441.2620	366.0120
441.2620	368.0596
440.7501	368.0596
440.7501	369.5953
440.2382	369.5953
440.2382	371.6429
439.7263	371.6429
439.7263	372.6667
439.2144	372.6667
439.2144	373.6905
438.7025	373.6905
438.7025	374.7144
438.1906	374.7144
438.1906	376.2501
437.6787	376.2501
437.6787	377.2739
437.1667	377.2739
437.1667	378.2977
436.6548	378.2977
436.6548	379.3215
436.1429	379.3215
436.1429	379.8334
435.6310	379.8334
435.6310	380.8572
435.1191	380.8572
435.1191	381.8810
434.6072	381.8810
434.6072	383.9286
433.5834	383.9286
433.5834	384.4405
433.0715	384.4405
433.0715	384.9525
432.5596	384.9525
432.5596	385.4644
432.0477	385.4644
432.0477	385.9763
431.5358	385.9763
431.5358	386.4882
431.0239	386.4882
431.0239	387.0001
430.5120	387.0001
430.5120	387.5120
430.0001	387.5120
430.0001	388.0239
429.4882	388.0239
429.4882	389.0477
428.4644	389.0477
428.4644	389.5596
427.4406	389.5596
427.4406	390.0715
426.9287	390.0715
426.9287	390.5834
425.9048	390.5834
425.9048	391.0953
424.3691	391.0953
424.3691	391.6072
422.3215	391.6072
422.3215	392.1191
420.7858	392.1191
420.7858	392.6310
418.2263	392.6310
418.2263	393.1429
416.6906	393.1429
416.6906	393.6548
415.6667	393.6548
415.6667	394.1667
412.0834	394.1667
412.0834	394.6786
410.5477	394.6786
410.5477	394.1667
406.4525	394.1667
406.4525	394.6786
404.9167	394.6786
404.9167	394.1667
403.8929	394.1667
403.8929	393.6548
401.8453	393.6548
401.8453	393.1429
401.3334	393.1429
401.3334	392.6310
400.8215	392.6310
400.8215	392.1191
400.3096	392.1191
400.3096	391.6072
399.2858	391.6072
399.2858	391.0953
398.2620	391.0953
398.2620	390.5834
397.2382	390.5834
397.2382	390.0715
396.2144	390.0715
396.2144	389.5596
395.1906	389.5596
395.1906	389.0477
392.6310	389.0477
392.6310	388.5358
391.6072	388.5358
391.6072	388.0239
390.5834	388.0239
390.5834	387.5120
388.0239	387.5120
388.0239	387.0001
387.5120	387.0001
387.5120	385.4644
387.0001	385.4644
387.0001	384.4405
386.4882	384.4405
386.4882	383.4167
385.9763	383.4167
385.9763	382.9048
385.4644	382.9048
385.4644	382.3929
384.9525	382.3929
384.9525	381.8810
384.4405	381.8810
384.4405	381.3691
383.9286	381.3691
383.9286	380.8572
382.9048	380.8572
382.9048	380.3453
381.8810	380.3453
381.8810	379.8334
379.3215	379.8334
379.3215	379.3215
376.2501	379.3215
376.2501	378.8096
369.0834	378.8096
369.0834	379.3215
368.0596	379.3215
368.0596	378.8096
367.5477	378.8096
367.5477	378.2977
367.0358	378.2977
367.0358	377.7858
366.5239	377.7858
366.5239	377.2739
366.0120	377.2739
366.0120	376.7620
365.5001	376.7620
365.5001	376.2501
364.4763	376.2501
364.4763	375.2263
363.9644	375.2263
363.9644	374.7144
363.4525	374.7144
363.4525	374.2025
362.9405	374.2025
362.9405	373.6905
362.4286	373.6905
362.4286	373.1786
361.9167	373.1786
361.9167	372.6667
361.4048	372.6667
361.4048	372.1548
360.8929	372.1548
360.8929	371.6429
360.3810	371.6429
360.3810	371.1310
359.3572	371.1310
359.3572	370.6191
358.3334	370.6191
358.3334	370.1072
357.3096	370.1072
357.3096	369.5953
357.8215	369.5953
357.8215	369.0834
358.3334	369.0834
358.3334	368.5715
358.8453	368.5715
358.8453	368.0596
359.3572	368.0596
359.3572	367.5477
359.8691	367.5477
359.8691	367.0358
360.3810	367.0358
360.3810	366.0120
360.8929	366.0120
360.8929	364.9882
361.4048	364.9882
361.4048	362.4286
361.9167	362.4286
361.9167	359.8691
361.4048	359.8691
361.4048	357.3096
360.8929	357.3096
360.8929	356.2858
360.3810	356.2858
360.3810	355.2620
359.8691	355.2620
359.8691	354.7501
359.3572	354.7501
359.3572	354.2382
358.8453	354.2382
358.8453	353.7263
358.3334	353.7263
358.3334	353.2144
357.8215	353.2144
357.8215	352.7024
357.3096	352.7024
357.3096	350.1429
356.7977	350.1429
356.7977	349.1191
356.2858	349.1191
356.2858	348.0953
355.7739	348.0953
355.7739	347.0715
355.2620	347.0715
355.2620	346.5596
354.7501	346.5596
354.7501	346.0477
354.2382	346.0477
354.2382	345.5358
353.7263	345.5358
353.7263	345.0239
353.2144	345.0239
353.2144	344.5120
352.7024	344.5120
352.7024	344.0001
351.6786	344.0001
351.6786	343.4882
350.6548	343.4882
350.6548	342.9763
350.1429	342.9763
350.1429	342.4644
349.6310	342.4644
349.6310	341.9524
349.1191	341.9524
349.1191	341.4405
348.6072	341.4405
348.6072	340.9286
348.0953	340.9286
348.0953	340.4167
347.5834	340.4167
347.5834	339.9048
347.0715	339.9048
347.0715	339.3929
346.0477	339.3929
346.0477	338.8810
345.0239	338.8810
345.0239	338.3691
342.4644	338.3691
342.4644	337.8572
339.9048	337.8572
339.9048	338.3691
337.8572	338.3691
337.8572	337.8572
335.2977	337.8572
335.2977	337.3453
332.7382	337.3453
332.7382	337.8572
330.1786	337.8572
330.1786	338.3691
329.1548	338.3691
329.1548	338.8810
328.1310	338.8810
328.1310	339.3929
327.6191	339.3929
327.6191	339.9048
327.1072	339.9048
327.1072	340.4167
325.5715	340.4167
325.5715	339.9048
322.5001	339.9048
322.5001	339.3929
321.4763	339.3929
321.4763	338.8810
319.9405	338.8810
319.9405	338.3691
319.4286	338.3691
319.4286	337.8572
318.9167	337.8572
318.9167	337.3453
318.4048	337.3453
318.4048	336.8334
317.8929	336.8334
317.8929	336.3215
317.3810	336.3215
317.3810	335.8096
316.8691	335.8096
316.8691	335.2977
316.3572	335.2977
316.3572	334.7858
315.3334	334.7858
315.3334	334.2739
314.3096	334.2739
314.3096	333.7620
311.7501	333.7620
311.7501	333.2501
308.1667	333.2501
308.1667	333.7620
307.6548	333.7620
307.6548	333.2501
306.6310	333.2501
306.6310	332.7382
305.6072	332.7382
305.6072	332.2263
304.0715	332.2263
304.0715	331.7143
303.0477	331.7143
303.0477	331.2024
302.0239	331.2024
302.0239	330.6905
299.4643	330.6905
299.4643	330.1786
296.3929	330.1786
296.3929	329.6667
294.3453	329.6667
294.3453	329.1548
293.8334	329.1548
293.8334	328.6429
293.3215	328.6429
293.3215	328.1310
292.2977	328.1310
292.2977	327.6191
291.2739	327.6191
291.2739	327.1072
290.7620	327.1072
290.7620	326.5953
290.2501	326.5953
290.2501	326.0834
289.7382	326.0834
289.7382	325.5715
289.2262	325.5715
289.2262	325.0596
288.7143	325.0596
288.7143	324.5477
288.2024	324.5477
288.2024	324.0358
287.6905	324.0358
287.6905	323.5239
287.1786	323.5239
287.1786	323.0120
286.6667	323.0120
286.6667	322.5001
286.1548	322.5001
286.1548	321.9882
285.1310	321.9882
285.1310	321.4763
284.1072	321.4763
284.1072	320.9643
283.5953	320.9643
283.5953	320.4524
282.5715	320.4524
282.5715	319.9405
281.5477	319.9405
281.5477	319.4286
280.0120	319.4286
280.0120	318.9167
279.5001	318.9167
279.5001	318.4048
278.9881	318.4048
278.9881	317.8929
277.9643	317.8929
277.9643	317.3810
277.4524	317.3810
277.4524	316.8691
276.9405	316.8691
276.9405	316.3572
276.4286	316.3572
276.4286	315.8453
275.9167	315.8453
275.9167	315.3334
275.4048	315.3334
275.4048	314.8215
274.3810	314.8215
274.3810	314.3096
273.3572	314.3096
273.3572	313.7977
272.3334	313.7977
272.3334	313.2858
271.8215	313.2858
271.8215	312.7739
270.7977	312.7739
270.7977	312.2620
269.7739	312.2620
269.7739	311.7501
268.7501	311.7501
268.7501	311.2382
266.1905	311.2382
266.1905	310.7262
263.6310	310.7262
263.6310	310.2143
262.0953	310.2143
262.0953	309.7024
260.0477	309.7024
260.0477	309.1905
258.5120	309.1905
258.5120	308.6786
257.4881	308.6786
257.4881	308.1667
255.4405	308.1667
255.4405	307.6548
252.8810	307.6548
252.8810	307.1429
251.3453	307.1429
251.3453	306.6310
250.3215	306.6310
250.3215	306.1191
248.2739	306.1191
248.2739	305.6072
246.2262	305.6072
246.2262	305.0953
245.2024	305.0953
245.2024	304.5834
244.1786	304.5834
244.1786	304.0715
243.1548	304.0715
243.1548	303.5596
242.1310	303.5596
242.1310	303.0477
241.1072	303.0477
241.1072	302.5358
240.0834	302.5358
240.0834	302.0239
239.5715	302.0239
239.5715	301.5120
238.5477	301.5120
238.5477	301.0001
237.5239	301.0001
237.5239	300.4882
234.9643	300.4882
234.9643	299.9762
231.3810	299.9762
231.3810	299.4643
228.8215	299.4643
228.8215	298.9524
228.3096	298.9524
228.3096	298.4405
227.7977	298.4405
227.7977	297.9286
226.7739	297.9286
226.7739	297.4167
225.7500	297.4167
225.7500	296.9048
224.7262	296.9048
224.7262	296.3929
224.2143	296.3929
224.2143	295.8810
223.7024	295.8810
223.7024	295.3691
223.1905	295.3691
223.1905	294.8572
222.6786	294.8572
222.6786	294.3453
222.1667	294.3453
222.1667	293.8334
221.1429	293.8334
221.1429	293.3215
220.1191	293.3215
220.1191	292.2977
219.6072	292.2977
219.6072	291.7858
219.0953	291.7858
219.0953	291.2739
218.5834	291.2739
218.5834	290.7620
218.0715	290.7620
218.0715	290.2501
217.5596	290.2501
217.5596	289.7382
217.0477	289.7382
217.0477	289.2262
216.5358	289.2262
216.5358	288.7143
216.0239	288.7143
216.0239	288.2024
215.5119	288.2024
215.5119	287.6905
215.0000	287.6905
215.0000	286.6667
214.4881	286.6667
214.4881	285.6429
213.9762	285.6429
213.9762	285.1310
213.4643	285.1310
213.4643	284.6191
212.9524	284.6191
212.9524	283.5953
212.4405	283.5953
212.4405	281.0358
211.9286	281.0358
211.9286	278.9881
211.4167	278.9881
211.4167	277.9643
210.9048	277.9643
210.9048	276.9405
210.3929	276.9405
210.3929	275.9167
209.8810	275.9167
209.8810	275.4048
209.3691	275.4048
209.3691	274.8929
208.8572	274.8929
208.8572	273.8691
208.3453	273.8691
208.3453	272.3334
207.8334	272.3334
207.8334	270.7977
208.3453	270.7977
208.3453	270.2858
208.8572	270.2858
208.8572	269.7739
209.3691	269.7739
209.3691	269.2620
209.8810	269.2620
209.8810	268.7501
210.3929	268.7501
210.3929	268.2381
210.9048	268.2381
210.9048	267.2143
211.4167	267.2143
211.4167	266.1905
211.9286	266.1905
211.9286	264.6548
212.4405	264.6548
212.4405	262.0953
213.4643	262.0953
213.4643	261.5834
213.9762	261.5834
213.9762	261.0715
214.4881	261.0715
214.4881	260.5596
215.0000	260.5596
215.0000	260.0477
215.5119	260.0477
215.5119	259.5358
216.0239	259.5358
216.0239	259.0239
216.5358	259.0239
216.5358	258.0000
217.0477	258.0000
217.0477	256.9762
217.5596	256.9762
217.5596	254.4167
218.0715	254.4167
218.0715	251.3453
217.5596	251.3453
217.5596	248.7858
217.0477	248.7858
217.0477	247.7620
216.5358	247.7620
216.5358	246.7381
217.0477	246.7381
217.0477	246.2262
217.5596	246.2262
217.5596	245.7143
218.0715	245.7143
218.0715	245.2024
218.5834	245.2024
218.5834	244.6905
219.0953	244.6905
219.0953	244.1786
219.6072	244.1786
219.6072	243.1548
220.1191	243.1548
220.1191	242.1310
220.6310	242.1310
220.6310	239.5715
221.1429	239.5715
221.1429	235.4762
221.6548	235.4762
221.6548	234.9643
222.1667	234.9643
222.1667	234.4524
223.1905	234.4524
223.1905	233.9405
223.7024	233.9405
223.7024	233.4286
224.2143	233.4286
224.2143	232.9167
225.2381	232.9167
225.2381	232.4048
225.7500	232.4048
225.7500	231.8929
226.2619	231.8929
226.2619	231.3810
227.2858	231.3810
227.2858	230.8691
228.3096	230.8691
228.3096	230.3572
228.8215	230.3572
228.8215	229.8453
229.8453	229.8453
229.8453	229.3334
230.3572	229.3334
230.3572	228.8215
230.8691	228.8215
230.8691	228.3096
231.8929	228.3096
231.8929	227.7977
232.4048	227.7977
232.4048	227.2858
233.9405	227.2858
233.9405	226.7739
235.4762	226.7739
235.4762	226.2619
237.0119	226.2619
237.0119	225.7500
238.0358	225.7500
238.0358	225.2381
239.5715	225.2381
239.5715	224.7262
240.5953	224.7262
240.5953	224.2143
241.6191	224.2143
241.6191	223.7024
242.6429	223.7024
242.6429	223.1905
243.6667	223.1905
243.6667	222.6786
244.1786	222.6786
244.1786	222.1667
244.6905	222.1667
244.6905	221.6548
245.2024	221.6548
245.2024	221.1429
246.2262	221.1429
246.2262	220.6310
247.2500	220.6310
247.2500	220.1191
248.2739	220.1191
248.2739	219.6072
249.2977	219.6072
249.2977	219.0953
250.3215	219.0953
250.3215	218.5834
251.3453	218.5834
251.3453	218.0715
253.9048	218.0715
253.9048	217.5596
254.9286	217.5596
254.9286	217.0477
256.4643	217.0477
256.4643	216.5358
257.4881	216.5358
257.4881	216.0239
259.0239	216.0239
259.0239	215.5119
260.5596	215.5119
260.5596	215.0000
261.5834	215.0000
261.5834	214.4881
263.1191	214.4881
263.1191	213.9762
264.1429	213.9762
264.1429	213.4643
265.1667	213.4643
265.1667	212.9524
268.7501	212.9524
268.7501	212.4405
271.3096	212.4405
271.3096	211.9286
272.8453	211.9286
272.8453	211.4167
274.3810	211.4167
274.3810	210.9048
275.4048	210.9048
275.4048	210.3929
276.4286	210.3929
276.4286	209.8810
277.9643	209.8810
277.9643	209.3691
278.9881	209.3691
278.9881	208.8572
280.0120	208.8572
280.0120	208.3453
280.5239	208.3453
280.5239	207.8334
281.0358	207.8334
281.0358	207.3215
282.0596	207.3215
282.0596	206.8096
283.0834	206.8096
283.0834	206.2977
284.1072	206.2977
284.1072	205.7858
285.1310	205.7858
285.1310	205.2738
286.1548	205.2738
286.1548	204.7619
287.1786	204.7619
287.1786	204.2500
288.7143	204.2500
288.7143	204.7619
291.7858	204.7619
291.7858	204.2500
294.3453	204.2500
294.3453	203.7381
296.9048	203.7381
296.9048	203.2262
297.9286	203.2262
297.9286	202.7143
298.9524	202.7143
298.9524	202.2024
299.4643	202.2024
299.4643	201.6905
299.9762	201.6905
299.9762	201.1786
303.0477	201.1786
303.0477	200.6667
305.6072	200.6667
305.6072	200.1548
307.1429	200.1548
307.1429	199.6429
308.1667	199.6429
308.1667	199.1310
309.1905	199.1310
309.1905	198.6191
310.2143	198.6191
310.2143	198.1072
310.7262	198.1072
310.7262	197.5953
313.2858	197.5953
313.2858	197.0834
314.8215	197.0834
314.8215	196.5715
315.8453	196.5715
315.8453	196.0596
321.9882	196.0596
321.9882	195.5477
324.5477	195.5477
324.5477	195.0358
325.5715	195.0358
325.5715	194.5238
326.5953	194.5238
326.5953	194.0119
327.6191	194.0119
327.6191	193.5000
328.1310	193.5000
328.1310	192.9881
329.1548	192.9881
329.1548	193.5000
331.7143	193.5000
331.7143	194.0119
334.2739	194.0119
334.2739	194.5238
336.8334	194.5238
336.8334	195.0358
341.9524	195.0358
341.9524	194.5238
347.5834	194.5238
347.5834	195.0358
351.1667	195.0358
351.1667	194.5238
353.7263	194.5238
353.7263	194.0119
354.7501	194.0119
354.7501	193.5000
355.7739	193.5000
355.7739	192.9881
356.2858	192.9881
356.2858	192.4762
356.7977	192.4762
356.7977	191.9643
357.8215	191.9643
357.8215	191.4524
358.3334	191.4524
358.3334	190.9405
358.8453	190.9405
358.8453	190.4286
359.3572	190.4286
359.3572	189.9167
359.8691	189.9167
359.8691	189.4048
360.3810	189.4048
360.3810	188.3810
360.8929	188.3810
360.8929	187.8691
362.4286	187.8691
362.4286	187.3572
363.4525	187.3572
363.4525	186.8453
364.4763	186.8453
364.4763	186.3334
364.9882	186.3334
364.9882	185.8215
365.5001	185.8215
365.5001	185.3096
366.0120	185.3096
366.0120	184.7977
366.5239	184.7977
366.5239	184.2857
367.0358	184.2857
367.0358	183.2619
367.5477	183.2619
367.5477	182.7500
368.0596	182.7500
368.0596	182.2381
368.5715	182.2381
368.5715	181.7262
369.0834	181.7262
369.0834	181.2143
369.5953	181.2143
369.5953	180.7024
370.1072	180.7024
370.1072	180.1905
370.6191	180.1905
370.6191	179.6786
371.1310	179.6786
371.1310	178.6548
371.6429	178.6548
371.6429	177.6310
372.6667	177.6310
