352.7024	195.0358
354.2382	195.0358
354.2382	195.5477
355.2620	195.5477
355.2620	196.0596
356.2858	196.0596
356.2858	196.5715
357.8215	196.5715
357.8215	197.0834
360.3810	197.0834
360.3810	197.5953
364.4763	197.5953
364.4763	197.0834
366.0120	197.0834
366.0120	197.5953
366.5239	197.5953
366.5239	198.1072
367.5477	198.1072
367.5477	198.6191
368.5715	198.6191
368.5715	199.1310
369.5953	199.1310
369.5953	199.6429
370.6191	199.6429
370.6191	200.1548
372.1548	200.1548
372.1548	200.6667
373.1786	200.6667
373.1786	201.1786
373.6905	201.1786
373.6905	201.6905
374.2025	201.6905
374.2025	202.2024
375.2263	202.2024
375.2263	202.7143
376.2501	202.7143
376.2501	203.2262
376.7620	203.2262
376.7620	203.7381
377.7858	203.7381
377.7858	204.2500
378.2977	204.2500
378.2977	204.7619
378.8096	204.7619
378.8096	205.2738
379.3215	205.2738
379.3215	205.7858
380.3453	205.7858
380.3453	206.2977
381.3691	206.2977
381.3691	206.8096
382.3929	206.8096
382.3929	207.3215
382.9048	207.3215
382.9048	207.8334
383.4167	207.8334
383.4167	208.3453
384.4405	208.3453
384.4405	208.8572
384.9525	208.8572
384.9525	209.3691
385.4644	209.3691
385.4644	209.8810
385.9763	209.8810
385.9763	210.3929
387.0001	210.3929
387.0001	210.9048
388.0239	210.9048
388.0239	211.4167
390.5834	211.4167
390.5834	211.9286
393.6548	211.9286
393.6548	211.4167
396.2144	211.4167
396.2144	210.9048
397.2382	210.9048
397.2382	210.3929
398.2620	210.3929
398.2620	210.9048
398.7739	210.9048
398.7739	211.4167
399.2858	211.4167
399.2858	211.9286
399.7977	211.9286
399.7977	212.4405
400.3096	212.4405
400.3096	213.4643
399.7977	213.4643
399.7977	215.0000
399.2858	215.0000
399.2858	216.0239
398.7739	216.0239
398.7739	217.0477
398.2620	217.0477
398.2620	219.6072
397.7501	219.6072
397.7501	222.6786
398.2620	222.6786
398.2620	225.2381
398.7739	225.2381
398.7739	226.2619
399.2858	226.2619
399.2858	227.2858
399.7977	227.2858
399.7977	228.8215
400.3096	228.8215
400.3096	230.3572
400.8215	230.3572
400.8215	231.3810
401.3334	231.3810
401.3334	232.4048
401.8453	232.4048
401.8453	232.9167
402.3572	232.9167
402.3572	235.4762
402.8691	235.4762
402.8691	238.0358
403.3810	238.0358
403.3810	239.0596
403.8929	239.0596
403.8929	240.0834
404.4048	240.0834
404.4048	241.1072
404.9167	241.1072
404.9167	242.1310
405.4286	242.1310
405.4286	242.6429
405.9406	242.6429
405.9406	243.1548
406.4525	243.1548
406.4525	243.6667
406.9644	243.6667
406.9644	244.1786
407.4763	244.1786
407.4763	244.6905
407.9882	244.6905
407.9882	245.2024
409.0120	245.2024
409.0120	245.7143
409.5239	245.7143
409.5239	248.2739
410.0358	248.2739
410.0358	249.8096
410.5477	249.8096
410.5477	252.3691
411.0596	252.3691
411.0596	254.9286
411.5715	254.9286
411.5715	261.5834
411.0596	261.5834
411.0596	269.2620
410.5477	269.2620
410.5477	274.8929
410.0358	274.8929
410.0358	279.5001
409.5239	279.5001
409.5239	288.2024
409.0120	288.2024
409.0120	289.7382
408.5001	289.7382
408.5001	290.7620
407.9882	290.7620
407.9882	293.3215
407.4763	293.3215
407.4763	295.8810
406.9644	295.8810
406.9644	296.9048
406.4525	296.9048
406.4525	298.9524
405.9406	298.9524
405.9406	299.9762
405.4286	299.9762
405.4286	301.0001
404.9167	301.0001
404.9167	302.0239
404.4048	302.0239
404.4048	302.5358
403.8929	302.5358
403.8929	303.5596
403.3810	303.5596
403.3810	304.5834
402.8691	304.5834
402.8691	305.6072
402.3572	305.6072
402.3572	306.1191
401.8453	306.1191
401.8453	306.6310
401.3334	306.6310
401.3334	307.6548
400.8215	307.6548
400.8215	308.6786
400.3096	308.6786
400.3096	310.2143
399.7977	310.2143
399.7977	310.7262
399.2858	310.7262
399.2858	311.2382
398.7739	311.2382
398.7739	311.7501
398.2620	311.7501
398.2620	312.2620
397.7501	312.2620
397.7501	312.7739
397.2382	312.7739
397.2382	313.2858
396.7263	313.2858
396.7263	313.7977
396.2144	313.7977
396.2144	314.3096
395.7025	314.3096
395.7025	315.3334
394.6786	315.3334
394.6786	315.8453
394.1667	315.8453
394.1667	316.3572
393.6548	316.3572
393.6548	316.8691
393.1429	316.8691
393.1429	317.3810
392.6310	317.3810
392.6310	317.8929
391.6072	317.8929
391.6072	318.4048
391.0953	318.4048
391.0953	318.9167
390.5834	318.9167
390.5834	319.4286
390.0715	319.4286
390.0715	319.9405
389.5596	319.9405
389.5596	320.4524
389.0477	320.4524
389.0477	321.4763
387.0001	321.4763
387.0001	321.9882
385.4644	321.9882
385.4644	322.5001
381.8810	322.5001
381.8810	321.9882
381.3691	321.9882
381.3691	321.4763
380.8572	321.4763
380.8572	320.9643
380.3453	320.9643
380.3453	319.9405
379.8334	319.9405
379.8334	318.9167
379.3215	318.9167
379.3215	315.3334
379.8334	315.3334
379.8334	314.3096
380.3453	314.3096
380.3453	313.2858
380.8572	313.2858
380.8572	312.2620
381.3691	312.2620
381.3691	310.7262
381.8810	310.7262
381.8810	308.1667
382.3929	308.1667
382.3929	305.6072
382.9048	305.6072
382.9048	302.5358
382.3929	302.5358
382.3929	299.9762
381.8810	299.9762
381.8810	298.9524
381.3691	298.9524
381.3691	297.9286
380.8572	297.9286
380.8572	297.4167
380.3453	297.4167
380.3453	296.9048
379.8334	296.9048
379.8334	296.3929
379.3215	296.3929
379.3215	295.8810
378.8096	295.8810
378.8096	295.3691
377.7858	295.3691
377.7858	294.8572
376.7620	294.8572
376.7620	294.3453
374.7144	294.3453
374.7144	293.8334
372.1548	293.8334
372.1548	293.3215
369.0834	293.3215
369.0834	293.8334
366.5239	293.8334
366.5239	294.3453
365.5001	294.3453
365.5001	294.8572
364.4763	294.8572
364.4763	295.3691
363.9644	295.3691
363.9644	295.8810
363.4525	295.8810
363.4525	296.3929
362.9405	296.3929
362.9405	296.9048
362.4286	296.9048
362.4286	297.4167
361.9167	297.4167
361.9167	297.9286
361.4048	297.9286
361.4048	298.9524
360.8929	298.9524
360.8929	299.9762
360.3810	299.9762
360.3810	302.0239
358.8453	302.0239
358.8453	301.5120
357.8215	301.5120
357.8215	301.0001
356.7977	301.0001
356.7977	300.4882
354.2382	300.4882
354.2382	299.9762
351.1667	299.9762
351.1667	300.4882
348.6072	300.4882
348.6072	301.0001
347.5834	301.0001
347.5834	301.5120
346.5596	301.5120
346.5596	302.0239
346.0477	302.0239
346.0477	302.5358
345.5358	302.5358
345.5358	303.0477
345.0239	303.0477
345.0239	303.5596
344.5120	303.5596
344.5120	304.0715
344.0001	304.0715
344.0001	305.0953
343.4882	305.0953
343.4882	306.1191
342.9763	306.1191
342.9763	306.6310
341.9524	306.6310
341.9524	307.1429
341.4405	307.1429
341.4405	307.6548
340.9286	307.6548
340.9286	307.1429
340.4167	307.1429
340.4167	306.6310
339.9048	306.6310
339.9048	304.0715
339.3929	304.0715
339.3929	303.0477
338.8810	303.0477
338.8810	302.0239
338.3691	302.0239
338.3691	301.5120
337.8572	301.5120
337.8572	301.0001
337.3453	301.0001
337.3453	300.4882
336.8334	300.4882
336.8334	299.9762
336.3215	299.9762
336.3215	299.4643
335.8096	299.4643
335.8096	298.9524
334.7858	298.9524
334.7858	298.4405
333.7620	298.4405
333.7620	297.9286
331.2024	297.9286
331.2024	297.4167
328.6429	297.4167
328.6429	297.9286
326.0834	297.9286
326.0834	298.4405
325.0596	298.4405
325.0596	298.9524
324.0358	298.9524
324.0358	299.4643
323.5239	299.4643
323.5239	299.9762
322.5001	299.9762
322.5001	299.4643
318.9167	299.4643
318.9167	299.9762
316.3572	299.9762
316.3572	300.4882
315.3334	300.4882
315.3334	301.0001
314.3096	301.0001
314.3096	301.5120
313.7977	301.5120
313.7977	302.0239
313.2858	302.0239
313.2858	302.5358
312.7739	302.5358
312.7739	303.0477
312.2620	303.0477
312.2620	303.5596
311.2382	303.5596
311.2382	303.0477
309.7024	303.0477
309.7024	302.0239
309.1905	302.0239
309.1905	301.0001
308.6786	301.0001
308.6786	299.9762
308.1667	299.9762
308.1667	299.4643
307.6548	299.4643
307.6548	298.9524
307.1429	298.9524
307.1429	298.4405
306.6310	298.4405
306.6310	297.9286
306.1191	297.9286
306.1191	297.4167
305.0953	297.4167
305.0953	296.9048
304.0715	296.9048
304.0715	296.3929
301.5120	296.3929
301.5120	295.8810
298.9524	295.8810
298.9524	296.3929
296.3929	296.3929
296.3929	296.9048
295.8810	296.9048
295.8810	296.3929
295.3691	296.3929
295.3691	295.3691
294.8572	295.3691
294.8572	294.8572
294.3453	294.8572
294.3453	294.3453
293.8334	294.3453
293.8334	291.7858
293.3215	291.7858
293.3215	290.2501
292.8096	290.2501
292.8096	289.2262
292.2977	289.2262
292.2977	288.2024
291.7858	288.2024
291.7858	287.6905
291.2739	287.6905
291.2739	287.1786
290.7620	287.1786
290.7620	286.6667
290.2501	286.6667
290.2501	286.1548
289.7382	286.1548
289.7382	285.6429
289.2262	285.6429
289.2262	285.1310
288.7143	285.1310
288.7143	284.1072
289.2262	284.1072
289.2262	277.4524
288.7143	277.4524
288.7143	274.8929
288.2024	274.8929
288.2024	273.8691
287.6905	273.8691
287.6905	272.3334
287.1786	272.3334
287.1786	271.3096
286.6667	271.3096
286.6667	270.2858
286.1548	270.2858
286.1548	269.7739
285.6429	269.7739
285.6429	269.2620
285.1310	269.2620
285.1310	268.7501
284.6191	268.7501
284.6191	268.2381
284.1072	268.2381
284.1072	266.7024
283.5953	266.7024
283.5953	265.6786
283.0834	265.6786
283.0834	264.6548
282.5715	264.6548
282.5715	264.1429
282.0596	264.1429
282.0596	262.6072
282.5715	262.6072
282.5715	261.5834
283.0834	261.5834
283.0834	259.0239
283.5953	259.0239
283.5953	258.0000
284.1072	258.0000
284.1072	256.4643
284.6191	256.4643
284.6191	254.4167
285.1310	254.4167
285.1310	251.8572
285.6429	251.8572
285.6429	251.3453
286.6667	251.3453
286.6667	250.8334
287.1786	250.8334
287.1786	250.3215
287.6905	250.3215
287.6905	249.8096
288.2024	249.8096
288.2024	249.2977
288.7143	249.2977
288.7143	248.7858
289.2262	248.7858
289.2262	247.7620
289.7382	247.7620
289.7382	246.7381
290.2501	246.7381
290.2501	244.1786
290.7620	244.1786
290.7620	240.5953
291.2739	240.5953
291.2739	240.0834
291.7858	240.0834
291.7858	239.0596
292.2977	239.0596
292.2977	238.0358
292.8096	238.0358
292.8096	237.0119
294.3453	237.0119
294.3453	236.5000
295.3691	236.5000
295.3691	235.9881
296.3929	235.9881
296.3929	235.4762
296.9048	235.4762
296.9048	234.9643
297.4167	234.9643
297.4167	234.4524
297.9286	234.4524
297.9286	233.9405
298.4405	233.9405
298.4405	233.4286
298.9524	233.4286
298.9524	232.4048
299.4643	232.4048
299.4643	231.3810
299.9762	231.3810
299.9762	228.8215
300.4882	228.8215
300.4882	226.2619
299.9762	226.2619
299.9762	223.7024
299.4643	223.7024
299.4643	222.6786
298.9524	222.6786
298.9524	220.6310
299.4643	220.6310
299.4643	220.1191
299.9762	220.1191
299.9762	219.6072
300.4882	219.6072
300.4882	219.0953
301.0001	219.0953
301.0001	218.0715
301.5120	218.0715
301.5120	217.0477
302.5358	217.0477
302.5358	216.5358
303.0477	216.5358
303.0477	216.0239
303.5596	216.0239
303.5596	215.5119
304.0715	215.5119
304.0715	215.0000
305.0953	215.0000
305.0953	214.4881
305.6072	214.4881
305.6072	213.9762
306.1191	213.9762
306.1191	213.4643
306.6310	213.4643
306.6310	212.9524
307.6548	212.9524
307.6548	212.4405
308.1667	212.4405
308.1667	211.9286
309.1905	211.9286
309.1905	211.4167
309.7024	211.4167
309.7024	210.9048
310.2143	210.9048
310.2143	210.3929
310.7262	210.3929
310.7262	209.8810
311.2382	209.8810
311.2382	209.3691
311.7501	209.3691
311.7501	208.3453
312.2620	208.3453
312.2620	207.3215
312.7739	207.3215
312.7739	205.7858
313.2858	205.7858
313.2858	204.7619
314.3096	204.7619
314.3096	204.2500
315.8453	204.2500
315.8453	203.7381
316.8691	203.7381
316.8691	203.2262
318.4048	203.2262
318.4048	202.7143
320.4524	202.7143
320.4524	202.2024
321.4763	202.2024
321.4763	201.6905
322.5001	201.6905
322.5001	201.1786
323.0120	201.1786
323.0120	200.6667
323.5239	200.6667
323.5239	200.1548
324.0358	200.1548
324.0358	199.6429
324.5477	199.6429
324.5477	199.1310
325.0596	199.1310
325.0596	198.6191
327.6191	198.6191
327.6191	198.1072
330.1786	198.1072
330.1786	197.5953
331.2024	197.5953
331.2024	197.0834
334.2739	197.0834
334.2739	196.5715
336.8334	196.5715
336.8334	196.0596
340.9286	196.0596
340.9286	195.5477
346.0477	195.5477
346.0477	195.0358
348.6072	195.0358
348.6072	194.5238
352.7024	194.5238
