351.1667	192.4762
352.1905	192.4762
352.1905	192.9881
354.7501	192.9881
354.7501	193.5000
357.3096	193.5000
357.3096	194.0119
362.9405	194.0119
362.9405	193.5000
364.4763	193.5000
364.4763	194.0119
365.5001	194.0119
365.5001	194.5238
366.0120	194.5238
366.0120	195.0358
366.5239	195.0358
366.5239	195.5477
367.0358	195.5477
367.0358	196.0596
368.0596	196.0596
368.0596	196.5715
369.0834	196.5715
369.0834	197.0834
370.1072	197.0834
370.1072	197.5953
371.6429	197.5953
371.6429	198.1072
373.1786	198.1072
373.1786	198.6191
373.6905	198.6191
373.6905	199.1310
374.2025	199.1310
374.2025	199.6429
374.7144	199.6429
374.7144	200.1548
375.2263	200.1548
375.2263	200.6667
375.7382	200.6667
375.7382	201.1786
376.2501	201.1786
376.2501	201.6905
377.2739	201.6905
377.2739	202.2024
378.2977	202.2024
378.2977	202.7143
379.3215	202.7143
379.3215	203.2262
379.8334	203.2262
379.8334	203.7381
380.3453	203.7381
380.3453	204.2500
380.8572	204.2500
380.8572	204.7619
381.3691	204.7619
381.3691	205.2738
382.3929	205.2738
382.3929	205.7858
383.4167	205.7858
383.4167	206.2977
383.9286	206.2977
383.9286	206.8096
384.4405	206.8096
384.4405	207.3215
384.9525	207.3215
384.9525	207.8334
385.4644	207.8334
385.4644	208.3453
385.9763	208.3453
385.9763	208.8572
386.4882	208.8572
386.4882	209.3691
387.5120	209.3691
387.5120	209.8810
388.5358	209.8810
388.5358	210.3929
391.0953	210.3929
391.0953	210.9048
393.6548	210.9048
393.6548	210.3929
397.2382	210.3929
397.2382	210.9048
397.7501	210.9048
397.7501	211.9286
398.2620	211.9286
398.2620	215.0000
397.7501	215.0000
397.7501	215.5119
397.2382	215.5119
397.2382	216.0239
396.7263	216.0239
396.7263	217.0477
396.2144	217.0477
396.2144	218.0715
395.7025	218.0715
395.7025	220.6310
395.1906	220.6310
395.1906	223.7024
395.7025	223.7024
395.7025	226.2619
396.2144	226.2619
396.2144	227.7977
396.7263	227.7977
396.7263	229.3334
397.2382	229.3334
397.2382	231.8929
397.7501	231.8929
397.7501	233.9405
398.2620	233.9405
398.2620	235.9881
398.7739	235.9881
398.7739	237.0119
399.2858	237.0119
399.2858	238.5477
399.7977	238.5477
399.7977	239.5715
400.3096	239.5715
400.3096	240.5953
400.8215	240.5953
400.8215	241.6191
401.3334	241.6191
401.3334	242.1310
401.8453	242.1310
401.8453	242.6429
402.3572	242.6429
402.3572	244.1786
402.8691	244.1786
402.8691	245.2024
403.3810	245.2024
403.3810	246.7381
403.8929	246.7381
403.8929	247.7620
404.4048	247.7620
404.4048	248.7858
404.9167	248.7858
404.9167	249.8096
405.4286	249.8096
405.4286	250.8334
405.9406	250.8334
405.9406	252.3691
406.4525	252.3691
406.4525	254.4167
406.9644	254.4167
406.9644	255.4405
407.4763	255.4405
407.4763	256.4643
406.9644	256.4643
406.9644	262.6072
407.4763	262.6072
407.4763	265.1667
407.9882	265.1667
407.9882	278.4762
408.5001	278.4762
408.5001	284.1072
409.0120	284.1072
409.0120	287.1786
408.5001	287.1786
408.5001	287.6905
407.9882	287.6905
407.9882	288.7143
407.4763	288.7143
407.4763	289.7382
406.9644	289.7382
406.9644	291.7858
406.4525	291.7858
406.4525	294.3453
405.9406	294.3453
405.9406	295.3691
405.4286	295.3691
405.4286	297.4167
404.9167	297.4167
404.9167	298.4405
404.4048	298.4405
404.4048	299.4643
403.8929	299.4643
403.8929	301.0001
403.3810	301.0001
403.3810	302.0239
402.8691	302.0239
402.8691	302.5358
402.3572	302.5358
402.3572	303.0477
401.8453	303.0477
401.8453	303.5596
401.3334	303.5596
401.3334	304.0715
400.8215	304.0715
400.8215	305.0953
400.3096	305.0953
400.3096	305.6072
399.7977	305.6072
399.7977	306.6310
399.2858	306.6310
399.2858	307.6548
398.7739	307.6548
398.7739	308.1667
398.2620	308.1667
398.2620	309.1905
397.7501	309.1905
397.7501	310.2143
397.2382	310.2143
397.2382	310.7262
396.7263	310.7262
396.7263	311.7501
396.2144	311.7501
396.2144	312.2620
395.7025	312.2620
395.7025	312.7739
395.1906	312.7739
395.1906	313.2858
394.6786	313.2858
394.6786	313.7977
394.1667	313.7977
394.1667	314.8215
393.6548	314.8215
393.6548	315.8453
393.1429	315.8453
393.1429	316.3572
392.6310	316.3572
392.6310	317.3810
391.6072	317.3810
391.6072	317.8929
391.0953	317.8929
391.0953	318.4048
390.5834	318.4048
390.5834	318.9167
390.0715	318.9167
390.0715	319.4286
389.5596	319.4286
389.5596	319.9405
389.0477	319.9405
389.0477	320.4524
388.0239	320.4524
388.0239	320.9643
387.0001	320.9643
387.0001	321.4763
385.9763	321.4763
385.9763	321.9882
382.9048	321.9882
382.9048	322.5001
380.3453	322.5001
380.3453	323.0120
379.3215	323.0120
379.3215	323.5239
378.2977	323.5239
378.2977	324.0358
377.2739	324.0358
377.2739	323.5239
376.7620	323.5239
376.7620	320.9643
376.2501	320.9643
376.2501	318.9167
376.7620	318.9167
376.7620	317.8929
377.2739	317.8929
377.2739	316.8691
377.7858	316.8691
377.7858	315.8453
378.2977	315.8453
378.2977	314.8215
378.8096	314.8215
378.8096	312.2620
379.3215	312.2620
379.3215	309.7024
378.8096	309.7024
378.8096	307.1429
378.2977	307.1429
378.2977	306.1191
377.7858	306.1191
377.7858	305.0953
377.2739	305.0953
377.2739	304.5834
376.7620	304.5834
376.7620	304.0715
376.2501	304.0715
376.2501	303.5596
375.7382	303.5596
375.7382	303.0477
375.2263	303.0477
375.2263	302.5358
374.2025	302.5358
374.2025	302.0239
373.1786	302.0239
373.1786	301.5120
370.6191	301.5120
370.6191	301.0001
364.9882	301.0001
364.9882	301.5120
362.4286	301.5120
362.4286	302.0239
361.4048	302.0239
361.4048	302.5358
360.3810	302.5358
360.3810	303.0477
359.8691	303.0477
359.8691	303.5596
359.3572	303.5596
359.3572	304.0715
358.8453	304.0715
358.8453	304.5834
358.3334	304.5834
358.3334	305.0953
357.8215	305.0953
357.8215	306.1191
357.3096	306.1191
357.3096	306.6310
355.7739	306.6310
355.7739	306.1191
354.2382	306.1191
354.2382	305.6072
352.7024	305.6072
352.7024	305.0953
350.1429	305.0953
350.1429	304.5834
347.5834	304.5834
347.5834	304.0715
344.0001	304.0715
344.0001	304.5834
341.4405	304.5834
341.4405	305.0953
340.4167	305.0953
340.4167	305.6072
339.3929	305.6072
339.3929	306.1191
338.8810	306.1191
338.8810	306.6310
338.3691	306.6310
338.3691	307.1429
337.8572	307.1429
337.8572	307.6548
334.7858	307.6548
334.7858	308.1667
332.2263	308.1667
332.2263	308.6786
331.2024	308.6786
331.2024	309.1905
330.1786	309.1905
330.1786	309.7024
329.6667	309.7024
329.6667	310.2143
329.1548	310.2143
329.1548	310.7262
328.1310	310.7262
328.1310	310.2143
327.6191	310.2143
327.6191	309.7024
327.1072	309.7024
327.1072	309.1905
326.5953	309.1905
326.5953	308.6786
325.5715	308.6786
325.5715	308.1667
324.5477	308.1667
324.5477	307.6548
321.9882	307.6548
321.9882	307.1429
318.9167	307.1429
318.9167	307.6548
316.3572	307.6548
316.3572	308.1667
315.3334	308.1667
315.3334	308.6786
314.3096	308.6786
314.3096	309.1905
313.7977	309.1905
313.7977	309.7024
311.7501	309.7024
311.7501	309.1905
310.7262	309.1905
310.7262	308.6786
310.2143	308.6786
310.2143	308.1667
309.7024	308.1667
309.7024	307.6548
308.6786	307.6548
308.6786	307.1429
307.6548	307.1429
307.6548	306.6310
305.6072	306.6310
305.6072	304.0715
305.0953	304.0715
305.0953	303.0477
304.5834	303.0477
304.5834	302.0239
304.0715	302.0239
304.0715	301.0001
303.5596	301.0001
303.5596	300.4882
303.0477	300.4882
303.0477	299.9762
302.5358	299.9762
302.5358	299.4643
302.0239	299.4643
302.0239	298.9524
301.5120	298.9524
301.5120	298.4405
300.4882	298.4405
300.4882	297.9286
299.4643	297.9286
299.4643	297.4167
296.9048	297.4167
296.9048	296.9048
293.3215	296.9048
293.3215	296.3929
292.8096	296.3929
292.8096	295.8810
292.2977	295.8810
292.2977	295.3691
291.7858	295.3691
291.7858	294.3453
291.2739	294.3453
291.2739	293.8334
290.7620	293.8334
290.7620	293.3215
290.2501	293.3215
290.2501	292.8096
289.7382	292.8096
289.7382	292.2977
289.2262	292.2977
289.2262	291.7858
288.7143	291.7858
288.7143	291.2739
288.2024	291.2739
288.2024	290.7620
287.1786	290.7620
287.1786	290.2501
286.1548	290.2501
286.1548	289.7382
285.1310	289.7382
285.1310	288.7143
285.6429	288.7143
285.6429	286.1548
286.1548	286.1548
286.1548	283.5953
285.6429	283.5953
285.6429	281.0358
285.1310	281.0358
285.1310	280.0120
284.6191	280.0120
284.6191	278.9881
284.1072	278.9881
284.1072	277.4524
283.5953	277.4524
283.5953	273.8691
283.0834	273.8691
283.0834	271.3096
282.5715	271.3096
282.5715	268.7501
282.0596	268.7501
282.0596	266.1905
281.5477	266.1905
281.5477	264.1429
281.0358	264.1429
281.0358	263.1191
280.5239	263.1191
280.5239	261.5834
280.0120	261.5834
280.0120	260.5596
279.5001	260.5596
279.5001	259.5358
278.9881	259.5358
278.9881	259.0239
278.4762	259.0239
278.4762	258.5120
277.9643	258.5120
277.9643	258.0000
278.4762	258.0000
278.4762	256.9762
278.9881	256.9762
278.9881	255.9524
279.5001	255.9524
279.5001	253.9048
280.0120	253.9048
280.0120	252.8810
280.5239	252.8810
280.5239	251.8572
281.0358	251.8572
281.0358	249.2977
281.5477	249.2977
281.5477	248.7858
282.5715	248.7858
282.5715	248.2739
283.0834	248.2739
283.0834	247.7620
283.5953	247.7620
283.5953	247.2500
284.1072	247.2500
284.1072	246.7381
284.6191	246.7381
284.6191	246.2262
285.1310	246.2262
285.1310	245.7143
285.6429	245.7143
285.6429	245.2024
286.1548	245.2024
286.1548	244.1786
286.6667	244.1786
286.6667	243.6667
288.2024	243.6667
288.2024	243.1548
289.2262	243.1548
289.2262	242.6429
290.2501	242.6429
290.2501	242.1310
290.7620	242.1310
290.7620	241.6191
291.2739	241.6191
291.2739	241.1072
291.7858	241.1072
291.7858	240.5953
292.2977	240.5953
292.2977	240.0834
292.8096	240.0834
292.8096	239.0596
293.3215	239.0596
293.3215	238.0358
293.8334	238.0358
293.8334	235.4762
294.3453	235.4762
294.3453	234.9643
294.8572	234.9643
294.8572	234.4524
295.3691	234.4524
295.3691	233.4286
295.8810	233.4286
295.8810	232.4048
296.3929	232.4048
296.3929	229.8453
296.9048	229.8453
296.9048	227.2858
296.3929	227.2858
296.3929	224.7262
295.8810	224.7262
295.8810	223.7024
295.3691	223.7024
295.3691	222.6786
294.8572	222.6786
294.8572	220.1191
295.3691	220.1191
295.3691	219.0953
295.8810	219.0953
295.8810	218.5834
296.3929	218.5834
296.3929	217.5596
296.9048	217.5596
296.9048	216.5358
297.4167	216.5358
297.4167	215.0000
298.4405	215.0000
298.4405	214.4881
299.9762	214.4881
299.9762	213.9762
301.0001	213.9762
301.0001	213.4643
302.0239	213.4643
302.0239	212.9524
302.5358	212.9524
302.5358	212.4405
303.0477	212.4405
303.0477	211.9286
303.5596	211.9286
303.5596	211.4167
304.0715	211.4167
304.0715	210.9048
304.5834	210.9048
304.5834	209.8810
305.0953	209.8810
305.0953	208.8572
305.6072	208.8572
305.6072	206.2977
306.1191	206.2977
306.1191	205.7858
306.6310	205.7858
306.6310	205.2738
307.1429	205.2738
307.1429	204.7619
307.6548	204.7619
307.6548	204.2500
308.1667	204.2500
308.1667	203.7381
309.1905	203.7381
309.1905	203.2262
310.2143	203.2262
310.2143	202.7143
310.7262	202.7143
310.7262	202.2024
311.2382	202.2024
311.2382	201.6905
311.7501	201.6905
311.7501	201.1786
313.7977	201.1786
313.7977	200.6667
314.8215	200.6667
314.8215	200.1548
317.3810	200.1548
317.3810	199.6429
318.9167	199.6429
318.9167	199.1310
319.9405	199.1310
319.9405	198.6191
320.9643	198.6191
320.9643	198.1072
321.4763	198.1072
321.4763	197.5953
321.9882	197.5953
321.9882	197.0834
322.5001	197.0834
322.5001	196.5715
324.0358	196.5715
324.0358	196.0596
326.5953	196.0596
326.5953	195.5477
329.1548	195.5477
329.1548	195.0358
330.6905	195.0358
330.6905	194.5238
333.2501	194.5238
333.2501	194.0119
335.2977	194.0119
335.2977	193.5000
338.3691	193.5000
338.3691	192.9881
341.9524	192.9881
341.9524	192.4762
344.5120	192.4762
344.5120	191.9643
351.1667	191.9643
