373.1786	200.6667
373.6905	200.6667
373.6905	201.1786
374.2025	201.1786
374.2025	201.6905
374.7144	201.6905
374.7144	202.2024
375.2263	202.2024
375.2263	202.7143
375.7382	202.7143
375.7382	203.2262
376.2501	203.2262
376.2501	203.7381
377.2739	203.7381
377.2739	204.2500
378.2977	204.2500
378.2977	204.7619
379.3215	204.7619
379.3215	205.2738
380.3453	205.2738
380.3453	205.7858
380.8572	205.7858
380.8572	206.2977
381.3691	206.2977
381.3691	207.8334
381.8810	207.8334
381.8810	208.8572
382.3929	208.8572
382.3929	209.8810
382.9048	209.8810
382.9048	210.3929
383.4167	210.3929
383.4167	210.9048
383.9286	210.9048
383.9286	211.4167
384.4405	211.4167
384.4405	211.9286
384.9525	211.9286
384.9525	212.4405
385.9763	212.4405
385.9763	212.9524
387.0001	212.9524
387.0001	213.4643
388.5358	213.4643
388.5358	213.9762
389.0477	213.9762
389.0477	214.4881
389.5596	214.4881
389.5596	215.0000
390.5834	215.0000
390.5834	215.5119
391.6072	215.5119
391.6072	216.0239
393.6548	216.0239
393.6548	216.5358
394.1667	216.5358
394.1667	217.5596
394.6786	217.5596
394.6786	218.0715
395.1906	218.0715
395.1906	219.0953
394.6786	219.0953
394.6786	219.6072
394.1667	219.6072
394.1667	220.6310
393.6548	220.6310
393.6548	221.6548
393.1429	221.6548
393.1429	224.2143
392.6310	224.2143
392.6310	226.7739
393.1429	226.7739
393.1429	229.3334
393.6548	229.3334
393.6548	230.3572
394.1667	230.3572
394.1667	231.3810
394.6786	231.3810
394.6786	231.8929
395.1906	231.8929
395.1906	232.9167
395.7025	232.9167
395.7025	233.4286
396.2144	233.4286
396.2144	233.9405
396.7263	233.9405
396.7263	234.9643
397.2382	234.9643
397.2382	237.5239
397.7501	237.5239
397.7501	239.5715
398.2620	239.5715
398.2620	242.1310
398.7739	242.1310
398.7739	243.6667
399.2858	243.6667
399.2858	244.6905
399.7977	244.6905
399.7977	246.2262
400.3096	246.2262
400.3096	247.2500
399.7977	247.2500
399.7977	253.3929
400.3096	253.3929
400.3096	254.4167
399.7977	254.4167
399.7977	256.9762
400.3096	256.9762
400.3096	258.5120
399.7977	258.5120
399.7977	259.5358
399.2858	259.5358
399.2858	261.5834
398.7739	261.5834
398.7739	264.1429
397.7501	264.1429
397.7501	264.6548
397.2382	264.6548
397.2382	265.1667
396.7263	265.1667
396.7263	265.6786
396.2144	265.6786
396.2144	266.1905
395.7025	266.1905
395.7025	266.7024
395.1906	266.7024
395.1906	267.2143
394.6786	267.2143
394.6786	268.2381
394.1667	268.2381
394.1667	268.7501
393.6548	268.7501
393.6548	269.2620
393.1429	269.2620
393.1429	269.7739
392.6310	269.7739
392.6310	270.2858
392.1191	270.2858
392.1191	270.7977
391.6072	270.7977
391.6072	271.3096
391.0953	271.3096
391.0953	271.8215
390.5834	271.8215
390.5834	272.3334
390.0715	272.3334
390.0715	273.3572
389.5596	273.3572
389.5596	273.8691
389.0477	273.8691
389.0477	274.3810
388.5358	274.3810
388.5358	274.8929
388.0239	274.8929
388.0239	275.9167
387.5120	275.9167
387.5120	276.4286
386.4882	276.4286
386.4882	276.9405
385.4644	276.9405
385.4644	277.4524
384.9525	277.4524
384.9525	277.9643
384.4405	277.9643
384.4405	278.4762
383.4167	278.4762
383.4167	278.9881
382.3929	278.9881
382.3929	279.5001
381.3691	279.5001
381.3691	280.0120
380.8572	280.0120
380.8572	280.5239
380.3453	280.5239
380.3453	281.0358
379.8334	281.0358
379.8334	281.5477
379.3215	281.5477
379.3215	282.0596
378.8096	282.0596
378.8096	282.5715
377.7858	282.5715
377.7858	283.0834
376.7620	283.0834
376.7620	283.5953
375.7382	283.5953
375.7382	284.1072
374.7144	284.1072
374.7144	284.6191
373.6905	284.6191
373.6905	284.1072
371.1310	284.1072
371.1310	284.6191
363.9644	284.6191
363.9644	285.1310
362.4286	285.1310
362.4286	284.6191
361.9167	284.6191
361.9167	284.1072
361.4048	284.1072
361.4048	283.5953
360.8929	283.5953
360.8929	283.0834
360.3810	283.0834
360.3810	282.5715
359.8691	282.5715
359.8691	282.0596
359.3572	282.0596
359.3572	281.5477
358.3334	281.5477
358.3334	281.0358
357.3096	281.0358
357.3096	280.5239
354.7501	280.5239
354.7501	280.0120
352.1905	280.0120
352.1905	279.5001
351.6786	279.5001
351.6786	278.9881
350.6548	278.9881
350.6548	278.4762
349.6310	278.4762
349.6310	277.9643
348.6072	277.9643
348.6072	277.4524
347.5834	277.4524
347.5834	276.9405
345.5358	276.9405
345.5358	276.4286
343.4882	276.4286
343.4882	275.9167
342.9763	275.9167
342.9763	275.4048
342.4644	275.4048
342.4644	274.8929
341.9524	274.8929
341.9524	274.3810
341.4405	274.3810
341.4405	273.8691
340.9286	273.8691
340.9286	273.3572
339.9048	273.3572
339.9048	272.3334
339.3929	272.3334
339.3929	271.8215
338.8810	271.8215
338.8810	271.3096
338.3691	271.3096
338.3691	270.7977
337.8572	270.7977
337.8572	270.2858
337.3453	270.2858
337.3453	269.7739
336.8334	269.7739
336.8334	269.2620
336.3215	269.2620
336.3215	268.7501
335.8096	268.7501
335.8096	267.7262
335.2977	267.7262
335.2977	266.7024
334.7858	266.7024
334.7858	266.1905
334.2739	266.1905
334.2739	265.6786
333.7620	265.6786
333.7620	264.6548
333.2501	264.6548
333.2501	263.6310
332.7382	263.6310
332.7382	262.6072
332.2263	262.6072
332.2263	261.0715
331.7143	261.0715
331.7143	260.0477
331.2024	260.0477
331.2024	255.4405
330.6905	255.4405
330.6905	252.8810
330.1786	252.8810
330.1786	251.8572
329.6667	251.8572
329.6667	250.8334
330.1786	250.8334
330.1786	248.2739
330.6905	248.2739
330.6905	244.6905
330.1786	244.6905
330.1786	242.1310
329.6667	242.1310
329.6667	239.5715
330.1786	239.5715
330.1786	237.0119
330.6905	237.0119
330.6905	232.9167
330.1786	232.9167
330.1786	231.8929
331.2024	231.8929
331.2024	231.3810
332.2263	231.3810
332.2263	230.8691
332.7382	230.8691
332.7382	230.3572
333.2501	230.3572
333.2501	229.8453
333.7620	229.8453
333.7620	229.3334
334.7858	229.3334
334.7858	228.8215
335.8096	228.8215
335.8096	228.3096
336.3215	228.3096
336.3215	227.7977
336.8334	227.7977
336.8334	227.2858
337.3453	227.2858
337.3453	226.7739
337.8572	226.7739
337.8572	226.2619
338.3691	226.2619
338.3691	225.2381
338.8810	225.2381
338.8810	224.7262
339.3929	224.7262
339.3929	224.2143
339.9048	224.2143
339.9048	223.1905
340.4167	223.1905
340.4167	222.1667
340.9286	222.1667
340.9286	219.6072
341.4405	219.6072
341.4405	217.0477
340.9286	217.0477
340.9286	215.0000
341.4405	215.0000
341.4405	214.4881
342.4644	214.4881
342.4644	213.9762
344.0001	213.9762
344.0001	213.4643
345.0239	213.4643
345.0239	212.9524
346.0477	212.9524
346.0477	212.4405
346.5596	212.4405
346.5596	211.9286
347.0715	211.9286
347.0715	211.4167
347.5834	211.4167
347.5834	210.9048
348.0953	210.9048
348.0953	210.3929
348.6072	210.3929
348.6072	209.8810
349.1191	209.8810
349.1191	209.3691
349.6310	209.3691
349.6310	208.3453
350.6548	208.3453
350.6548	207.8334
353.2144	207.8334
353.2144	207.3215
354.2382	207.3215
354.2382	206.8096
355.2620	206.8096
355.2620	206.2977
355.7739	206.2977
355.7739	205.7858
356.7977	205.7858
356.7977	205.2738
359.3572	205.2738
359.3572	204.7619
360.3810	204.7619
360.3810	204.2500
363.9644	204.2500
363.9644	203.7381
366.5239	203.7381
366.5239	203.2262
367.5477	203.2262
367.5477	202.7143
368.5715	202.7143
368.5715	202.2024
369.0834	202.2024
369.0834	201.6905
369.5953	201.6905
369.5953	201.1786
370.1072	201.1786
370.1072	200.6667
370.6191	200.6667
370.6191	200.1548
373.1786	200.1548
