335.8096	213.9762
342.4644	213.9762
342.4644	214.4881
345.0239	214.4881
345.0239	215.0000
348.0953	215.0000
348.0953	215.5119
350.6548	215.5119
350.6548	216.0239
351.6786	216.0239
351.6786	216.5358
352.7024	216.5358
352.7024	217.0477
355.2620	217.0477
355.2620	217.5596
358.3334	217.5596
358.3334	217.0477
360.8929	217.0477
360.8929	216.5358
363.4525	216.5358
363.4525	216.0239
366.0120	216.0239
366.0120	215.5119
368.0596	215.5119
368.0596	215.0000
369.0834	215.0000
369.0834	214.4881
370.1072	214.4881
370.1072	213.9762
372.1548	213.9762
372.1548	214.4881
373.1786	214.4881
373.1786	215.0000
374.2025	215.0000
374.2025	215.5119
375.2263	215.5119
375.2263	216.0239
376.2501	216.0239
376.2501	216.5358
376.7620	216.5358
376.7620	217.5596
377.2739	217.5596
377.2739	218.0715
377.7858	218.0715
377.7858	218.5834
378.2977	218.5834
378.2977	219.0953
378.8096	219.0953
378.8096	219.6072
379.3215	219.6072
379.3215	220.1191
380.3453	220.1191
380.3453	220.6310
381.3691	220.6310
381.3691	221.1429
383.4167	221.1429
383.4167	221.6548
385.9763	221.6548
385.9763	222.1667
386.4882	222.1667
386.4882	222.6786
387.0001	222.6786
387.0001	223.1905
387.5120	223.1905
387.5120	223.7024
388.0239	223.7024
388.0239	224.2143
389.0477	224.2143
389.0477	224.7262
390.0715	224.7262
390.0715	225.2381
390.5834	225.2381
390.5834	225.7500
391.0953	225.7500
391.0953	226.2619
392.1191	226.2619
392.1191	226.7739
392.6310	226.7739
392.6310	227.7977
393.1429	227.7977
393.1429	228.8215
393.6548	228.8215
393.6548	229.3334
394.1667	229.3334
394.1667	229.8453
394.6786	229.8453
394.6786	230.3572
395.1906	230.3572
395.1906	230.8691
395.7025	230.8691
395.7025	231.3810
396.2144	231.3810
396.2144	232.9167
395.7025	232.9167
395.7025	237.0119
396.2144	237.0119
396.2144	239.5715
396.7263	239.5715
396.7263	243.6667
397.2382	243.6667
397.2382	246.2262
397.7501	246.2262
397.7501	247.2500
398.2620	247.2500
398.2620	248.2739
397.7501	248.2739
397.7501	251.3453
398.2620	251.3453
398.2620	253.9048
398.7739	253.9048
398.7739	257.4881
399.2858	257.4881
399.2858	260.0477
399.7977	260.0477
399.7977	261.0715
399.2858	261.0715
399.2858	270.2858
398.7739	270.2858
398.7739	273.8691
398.2620	273.8691
398.2620	274.3810
397.7501	274.3810
397.7501	275.4048
397.2382	275.4048
397.2382	276.4286
396.7263	276.4286
396.7263	277.4524
396.2144	277.4524
396.2144	278.9881
395.7025	278.9881
395.7025	279.5001
395.1906	279.5001
395.1906	280.0120
394.6786	280.0120
394.6786	280.5239
394.1667	280.5239
394.1667	281.0358
393.6548	281.0358
393.6548	281.5477
393.1429	281.5477
393.1429	282.5715
392.6310	282.5715
392.6310	283.5953
392.1191	283.5953
392.1191	285.1310
391.6072	285.1310
391.6072	285.6429
391.0953	285.6429
391.0953	286.1548
390.5834	286.1548
390.5834	286.6667
390.0715	286.6667
390.0715	287.1786
389.5596	287.1786
389.5596	287.6905
388.5358	287.6905
388.5358	288.2024
388.0239	288.2024
388.0239	288.7143
387.5120	288.7143
387.5120	289.2262
387.0001	289.2262
387.0001	289.7382
386.4882	289.7382
386.4882	290.2501
385.9763	290.2501
385.9763	290.7620
385.4644	290.7620
385.4644	291.7858
384.9525	291.7858
384.9525	292.2977
384.4405	292.2977
384.4405	292.8096
383.9286	292.8096
383.9286	293.3215
383.4167	293.3215
383.4167	293.8334
382.9048	293.8334
382.9048	294.3453
382.3929	294.3453
382.3929	294.8572
381.8810	294.8572
381.8810	295.3691
381.3691	295.3691
381.3691	295.8810
380.8572	295.8810
380.8572	296.3929
380.3453	296.3929
380.3453	297.4167
379.8334	297.4167
379.8334	298.4405
379.3215	298.4405
379.3215	299.4643
378.8096	299.4643
378.8096	299.9762
378.2977	299.9762
378.2977	300.4882
377.7858	300.4882
377.7858	301.0001
376.2501	301.0001
376.2501	301.5120
375.2263	301.5120
375.2263	302.0239
374.2025	302.0239
374.2025	302.5358
369.0834	302.5358
369.0834	302.0239
368.0596	302.0239
368.0596	301.5120
367.0358	301.5120
367.0358	301.0001
364.4763	301.0001
364.4763	300.4882
359.8691	300.4882
359.8691	301.0001
358.3334	301.0001
358.3334	300.4882
354.7501	300.4882
354.7501	301.0001
352.1905	301.0001
352.1905	301.5120
351.1667	301.5120
351.1667	302.0239
350.1429	302.0239
350.1429	302.5358
344.5120	302.5358
344.5120	303.0477
342.9763	303.0477
342.9763	302.5358
342.4644	302.5358
342.4644	302.0239
341.9524	302.0239
341.9524	301.5120
341.4405	301.5120
341.4405	301.0001
340.4167	301.0001
340.4167	300.4882
339.3929	300.4882
339.3929	299.9762
337.8572	299.9762
337.8572	299.4643
337.3453	299.4643
337.3453	298.9524
336.8334	298.9524
336.8334	298.4405
336.3215	298.4405
336.3215	297.9286
335.8096	297.9286
335.8096	297.4167
334.7858	297.4167
334.7858	296.9048
333.7620	296.9048
333.7620	296.3929
331.2024	296.3929
331.2024	295.8810
328.6429	295.8810
328.6429	296.3929
327.6191	296.3929
327.6191	295.8810
327.1072	295.8810
327.1072	295.3691
326.0834	295.3691
326.0834	294.8572
325.0596	294.8572
325.0596	294.3453
324.0358	294.3453
324.0358	293.8334
323.5239	293.8334
323.5239	292.8096
323.0120	292.8096
323.0120	292.2977
322.5001	292.2977
322.5001	291.7858
321.9882	291.7858
321.9882	291.2739
321.4763	291.2739
321.4763	290.7620
320.9643	290.7620
320.9643	290.2501
320.4524	290.2501
320.4524	289.7382
319.9405	289.7382
319.9405	289.2262
319.4286	289.2262
319.4286	287.1786
318.9167	287.1786
318.9167	285.1310
318.4048	285.1310
318.4048	284.1072
317.8929	284.1072
317.8929	283.0834
317.3810	283.0834
317.3810	282.0596
316.8691	282.0596
316.8691	281.0358
316.3572	281.0358
316.3572	280.0120
315.8453	280.0120
315.8453	279.5001
315.3334	279.5001
315.3334	278.9881
314.8215	278.9881
314.8215	276.9405
314.3096	276.9405
314.3096	275.4048
314.8215	275.4048
314.8215	272.3334
314.3096	272.3334
314.3096	269.7739
313.7977	269.7739
313.7977	268.7501
313.2858	268.7501
313.2858	267.2143
312.7739	267.2143
312.7739	264.6548
312.2620	264.6548
312.2620	263.6310
311.7501	263.6310
311.7501	262.6072
311.2382	262.6072
311.2382	261.5834
310.7262	261.5834
310.7262	261.0715
310.2143	261.0715
310.2143	260.5596
309.7024	260.5596
309.7024	260.0477
309.1905	260.0477
309.1905	258.0000
310.2143	258.0000
310.2143	257.4881
310.7262	257.4881
310.7262	256.9762
311.2382	256.9762
311.2382	256.4643
311.7501	256.4643
311.7501	255.9524
312.2620	255.9524
312.2620	255.4405
312.7739	255.4405
312.7739	254.4167
313.2858	254.4167
313.2858	253.3929
313.7977	253.3929
313.7977	250.8334
314.3096	250.8334
314.3096	248.2739
313.7977	248.2739
313.7977	247.2500
314.3096	247.2500
314.3096	244.6905
314.8215	244.6905
314.8215	239.0596
315.3334	239.0596
315.3334	238.5477
315.8453	238.5477
315.8453	238.0358
316.3572	238.0358
316.3572	237.5239
318.9167	237.5239
318.9167	237.0119
319.9405	237.0119
319.9405	236.5000
320.9643	236.5000
320.9643	235.9881
321.9882	235.9881
321.9882	235.4762
322.5001	235.4762
322.5001	234.9643
323.0120	234.9643
323.0120	234.4524
323.5239	234.4524
323.5239	233.9405
324.0358	233.9405
324.0358	233.4286
324.5477	233.4286
324.5477	232.4048
325.0596	232.4048
325.0596	231.3810
325.5715	231.3810
325.5715	230.3572
326.0834	230.3572
326.0834	227.7977
326.5953	227.7977
326.5953	226.7739
327.1072	226.7739
327.1072	226.2619
327.6191	226.2619
327.6191	225.7500
328.1310	225.7500
328.1310	225.2381
328.6429	225.2381
328.6429	224.7262
329.1548	224.7262
329.1548	223.7024
329.6667	223.7024
329.6667	222.6786
330.1786	222.6786
330.1786	221.6548
330.6905	221.6548
330.6905	220.6310
331.2024	220.6310
331.2024	218.0715
331.7143	218.0715
331.7143	217.5596
332.2263	217.5596
332.2263	216.5358
332.7382	216.5358
332.7382	215.5119
333.2501	215.5119
333.2501	214.4881
333.7620	214.4881
333.7620	213.9762
334.7858	213.9762
334.7858	213.4643
335.8096	213.4643
