339.9048	215.5119
342.4644	215.5119
342.4644	216.0239
345.5358	216.0239
345.5358	215.5119
349.6310	215.5119
349.6310	215.0000
351.1667	215.0000
351.1667	215.5119
353.2144	215.5119
353.2144	216.0239
354.2382	216.0239
354.2382	216.5358
355.2620	216.5358
355.2620	217.0477
357.8215	217.0477
357.8215	217.5596
360.3810	217.5596
360.3810	217.0477
364.4763	217.0477
364.4763	217.5596
365.5001	217.5596
365.5001	218.0715
368.0596	218.0715
368.0596	218.5834
371.1310	218.5834
371.1310	219.0953
372.1548	219.0953
372.1548	219.6072
373.6905	219.6072
373.6905	220.1191
374.7144	220.1191
374.7144	220.6310
376.7620	220.6310
376.7620	221.1429
379.3215	221.1429
379.3215	221.6548
379.8334	221.6548
379.8334	222.6786
380.3453	222.6786
380.3453	223.1905
380.8572	223.1905
380.8572	223.7024
381.3691	223.7024
381.3691	224.2143
381.8810	224.2143
381.8810	224.7262
382.3929	224.7262
382.3929	225.2381
382.9048	225.2381
382.9048	226.2619
383.4167	226.2619
383.4167	226.7739
383.9286	226.7739
383.9286	227.2858
384.4405	227.2858
384.4405	227.7977
384.9525	227.7977
384.9525	228.3096
385.4644	228.3096
385.4644	228.8215
385.9763	228.8215
385.9763	229.3334
386.4882	229.3334
386.4882	229.8453
387.0001	229.8453
387.0001	230.3572
387.5120	230.3572
387.5120	230.8691
388.0239	230.8691
388.0239	231.3810
389.0477	231.3810
389.0477	231.8929
390.0715	231.8929
390.0715	232.4048
390.5834	232.4048
390.5834	232.9167
391.0953	232.9167
391.0953	233.9405
391.6072	233.9405
391.6072	234.4524
392.1191	234.4524
392.1191	234.9643
392.6310	234.9643
392.6310	235.4762
393.1429	235.4762
393.1429	235.9881
393.6548	235.9881
393.6548	236.5000
394.1667	236.5000
394.1667	237.5239
394.6786	237.5239
394.6786	238.0358
395.1906	238.0358
395.1906	240.0834
395.7025	240.0834
395.7025	241.1072
396.2144	241.1072
396.2144	242.1310
396.7263	242.1310
396.7263	243.1548
397.2382	243.1548
397.2382	243.6667
397.7501	243.6667
397.7501	245.2024
398.2620	245.2024
398.2620	250.3215
398.7739	250.3215
398.7739	252.8810
399.2858	252.8810
399.2858	255.4405
399.7977	255.4405
399.7977	256.4643
400.3096	256.4643
400.3096	257.4881
400.8215	257.4881
400.8215	259.0239
400.3096	259.0239
400.3096	261.5834
399.7977	261.5834
399.7977	267.7262
399.2858	267.7262
399.2858	270.2858
398.7739	270.2858
398.7739	275.4048
398.2620	275.4048
398.2620	278.4762
397.7501	278.4762
397.7501	281.5477
398.2620	281.5477
398.2620	282.5715
397.7501	282.5715
397.7501	284.1072
397.2382	284.1072
397.2382	285.6429
396.7263	285.6429
396.7263	288.2024
396.2144	288.2024
396.2144	294.8572
395.7025	294.8572
395.7025	297.4167
395.1906	297.4167
395.1906	298.4405
394.6786	298.4405
394.6786	299.9762
394.1667	299.9762
394.1667	301.0001
393.6548	301.0001
393.6548	303.0477
393.1429	303.0477
393.1429	304.0715
392.6310	304.0715
392.6310	304.5834
392.1191	304.5834
392.1191	305.6072
391.6072	305.6072
391.6072	306.6310
391.0953	306.6310
391.0953	307.1429
390.5834	307.1429
390.5834	307.6548
390.0715	307.6548
390.0715	308.6786
389.5596	308.6786
389.5596	309.7024
389.0477	309.7024
389.0477	310.7262
388.5358	310.7262
388.5358	311.7501
388.0239	311.7501
388.0239	312.2620
387.5120	312.2620
387.5120	312.7739
387.0001	312.7739
387.0001	313.2858
386.4882	313.2858
386.4882	314.3096
385.4644	314.3096
385.4644	314.8215
384.4405	314.8215
384.4405	315.3334
383.9286	315.3334
383.9286	315.8453
383.4167	315.8453
383.4167	316.3572
382.9048	316.3572
382.9048	316.8691
382.3929	316.8691
382.3929	317.3810
381.8810	317.3810
381.8810	317.8929
381.3691	317.8929
381.3691	318.4048
380.8572	318.4048
380.8572	318.9167
380.3453	318.9167
380.3453	319.4286
379.8334	319.4286
379.8334	319.9405
379.3215	319.9405
379.3215	320.4524
378.2977	320.4524
378.2977	320.9643
377.2739	320.9643
377.2739	321.4763
376.2501	321.4763
376.2501	321.9882
374.2025	321.9882
374.2025	321.4763
370.1072	321.4763
370.1072	320.9643
367.5477	320.9643
367.5477	320.4524
364.4763	320.4524
364.4763	320.9643
361.9167	320.9643
361.9167	321.4763
360.8929	321.4763
360.8929	321.9882
359.8691	321.9882
359.8691	322.5001
359.3572	322.5001
359.3572	321.9882
356.7977	321.9882
356.7977	321.4763
353.2144	321.4763
353.2144	320.9643
350.6548	320.9643
350.6548	320.4524
348.0953	320.4524
348.0953	320.9643
347.0715	320.9643
347.0715	320.4524
346.5596	320.4524
346.5596	319.9405
346.0477	319.9405
346.0477	319.4286
345.0239	319.4286
345.0239	318.9167
344.0001	318.9167
344.0001	318.4048
341.9524	318.4048
341.9524	317.8929
339.3929	317.8929
339.3929	317.3810
338.8810	317.3810
338.8810	316.8691
338.3691	316.8691
338.3691	316.3572
337.8572	316.3572
337.8572	315.8453
337.3453	315.8453
337.3453	315.3334
336.8334	315.3334
336.8334	314.8215
336.3215	314.8215
336.3215	314.3096
335.8096	314.3096
335.8096	313.7977
334.7858	313.7977
334.7858	313.2858
333.7620	313.2858
333.7620	312.7739
331.7143	312.7739
331.7143	312.2620
331.2024	312.2620
331.2024	311.7501
330.6905	311.7501
330.6905	311.2382
329.6667	311.2382
329.6667	310.7262
329.1548	310.7262
329.1548	310.2143
328.6429	310.2143
328.6429	309.7024
327.6191	309.7024
327.6191	309.1905
326.5953	309.1905
326.5953	308.6786
325.5715	308.6786
325.5715	308.1667
324.5477	308.1667
324.5477	307.6548
323.0120	307.6548
323.0120	307.1429
322.5001	307.1429
322.5001	306.6310
321.9882	306.6310
321.9882	306.1191
321.4763	306.1191
321.4763	305.6072
320.9643	305.6072
320.9643	305.0953
320.4524	305.0953
320.4524	304.5834
319.4286	304.5834
319.4286	303.5596
318.9167	303.5596
318.9167	303.0477
318.4048	303.0477
318.4048	302.5358
317.8929	302.5358
317.8929	302.0239
317.3810	302.0239
317.3810	301.5120
316.8691	301.5120
316.8691	301.0001
316.3572	301.0001
316.3572	300.4882
315.8453	300.4882
315.8453	299.9762
315.3334	299.9762
315.3334	299.4643
314.3096	299.4643
314.3096	298.9524
313.2858	298.9524
313.2858	298.4405
312.7739	298.4405
312.7739	297.9286
312.2620	297.9286
312.2620	297.4167
311.7501	297.4167
311.7501	296.9048
311.2382	296.9048
311.2382	295.8810
310.7262	295.8810
310.7262	294.8572
310.2143	294.8572
310.2143	294.3453
309.7024	294.3453
309.7024	293.8334
309.1905	293.8334
309.1905	293.3215
308.6786	293.3215
308.6786	292.8096
308.1667	292.8096
308.1667	292.2977
307.1429	292.2977
307.1429	291.7858
306.6310	291.7858
306.6310	291.2739
306.1191	291.2739
306.1191	290.7620
305.6072	290.7620
305.6072	290.2501
305.0953	290.2501
305.0953	289.7382
304.5834	289.7382
304.5834	289.2262
304.0715	289.2262
304.0715	288.7143
303.5596	288.7143
303.5596	288.2024
303.0477	288.2024
303.0477	287.1786
302.5358	287.1786
302.5358	286.1548
302.0239	286.1548
302.0239	285.1310
301.5120	285.1310
301.5120	284.6191
301.0001	284.6191
301.0001	283.5953
300.4882	283.5953
300.4882	279.5001
301.0001	279.5001
301.0001	276.9405
301.5120	276.9405
301.5120	272.8453
301.0001	272.8453
301.0001	270.2858
300.4882	270.2858
300.4882	268.7501
301.0001	268.7501
301.0001	266.1905
301.5120	266.1905
301.5120	265.6786
302.0239	265.6786
302.0239	264.6548
302.5358	264.6548
302.5358	263.6310
303.0477	263.6310
303.0477	262.6072
303.5596	262.6072
303.5596	262.0953
304.0715	262.0953
304.0715	261.0715
304.5834	261.0715
304.5834	260.0477
305.0953	260.0477
305.0953	258.5120
305.6072	258.5120
305.6072	255.9524
306.1191	255.9524
306.1191	254.9286
306.6310	254.9286
306.6310	254.4167
307.1429	254.4167
307.1429	253.9048
307.6548	253.9048
307.6548	253.3929
308.1667	253.3929
308.1667	252.8810
308.6786	252.8810
308.6786	251.8572
309.1905	251.8572
309.1905	251.3453
309.7024	251.3453
309.7024	250.3215
310.2143	250.3215
310.2143	249.2977
310.7262	249.2977
310.7262	247.7620
311.2382	247.7620
311.2382	245.2024
311.7501	245.2024
311.7501	244.6905
312.7739	244.6905
312.7739	244.1786
313.2858	244.1786
313.2858	243.6667
313.7977	243.6667
313.7977	243.1548
314.3096	243.1548
314.3096	242.6429
314.8215	242.6429
314.8215	242.1310
315.3334	242.1310
315.3334	241.6191
315.8453	241.6191
315.8453	241.1072
316.3572	241.1072
316.3572	240.5953
317.3810	240.5953
317.3810	240.0834
318.4048	240.0834
318.4048	239.5715
319.4286	239.5715
319.4286	239.0596
319.9405	239.0596
319.9405	238.5477
320.9643	238.5477
320.9643	238.0358
321.9882	238.0358
321.9882	237.5239
322.5001	237.5239
322.5001	237.0119
323.0120	237.0119
323.0120	236.5000
323.5239	236.5000
323.5239	235.9881
324.0358	235.9881
324.0358	235.4762
324.5477	235.4762
324.5477	234.4524
325.0596	234.4524
325.0596	233.4286
325.5715	233.4286
325.5715	231.8929
326.0834	231.8929
326.0834	229.3334
326.5953	229.3334
326.5953	226.7739
327.1072	226.7739
327.1072	222.6786
326.5953	222.6786
326.5953	221.6548
327.1072	221.6548
327.1072	220.6310
327.6191	220.6310
327.6191	220.1191
328.1310	220.1191
328.1310	219.6072
328.6429	219.6072
328.6429	219.0953
329.1548	219.0953
329.1548	218.5834
329.6667	218.5834
329.6667	218.0715
330.1786	218.0715
330.1786	217.5596
330.6905	217.5596
330.6905	216.5358
331.2024	216.5358
331.2024	216.0239
335.8096	216.0239
335.8096	215.5119
338.3691	215.5119
338.3691	215.0000
339.9048	215.0000
