357.3096	211.9286
358.3334	211.9286
358.3334	212.4405
359.8691	212.4405
359.8691	212.9524
362.4286	212.9524
362.4286	213.4643
367.5477	213.4643
367.5477	213.9762
371.1310	213.9762
371.1310	214.4881
372.6667	214.4881
372.6667	215.0000
373.1786	215.0000
373.1786	215.5119
374.2025	215.5119
374.2025	216.0239
375.2263	216.0239
375.2263	216.5358
376.2501	216.5358
376.2501	217.0477
377.7858	217.0477
377.7858	217.5596
380.3453	217.5596
380.3453	218.0715
383.9286	218.0715
383.9286	218.5834
385.4644	218.5834
385.4644	219.0953
388.0239	219.0953
388.0239	219.6072
390.5834	219.6072
390.5834	220.1191
395.7025	220.1191
395.7025	220.6310
399.2858	220.6310
399.2858	221.1429
403.3810	221.1429
403.3810	221.6548
405.9406	221.6548
405.9406	222.1667
407.4763	222.1667
407.4763	222.6786
409.0120	222.6786
409.0120	223.1905
411.0596	223.1905
411.0596	223.7024
412.0834	223.7024
412.0834	224.2143
413.1072	224.2143
413.1072	224.7262
413.6191	224.7262
413.6191	225.2381
414.1310	225.2381
414.1310	225.7500
414.6429	225.7500
414.6429	226.2619
415.1548	226.2619
415.1548	226.7739
415.6667	226.7739
415.6667	227.2858
416.1787	227.2858
416.1787	227.7977
416.6906	227.7977
416.6906	228.3096
417.7144	228.3096
417.7144	228.8215
418.2263	228.8215
418.2263	229.8453
418.7382	229.8453
418.7382	230.3572
419.2501	230.3572
419.2501	230.8691
419.7620	230.8691
419.7620	231.8929
420.2739	231.8929
420.2739	232.9167
420.7858	232.9167
420.7858	233.9405
421.2977	233.9405
421.2977	234.4524
421.8096	234.4524
421.8096	234.9643
422.3215	234.9643
422.3215	235.4762
422.8334	235.4762
422.8334	235.9881
423.3453	235.9881
423.3453	237.5239
423.8572	237.5239
423.8572	238.5477
424.3691	238.5477
424.3691	239.5715
424.8810	239.5715
424.8810	240.5953
425.3929	240.5953
425.3929	241.6191
425.9048	241.6191
425.9048	242.6429
426.4167	242.6429
426.4167	243.6667
426.9287	243.6667
426.9287	245.2024
427.4406	245.2024
427.4406	246.2262
427.9525	246.2262
427.9525	249.2977
428.4644	249.2977
428.4644	255.4405
428.9763	255.4405
428.9763	262.0953
428.4644	262.0953
428.4644	263.1191
427.9525	263.1191
427.9525	263.6310
427.4406	263.6310
427.4406	264.1429
426.9287	264.1429
426.9287	265.1667
426.4167	265.1667
426.4167	266.1905
425.9048	266.1905
425.9048	267.2143
425.3929	267.2143
425.3929	268.2381
424.8810	268.2381
424.8810	269.2620
424.3691	269.2620
424.3691	270.7977
423.8572	270.7977
423.8572	272.3334
423.3453	272.3334
423.3453	272.8453
422.8334	272.8453
422.8334	273.3572
422.3215	273.3572
422.3215	274.3810
421.8096	274.3810
421.8096	274.8929
421.2977	274.8929
421.2977	275.4048
420.7858	275.4048
420.7858	275.9167
420.2739	275.9167
420.2739	276.4286
419.7620	276.4286
419.7620	276.9405
419.2501	276.9405
419.2501	277.9643
418.7382	277.9643
418.7382	278.4762
418.2263	278.4762
418.2263	278.9881
417.7144	278.9881
417.7144	279.5001
417.2025	279.5001
417.2025	280.0120
416.6906	280.0120
416.6906	280.5239
416.1787	280.5239
416.1787	281.0358
415.6667	281.0358
415.6667	281.5477
415.1548	281.5477
415.1548	282.0596
414.6429	282.0596
414.6429	282.5715
414.1310	282.5715
414.1310	283.0834
413.6191	283.0834
413.6191	283.5953
413.1072	283.5953
413.1072	284.1072
412.5953	284.1072
412.5953	284.6191
411.0596	284.6191
411.0596	285.1310
410.0358	285.1310
410.0358	285.6429
409.0120	285.6429
409.0120	286.1548
407.9882	286.1548
407.9882	286.6667
406.9644	286.6667
406.9644	287.1786
405.9406	287.1786
405.9406	287.6905
405.4286	287.6905
405.4286	288.2024
404.9167	288.2024
404.9167	288.7143
404.4048	288.7143
404.4048	289.2262
403.8929	289.2262
403.8929	289.7382
403.3810	289.7382
403.3810	290.7620
402.8691	290.7620
402.8691	291.7858
402.3572	291.7858
402.3572	294.3453
401.8453	294.3453
401.8453	300.4882
402.3572	300.4882
402.3572	303.0477
401.8453	303.0477
401.8453	304.0715
401.3334	304.0715
401.3334	305.0953
400.8215	305.0953
400.8215	307.6548
400.3096	307.6548
400.3096	309.7024
399.7977	309.7024
399.7977	310.7262
399.2858	310.7262
399.2858	311.2382
398.7739	311.2382
398.7739	312.2620
398.2620	312.2620
398.2620	313.2858
397.7501	313.2858
397.7501	314.3096
397.2382	314.3096
397.2382	315.3334
396.7263	315.3334
396.7263	315.8453
396.2144	315.8453
396.2144	316.3572
395.7025	316.3572
395.7025	316.8691
395.1906	316.8691
395.1906	317.3810
394.6786	317.3810
394.6786	318.4048
394.1667	318.4048
394.1667	318.9167
393.6548	318.9167
393.6548	319.9405
392.6310	319.9405
392.6310	320.4524
391.6072	320.4524
391.6072	320.9643
391.0953	320.9643
391.0953	321.4763
390.0715	321.4763
390.0715	321.9882
389.5596	321.9882
389.5596	322.5001
389.0477	322.5001
389.0477	323.0120
388.0239	323.0120
388.0239	323.5239
387.5120	323.5239
387.5120	324.0358
387.0001	324.0358
387.0001	324.5477
386.4882	324.5477
386.4882	325.0596
385.9763	325.0596
385.9763	325.5715
385.4644	325.5715
385.4644	326.0834
384.9525	326.0834
384.9525	326.5953
384.4405	326.5953
384.4405	327.1072
383.4167	327.1072
383.4167	327.6191
382.9048	327.6191
382.9048	328.1310
381.8810	328.1310
381.8810	328.6429
381.3691	328.6429
381.3691	329.1548
380.3453	329.1548
380.3453	329.6667
377.7858	329.6667
377.7858	330.1786
376.2501	330.1786
376.2501	329.6667
375.7382	329.6667
375.7382	328.1310
375.2263	328.1310
375.2263	327.1072
374.7144	327.1072
374.7144	323.5239
374.2025	323.5239
374.2025	320.9643
373.6905	320.9643
373.6905	319.9405
373.1786	319.9405
373.1786	318.9167
372.6667	318.9167
372.6667	318.4048
372.1548	318.4048
372.1548	317.8929
371.6429	317.8929
371.6429	317.3810
371.1310	317.3810
371.1310	316.8691
370.6191	316.8691
370.6191	316.3572
370.1072	316.3572
370.1072	315.8453
369.0834	315.8453
369.0834	315.3334
368.0596	315.3334
368.0596	314.8215
365.5001	314.8215
365.5001	314.3096
364.9882	314.3096
364.9882	313.7977
363.9644	313.7977
363.9644	313.2858
362.9405	313.2858
362.9405	312.7739
360.3810	312.7739
360.3810	312.2620
357.8215	312.2620
357.8215	312.7739
355.2620	312.7739
355.2620	313.2858
354.2382	313.2858
354.2382	313.7977
353.2144	313.7977
353.2144	314.3096
352.7024	314.3096
352.7024	314.8215
352.1905	314.8215
352.1905	315.3334
351.6786	315.3334
351.6786	315.8453
351.1667	315.8453
351.1667	316.3572
350.6548	316.3572
350.6548	315.8453
348.0953	315.8453
348.0953	315.3334
344.5120	315.3334
344.5120	315.8453
341.9524	315.8453
341.9524	316.3572
340.9286	316.3572
340.9286	316.8691
339.9048	316.8691
339.9048	317.3810
339.3929	317.3810
339.3929	317.8929
338.8810	317.8929
338.8810	318.4048
338.3691	318.4048
338.3691	318.9167
337.8572	318.9167
337.8572	319.4286
336.8334	319.4286
336.8334	318.9167
336.3215	318.9167
336.3215	318.4048
335.8096	318.4048
335.8096	317.8929
334.7858	317.8929
334.7858	317.3810
333.7620	317.3810
333.7620	316.8691
333.2501	316.8691
333.2501	316.3572
332.7382	316.3572
332.7382	315.8453
332.2263	315.8453
332.2263	315.3334
331.2024	315.3334
331.2024	314.8215
330.6905	314.8215
330.6905	314.3096
329.6667	314.3096
329.6667	313.7977
329.1548	313.7977
329.1548	312.7739
328.6429	312.7739
328.6429	312.2620
328.1310	312.2620
328.1310	311.7501
327.6191	311.7501
327.6191	310.7262
327.1072	310.7262
327.1072	309.7024
326.5953	309.7024
326.5953	309.1905
326.0834	309.1905
326.0834	308.6786
325.5715	308.6786
325.5715	307.6548
325.0596	307.6548
325.0596	306.6310
324.5477	306.6310
324.5477	306.1191
324.0358	306.1191
324.0358	305.0953
323.5239	305.0953
323.5239	304.0715
323.0120	304.0715
323.0120	301.0001
322.5001	301.0001
322.5001	298.4405
321.9882	298.4405
321.9882	297.4167
321.4763	297.4167
321.4763	291.7858
321.9882	291.7858
321.9882	286.1548
321.4763	286.1548
321.4763	283.5953
320.9643	283.5953
320.9643	282.5715
320.4524	282.5715
320.4524	281.0358
319.9405	281.0358
319.9405	278.9881
320.4524	278.9881
320.4524	275.9167
320.9643	275.9167
320.9643	274.8929
321.4763	274.8929
321.4763	273.8691
321.9882	273.8691
321.9882	271.3096
322.5001	271.3096
322.5001	268.7501
321.9882	268.7501
321.9882	266.1905
321.4763	266.1905
321.4763	265.1667
320.9643	265.1667
320.9643	262.0953
321.4763	262.0953
321.4763	259.0239
320.9643	259.0239
320.9643	256.4643
320.4524	256.4643
320.4524	255.4405
319.9405	255.4405
319.9405	254.4167
319.4286	254.4167
319.4286	253.9048
318.9167	253.9048
318.9167	253.3929
318.4048	253.3929
318.4048	252.8810
317.8929	252.8810
317.8929	252.3691
317.3810	252.3691
317.3810	251.8572
316.8691	251.8572
316.8691	251.3453
315.8453	251.3453
315.8453	249.8096
316.3572	249.8096
316.3572	248.7858
316.8691	248.7858
316.8691	247.2500
317.3810	247.2500
317.3810	246.7381
317.8929	246.7381
317.8929	245.7143
318.4048	245.7143
318.4048	244.6905
318.9167	244.6905
318.9167	242.1310
319.4286	242.1310
319.4286	241.6191
319.9405	241.6191
319.9405	241.1072
320.4524	241.1072
320.4524	240.5953
320.9643	240.5953
320.9643	239.5715
321.4763	239.5715
321.4763	238.5477
321.9882	238.5477
321.9882	238.0358
322.5001	238.0358
322.5001	237.0119
323.0120	237.0119
323.0120	235.9881
323.5239	235.9881
323.5239	234.4524
324.0358	234.4524
324.0358	233.9405
324.5477	233.9405
324.5477	233.4286
325.0596	233.4286
325.0596	232.9167
325.5715	232.9167
325.5715	232.4048
326.0834	232.4048
326.0834	231.3810
326.5953	231.3810
326.5953	230.8691
327.1072	230.8691
327.1072	230.3572
327.6191	230.3572
327.6191	229.8453
328.1310	229.8453
328.1310	228.8215
328.6429	228.8215
328.6429	228.3096
329.1548	228.3096
329.1548	227.7977
329.6667	227.7977
329.6667	226.7739
330.1786	226.7739
330.1786	226.2619
330.6905	226.2619
330.6905	225.7500
331.7143	225.7500
331.7143	225.2381
332.2263	225.2381
332.2263	224.7262
332.7382	224.7262
332.7382	224.2143
333.7620	224.2143
333.7620	223.7024
334.2739	223.7024
334.2739	223.1905
334.7858	223.1905
334.7858	222.6786
335.2977	222.6786
335.2977	222.1667
335.8096	222.1667
335.8096	221.6548
336.3215	221.6548
336.3215	221.1429
336.8334	221.1429
336.8334	220.1191
337.3453	220.1191
337.3453	219.0953
337.8572	219.0953
337.8572	217.5596
340.4167	217.5596
340.4167	217.0477
342.4644	217.0477
342.4644	216.5358
343.4882	216.5358
343.4882	216.0239
344.5120	216.0239
344.5120	215.5119
345.5358	215.5119
345.5358	215.0000
346.5596	215.0000
346.5596	215.5119
349.1191	215.5119
349.1191	215.0000
351.6786	215.0000
351.6786	214.4881
352.7024	214.4881
352.7024	213.9762
353.7263	213.9762
353.7263	213.4643
354.2382	213.4643
354.2382	212.9524
354.7501	212.9524
354.7501	212.4405
355.2620	212.4405
355.2620	211.9286
356.2858	211.9286
356.2858	211.4167
357.3096	211.4167
