363.9644	221.1429
364.9882	221.1429
364.9882	221.6548
365.5001	221.6548
365.5001	222.1667
366.0120	222.1667
366.0120	222.6786
366.5239	222.6786
366.5239	223.1905
367.0358	223.1905
367.0358	223.7024
368.0596	223.7024
368.0596	224.2143
369.0834	224.2143
369.0834	224.7262
371.6429	224.7262
371.6429	225.2381
376.2501	225.2381
376.2501	224.7262
377.7858	224.7262
377.7858	225.2381
378.2977	225.2381
378.2977	225.7500
378.8096	225.7500
378.8096	226.2619
379.3215	226.2619
379.3215	226.7739
380.3453	226.7739
380.3453	227.2858
380.8572	227.2858
380.8572	230.8691
381.3691	230.8691
381.3691	233.4286
381.8810	233.4286
381.8810	234.4524
382.3929	234.4524
382.3929	235.4762
382.9048	235.4762
382.9048	235.9881
383.4167	235.9881
383.4167	238.0358
383.9286	238.0358
383.9286	241.1072
384.4405	241.1072
384.4405	243.6667
384.9525	243.6667
384.9525	244.6905
385.4644	244.6905
385.4644	245.7143
385.9763	245.7143
385.9763	246.2262
386.4882	246.2262
386.4882	246.7381
387.0001	246.7381
387.0001	247.2500
387.5120	247.2500
387.5120	247.7620
388.0239	247.7620
388.0239	248.2739
388.5358	248.2739
388.5358	249.2977
388.0239	249.2977
388.0239	251.8572
387.5120	251.8572
387.5120	255.4405
387.0001	255.4405
387.0001	260.5596
386.4882	260.5596
386.4882	261.5834
385.9763	261.5834
385.9763	262.0953
385.4644	262.0953
385.4644	263.1191
384.9525	263.1191
384.9525	264.1429
384.4405	264.1429
384.4405	266.1905
383.9286	266.1905
383.9286	268.7501
383.4167	268.7501
383.4167	272.8453
382.9048	272.8453
382.9048	273.3572
382.3929	273.3572
382.3929	274.3810
381.8810	274.3810
381.8810	275.4048
381.3691	275.4048
381.3691	277.9643
380.8572	277.9643
380.8572	283.5953
380.3453	283.5953
380.3453	284.6191
379.8334	284.6191
379.8334	285.6429
378.2977	285.6429
378.2977	286.1548
374.7144	286.1548
374.7144	286.6667
372.1548	286.6667
372.1548	287.1786
371.1310	287.1786
371.1310	287.6905
370.1072	287.6905
370.1072	288.2024
369.5953	288.2024
369.5953	288.7143
369.0834	288.7143
369.0834	289.2262
368.5715	289.2262
368.5715	289.7382
368.0596	289.7382
368.0596	290.2501
367.5477	290.2501
367.5477	291.2739
366.5239	291.2739
366.5239	291.7858
363.4525	291.7858
363.4525	292.2977
362.4286	292.2977
362.4286	291.7858
361.4048	291.7858
361.4048	291.2739
360.8929	291.2739
360.8929	290.7620
360.3810	290.7620
360.3810	290.2501
359.3572	290.2501
359.3572	289.7382
358.3334	289.7382
358.3334	289.2262
355.7739	289.2262
355.7739	288.7143
353.2144	288.7143
353.2144	288.2024
346.5596	288.2024
346.5596	287.6905
343.4882	287.6905
343.4882	288.2024
342.9763	288.2024
342.9763	287.6905
339.9048	287.6905
339.9048	288.2024
338.3691	288.2024
338.3691	287.6905
337.8572	287.6905
337.8572	287.1786
337.3453	287.1786
337.3453	286.6667
336.8334	286.6667
336.8334	286.1548
335.8096	286.1548
335.8096	285.6429
334.7858	285.6429
334.7858	285.1310
332.7382	285.1310
332.7382	284.6191
330.1786	284.6191
330.1786	284.1072
329.6667	284.1072
329.6667	283.5953
328.6429	283.5953
328.6429	283.0834
327.6191	283.0834
327.6191	282.5715
325.5715	282.5715
325.5715	281.5477
325.0596	281.5477
325.0596	277.9643
324.5477	277.9643
324.5477	275.4048
324.0358	275.4048
324.0358	274.3810
323.5239	274.3810
323.5239	272.8453
324.0358	272.8453
324.0358	272.3334
324.5477	272.3334
324.5477	271.8215
325.0596	271.8215
325.0596	271.3096
325.5715	271.3096
325.5715	270.7977
326.0834	270.7977
326.0834	270.2858
326.5953	270.2858
326.5953	269.2620
327.1072	269.2620
327.1072	268.2381
327.6191	268.2381
327.6191	265.6786
328.1310	265.6786
328.1310	263.1191
328.6429	263.1191
328.6429	262.0953
329.1548	262.0953
329.1548	259.5358
329.6667	259.5358
329.6667	255.4405
329.1548	255.4405
329.1548	252.8810
328.6429	252.8810
328.6429	251.8572
329.1548	251.8572
329.1548	251.3453
329.6667	251.3453
329.6667	250.8334
330.1786	250.8334
330.1786	250.3215
330.6905	250.3215
330.6905	249.8096
331.2024	249.8096
331.2024	249.2977
331.7143	249.2977
331.7143	248.7858
332.2263	248.7858
332.2263	247.7620
332.7382	247.7620
332.7382	247.2500
334.2739	247.2500
334.2739	246.7381
335.2977	246.7381
335.2977	246.2262
336.3215	246.2262
336.3215	245.7143
336.8334	245.7143
336.8334	245.2024
337.3453	245.2024
337.3453	244.6905
337.8572	244.6905
337.8572	244.1786
338.3691	244.1786
338.3691	243.6667
338.8810	243.6667
338.8810	243.1548
339.3929	243.1548
339.3929	242.6429
339.9048	242.6429
339.9048	241.6191
340.4167	241.6191
340.4167	240.5953
340.9286	240.5953
340.9286	239.0596
341.4405	239.0596
341.4405	236.5000
341.9524	236.5000
341.9524	235.4762
342.4644	235.4762
342.4644	234.4524
342.9763	234.4524
342.9763	231.8929
343.4882	231.8929
343.4882	229.3334
344.0001	229.3334
344.0001	228.8215
346.5596	228.8215
346.5596	228.3096
347.5834	228.3096
347.5834	227.7977
348.6072	227.7977
348.6072	227.2858
349.6310	227.2858
349.6310	226.7739
350.1429	226.7739
350.1429	226.2619
353.2144	226.2619
353.2144	225.7500
355.7739	225.7500
355.7739	225.2381
356.7977	225.2381
356.7977	224.7262
357.8215	224.7262
357.8215	224.2143
358.3334	224.2143
358.3334	223.7024
358.8453	223.7024
358.8453	223.1905
359.3572	223.1905
359.3572	222.6786
360.3810	222.6786
360.3810	222.1667
360.8929	222.1667
360.8929	221.6548
361.4048	221.6548
361.4048	221.1429
361.9167	221.1429
361.9167	220.6310
363.9644	220.6310
