391.0953	212.4405
396.2144	212.4405
396.2144	212.9524
397.7501	212.9524
397.7501	213.4643
399.2858	213.4643
399.2858	213.9762
400.3096	213.9762
400.3096	214.4881
401.8453	214.4881
401.8453	215.0000
402.3572	215.0000
402.3572	215.5119
402.8691	215.5119
402.8691	216.0239
403.8929	216.0239
403.8929	216.5358
404.9167	216.5358
404.9167	217.0477
405.4286	217.0477
405.4286	217.5596
405.9406	217.5596
405.9406	218.0715
406.4525	218.0715
406.4525	218.5834
406.9644	218.5834
406.9644	219.0953
407.9882	219.0953
407.9882	219.6072
408.5001	219.6072
408.5001	220.1191
409.0120	220.1191
409.0120	220.6310
409.5239	220.6310
409.5239	221.1429
410.0358	221.1429
410.0358	221.6548
410.5477	221.6548
410.5477	222.1667
411.0596	222.1667
411.0596	222.6786
411.5715	222.6786
411.5715	225.2381
412.0834	225.2381
412.0834	227.2858
412.5953	227.2858
412.5953	228.3096
413.1072	228.3096
413.1072	229.3334
413.6191	229.3334
413.6191	230.8691
414.1310	230.8691
414.1310	231.8929
414.6429	231.8929
414.6429	233.9405
415.1548	233.9405
415.1548	234.9643
415.6667	234.9643
415.6667	235.9881
416.1787	235.9881
416.1787	237.5239
416.6906	237.5239
416.6906	239.5715
417.2025	239.5715
417.2025	240.5953
417.7144	240.5953
417.7144	241.6191
418.2263	241.6191
418.2263	243.1548
418.7382	243.1548
418.7382	244.1786
419.2501	244.1786
419.2501	246.7381
419.7620	246.7381
419.7620	248.7858
420.2739	248.7858
420.2739	250.3215
420.7858	250.3215
420.7858	253.9048
421.2977	253.9048
421.2977	256.4643
421.8096	256.4643
421.8096	259.0239
422.3215	259.0239
422.3215	270.7977
422.8334	270.7977
422.8334	272.8453
422.3215	272.8453
422.3215	275.9167
421.8096	275.9167
421.8096	277.9643
421.2977	277.9643
421.2977	278.9881
420.7858	278.9881
420.7858	281.0358
420.2739	281.0358
420.2739	282.5715
419.7620	282.5715
419.7620	284.1072
419.2501	284.1072
419.2501	285.1310
418.7382	285.1310
418.7382	286.1548
418.2263	286.1548
418.2263	287.1786
417.7144	287.1786
417.7144	288.2024
417.2025	288.2024
417.2025	289.2262
416.6906	289.2262
416.6906	290.2501
416.1787	290.2501
416.1787	291.7858
415.6667	291.7858
415.6667	292.2977
415.1548	292.2977
415.1548	292.8096
414.6429	292.8096
414.6429	293.8334
414.1310	293.8334
414.1310	294.3453
413.6191	294.3453
413.6191	294.8572
413.1072	294.8572
413.1072	295.8810
412.5953	295.8810
412.5953	296.3929
412.0834	296.3929
412.0834	296.9048
411.5715	296.9048
411.5715	297.4167
411.0596	297.4167
411.0596	298.4405
410.5477	298.4405
410.5477	299.4643
410.0358	299.4643
410.0358	300.4882
409.5239	300.4882
409.5239	301.5120
408.5001	301.5120
408.5001	302.0239
407.9882	302.0239
407.9882	302.5358
407.4763	302.5358
407.4763	303.0477
406.9644	303.0477
406.9644	303.5596
406.4525	303.5596
406.4525	304.0715
405.9406	304.0715
405.9406	304.5834
405.4286	304.5834
405.4286	305.0953
404.9167	305.0953
404.9167	305.6072
404.4048	305.6072
404.4048	306.1191
403.8929	306.1191
403.8929	306.6310
402.8691	306.6310
402.8691	307.1429
401.8453	307.1429
401.8453	307.6548
401.3334	307.6548
401.3334	308.1667
400.8215	308.1667
400.8215	308.6786
399.7977	308.6786
399.7977	309.1905
398.7739	309.1905
398.7739	309.7024
398.2620	309.7024
398.2620	310.2143
397.7501	310.2143
397.7501	310.7262
397.2382	310.7262
397.2382	311.2382
396.7263	311.2382
396.7263	311.7501
396.2144	311.7501
396.2144	312.2620
395.7025	312.2620
395.7025	312.7739
395.1906	312.7739
395.1906	313.2858
394.6786	313.2858
394.6786	313.7977
394.1667	313.7977
394.1667	314.3096
393.6548	314.3096
393.6548	314.8215
393.1429	314.8215
393.1429	315.3334
392.6310	315.3334
392.6310	316.3572
392.1191	316.3572
392.1191	316.8691
391.6072	316.8691
391.6072	317.3810
391.0953	317.3810
391.0953	317.8929
390.5834	317.8929
390.5834	318.4048
390.0715	318.4048
390.0715	318.9167
389.5596	318.9167
389.5596	319.9405
389.0477	319.9405
389.0477	320.4524
388.5358	320.4524
388.5358	320.9643
388.0239	320.9643
388.0239	321.9882
387.5120	321.9882
387.5120	322.5001
387.0001	322.5001
387.0001	323.0120
386.4882	323.0120
386.4882	323.5239
385.9763	323.5239
385.9763	324.0358
385.4644	324.0358
385.4644	325.0596
384.4405	325.0596
384.4405	325.5715
383.9286	325.5715
383.9286	326.0834
383.4167	326.0834
383.4167	326.5953
382.9048	326.5953
382.9048	327.1072
382.3929	327.1072
382.3929	327.6191
381.8810	327.6191
381.8810	328.1310
381.3691	328.1310
381.3691	328.6429
380.8572	328.6429
380.8572	329.1548
380.3453	329.1548
380.3453	329.6667
379.8334	329.6667
379.8334	330.1786
379.3215	330.1786
379.3215	330.6905
378.8096	330.6905
378.8096	331.2024
378.2977	331.2024
378.2977	331.7143
377.7858	331.7143
377.7858	332.2263
377.2739	332.2263
377.2739	333.2501
376.2501	333.2501
376.2501	333.7620
375.2263	333.7620
375.2263	334.2739
374.2025	334.2739
374.2025	334.7858
373.6905	334.7858
373.6905	335.2977
373.1786	335.2977
373.1786	335.8096
372.1548	335.8096
372.1548	336.3215
371.1310	336.3215
371.1310	336.8334
370.6191	336.8334
370.6191	337.3453
369.5953	337.3453
369.5953	337.8572
368.5715	337.8572
368.5715	338.3691
368.0596	338.3691
368.0596	338.8810
363.9644	338.8810
363.9644	339.3929
361.4048	339.3929
361.4048	339.9048
360.3810	339.9048
360.3810	340.4167
358.8453	340.4167
358.8453	339.9048
356.2858	339.9048
356.2858	339.3929
353.2144	339.3929
353.2144	339.9048
351.6786	339.9048
351.6786	338.3691
352.1905	338.3691
352.1905	337.8572
352.7024	337.8572
352.7024	336.8334
353.2144	336.8334
353.2144	335.8096
353.7263	335.8096
353.7263	333.2501
354.2382	333.2501
354.2382	330.1786
353.7263	330.1786
353.7263	327.6191
353.2144	327.6191
353.2144	326.5953
352.7024	326.5953
352.7024	325.5715
352.1905	325.5715
352.1905	325.0596
351.6786	325.0596
351.6786	324.5477
351.1667	324.5477
351.1667	324.0358
350.6548	324.0358
350.6548	323.5239
350.1429	323.5239
350.1429	323.0120
349.1191	323.0120
349.1191	322.5001
348.0953	322.5001
348.0953	321.9882
347.0715	321.9882
347.0715	321.4763
344.5120	321.4763
344.5120	320.9643
341.9524	320.9643
341.9524	321.4763
339.3929	321.4763
339.3929	321.9882
338.3691	321.9882
338.3691	322.5001
337.3453	322.5001
337.3453	323.0120
336.8334	323.0120
336.8334	323.5239
336.3215	323.5239
336.3215	324.0358
335.8096	324.0358
335.8096	324.5477
335.2977	324.5477
335.2977	325.0596
334.7858	325.0596
334.7858	326.0834
334.2739	326.0834
334.2739	327.1072
333.7620	327.1072
333.7620	328.6429
333.2501	328.6429
333.2501	331.2024
332.7382	331.2024
332.7382	332.2263
332.2263	332.2263
332.2263	333.2501
331.2024	333.2501
331.2024	332.7382
330.6905	332.7382
330.6905	331.7143
330.1786	331.7143
330.1786	330.6905
329.6667	330.6905
329.6667	330.1786
329.1548	330.1786
329.1548	329.6667
328.6429	329.6667
328.6429	329.1548
328.1310	329.1548
328.1310	328.6429
327.6191	328.6429
327.6191	328.1310
327.1072	328.1310
327.1072	327.1072
326.5953	327.1072
326.5953	326.0834
326.0834	326.0834
326.0834	325.0596
325.5715	325.0596
325.5715	324.0358
325.0596	324.0358
325.0596	323.0120
324.5477	323.0120
324.5477	322.5001
324.0358	322.5001
324.0358	319.9405
323.5239	319.9405
323.5239	317.3810
323.0120	317.3810
323.0120	315.8453
322.5001	315.8453
322.5001	314.8215
321.9882	314.8215
321.9882	313.7977
321.4763	313.7977
321.4763	312.7739
320.9643	312.7739
320.9643	312.2620
320.4524	312.2620
320.4524	311.7501
319.9405	311.7501
319.9405	311.2382
319.4286	311.2382
319.4286	310.7262
318.9167	310.7262
318.9167	310.2143
318.4048	310.2143
318.4048	309.7024
317.8929	309.7024
317.8929	308.1667
317.3810	308.1667
317.3810	303.0477
317.8929	303.0477
317.8929	302.0239
318.4048	302.0239
318.4048	299.4643
318.9167	299.4643
318.9167	296.3929
318.4048	296.3929
318.4048	293.8334
317.8929	293.8334
317.8929	292.8096
317.3810	292.8096
317.3810	291.7858
316.8691	291.7858
316.8691	291.2739
316.3572	291.2739
316.3572	290.7620
315.8453	290.7620
315.8453	290.2501
315.3334	290.2501
315.3334	289.7382
314.8215	289.7382
314.8215	289.2262
313.7977	289.2262
313.7977	288.2024
314.3096	288.2024
314.3096	287.1786
314.8215	287.1786
314.8215	284.6191
315.3334	284.6191
315.3334	279.5001
314.8215	279.5001
314.8215	271.3096
314.3096	271.3096
314.3096	270.2858
314.8215	270.2858
314.8215	269.7739
315.3334	269.7739
315.3334	269.2620
315.8453	269.2620
315.8453	268.2381
316.3572	268.2381
316.3572	267.2143
316.8691	267.2143
316.8691	264.6548
317.3810	264.6548
317.3810	260.0477
316.8691	260.0477
316.8691	257.4881
316.3572	257.4881
316.3572	256.4643
315.8453	256.4643
315.8453	255.4405
315.3334	255.4405
315.3334	254.9286
314.8215	254.9286
314.8215	252.8810
315.3334	252.8810
315.3334	250.3215
314.8215	250.3215
314.8215	247.7620
314.3096	247.7620
314.3096	247.2500
314.8215	247.2500
314.8215	246.2262
315.8453	246.2262
315.8453	245.7143
316.3572	245.7143
316.3572	245.2024
316.8691	245.2024
316.8691	244.6905
317.3810	244.6905
317.3810	244.1786
317.8929	244.1786
317.8929	243.6667
318.4048	243.6667
318.4048	243.1548
318.9167	243.1548
318.9167	242.6429
319.4286	242.6429
319.4286	241.6191
319.9405	241.6191
319.9405	240.5953
320.4524	240.5953
320.4524	238.0358
320.9643	238.0358
320.9643	235.4762
321.4763	235.4762
321.4763	231.3810
320.9643	231.3810
320.9643	228.8215
321.4763	228.8215
321.4763	226.2619
321.9882	226.2619
321.9882	225.2381
322.5001	225.2381
322.5001	224.2143
323.0120	224.2143
323.0120	221.6548
323.5239	221.6548
323.5239	217.0477
325.5715	217.0477
325.5715	218.0715
326.0834	218.0715
326.0834	218.5834
326.5953	218.5834
326.5953	219.0953
327.1072	219.0953
327.1072	219.6072
327.6191	219.6072
327.6191	220.1191
328.1310	220.1191
328.1310	220.6310
329.1548	220.6310
329.1548	221.1429
330.1786	221.1429
330.1786	221.6548
332.7382	221.6548
332.7382	222.1667
336.8334	222.1667
336.8334	221.6548
339.3929	221.6548
339.3929	221.1429
340.4167	221.1429
340.4167	220.6310
341.4405	220.6310
341.4405	220.1191
342.4644	220.1191
342.4644	219.6072
347.5834	219.6072
347.5834	219.0953
350.1429	219.0953
350.1429	218.5834
351.6786	218.5834
351.6786	218.0715
352.7024	218.0715
352.7024	217.5596
353.7263	217.5596
353.7263	217.0477
354.2382	217.0477
354.2382	216.5358
356.2858	216.5358
356.2858	217.0477
358.8453	217.0477
358.8453	216.5358
359.8691	216.5358
359.8691	217.0477
364.9882	217.0477
364.9882	216.5358
367.5477	216.5358
367.5477	216.0239
368.5715	216.0239
368.5715	215.5119
369.5953	215.5119
369.5953	215.0000
370.1072	215.0000
370.1072	214.4881
371.1310	214.4881
371.1310	215.0000
374.7144	215.0000
374.7144	214.4881
377.7858	214.4881
377.7858	213.9762
382.3929	213.9762
382.3929	213.4643
385.4644	213.4643
385.4644	212.9524
388.0239	212.9524
388.0239	212.4405
389.0477	212.4405
389.0477	211.9286
391.0953	211.9286
