363.9644	220.6310
364.9882	220.6310
364.9882	221.6548
365.5001	221.6548
365.5001	222.1667
366.0120	222.1667
366.0120	222.6786
366.5239	222.6786
366.5239	223.1905
367.0358	223.1905
367.0358	223.7024
367.5477	223.7024
367.5477	224.2143
368.5715	224.2143
368.5715	224.7262
369.5953	224.7262
369.5953	225.2381
372.1548	225.2381
372.1548	225.7500
376.2501	225.7500
376.2501	226.2619
376.7620	226.2619
376.7620	226.7739
377.7858	226.7739
377.7858	227.2858
378.2977	227.2858
378.2977	227.7977
378.8096	227.7977
378.8096	228.3096
379.3215	228.3096
379.3215	228.8215
379.8334	228.8215
379.8334	231.8929
380.3453	231.8929
380.3453	234.4524
380.8572	234.4524
380.8572	235.4762
381.3691	235.4762
381.3691	236.5000
381.8810	236.5000
381.8810	237.5239
382.3929	237.5239
382.3929	240.0834
382.9048	240.0834
382.9048	242.1310
383.4167	242.1310
383.4167	243.1548
383.9286	243.1548
383.9286	244.1786
384.4405	244.1786
384.4405	244.6905
384.9525	244.6905
384.9525	245.2024
385.4644	245.2024
385.4644	245.7143
385.9763	245.7143
385.9763	246.2262
386.4882	246.2262
386.4882	246.7381
387.0001	246.7381
387.0001	247.2500
388.0239	247.2500
388.0239	248.2739
387.5120	248.2739
387.5120	250.8334
387.0001	250.8334
387.0001	254.9286
386.4882	254.9286
386.4882	258.0000
385.9763	258.0000
385.9763	258.5120
385.4644	258.5120
385.4644	259.5358
384.9525	259.5358
384.9525	260.5596
384.4405	260.5596
384.4405	263.1191
383.9286	263.1191
383.9286	267.2143
383.4167	267.2143
383.4167	272.3334
382.9048	272.3334
382.9048	272.8453
382.3929	272.8453
382.3929	273.8691
381.8810	273.8691
381.8810	274.8929
381.3691	274.8929
381.3691	277.4524
380.8572	277.4524
380.8572	280.0120
380.3453	280.0120
380.3453	281.0358
379.8334	281.0358
379.8334	283.5953
379.3215	283.5953
379.3215	285.1310
378.8096	285.1310
378.8096	285.6429
376.2501	285.6429
376.2501	286.1548
374.2025	286.1548
374.2025	286.6667
373.1786	286.6667
373.1786	287.1786
372.1548	287.1786
372.1548	287.6905
371.6429	287.6905
371.6429	288.2024
371.1310	288.2024
371.1310	288.7143
370.6191	288.7143
370.6191	289.2262
370.1072	289.2262
370.1072	289.7382
369.5953	289.7382
369.5953	290.7620
369.0834	290.7620
369.0834	291.7858
368.5715	291.7858
368.5715	292.8096
368.0596	292.8096
368.0596	293.8334
367.5477	293.8334
367.5477	294.3453
366.5239	294.3453
366.5239	293.8334
365.5001	293.8334
365.5001	293.3215
364.4763	293.3215
364.4763	292.8096
362.9405	292.8096
362.9405	292.2977
361.9167	292.2977
361.9167	291.7858
359.8691	291.7858
359.8691	291.2739
358.8453	291.2739
358.8453	290.7620
356.2858	290.7620
356.2858	290.2501
349.1191	290.2501
349.1191	290.7620
348.0953	290.7620
348.0953	290.2501
341.4405	290.2501
341.4405	289.7382
340.9286	289.7382
340.9286	289.2262
340.4167	289.2262
340.4167	288.7143
339.3929	288.7143
339.3929	288.2024
338.3691	288.2024
338.3691	287.6905
336.8334	287.6905
336.8334	287.1786
336.3215	287.1786
336.3215	286.6667
335.8096	286.6667
335.8096	286.1548
334.7858	286.1548
334.7858	285.6429
333.7620	285.6429
333.7620	285.1310
331.7143	285.1310
331.7143	284.6191
329.1548	284.6191
329.1548	284.1072
328.6429	284.1072
328.6429	283.5953
328.1310	283.5953
328.1310	283.0834
327.6191	283.0834
327.6191	282.0596
327.1072	282.0596
327.1072	280.0120
326.5953	280.0120
326.5953	278.9881
326.0834	278.9881
326.0834	277.9643
325.5715	277.9643
325.5715	276.9405
325.0596	276.9405
325.0596	275.9167
324.5477	275.9167
324.5477	274.8929
324.0358	274.8929
324.0358	274.3810
323.5239	274.3810
323.5239	273.8691
323.0120	273.8691
323.0120	273.3572
322.5001	273.3572
322.5001	272.8453
321.9882	272.8453
321.9882	272.3334
320.9643	272.3334
320.9643	269.7739
321.9882	269.7739
321.9882	269.2620
322.5001	269.2620
322.5001	268.7501
323.0120	268.7501
323.0120	268.2381
323.5239	268.2381
323.5239	267.7262
324.0358	267.7262
324.0358	267.2143
324.5477	267.2143
324.5477	266.1905
325.0596	266.1905
325.0596	265.1667
325.5715	265.1667
325.5715	263.1191
326.0834	263.1191
326.0834	262.0953
326.5953	262.0953
326.5953	259.5358
327.1072	259.5358
327.1072	254.9286
326.5953	254.9286
326.5953	253.9048
327.1072	253.9048
327.1072	249.8096
326.5953	249.8096
326.5953	249.2977
327.6191	249.2977
327.6191	248.7858
328.1310	248.7858
328.1310	248.2739
328.6429	248.2739
328.6429	247.7620
329.1548	247.7620
329.1548	247.2500
329.6667	247.2500
329.6667	246.7381
330.1786	246.7381
330.1786	245.7143
330.6905	245.7143
330.6905	244.6905
331.2024	244.6905
331.2024	244.1786
331.7143	244.1786
331.7143	243.1548
332.2263	243.1548
332.2263	242.6429
333.2501	242.6429
333.2501	242.1310
333.7620	242.1310
333.7620	241.6191
334.2739	241.6191
334.2739	241.1072
334.7858	241.1072
334.7858	240.5953
335.2977	240.5953
335.2977	240.0834
335.8096	240.0834
335.8096	239.5715
336.3215	239.5715
336.3215	239.0596
337.3453	239.0596
337.3453	238.5477
338.3691	238.5477
338.3691	238.0358
338.8810	238.0358
338.8810	237.5239
339.3929	237.5239
339.3929	237.0119
339.9048	237.0119
339.9048	236.5000
340.4167	236.5000
340.4167	235.9881
340.9286	235.9881
340.9286	235.4762
341.4405	235.4762
341.4405	234.4524
341.9524	234.4524
341.9524	233.4286
342.4644	233.4286
342.4644	232.9167
342.9763	232.9167
342.9763	231.8929
343.4882	231.8929
343.4882	230.8691
344.0001	230.8691
344.0001	228.3096
346.0477	228.3096
346.0477	227.7977
347.0715	227.7977
347.0715	227.2858
348.0953	227.2858
348.0953	226.7739
348.6072	226.7739
348.6072	226.2619
349.1191	226.2619
349.1191	225.7500
349.6310	225.7500
349.6310	225.2381
352.7024	225.2381
352.7024	224.7262
355.2620	224.7262
355.2620	224.2143
356.2858	224.2143
356.2858	223.7024
357.3096	223.7024
357.3096	223.1905
357.8215	223.1905
357.8215	222.6786
358.3334	222.6786
358.3334	222.1667
358.8453	222.1667
358.8453	221.6548
359.8691	221.6548
359.8691	221.1429
360.8929	221.1429
360.8929	220.6310
361.4048	220.6310
361.4048	220.1191
363.9644	220.1191
