366.0120	219.6072
367.0358	219.6072
367.0358	220.6310
367.5477	220.6310
367.5477	221.1429
368.0596	221.1429
368.0596	221.6548
368.5715	221.6548
368.5715	222.1667
369.0834	222.1667
369.0834	222.6786
369.5953	222.6786
369.5953	223.1905
370.1072	223.1905
370.1072	223.7024
371.1310	223.7024
371.1310	224.2143
372.1548	224.2143
372.1548	224.7262
374.7144	224.7262
374.7144	225.2381
377.2739	225.2381
377.2739	225.7500
378.2977	225.7500
378.2977	226.2619
379.8334	226.2619
379.8334	226.7739
380.3453	226.7739
380.3453	227.2858
380.8572	227.2858
380.8572	227.7977
381.3691	227.7977
381.3691	231.3810
381.8810	231.3810
381.8810	234.9643
382.3929	234.9643
382.3929	237.5239
382.9048	237.5239
382.9048	238.5477
382.3929	238.5477
382.3929	241.1072
381.8810	241.1072
381.8810	244.6905
382.3929	244.6905
382.3929	247.2500
382.9048	247.2500
382.9048	248.2739
383.4167	248.2739
383.4167	249.2977
383.9286	249.2977
383.9286	250.3215
384.4405	250.3215
384.4405	251.3453
384.9525	251.3453
384.9525	252.3691
385.4644	252.3691
385.4644	252.8810
385.9763	252.8810
385.9763	253.3929
385.4644	253.3929
385.4644	258.5120
385.9763	258.5120
385.9763	259.0239
385.4644	259.0239
385.4644	260.0477
384.9525	260.0477
384.9525	262.6072
384.4405	262.6072
384.4405	268.7501
384.9525	268.7501
384.9525	271.3096
384.4405	271.3096
384.4405	272.8453
383.9286	272.8453
383.9286	273.8691
383.4167	273.8691
383.4167	274.8929
382.9048	274.8929
382.9048	275.9167
382.3929	275.9167
382.3929	277.4524
381.8810	277.4524
381.8810	280.0120
381.3691	280.0120
381.3691	285.1310
380.8572	285.1310
380.8572	285.6429
380.3453	285.6429
380.3453	286.1548
379.8334	286.1548
379.8334	286.6667
379.3215	286.6667
379.3215	287.1786
376.7620	287.1786
376.7620	287.6905
375.7382	287.6905
375.7382	288.2024
374.7144	288.2024
374.7144	288.7143
374.2025	288.7143
374.2025	289.2262
373.6905	289.2262
373.6905	289.7382
373.1786	289.7382
373.1786	290.2501
372.6667	290.2501
372.6667	290.7620
372.1548	290.7620
372.1548	291.2739
371.6429	291.2739
371.6429	291.7858
371.1310	291.7858
371.1310	292.8096
370.6191	292.8096
370.6191	293.8334
370.1072	293.8334
370.1072	294.3453
369.0834	294.3453
369.0834	293.8334
368.0596	293.8334
368.0596	293.3215
367.0358	293.3215
367.0358	292.8096
366.0120	292.8096
366.0120	292.2977
363.9644	292.2977
363.9644	291.7858
361.4048	291.7858
361.4048	291.2739
355.7739	291.2739
355.7739	291.7858
353.2144	291.7858
353.2144	292.2977
352.1905	292.2977
352.1905	291.7858
350.1429	291.7858
350.1429	291.2739
349.6310	291.2739
349.6310	290.7620
348.6072	290.7620
348.6072	290.2501
347.5834	290.2501
347.5834	289.7382
345.0239	289.7382
345.0239	289.2262
338.8810	289.2262
338.8810	289.7382
336.3215	289.7382
336.3215	290.2501
335.2977	290.2501
335.2977	290.7620
333.2501	290.7620
333.2501	290.2501
332.7382	290.2501
332.7382	289.7382
331.7143	289.7382
331.7143	287.6905
332.2263	287.6905
332.2263	285.1310
331.7143	285.1310
331.7143	282.5715
331.2024	282.5715
331.2024	281.5477
330.6905	281.5477
330.6905	280.5239
330.1786	280.5239
330.1786	280.0120
329.6667	280.0120
329.6667	279.5001
329.1548	279.5001
329.1548	278.9881
328.6429	278.9881
328.6429	278.4762
328.1310	278.4762
328.1310	277.9643
327.6191	277.9643
327.6191	276.9405
327.1072	276.9405
327.1072	276.4286
326.5953	276.4286
326.5953	275.9167
326.0834	275.9167
326.0834	275.4048
325.5715	275.4048
325.5715	274.8929
325.0596	274.8929
325.0596	274.3810
324.0358	274.3810
324.0358	273.8691
323.0120	273.8691
323.0120	273.3572
323.5239	273.3572
323.5239	272.8453
324.0358	272.8453
324.0358	272.3334
324.5477	272.3334
324.5477	271.8215
325.0596	271.8215
325.0596	271.3096
325.5715	271.3096
325.5715	270.7977
326.0834	270.7977
326.0834	270.2858
326.5953	270.2858
326.5953	269.7739
327.1072	269.7739
327.1072	268.7501
327.6191	268.7501
327.6191	267.7262
328.1310	267.7262
328.1310	266.1905
328.6429	266.1905
328.6429	263.6310
329.1548	263.6310
329.1548	262.0953
329.6667	262.0953
329.6667	259.5358
330.1786	259.5358
330.1786	258.5120
330.6905	258.5120
330.6905	255.9524
331.2024	255.9524
331.2024	251.3453
330.6905	251.3453
330.6905	249.2977
331.2024	249.2977
331.2024	248.7858
331.7143	248.7858
331.7143	248.2739
332.2263	248.2739
332.2263	247.7620
332.7382	247.7620
332.7382	246.7381
333.2501	246.7381
333.2501	245.7143
333.7620	245.7143
333.7620	243.6667
336.3215	243.6667
336.3215	243.1548
337.3453	243.1548
337.3453	242.6429
338.3691	242.6429
338.3691	242.1310
338.8810	242.1310
338.8810	241.6191
339.3929	241.6191
339.3929	241.1072
339.9048	241.1072
339.9048	240.5953
340.4167	240.5953
340.4167	240.0834
340.9286	240.0834
340.9286	239.5715
341.4405	239.5715
341.4405	239.0596
341.9524	239.0596
341.9524	238.5477
342.4644	238.5477
342.4644	237.5239
342.9763	237.5239
342.9763	236.5000
343.4882	236.5000
343.4882	235.4762
344.0001	235.4762
344.0001	232.9167
344.5120	232.9167
344.5120	231.8929
345.0239	231.8929
345.0239	230.8691
345.5358	230.8691
345.5358	229.3334
346.0477	229.3334
346.0477	226.7739
347.0715	226.7739
347.0715	226.2619
349.6310	226.2619
349.6310	225.7500
350.6548	225.7500
350.6548	225.2381
351.6786	225.2381
351.6786	224.7262
352.7024	224.7262
352.7024	224.2143
353.7263	224.2143
353.7263	224.7262
356.2858	224.7262
356.2858	224.2143
358.8453	224.2143
358.8453	223.7024
359.8691	223.7024
359.8691	223.1905
360.8929	223.1905
360.8929	222.6786
361.4048	222.6786
361.4048	222.1667
361.9167	222.1667
361.9167	221.6548
362.4286	221.6548
362.4286	221.1429
362.9405	221.1429
362.9405	220.6310
363.4525	220.6310
363.4525	220.1191
363.9644	220.1191
363.9644	219.0953
366.0120	219.0953
