371.1310	217.5596
371.6429	217.5596
371.6429	218.0715
372.1548	218.0715
372.1548	218.5834
372.6667	218.5834
372.6667	219.0953
373.1786	219.0953
373.1786	219.6072
373.6905	219.6072
373.6905	220.1191
374.7144	220.1191
374.7144	220.6310
375.7382	220.6310
375.7382	221.1429
378.2977	221.1429
378.2977	221.6548
380.8572	221.6548
380.8572	222.1667
381.8810	222.1667
381.8810	222.6786
382.9048	222.6786
382.9048	223.1905
383.4167	223.1905
383.4167	223.7024
383.9286	223.7024
383.9286	224.2143
384.4405	224.2143
384.4405	225.2381
384.9525	225.2381
384.9525	226.2619
384.4405	226.2619
384.4405	228.8215
383.9286	228.8215
383.9286	233.9405
384.4405	233.9405
384.4405	239.5715
384.9525	239.5715
384.9525	242.1310
385.4644	242.1310
385.4644	243.1548
385.9763	243.1548
385.9763	244.1786
386.4882	244.1786
386.4882	244.6905
387.0001	244.6905
387.0001	245.2024
387.5120	245.2024
387.5120	245.7143
388.0239	245.7143
388.0239	247.2500
387.5120	247.2500
387.5120	249.8096
387.0001	249.8096
387.0001	252.8810
387.5120	252.8810
387.5120	255.4405
388.0239	255.4405
388.0239	256.4643
388.5358	256.4643
388.5358	258.5120
388.0239	258.5120
388.0239	266.7024
387.5120	266.7024
387.5120	269.2620
387.0001	269.2620
387.0001	272.3334
387.5120	272.3334
387.5120	274.8929
388.0239	274.8929
388.0239	275.9167
388.5358	275.9167
388.5358	276.9405
389.0477	276.9405
389.0477	277.9643
389.5596	277.9643
389.5596	278.9881
390.0715	278.9881
390.0715	280.0120
390.5834	280.0120
390.5834	282.0596
389.0477	282.0596
389.0477	282.5715
387.0001	282.5715
387.0001	283.0834
385.9763	283.0834
385.9763	283.5953
384.9525	283.5953
384.9525	284.1072
384.4405	284.1072
384.4405	284.6191
383.9286	284.6191
383.9286	285.1310
383.4167	285.1310
383.4167	285.6429
382.9048	285.6429
382.9048	286.1548
382.3929	286.1548
382.3929	286.6667
381.8810	286.6667
381.8810	287.1786
381.3691	287.1786
381.3691	288.2024
380.8572	288.2024
380.8572	289.2262
380.3453	289.2262
380.3453	291.7858
379.8334	291.7858
379.8334	294.8572
379.3215	294.8572
379.3215	295.8810
378.8096	295.8810
378.8096	296.3929
378.2977	296.3929
378.2977	296.9048
377.7858	296.9048
377.7858	297.4167
377.2739	297.4167
377.2739	297.9286
376.7620	297.9286
376.7620	298.4405
369.5953	298.4405
369.5953	298.9524
367.0358	298.9524
367.0358	299.4643
364.4763	299.4643
364.4763	299.9762
361.4048	299.9762
361.4048	299.4643
356.2858	299.4643
356.2858	298.9524
355.2620	298.9524
355.2620	298.4405
354.7501	298.4405
354.7501	297.9286
353.7263	297.9286
353.7263	297.4167
352.7024	297.4167
352.7024	296.9048
350.1429	296.9048
350.1429	296.3929
346.0477	296.3929
346.0477	295.8810
344.5120	295.8810
344.5120	295.3691
342.4644	295.3691
342.4644	294.8572
341.9524	294.8572
341.9524	294.3453
341.4405	294.3453
341.4405	293.8334
340.4167	293.8334
340.4167	293.3215
339.3929	293.3215
339.3929	292.8096
338.8810	292.8096
338.8810	291.7858
338.3691	291.7858
338.3691	291.2739
337.8572	291.2739
337.8572	290.2501
337.3453	290.2501
337.3453	289.2262
336.8334	289.2262
336.8334	288.2024
336.3215	288.2024
336.3215	287.6905
335.8096	287.6905
335.8096	287.1786
335.2977	287.1786
335.2977	284.6191
334.7858	284.6191
334.7858	283.5953
334.2739	283.5953
334.2739	282.5715
333.7620	282.5715
333.7620	282.0596
333.2501	282.0596
333.2501	280.0120
332.7382	280.0120
332.7382	278.9881
332.2263	278.9881
332.2263	277.9643
331.7143	277.9643
331.7143	276.9405
331.2024	276.9405
331.2024	275.9167
330.6905	275.9167
330.6905	275.4048
330.1786	275.4048
330.1786	274.8929
329.6667	274.8929
329.6667	274.3810
329.1548	274.3810
329.1548	273.8691
328.6429	273.8691
328.6429	273.3572
328.1310	273.3572
328.1310	272.8453
327.6191	272.8453
327.6191	272.3334
326.5953	272.3334
326.5953	271.8215
326.0834	271.8215
326.0834	270.7977
326.5953	270.7977
326.5953	266.1905
327.1072	266.1905
327.1072	259.5358
326.5953	259.5358
326.5953	255.9524
326.0834	255.9524
326.0834	254.9286
327.1072	254.9286
327.1072	254.4167
328.1310	254.4167
328.1310	253.9048
328.6429	253.9048
328.6429	253.3929
329.1548	253.3929
329.1548	252.8810
329.6667	252.8810
329.6667	252.3691
330.1786	252.3691
330.1786	251.8572
330.6905	251.8572
330.6905	250.8334
331.2024	250.8334
331.2024	249.8096
331.7143	249.8096
331.7143	248.2739
332.2263	248.2739
332.2263	247.7620
332.7382	247.7620
332.7382	246.7381
333.2501	246.7381
333.2501	246.2262
333.7620	246.2262
333.7620	245.7143
334.2739	245.7143
334.2739	245.2024
336.3215	245.2024
336.3215	244.6905
337.3453	244.6905
337.3453	244.1786
338.3691	244.1786
338.3691	243.6667
338.8810	243.6667
338.8810	243.1548
339.3929	243.1548
339.3929	242.6429
339.9048	242.6429
339.9048	242.1310
340.4167	242.1310
340.4167	241.6191
340.9286	241.6191
340.9286	241.1072
341.4405	241.1072
341.4405	240.0834
341.9524	240.0834
341.9524	239.0596
342.4644	239.0596
342.4644	238.0358
342.9763	238.0358
342.9763	235.4762
343.4882	235.4762
343.4882	233.4286
344.0001	233.4286
344.0001	232.9167
344.5120	232.9167
344.5120	232.4048
345.5358	232.4048
345.5358	231.8929
346.5596	231.8929
346.5596	231.3810
347.5834	231.3810
347.5834	230.8691
348.0953	230.8691
348.0953	230.3572
348.6072	230.3572
348.6072	229.8453
349.1191	229.8453
349.1191	229.3334
349.6310	229.3334
349.6310	228.8215
350.1429	228.8215
350.1429	228.3096
350.6548	228.3096
350.6548	227.7977
351.1667	227.7977
351.1667	227.2858
351.6786	227.2858
351.6786	226.7739
352.7024	226.7739
352.7024	226.2619
355.2620	226.2619
355.2620	225.7500
356.7977	225.7500
356.7977	225.2381
357.8215	225.2381
357.8215	224.7262
360.3810	224.7262
360.3810	224.2143
361.4048	224.2143
361.4048	223.7024
362.4286	223.7024
362.4286	223.1905
363.4525	223.1905
363.4525	222.6786
363.9644	222.6786
363.9644	222.1667
364.4763	222.1667
364.4763	221.6548
364.9882	221.6548
364.9882	221.1429
365.5001	221.1429
365.5001	220.6310
366.0120	220.6310
366.0120	219.6072
366.5239	219.6072
366.5239	219.0953
367.0358	219.0953
367.0358	218.5834
367.5477	218.5834
367.5477	217.5596
368.0596	217.5596
368.0596	216.5358
371.1310	216.5358
