346.5596	218.0715
351.6786	218.0715
351.6786	218.5834
353.2144	218.5834
353.2144	219.0953
354.7501	219.0953
354.7501	219.6072
356.7977	219.6072
356.7977	220.1191
358.3334	220.1191
358.3334	220.6310
359.3572	220.6310
359.3572	221.1429
361.4048	221.1429
361.4048	221.6548
363.9644	221.6548
363.9644	222.1667
365.5001	222.1667
365.5001	222.6786
366.5239	222.6786
366.5239	223.1905
367.5477	223.1905
367.5477	223.7024
370.1072	223.7024
370.1072	224.2143
371.1310	224.2143
371.1310	224.7262
372.6667	224.7262
372.6667	225.2381
374.2025	225.2381
374.2025	225.7500
375.7382	225.7500
375.7382	226.2619
377.2739	226.2619
377.2739	226.7739
378.8096	226.7739
378.8096	227.2858
379.8334	227.2858
379.8334	227.7977
380.8572	227.7977
380.8572	228.3096
382.3929	228.3096
382.3929	228.8215
384.9525	228.8215
384.9525	229.3334
385.4644	229.3334
385.4644	230.3572
385.9763	230.3572
385.9763	230.8691
386.4882	230.8691
386.4882	231.3810
387.0001	231.3810
387.0001	231.8929
387.5120	231.8929
387.5120	232.4048
388.0239	232.4048
388.0239	232.9167
388.5358	232.9167
388.5358	233.4286
389.0477	233.4286
389.0477	233.9405
389.5596	233.9405
389.5596	234.4524
390.0715	234.4524
390.0715	234.9643
391.0953	234.9643
391.0953	235.4762
392.1191	235.4762
392.1191	235.9881
392.6310	235.9881
392.6310	236.5000
393.1429	236.5000
393.1429	237.5239
393.6548	237.5239
393.6548	238.0358
394.1667	238.0358
394.1667	238.5477
394.6786	238.5477
394.6786	239.5715
395.1906	239.5715
395.1906	240.0834
395.7025	240.0834
395.7025	240.5953
396.2144	240.5953
396.2144	241.6191
396.7263	241.6191
396.7263	242.6429
397.2382	242.6429
397.2382	243.1548
397.7501	243.1548
397.7501	244.1786
398.2620	244.1786
398.2620	245.7143
398.7739	245.7143
398.7739	246.7381
399.2858	246.7381
399.2858	247.7620
399.7977	247.7620
399.7977	248.7858
400.3096	248.7858
400.3096	249.8096
400.8215	249.8096
400.8215	250.3215
401.3334	250.3215
401.3334	254.9286
401.8453	254.9286
401.8453	257.4881
402.3572	257.4881
402.3572	258.5120
402.8691	258.5120
402.8691	259.5358
403.3810	259.5358
403.3810	260.0477
403.8929	260.0477
403.8929	260.5596
404.4048	260.5596
404.4048	261.0715
404.9167	261.0715
404.9167	262.0953
405.4286	262.0953
405.4286	263.1191
405.9406	263.1191
405.9406	263.6310
406.4525	263.6310
406.4525	268.7501
405.9406	268.7501
405.9406	272.3334
406.4525	272.3334
406.4525	274.3810
405.9406	274.3810
405.9406	280.5239
405.4286	280.5239
405.4286	282.5715
404.9167	282.5715
404.9167	285.1310
404.4048	285.1310
404.4048	285.6429
403.8929	285.6429
403.8929	286.6667
403.3810	286.6667
403.3810	287.1786
402.8691	287.1786
402.8691	287.6905
402.3572	287.6905
402.3572	288.2024
401.8453	288.2024
401.8453	289.2262
401.3334	289.2262
401.3334	289.7382
400.3096	289.7382
400.3096	290.2501
399.7977	290.2501
399.7977	290.7620
398.7739	290.7620
398.7739	291.2739
397.7501	291.2739
397.7501	291.7858
396.7263	291.7858
396.7263	292.2977
396.2144	292.2977
396.2144	292.8096
395.1906	292.8096
395.1906	293.3215
394.6786	293.3215
394.6786	293.8334
392.1191	293.8334
392.1191	294.3453
389.5596	294.3453
389.5596	294.8572
388.0239	294.8572
388.0239	295.3691
387.0001	295.3691
387.0001	295.8810
384.4405	295.8810
384.4405	296.3929
381.8810	296.3929
381.8810	296.9048
380.8572	296.9048
380.8572	297.4167
378.8096	297.4167
378.8096	297.9286
374.7144	297.9286
374.7144	298.4405
371.6429	298.4405
371.6429	298.9524
369.0834	298.9524
369.0834	299.4643
368.0596	299.4643
368.0596	299.9762
367.0358	299.9762
367.0358	300.4882
366.5239	300.4882
366.5239	301.0001
366.0120	301.0001
366.0120	301.5120
365.5001	301.5120
365.5001	302.0239
364.9882	302.0239
364.9882	302.5358
364.4763	302.5358
364.4763	303.5596
363.9644	303.5596
363.9644	304.5834
362.4286	304.5834
362.4286	304.0715
361.9167	304.0715
361.9167	303.5596
361.4048	303.5596
361.4048	303.0477
360.3810	303.0477
360.3810	302.5358
359.3572	302.5358
359.3572	302.0239
358.8453	302.0239
358.8453	301.5120
358.3334	301.5120
358.3334	301.0001
357.8215	301.0001
357.8215	300.4882
357.3096	300.4882
357.3096	299.9762
356.7977	299.9762
356.7977	299.4643
355.7739	299.4643
355.7739	298.9524
354.7501	298.9524
354.7501	298.4405
353.2144	298.4405
353.2144	297.9286
350.6548	297.9286
350.6548	297.4167
349.6310	297.4167
349.6310	296.9048
347.0715	296.9048
347.0715	296.3929
341.9524	296.3929
341.9524	296.9048
340.4167	296.9048
340.4167	295.8810
339.9048	295.8810
339.9048	295.3691
339.3929	295.3691
339.3929	294.8572
338.8810	294.8572
338.8810	294.3453
338.3691	294.3453
338.3691	293.8334
337.8572	293.8334
337.8572	293.3215
337.3453	293.3215
337.3453	292.8096
336.8334	292.8096
336.8334	292.2977
335.8096	292.2977
335.8096	291.7858
334.7858	291.7858
334.7858	291.2739
333.7620	291.2739
333.7620	290.7620
332.7382	290.7620
332.7382	290.2501
332.2263	290.2501
332.2263	289.7382
331.7143	289.7382
331.7143	289.2262
330.6905	289.2262
330.6905	288.7143
330.1786	288.7143
330.1786	288.2024
329.6667	288.2024
329.6667	287.6905
328.6429	287.6905
328.6429	287.1786
328.1310	287.1786
328.1310	286.6667
327.6191	286.6667
327.6191	286.1548
327.1072	286.1548
327.1072	285.6429
326.0834	285.6429
326.0834	285.1310
325.5715	285.1310
325.5715	284.6191
325.0596	284.6191
325.0596	284.1072
324.5477	284.1072
324.5477	283.5953
324.0358	283.5953
324.0358	283.0834
323.5239	283.0834
323.5239	282.5715
323.0120	282.5715
323.0120	281.5477
322.5001	281.5477
322.5001	280.0120
321.9882	280.0120
321.9882	277.9643
321.4763	277.9643
321.4763	276.9405
320.9643	276.9405
320.9643	275.9167
320.4524	275.9167
320.4524	275.4048
319.9405	275.4048
319.9405	274.8929
319.4286	274.8929
319.4286	274.3810
318.9167	274.3810
318.9167	273.8691
318.4048	273.8691
318.4048	272.8453
317.8929	272.8453
317.8929	272.3334
317.3810	272.3334
317.3810	271.8215
316.8691	271.8215
316.8691	270.2858
316.3572	270.2858
316.3572	269.2620
315.8453	269.2620
315.8453	268.2381
315.3334	268.2381
315.3334	267.7262
314.8215	267.7262
314.8215	267.2143
314.3096	267.2143
314.3096	266.7024
313.7977	266.7024
313.7977	266.1905
313.2858	266.1905
313.2858	265.6786
312.2620	265.6786
312.2620	265.1667
311.7501	265.1667
311.7501	264.6548
311.2382	264.6548
311.2382	264.1429
310.7262	264.1429
310.7262	263.6310
310.2143	263.6310
310.2143	259.5358
310.7262	259.5358
310.7262	259.0239
311.2382	259.0239
311.2382	258.0000
311.7501	258.0000
311.7501	256.9762
312.2620	256.9762
312.2620	254.4167
312.7739	254.4167
312.7739	250.8334
313.2858	250.8334
313.2858	247.7620
313.7977	247.7620
313.7977	245.2024
314.3096	245.2024
314.3096	241.6191
314.8215	241.6191
314.8215	240.0834
315.3334	240.0834
315.3334	239.0596
315.8453	239.0596
315.8453	238.0358
316.3572	238.0358
316.3572	237.0119
316.8691	237.0119
316.8691	236.5000
317.3810	236.5000
317.3810	235.4762
317.8929	235.4762
317.8929	234.4524
318.4048	234.4524
318.4048	233.9405
318.9167	233.9405
318.9167	233.4286
319.4286	233.4286
319.4286	232.4048
319.9405	232.4048
319.9405	231.3810
320.4524	231.3810
320.4524	230.3572
320.9643	230.3572
320.9643	229.8453
321.4763	229.8453
321.4763	229.3334
321.9882	229.3334
321.9882	228.8215
322.5001	228.8215
322.5001	228.3096
323.0120	228.3096
323.0120	227.2858
323.5239	227.2858
323.5239	226.7739
324.0358	226.7739
324.0358	226.2619
324.5477	226.2619
324.5477	225.7500
325.0596	225.7500
325.0596	225.2381
325.5715	225.2381
325.5715	224.2143
326.5953	224.2143
326.5953	223.7024
327.1072	223.7024
327.1072	223.1905
328.1310	223.1905
328.1310	222.6786
328.6429	222.6786
328.6429	222.1667
329.1548	222.1667
329.1548	221.6548
330.1786	221.6548
330.1786	221.1429
331.2024	221.1429
331.2024	220.6310
331.7143	220.6310
331.7143	220.1191
332.7382	220.1191
332.7382	219.6072
333.7620	219.6072
333.7620	219.0953
334.7858	219.0953
334.7858	218.5834
337.8572	218.5834
337.8572	218.0715
346.0477	218.0715
346.0477	217.5596
346.5596	217.5596
