339.9048	215.0000
342.9763	215.0000
342.9763	215.5119
344.0001	215.5119
344.0001	216.0239
346.5596	216.0239
346.5596	216.5358
349.1191	216.5358
349.1191	217.0477
352.1905	217.0477
352.1905	217.5596
353.7263	217.5596
353.7263	218.0715
354.7501	218.0715
354.7501	218.5834
356.2858	218.5834
356.2858	219.0953
357.3096	219.0953
357.3096	219.6072
358.8453	219.6072
358.8453	220.1191
359.8691	220.1191
359.8691	220.6310
361.4048	220.6310
361.4048	221.1429
363.9644	221.1429
363.9644	221.6548
366.5239	221.6548
366.5239	222.1667
367.5477	222.1667
367.5477	222.6786
368.5715	222.6786
368.5715	223.1905
370.1072	223.1905
370.1072	223.7024
371.1310	223.7024
371.1310	224.2143
372.1548	224.2143
372.1548	224.7262
373.1786	224.7262
373.1786	225.2381
373.6905	225.2381
373.6905	225.7500
374.2025	225.7500
374.2025	226.2619
375.2263	226.2619
375.2263	226.7739
375.7382	226.7739
375.7382	227.2858
376.2501	227.2858
376.2501	227.7977
376.7620	227.7977
376.7620	228.3096
377.7858	228.3096
377.7858	228.8215
378.2977	228.8215
378.2977	229.3334
379.3215	229.3334
379.3215	229.8453
380.3453	229.8453
380.3453	230.3572
380.8572	230.3572
380.8572	230.8691
381.3691	230.8691
381.3691	231.3810
382.3929	231.3810
382.3929	231.8929
382.9048	231.8929
382.9048	232.4048
383.4167	232.4048
383.4167	232.9167
383.9286	232.9167
383.9286	233.4286
384.4405	233.4286
384.4405	233.9405
384.9525	233.9405
384.9525	234.4524
385.9763	234.4524
385.9763	234.9643
386.4882	234.9643
386.4882	235.4762
387.5120	235.4762
387.5120	235.9881
388.5358	235.9881
388.5358	236.5000
389.0477	236.5000
389.0477	237.0119
389.5596	237.0119
389.5596	237.5239
390.5834	237.5239
390.5834	238.0358
391.6072	238.0358
391.6072	239.0596
392.1191	239.0596
392.1191	239.5715
392.6310	239.5715
392.6310	240.5953
393.1429	240.5953
393.1429	241.1072
393.6548	241.1072
393.6548	241.6191
394.1667	241.6191
394.1667	242.1310
394.6786	242.1310
394.6786	242.6429
395.1906	242.6429
395.1906	243.1548
396.2144	243.1548
396.2144	243.6667
397.2382	243.6667
397.2382	244.6905
397.7501	244.6905
397.7501	245.7143
398.2620	245.7143
398.2620	246.7381
398.7739	246.7381
398.7739	247.2500
399.2858	247.2500
399.2858	247.7620
399.7977	247.7620
399.7977	248.2739
400.3096	248.2739
400.3096	249.2977
400.8215	249.2977
400.8215	250.3215
401.3334	250.3215
401.3334	250.8334
401.8453	250.8334
401.8453	251.8572
402.3572	251.8572
402.3572	252.3691
402.8691	252.3691
402.8691	253.3929
403.3810	253.3929
403.3810	254.4167
403.8929	254.4167
403.8929	255.4405
404.4048	255.4405
404.4048	256.4643
404.9167	256.4643
404.9167	256.9762
405.4286	256.9762
405.4286	257.4881
405.9406	257.4881
405.9406	258.0000
406.4525	258.0000
406.4525	258.5120
406.9644	258.5120
406.9644	259.5358
407.4763	259.5358
407.4763	260.5596
407.9882	260.5596
407.9882	261.5834
408.5001	261.5834
408.5001	264.1429
409.0120	264.1429
409.0120	266.7024
409.5239	266.7024
409.5239	267.7262
410.0358	267.7262
410.0358	268.7501
410.5477	268.7501
410.5477	269.2620
411.0596	269.2620
411.0596	270.2858
411.5715	270.2858
411.5715	271.3096
412.0834	271.3096
412.0834	272.3334
412.5953	272.3334
412.5953	273.8691
413.1072	273.8691
413.1072	274.8929
413.6191	274.8929
413.6191	275.9167
414.1310	275.9167
414.1310	276.4286
413.6191	276.4286
413.6191	277.4524
413.1072	277.4524
413.1072	280.0120
412.5953	280.0120
412.5953	285.1310
413.1072	285.1310
413.1072	286.1548
412.5953	286.1548
412.5953	287.6905
412.0834	287.6905
412.0834	289.2262
411.5715	289.2262
411.5715	290.2501
411.0596	290.2501
411.0596	291.2739
410.5477	291.2739
410.5477	291.7858
410.0358	291.7858
410.0358	292.8096
409.5239	292.8096
409.5239	293.8334
409.0120	293.8334
409.0120	295.3691
408.5001	295.3691
408.5001	295.8810
407.9882	295.8810
407.9882	296.3929
407.4763	296.3929
407.4763	297.4167
406.9644	297.4167
406.9644	297.9286
405.9406	297.9286
405.9406	298.4405
405.4286	298.4405
405.4286	298.9524
404.4048	298.9524
404.4048	299.4643
403.3810	299.4643
403.3810	299.9762
402.8691	299.9762
402.8691	300.4882
401.8453	300.4882
401.8453	301.0001
401.3334	301.0001
401.3334	301.5120
400.3096	301.5120
400.3096	302.0239
399.7977	302.0239
399.7977	302.5358
399.2858	302.5358
399.2858	303.0477
398.7739	303.0477
398.7739	303.5596
398.2620	303.5596
398.2620	304.0715
397.7501	304.0715
397.7501	304.5834
397.2382	304.5834
397.2382	305.0953
396.7263	305.0953
396.7263	305.6072
396.2144	305.6072
396.2144	306.6310
395.7025	306.6310
395.7025	307.6548
395.1906	307.6548
395.1906	308.6786
394.6786	308.6786
394.6786	309.1905
393.6548	309.1905
393.6548	309.7024
392.6310	309.7024
392.6310	310.2143
392.1191	310.2143
392.1191	310.7262
391.6072	310.7262
391.6072	311.2382
390.5834	311.2382
390.5834	311.7501
389.5596	311.7501
389.5596	312.2620
388.5358	312.2620
388.5358	312.7739
388.0239	312.7739
388.0239	313.2858
385.9763	313.2858
385.9763	313.7977
384.9525	313.7977
384.9525	314.3096
382.9048	314.3096
382.9048	314.8215
381.8810	314.8215
381.8810	315.3334
379.3215	315.3334
379.3215	315.8453
377.2739	315.8453
377.2739	316.3572
376.2501	316.3572
376.2501	316.8691
375.2263	316.8691
375.2263	317.3810
374.7144	317.3810
374.7144	317.8929
373.1786	317.8929
373.1786	317.3810
370.6191	317.3810
370.6191	316.8691
366.0120	316.8691
366.0120	317.3810
363.9644	317.3810
363.9644	316.8691
359.8691	316.8691
359.8691	316.3572
352.7024	316.3572
352.7024	315.8453
351.6786	315.8453
351.6786	315.3334
351.1667	315.3334
351.1667	314.8215
350.6548	314.8215
350.6548	314.3096
350.1429	314.3096
350.1429	313.7977
349.6310	313.7977
349.6310	313.2858
349.1191	313.2858
349.1191	312.7739
348.0953	312.7739
348.0953	312.2620
347.0715	312.2620
347.0715	311.7501
345.0239	311.7501
345.0239	311.2382
344.0001	311.2382
344.0001	310.7262
342.9763	310.7262
342.9763	310.2143
341.9524	310.2143
341.9524	309.7024
340.9286	309.7024
340.9286	309.1905
338.8810	309.1905
338.8810	308.6786
336.3215	308.6786
336.3215	308.1667
335.8096	308.1667
335.8096	307.6548
334.7858	307.6548
334.7858	307.1429
334.2739	307.1429
334.2739	306.6310
333.7620	306.6310
333.7620	306.1191
333.2501	306.1191
333.2501	305.6072
332.7382	305.6072
332.7382	305.0953
332.2263	305.0953
332.2263	304.5834
331.7143	304.5834
331.7143	304.0715
330.6905	304.0715
330.6905	303.5596
330.1786	303.5596
330.1786	303.0477
329.6667	303.0477
329.6667	302.5358
329.1548	302.5358
329.1548	302.0239
328.1310	302.0239
328.1310	301.5120
327.6191	301.5120
327.6191	301.0001
327.1072	301.0001
327.1072	300.4882
326.5953	300.4882
326.5953	299.9762
326.0834	299.9762
326.0834	299.4643
325.0596	299.4643
325.0596	298.9524
324.0358	298.9524
324.0358	297.9286
323.5239	297.9286
323.5239	297.4167
323.0120	297.4167
323.0120	296.3929
322.5001	296.3929
322.5001	295.3691
321.9882	295.3691
321.9882	294.8572
321.4763	294.8572
321.4763	294.3453
320.9643	294.3453
320.9643	293.3215
320.4524	293.3215
320.4524	291.2739
319.9405	291.2739
319.9405	290.2501
319.4286	290.2501
319.4286	289.2262
318.9167	289.2262
318.9167	288.7143
318.4048	288.7143
318.4048	287.6905
317.8929	287.6905
317.8929	286.6667
317.3810	286.6667
317.3810	285.6429
316.8691	285.6429
316.8691	285.1310
316.3572	285.1310
316.3572	283.5953
315.8453	283.5953
315.8453	282.0596
316.3572	282.0596
316.3572	279.5001
315.8453	279.5001
315.8453	276.9405
315.3334	276.9405
315.3334	275.9167
314.8215	275.9167
314.8215	274.8929
314.3096	274.8929
314.3096	274.3810
313.7977	274.3810
313.7977	273.8691
313.2858	273.8691
313.2858	272.8453
312.7739	272.8453
312.7739	271.8215
313.2858	271.8215
313.2858	268.7501
312.7739	268.7501
312.7739	266.1905
312.2620	266.1905
312.2620	263.6310
311.7501	263.6310
311.7501	258.5120
311.2382	258.5120
311.2382	256.9762
311.7501	256.9762
311.7501	255.9524
312.2620	255.9524
312.2620	254.9286
312.7739	254.9286
312.7739	252.8810
313.2858	252.8810
313.2858	250.8334
313.7977	250.8334
313.7977	248.2739
314.3096	248.2739
314.3096	242.1310
314.8215	242.1310
314.8215	239.5715
315.3334	239.5715
315.3334	236.5000
315.8453	236.5000
315.8453	235.4762
316.3572	235.4762
316.3572	234.9643
316.8691	234.9643
316.8691	233.9405
317.3810	233.9405
317.3810	232.9167
317.8929	232.9167
317.8929	230.3572
318.4048	230.3572
318.4048	225.7500
317.8929	225.7500
317.8929	223.7024
318.4048	223.7024
318.4048	222.6786
318.9167	222.6786
318.9167	222.1667
319.4286	222.1667
319.4286	221.6548
319.9405	221.6548
319.9405	221.1429
320.4524	221.1429
320.4524	220.6310
320.9643	220.6310
320.9643	220.1191
321.4763	220.1191
321.4763	219.6072
321.9882	219.6072
321.9882	219.0953
322.5001	219.0953
322.5001	218.5834
324.0358	218.5834
324.0358	218.0715
326.5953	218.0715
326.5953	217.5596
328.1310	217.5596
328.1310	217.0477
329.1548	217.0477
329.1548	216.5358
330.1786	216.5358
330.1786	216.0239
332.2263	216.0239
332.2263	215.5119
333.2501	215.5119
333.2501	215.0000
334.2739	215.0000
334.2739	214.4881
339.9048	214.4881
