349.6310	211.4167
351.1667	211.4167
351.1667	211.9286
353.2144	211.9286
353.2144	212.4405
354.7501	212.4405
354.7501	212.9524
356.2858	212.9524
356.2858	213.4643
357.3096	213.4643
357.3096	213.9762
358.8453	213.9762
358.8453	214.4881
359.8691	214.4881
359.8691	215.0000
360.8929	215.0000
360.8929	215.5119
361.9167	215.5119
361.9167	216.0239
362.9405	216.0239
362.9405	216.5358
363.9644	216.5358
363.9644	217.0477
366.5239	217.0477
366.5239	217.5596
369.0834	217.5596
369.0834	218.0715
370.1072	218.0715
370.1072	218.5834
370.6191	218.5834
370.6191	219.0953
371.6429	219.0953
371.6429	219.6072
372.1548	219.6072
372.1548	220.1191
372.6667	220.1191
372.6667	220.6310
373.1786	220.6310
373.1786	221.1429
374.2025	221.1429
374.2025	221.6548
374.7144	221.6548
374.7144	222.1667
375.2263	222.1667
375.2263	222.6786
376.2501	222.6786
376.2501	223.1905
376.7620	223.1905
376.7620	223.7024
377.2739	223.7024
377.2739	224.2143
377.7858	224.2143
377.7858	224.7262
378.2977	224.7262
378.2977	225.2381
378.8096	225.2381
378.8096	225.7500
379.3215	225.7500
379.3215	226.2619
379.8334	226.2619
379.8334	226.7739
380.3453	226.7739
380.3453	227.2858
380.8572	227.2858
380.8572	227.7977
381.3691	227.7977
381.3691	228.8215
381.8810	228.8215
381.8810	229.8453
382.3929	229.8453
382.3929	230.3572
382.9048	230.3572
382.9048	230.8691
383.4167	230.8691
383.4167	231.8929
383.9286	231.8929
383.9286	232.4048
384.4405	232.4048
384.4405	232.9167
384.9525	232.9167
384.9525	233.4286
385.4644	233.4286
385.4644	233.9405
385.9763	233.9405
385.9763	234.4524
386.4882	234.4524
386.4882	234.9643
387.5120	234.9643
387.5120	235.4762
388.5358	235.4762
388.5358	235.9881
389.0477	235.9881
389.0477	236.5000
390.0715	236.5000
390.0715	237.0119
390.5834	237.0119
390.5834	237.5239
391.6072	237.5239
391.6072	238.0358
392.1191	238.0358
392.1191	238.5477
393.1429	238.5477
393.1429	239.0596
394.1667	239.0596
394.1667	239.5715
394.6786	239.5715
394.6786	240.0834
395.1906	240.0834
395.1906	240.5953
395.7025	240.5953
395.7025	241.1072
396.2144	241.1072
396.2144	241.6191
396.7263	241.6191
396.7263	242.1310
397.2382	242.1310
397.2382	242.6429
398.2620	242.6429
398.2620	243.1548
399.2858	243.1548
399.2858	243.6667
400.8215	243.6667
400.8215	244.1786
401.3334	244.1786
401.3334	244.6905
401.8453	244.6905
401.8453	245.2024
402.3572	245.2024
402.3572	245.7143
402.8691	245.7143
402.8691	246.2262
403.3810	246.2262
403.3810	246.7381
403.8929	246.7381
403.8929	247.2500
404.4048	247.2500
404.4048	247.7620
405.4286	247.7620
405.4286	248.2739
405.9406	248.2739
405.9406	251.3453
406.4525	251.3453
406.4525	253.9048
406.9644	253.9048
406.9644	254.9286
407.4763	254.9286
407.4763	255.9524
407.9882	255.9524
407.9882	256.9762
408.5001	256.9762
408.5001	258.5120
409.0120	258.5120
409.0120	259.5358
409.5239	259.5358
409.5239	260.5596
410.0358	260.5596
410.0358	261.5834
410.5477	261.5834
410.5477	262.0953
411.0596	262.0953
411.0596	262.6072
411.5715	262.6072
411.5715	264.1429
412.0834	264.1429
412.0834	266.7024
412.5953	266.7024
412.5953	267.7262
413.1072	267.7262
413.1072	269.2620
413.6191	269.2620
413.6191	270.2858
414.1310	270.2858
414.1310	271.3096
414.6429	271.3096
414.6429	272.3334
415.1548	272.3334
415.1548	273.8691
415.6667	273.8691
415.6667	277.9643
416.1787	277.9643
416.1787	282.5715
416.6906	282.5715
416.6906	290.2501
416.1787	290.2501
416.1787	291.2739
415.6667	291.2739
415.6667	292.8096
415.1548	292.8096
415.1548	294.3453
414.6429	294.3453
414.6429	294.8572
414.1310	294.8572
414.1310	295.8810
413.6191	295.8810
413.6191	296.3929
413.1072	296.3929
413.1072	297.4167
412.5953	297.4167
412.5953	297.9286
412.0834	297.9286
412.0834	298.4405
411.5715	298.4405
411.5715	298.9524
411.0596	298.9524
411.0596	299.9762
410.5477	299.9762
410.5477	300.4882
410.0358	300.4882
410.0358	301.5120
409.5239	301.5120
409.5239	302.5358
409.0120	302.5358
409.0120	303.5596
408.5001	303.5596
408.5001	304.0715
407.9882	304.0715
407.9882	304.5834
407.4763	304.5834
407.4763	305.0953
406.9644	305.0953
406.9644	305.6072
406.4525	305.6072
406.4525	306.1191
405.9406	306.1191
405.9406	306.6310
405.4286	306.6310
405.4286	307.1429
404.9167	307.1429
404.9167	308.1667
404.4048	308.1667
404.4048	309.1905
402.3572	309.1905
402.3572	309.7024
401.3334	309.7024
401.3334	310.2143
400.3096	310.2143
400.3096	310.7262
399.7977	310.7262
399.7977	311.2382
398.7739	311.2382
398.7739	311.7501
397.7501	311.7501
397.7501	312.2620
396.7263	312.2620
396.7263	312.7739
396.2144	312.7739
396.2144	313.2858
394.6786	313.2858
394.6786	313.7977
393.6548	313.7977
393.6548	314.3096
391.6072	314.3096
391.6072	314.8215
389.5596	314.8215
389.5596	315.3334
388.5358	315.3334
388.5358	315.8453
387.5120	315.8453
387.5120	316.3572
386.4882	316.3572
386.4882	316.8691
384.9525	316.8691
384.9525	317.3810
383.9286	317.3810
383.9286	317.8929
382.9048	317.8929
382.9048	318.4048
382.3929	318.4048
382.3929	318.9167
381.8810	318.9167
381.8810	319.4286
381.3691	319.4286
381.3691	319.9405
380.8572	319.9405
380.8572	320.4524
380.3453	320.4524
380.3453	321.4763
379.8334	321.4763
379.8334	322.5001
379.3215	322.5001
379.3215	323.0120
378.8096	323.0120
378.8096	323.5239
378.2977	323.5239
378.2977	324.0358
377.2739	324.0358
377.2739	323.5239
376.7620	323.5239
376.7620	323.0120
376.2501	323.0120
376.2501	322.5001
375.7382	322.5001
375.7382	321.9882
375.2263	321.9882
375.2263	321.4763
374.7144	321.4763
374.7144	320.9643
373.6905	320.9643
373.6905	320.4524
372.6667	320.4524
372.6667	319.9405
370.1072	319.9405
370.1072	319.4286
364.4763	319.4286
364.4763	318.9167
363.4525	318.9167
363.4525	318.4048
360.8929	318.4048
360.8929	317.8929
355.2620	317.8929
355.2620	317.3810
353.7263	317.3810
353.7263	316.8691
351.6786	316.8691
351.6786	316.3572
351.1667	316.3572
351.1667	315.8453
350.1429	315.8453
350.1429	315.3334
349.1191	315.3334
349.1191	314.8215
348.6072	314.8215
348.6072	314.3096
347.5834	314.3096
347.5834	313.7977
347.0715	313.7977
347.0715	313.2858
346.5596	313.2858
346.5596	312.7739
346.0477	312.7739
346.0477	312.2620
345.5358	312.2620
345.5358	311.7501
344.5120	311.7501
344.5120	311.2382
343.4882	311.2382
343.4882	310.7262
342.4644	310.7262
342.4644	310.2143
341.4405	310.2143
341.4405	309.7024
340.9286	309.7024
340.9286	309.1905
340.4167	309.1905
340.4167	308.6786
339.3929	308.6786
339.3929	308.1667
338.3691	308.1667
338.3691	307.6548
337.8572	307.6548
337.8572	307.1429
337.3453	307.1429
337.3453	306.6310
336.8334	306.6310
336.8334	306.1191
336.3215	306.1191
336.3215	305.6072
335.8096	305.6072
335.8096	305.0953
335.2977	305.0953
335.2977	304.5834
334.2739	304.5834
334.2739	304.0715
333.2501	304.0715
333.2501	303.5596
332.2263	303.5596
332.2263	302.5358
331.7143	302.5358
331.7143	302.0239
331.2024	302.0239
331.2024	301.5120
330.6905	301.5120
330.6905	301.0001
330.1786	301.0001
330.1786	300.4882
329.6667	300.4882
329.6667	299.9762
329.1548	299.9762
329.1548	299.4643
328.6429	299.4643
328.6429	298.9524
328.1310	298.9524
328.1310	298.4405
327.6191	298.4405
327.6191	297.9286
327.1072	297.9286
327.1072	297.4167
326.5953	297.4167
326.5953	296.9048
326.0834	296.9048
326.0834	294.3453
325.5715	294.3453
325.5715	292.2977
325.0596	292.2977
325.0596	291.2739
324.5477	291.2739
324.5477	290.2501
324.0358	290.2501
324.0358	289.2262
323.5239	289.2262
323.5239	288.2024
323.0120	288.2024
323.0120	287.6905
322.5001	287.6905
322.5001	286.6667
321.9882	286.6667
321.9882	285.6429
321.4763	285.6429
321.4763	284.6191
320.9643	284.6191
320.9643	283.5953
320.4524	283.5953
320.4524	283.0834
319.9405	283.0834
319.9405	282.5715
319.4286	282.5715
319.4286	282.0596
318.9167	282.0596
318.9167	281.5477
318.4048	281.5477
318.4048	281.0358
317.8929	281.0358
317.8929	280.5239
317.3810	280.5239
317.3810	273.3572
316.8691	273.3572
316.8691	270.7977
316.3572	270.7977
316.3572	269.7739
315.8453	269.7739
315.8453	268.7501
315.3334	268.7501
315.3334	268.2381
314.8215	268.2381
314.8215	266.7024
314.3096	266.7024
314.3096	264.1429
313.7977	264.1429
313.7977	256.9762
314.3096	256.9762
314.3096	252.3691
313.7977	252.3691
313.7977	249.8096
313.2858	249.8096
313.2858	248.7858
312.7739	248.7858
312.7739	247.7620
312.2620	247.7620
312.2620	247.2500
311.7501	247.2500
311.7501	246.7381
311.2382	246.7381
311.2382	246.2262
310.7262	246.2262
310.7262	245.7143
310.2143	245.7143
310.2143	245.2024
309.1905	245.2024
309.1905	244.6905
308.1667	244.6905
308.1667	244.1786
307.6548	244.1786
307.6548	243.1548
309.1905	243.1548
309.1905	243.6667
311.7501	243.6667
311.7501	243.1548
314.3096	243.1548
314.3096	242.6429
315.3334	242.6429
315.3334	242.1310
316.3572	242.1310
316.3572	241.6191
316.8691	241.6191
316.8691	241.1072
317.3810	241.1072
317.3810	240.5953
317.8929	240.5953
317.8929	240.0834
318.4048	240.0834
318.4048	239.5715
318.9167	239.5715
318.9167	238.5477
319.4286	238.5477
319.4286	237.5239
319.9405	237.5239
319.9405	235.9881
320.4524	235.9881
320.4524	233.4286
320.9643	233.4286
320.9643	229.3334
321.4763	229.3334
321.4763	228.3096
321.9882	228.3096
321.9882	227.7977
322.5001	227.7977
322.5001	227.2858
323.0120	227.2858
323.0120	226.7739
323.5239	226.7739
323.5239	226.2619
324.0358	226.2619
324.0358	225.2381
324.5477	225.2381
324.5477	224.7262
325.0596	224.7262
325.0596	224.2143
326.0834	224.2143
326.0834	223.7024
326.5953	223.7024
326.5953	223.1905
327.1072	223.1905
327.1072	222.6786
327.6191	222.6786
327.6191	222.1667
328.1310	222.1667
328.1310	221.6548
328.6429	221.6548
328.6429	220.6310
329.1548	220.6310
329.1548	219.6072
329.6667	219.6072
329.6667	217.5596
330.1786	217.5596
330.1786	217.0477
331.2024	217.0477
331.2024	216.5358
331.7143	216.5358
331.7143	216.0239
332.2263	216.0239
332.2263	215.5119
333.2501	215.5119
333.2501	215.0000
334.7858	215.0000
334.7858	214.4881
335.8096	214.4881
335.8096	213.9762
336.8334	213.9762
336.8334	213.4643
337.3453	213.4643
337.3453	212.9524
337.8572	212.9524
337.8572	212.4405
339.9048	212.4405
339.9048	211.9286
341.4405	211.9286
341.4405	211.4167
345.0239	211.4167
345.0239	210.9048
349.6310	210.9048
