331.2024	213.9762
336.3215	213.9762
336.3215	214.4881
337.8572	214.4881
337.8572	215.0000
339.9048	215.0000
339.9048	215.5119
340.9286	215.5119
340.9286	216.0239
341.9524	216.0239
341.9524	216.5358
342.4644	216.5358
342.4644	217.0477
343.4882	217.0477
343.4882	217.5596
344.0001	217.5596
344.0001	218.0715
345.0239	218.0715
345.0239	218.5834
346.0477	218.5834
346.0477	219.0953
346.5596	219.0953
346.5596	219.6072
347.5834	219.6072
347.5834	220.1191
348.6072	220.1191
348.6072	220.6310
349.1191	220.6310
349.1191	221.1429
350.1429	221.1429
350.1429	221.6548
350.6548	221.6548
350.6548	222.1667
351.1667	222.1667
351.1667	222.6786
352.1905	222.6786
352.1905	223.1905
352.7024	223.1905
352.7024	223.7024
353.2144	223.7024
353.2144	224.2143
353.7263	224.2143
353.7263	224.7262
354.2382	224.7262
354.2382	225.2381
354.7501	225.2381
354.7501	225.7500
355.2620	225.7500
355.2620	226.2619
355.7739	226.2619
355.7739	226.7739
356.2858	226.7739
356.2858	227.2858
356.7977	227.2858
356.7977	227.7977
357.3096	227.7977
357.3096	228.3096
357.8215	228.3096
357.8215	228.8215
358.3334	228.8215
358.3334	229.3334
358.8453	229.3334
358.8453	230.3572
359.3572	230.3572
359.3572	230.8691
359.8691	230.8691
359.8691	231.3810
360.3810	231.3810
360.3810	232.4048
360.8929	232.4048
360.8929	232.9167
361.4048	232.9167
361.4048	233.9405
361.9167	233.9405
361.9167	234.9643
362.4286	234.9643
362.4286	235.9881
362.9405	235.9881
362.9405	236.5000
363.4525	236.5000
363.4525	237.5239
363.9644	237.5239
363.9644	238.5477
364.4763	238.5477
364.4763	239.5715
364.9882	239.5715
364.9882	240.0834
365.5001	240.0834
365.5001	240.5953
366.0120	240.5953
366.0120	241.1072
366.5239	241.1072
366.5239	241.6191
367.0358	241.6191
367.0358	242.1310
367.5477	242.1310
367.5477	242.6429
368.0596	242.6429
368.0596	243.1548
369.0834	243.1548
369.0834	243.6667
370.1072	243.6667
370.1072	244.1786
371.1310	244.1786
371.1310	244.6905
371.6429	244.6905
371.6429	245.2024
372.1548	245.2024
372.1548	245.7143
373.1786	245.7143
373.1786	246.2262
374.2025	246.2262
374.2025	246.7381
375.2263	246.7381
375.2263	247.2500
376.2501	247.2500
376.2501	247.7620
377.7858	247.7620
377.7858	248.2739
378.2977	248.2739
378.2977	248.7858
378.8096	248.7858
378.8096	249.2977
379.3215	249.2977
379.3215	250.3215
379.8334	250.3215
379.8334	250.8334
380.3453	250.8334
380.3453	251.3453
380.8572	251.3453
380.8572	252.3691
381.3691	252.3691
381.3691	252.8810
381.8810	252.8810
381.8810	253.3929
382.3929	253.3929
382.3929	253.9048
382.9048	253.9048
382.9048	254.4167
383.4167	254.4167
383.4167	254.9286
383.9286	254.9286
383.9286	255.9524
384.4405	255.9524
384.4405	256.4643
384.9525	256.4643
384.9525	256.9762
385.4644	256.9762
385.4644	257.4881
385.9763	257.4881
385.9763	258.0000
386.4882	258.0000
386.4882	258.5120
387.0001	258.5120
387.0001	259.0239
387.5120	259.0239
387.5120	259.5358
388.5358	259.5358
388.5358	260.0477
389.5596	260.0477
389.5596	260.5596
392.1191	260.5596
392.1191	261.0715
393.1429	261.0715
393.1429	261.5834
393.6548	261.5834
393.6548	262.0953
394.1667	262.0953
394.1667	262.6072
394.6786	262.6072
394.6786	265.1667
395.1906	265.1667
395.1906	266.1905
395.7025	266.1905
395.7025	267.2143
396.2144	267.2143
396.2144	267.7262
396.7263	267.7262
396.7263	268.2381
397.2382	268.2381
397.2382	268.7501
397.7501	268.7501
397.7501	269.7739
398.2620	269.7739
398.2620	270.7977
398.7739	270.7977
398.7739	271.8215
399.2858	271.8215
399.2858	272.8453
399.7977	272.8453
399.7977	273.3572
400.3096	273.3572
400.3096	273.8691
400.8215	273.8691
400.8215	274.3810
401.3334	274.3810
401.3334	274.8929
401.8453	274.8929
401.8453	275.4048
402.8691	275.4048
402.8691	275.9167
403.8929	275.9167
403.8929	276.4286
404.4048	276.4286
404.4048	276.9405
404.9167	276.9405
404.9167	277.4524
405.4286	277.4524
405.4286	280.0120
405.9406	280.0120
405.9406	282.0596
406.4525	282.0596
406.4525	284.1072
406.9644	284.1072
406.9644	285.1310
407.4763	285.1310
407.4763	286.1548
407.9882	286.1548
407.9882	287.6905
408.5001	287.6905
408.5001	289.7382
409.0120	289.7382
409.0120	290.7620
409.5239	290.7620
409.5239	291.7858
410.0358	291.7858
410.0358	294.3453
410.5477	294.3453
410.5477	295.3691
410.0358	295.3691
410.0358	298.4405
410.5477	298.4405
410.5477	300.4882
410.0358	300.4882
410.0358	303.5596
410.5477	303.5596
410.5477	305.6072
410.0358	305.6072
410.0358	306.6310
409.5239	306.6310
409.5239	307.6548
409.0120	307.6548
409.0120	308.6786
408.5001	308.6786
408.5001	309.7024
407.9882	309.7024
407.9882	310.7262
407.4763	310.7262
407.4763	312.7739
406.9644	312.7739
406.9644	313.2858
406.4525	313.2858
406.4525	313.7977
405.9406	313.7977
405.9406	314.3096
405.4286	314.3096
405.4286	314.8215
404.9167	314.8215
404.9167	315.3334
404.4048	315.3334
404.4048	315.8453
403.8929	315.8453
403.8929	316.8691
403.3810	316.8691
403.3810	317.3810
402.8691	317.3810
402.8691	317.8929
402.3572	317.8929
402.3572	318.4048
401.8453	318.4048
401.8453	318.9167
401.3334	318.9167
401.3334	319.4286
400.8215	319.4286
400.8215	319.9405
400.3096	319.9405
400.3096	320.4524
399.7977	320.4524
399.7977	321.4763
399.2858	321.4763
399.2858	321.9882
398.7739	321.9882
398.7739	322.5001
398.2620	322.5001
398.2620	323.0120
397.7501	323.0120
397.7501	323.5239
397.2382	323.5239
397.2382	324.0358
396.7263	324.0358
396.7263	324.5477
396.2144	324.5477
396.2144	325.0596
395.1906	325.0596
395.1906	325.5715
394.1667	325.5715
394.1667	326.0834
393.6548	326.0834
393.6548	326.5953
392.6310	326.5953
392.6310	327.1072
392.1191	327.1072
392.1191	327.6191
391.6072	327.6191
391.6072	328.1310
391.0953	328.1310
391.0953	328.6429
390.5834	328.6429
390.5834	329.1548
390.0715	329.1548
390.0715	329.6667
389.5596	329.6667
389.5596	330.6905
389.0477	330.6905
389.0477	331.7143
388.5358	331.7143
388.5358	332.7382
388.0239	332.7382
388.0239	333.2501
385.9763	333.2501
385.9763	333.7620
384.9525	333.7620
384.9525	334.2739
382.3929	334.2739
382.3929	334.7858
379.8334	334.7858
379.8334	335.2977
378.8096	335.2977
378.8096	335.8096
376.7620	335.8096
376.7620	336.3215
375.7382	336.3215
375.7382	336.8334
374.7144	336.8334
374.7144	337.3453
374.2025	337.3453
374.2025	337.8572
373.6905	337.8572
373.6905	338.3691
373.1786	338.3691
373.1786	338.8810
372.6667	338.8810
372.6667	339.3929
371.6429	339.3929
371.6429	338.8810
365.5001	338.8810
365.5001	339.3929
362.9405	339.3929
362.9405	339.9048
358.3334	339.9048
358.3334	340.4167
355.7739	340.4167
355.7739	340.9286
354.7501	340.9286
354.7501	340.4167
354.2382	340.4167
354.2382	339.9048
353.2144	339.9048
353.2144	339.3929
352.1905	339.3929
352.1905	338.8810
351.1667	338.8810
351.1667	338.3691
349.1191	338.3691
349.1191	337.8572
348.0953	337.8572
348.0953	337.3453
347.5834	337.3453
347.5834	336.8334
346.5596	336.8334
346.5596	336.3215
345.5358	336.3215
345.5358	335.8096
344.0001	335.8096
344.0001	335.2977
343.4882	335.2977
343.4882	334.7858
342.9763	334.7858
342.9763	334.2739
341.9524	334.2739
341.9524	333.7620
340.9286	333.7620
340.9286	333.2501
339.3929	333.2501
339.3929	332.7382
338.3691	332.7382
338.3691	332.2263
337.8572	332.2263
337.8572	331.7143
336.8334	331.7143
336.8334	331.2024
335.8096	331.2024
335.8096	330.6905
334.7858	330.6905
334.7858	330.1786
333.2501	330.1786
333.2501	329.6667
331.2024	329.6667
331.2024	329.1548
330.6905	329.1548
330.6905	328.6429
329.6667	328.6429
329.6667	328.1310
328.6429	328.1310
328.6429	327.6191
327.6191	327.6191
327.6191	327.1072
326.5953	327.1072
326.5953	326.5953
326.0834	326.5953
326.0834	326.0834
325.5715	326.0834
325.5715	325.5715
325.0596	325.5715
325.0596	325.0596
324.5477	325.0596
324.5477	324.5477
324.0358	324.5477
324.0358	323.5239
323.5239	323.5239
323.5239	323.0120
323.0120	323.0120
323.0120	322.5001
322.5001	322.5001
322.5001	321.4763
321.9882	321.4763
321.9882	320.4524
321.4763	320.4524
321.4763	319.9405
320.9643	319.9405
320.9643	318.9167
320.4524	318.9167
320.4524	316.3572
319.9405	316.3572
319.9405	313.7977
319.4286	313.7977
319.4286	312.7739
318.9167	312.7739
318.9167	311.7501
318.4048	311.7501
318.4048	311.2382
317.8929	311.2382
317.8929	310.7262
317.3810	310.7262
317.3810	310.2143
316.8691	310.2143
316.8691	309.7024
316.3572	309.7024
316.3572	309.1905
315.3334	309.1905
315.3334	308.6786
314.3096	308.6786
314.3096	308.1667
312.2620	308.1667
312.2620	307.6548
309.7024	307.6548
309.7024	307.1429
308.1667	307.1429
308.1667	306.6310
307.6548	306.6310
307.6548	305.0953
307.1429	305.0953
307.1429	301.0001
306.6310	301.0001
306.6310	298.4405
306.1191	298.4405
306.1191	297.4167
305.6072	297.4167
305.6072	296.3929
305.0953	296.3929
305.0953	295.3691
304.5834	295.3691
304.5834	294.3453
305.0953	294.3453
305.0953	289.7382
304.5834	289.7382
304.5834	287.1786
304.0715	287.1786
304.0715	284.1072
303.5596	284.1072
303.5596	281.5477
303.0477	281.5477
303.0477	280.5239
302.5358	280.5239
302.5358	279.5001
302.0239	279.5001
302.0239	277.9643
301.5120	277.9643
301.5120	276.9405
301.0001	276.9405
301.0001	275.9167
300.4882	275.9167
300.4882	275.4048
299.9762	275.4048
299.9762	274.8929
299.4643	274.8929
299.4643	274.3810
298.9524	274.3810
298.9524	272.8453
299.4643	272.8453
299.4643	268.2381
298.9524	268.2381
298.9524	265.6786
298.4405	265.6786
298.4405	264.6548
297.9286	264.6548
297.9286	263.6310
297.4167	263.6310
297.4167	263.1191
296.9048	263.1191
296.9048	262.6072
296.3929	262.6072
296.3929	262.0953
295.8810	262.0953
295.8810	261.5834
295.3691	261.5834
295.3691	261.0715
294.3453	261.0715
294.3453	260.5596
293.3215	260.5596
293.3215	257.4881
293.8334	257.4881
293.8334	254.9286
294.3453	254.9286
294.3453	249.8096
293.8334	249.8096
293.8334	248.2739
294.3453	248.2739
294.3453	242.6429
294.8572	242.6429
294.8572	242.1310
295.3691	242.1310
295.3691	241.1072
295.8810	241.1072
295.8810	240.0834
296.3929	240.0834
296.3929	237.5239
296.9048	237.5239
296.9048	233.4286
296.3929	233.4286
296.3929	232.4048
296.9048	232.4048
296.9048	230.8691
297.4167	230.8691
297.4167	230.3572
297.9286	230.3572
297.9286	229.3334
298.4405	229.3334
298.4405	228.3096
298.9524	228.3096
298.9524	227.2858
299.4643	227.2858
299.4643	226.7739
299.9762	226.7739
299.9762	225.7500
300.4882	225.7500
300.4882	225.2381
301.0001	225.2381
301.0001	224.2143
301.5120	224.2143
301.5120	223.7024
302.0239	223.7024
302.0239	222.6786
302.5358	222.6786
302.5358	222.1667
303.0477	222.1667
303.0477	221.6548
303.5596	221.6548
303.5596	221.1429
304.0715	221.1429
304.0715	220.6310
304.5834	220.6310
304.5834	220.1191
305.0953	220.1191
305.0953	219.6072
305.6072	219.6072
305.6072	219.0953
306.1191	219.0953
306.1191	218.5834
306.6310	218.5834
306.6310	218.0715
307.1429	218.0715
307.1429	217.5596
308.1667	217.5596
308.1667	217.0477
309.7024	217.0477
309.7024	216.5358
310.7262	216.5358
310.7262	216.0239
311.7501	216.0239
311.7501	215.5119
312.2620	215.5119
312.2620	215.0000
313.7977	215.0000
313.7977	214.4881
316.3572	214.4881
316.3572	213.9762
319.4286	213.9762
319.4286	213.4643
331.2024	213.4643
