327.1072	218.5834
330.1786	218.5834
330.1786	219.0953
331.7143	219.0953
331.7143	219.6072
334.2739	219.6072
334.2739	220.1191
338.3691	220.1191
338.3691	220.6310
340.9286	220.6310
340.9286	221.1429
341.9524	221.1429
341.9524	221.6548
343.4882	221.6548
343.4882	222.1667
344.0001	222.1667
344.0001	222.6786
345.0239	222.6786
345.0239	223.1905
346.0477	223.1905
346.0477	223.7024
347.0715	223.7024
347.0715	224.2143
348.0953	224.2143
348.0953	224.7262
349.1191	224.7262
349.1191	225.2381
350.1429	225.2381
350.1429	225.7500
350.6548	225.7500
350.6548	226.2619
351.1667	226.2619
351.1667	226.7739
352.1905	226.7739
352.1905	227.2858
352.7024	227.2858
352.7024	227.7977
353.2144	227.7977
353.2144	228.3096
353.7263	228.3096
353.7263	228.8215
354.7501	228.8215
354.7501	229.3334
355.2620	229.3334
355.2620	229.8453
355.7739	229.8453
355.7739	230.3572
356.7977	230.3572
356.7977	230.8691
357.8215	230.8691
357.8215	231.3810
358.3334	231.3810
358.3334	231.8929
358.8453	231.8929
358.8453	232.4048
359.3572	232.4048
359.3572	232.9167
359.8691	232.9167
359.8691	233.4286
360.8929	233.4286
360.8929	233.9405
361.9167	233.9405
361.9167	234.4524
362.4286	234.4524
362.4286	234.9643
363.4525	234.9643
363.4525	235.4762
364.4763	235.4762
364.4763	235.9881
365.5001	235.9881
365.5001	236.5000
366.5239	236.5000
366.5239	237.0119
369.0834	237.0119
369.0834	237.5239
372.6667	237.5239
372.6667	238.0358
377.2739	238.0358
377.2739	238.5477
377.7858	238.5477
377.7858	239.0596
378.8096	239.0596
378.8096	239.5715
379.8334	239.5715
379.8334	240.0834
380.8572	240.0834
380.8572	240.5953
381.8810	240.5953
381.8810	241.1072
383.9286	241.1072
383.9286	241.6191
384.9525	241.6191
384.9525	242.1310
385.9763	242.1310
385.9763	242.6429
386.4882	242.6429
386.4882	243.1548
387.5120	243.1548
387.5120	243.6667
388.5358	243.6667
388.5358	244.1786
389.5596	244.1786
389.5596	244.6905
390.0715	244.6905
390.0715	245.2024
390.5834	245.2024
390.5834	245.7143
391.0953	245.7143
391.0953	246.2262
391.6072	246.2262
391.6072	246.7381
392.6310	246.7381
392.6310	247.2500
393.1429	247.2500
393.1429	248.2739
393.6548	248.2739
393.6548	249.2977
394.1667	249.2977
394.1667	250.3215
394.6786	250.3215
394.6786	251.3453
395.1906	251.3453
395.1906	251.8572
395.7025	251.8572
395.7025	252.3691
396.2144	252.3691
396.2144	252.8810
396.7263	252.8810
396.7263	253.3929
397.2382	253.3929
397.2382	253.9048
397.7501	253.9048
397.7501	254.4167
398.2620	254.4167
398.2620	255.4405
398.7739	255.4405
398.7739	255.9524
399.2858	255.9524
399.2858	256.4643
399.7977	256.4643
399.7977	256.9762
400.3096	256.9762
400.3096	257.4881
400.8215	257.4881
400.8215	258.0000
401.3334	258.0000
401.3334	259.0239
401.8453	259.0239
401.8453	260.0477
402.3572	260.0477
402.3572	261.0715
402.8691	261.0715
402.8691	262.6072
403.3810	262.6072
403.3810	263.6310
403.8929	263.6310
403.8929	264.6548
403.3810	264.6548
403.3810	267.2143
402.8691	267.2143
402.8691	272.8453
403.3810	272.8453
403.3810	275.4048
403.8929	275.4048
403.8929	276.4286
404.4048	276.4286
404.4048	278.9881
404.9167	278.9881
404.9167	281.0358
405.4286	281.0358
405.4286	282.0596
405.9406	282.0596
405.9406	283.0834
406.4525	283.0834
406.4525	283.5953
406.9644	283.5953
406.9644	284.1072
407.4763	284.1072
407.4763	285.1310
407.9882	285.1310
407.9882	285.6429
408.5001	285.6429
408.5001	286.1548
409.0120	286.1548
409.0120	286.6667
409.5239	286.6667
409.5239	287.1786
410.0358	287.1786
410.0358	287.6905
410.5477	287.6905
410.5477	288.2024
411.0596	288.2024
411.0596	288.7143
411.5715	288.7143
411.5715	289.2262
412.0834	289.2262
412.0834	289.7382
412.5953	289.7382
412.5953	290.7620
413.1072	290.7620
413.1072	291.7858
413.6191	291.7858
413.6191	292.8096
414.1310	292.8096
414.1310	295.3691
414.6429	295.3691
414.6429	296.9048
415.1548	296.9048
415.1548	297.9286
415.6667	297.9286
415.6667	298.9524
416.1787	298.9524
416.1787	299.4643
416.6906	299.4643
416.6906	301.0001
417.2025	301.0001
417.2025	302.5358
417.7144	302.5358
417.7144	303.5596
418.2263	303.5596
418.2263	304.5834
418.7382	304.5834
418.7382	305.6072
419.2501	305.6072
419.2501	312.7739
418.7382	312.7739
418.7382	313.7977
418.2263	313.7977
418.2263	316.3572
417.7144	316.3572
417.7144	317.3810
417.2025	317.3810
417.2025	318.9167
416.6906	318.9167
416.6906	319.4286
416.1787	319.4286
416.1787	319.9405
415.6667	319.9405
415.6667	320.4524
415.1548	320.4524
415.1548	320.9643
414.6429	320.9643
414.6429	321.4763
414.1310	321.4763
414.1310	321.9882
413.6191	321.9882
413.6191	322.5001
413.1072	322.5001
413.1072	323.0120
412.5953	323.0120
412.5953	323.5239
412.0834	323.5239
412.0834	324.0358
411.5715	324.0358
411.5715	324.5477
411.0596	324.5477
411.0596	325.0596
410.0358	325.0596
410.0358	325.5715
409.5239	325.5715
409.5239	326.0834
408.5001	326.0834
408.5001	326.5953
407.4763	326.5953
407.4763	327.1072
406.9644	327.1072
406.9644	327.6191
406.4525	327.6191
406.4525	328.1310
405.9406	328.1310
405.9406	328.6429
405.4286	328.6429
405.4286	329.1548
404.9167	329.1548
404.9167	329.6667
404.4048	329.6667
404.4048	330.1786
403.3810	330.1786
403.3810	330.6905
402.3572	330.6905
402.3572	331.2024
401.3334	331.2024
401.3334	331.7143
400.3096	331.7143
400.3096	332.2263
399.7977	332.2263
399.7977	332.7382
398.2620	332.7382
398.2620	333.2501
397.2382	333.2501
397.2382	333.7620
396.2144	333.7620
396.2144	334.2739
394.6786	334.2739
394.6786	334.7858
393.6548	334.7858
393.6548	335.2977
392.6310	335.2977
392.6310	335.8096
392.1191	335.8096
392.1191	336.3215
391.6072	336.3215
391.6072	336.8334
391.0953	336.8334
391.0953	337.3453
390.5834	337.3453
390.5834	337.8572
390.0715	337.8572
390.0715	338.3691
389.5596	338.3691
389.5596	338.8810
389.0477	338.8810
389.0477	339.3929
388.5358	339.3929
388.5358	339.9048
388.0239	339.9048
388.0239	340.4167
387.5120	340.4167
387.5120	340.9286
387.0001	340.9286
387.0001	341.4405
386.4882	341.4405
386.4882	341.9524
385.9763	341.9524
385.9763	342.4644
385.4644	342.4644
385.4644	342.9763
384.9525	342.9763
384.9525	343.4882
384.4405	343.4882
384.4405	344.5120
383.9286	344.5120
383.9286	345.0239
383.4167	345.0239
383.4167	345.5358
382.3929	345.5358
382.3929	346.0477
381.8810	346.0477
381.8810	346.5596
381.3691	346.5596
381.3691	347.0715
380.3453	347.0715
380.3453	347.5834
378.2977	347.5834
378.2977	348.0953
377.2739	348.0953
377.2739	348.6072
370.6191	348.6072
370.6191	349.1191
364.9882	349.1191
364.9882	348.6072
362.4286	348.6072
362.4286	349.1191
359.8691	349.1191
359.8691	348.6072
357.8215	348.6072
357.8215	348.0953
355.2620	348.0953
355.2620	347.5834
352.7024	347.5834
352.7024	347.0715
351.6786	347.0715
351.6786	346.5596
351.1667	346.5596
351.1667	346.0477
350.6548	346.0477
350.6548	345.5358
349.6310	345.5358
349.6310	345.0239
349.1191	345.0239
349.1191	344.5120
348.0953	344.5120
348.0953	344.0001
347.0715	344.0001
347.0715	342.9763
347.5834	342.9763
347.5834	338.8810
347.0715	338.8810
347.0715	336.3215
346.5596	336.3215
346.5596	335.2977
346.0477	335.2977
346.0477	334.2739
345.5358	334.2739
345.5358	333.7620
345.0239	333.7620
345.0239	333.2501
344.5120	333.2501
344.5120	332.7382
344.0001	332.7382
344.0001	332.2263
343.4882	332.2263
343.4882	331.7143
342.4644	331.7143
342.4644	331.2024
341.4405	331.2024
341.4405	330.6905
338.8810	330.6905
338.8810	330.1786
336.3215	330.1786
336.3215	330.6905
333.7620	330.6905
333.7620	331.2024
332.2263	331.2024
332.2263	330.6905
330.1786	330.6905
330.1786	330.1786
329.1548	330.1786
329.1548	329.6667
328.1310	329.6667
328.1310	329.1548
327.1072	329.1548
327.1072	328.6429
326.0834	328.6429
326.0834	327.6191
325.5715	327.6191
325.5715	327.1072
325.0596	327.1072
325.0596	326.5953
324.5477	326.5953
324.5477	326.0834
324.0358	326.0834
324.0358	325.5715
323.5239	325.5715
323.5239	325.0596
322.5001	325.0596
322.5001	324.5477
321.4763	324.5477
321.4763	324.0358
320.4524	324.0358
320.4524	323.5239
318.4048	323.5239
318.4048	323.0120
316.3572	323.0120
316.3572	322.5001
315.3334	322.5001
315.3334	321.9882
314.3096	321.9882
314.3096	321.4763
313.2858	321.4763
313.2858	320.9643
311.7501	320.9643
311.7501	320.4524
310.7262	320.4524
310.7262	319.9405
310.2143	319.9405
310.2143	319.4286
309.7024	319.4286
309.7024	318.9167
309.1905	318.9167
309.1905	318.4048
308.1667	318.4048
308.1667	317.8929
307.1429	317.8929
307.1429	317.3810
306.6310	317.3810
306.6310	316.8691
305.6072	316.8691
305.6072	316.3572
304.5834	316.3572
304.5834	315.8453
304.0715	315.8453
304.0715	315.3334
303.5596	315.3334
303.5596	314.8215
303.0477	314.8215
303.0477	314.3096
302.5358	314.3096
302.5358	313.2858
302.0239	313.2858
302.0239	312.2620
301.5120	312.2620
301.5120	311.2382
301.0001	311.2382
301.0001	310.7262
300.4882	310.7262
300.4882	309.7024
299.9762	309.7024
299.9762	308.6786
299.4643	308.6786
299.4643	307.6548
298.9524	307.6548
298.9524	306.6310
298.4405	306.6310
298.4405	305.6072
297.9286	305.6072
297.9286	304.5834
297.4167	304.5834
297.4167	304.0715
296.9048	304.0715
296.9048	299.4643
296.3929	299.4643
296.3929	296.9048
295.8810	296.9048
295.8810	296.3929
296.3929	296.3929
296.3929	295.8810
297.4167	295.8810
297.4167	295.3691
297.9286	295.3691
297.9286	294.8572
298.4405	294.8572
298.4405	294.3453
298.9524	294.3453
298.9524	293.8334
299.4643	293.8334
299.4643	293.3215
299.9762	293.3215
299.9762	292.8096
300.4882	292.8096
300.4882	291.7858
301.0001	291.7858
301.0001	290.7620
301.5120	290.7620
301.5120	288.2024
302.0239	288.2024
302.0239	285.1310
301.5120	285.1310
301.5120	282.5715
301.0001	282.5715
301.0001	281.5477
300.4882	281.5477
300.4882	280.5239
299.9762	280.5239
299.9762	280.0120
299.4643	280.0120
299.4643	278.9881
298.9524	278.9881
298.9524	278.4762
298.4405	278.4762
298.4405	277.4524
297.9286	277.4524
297.9286	274.8929
297.4167	274.8929
297.4167	272.3334
296.9048	272.3334
296.9048	267.7262
296.3929	267.7262
296.3929	265.1667
295.8810	265.1667
295.8810	264.1429
295.3691	264.1429
295.3691	263.1191
294.8572	263.1191
294.8572	262.0953
294.3453	262.0953
294.3453	260.0477
294.8572	260.0477
294.8572	254.9286
294.3453	254.9286
294.3453	252.3691
293.8334	252.3691
293.8334	251.3453
294.3453	251.3453
294.3453	245.2024
294.8572	245.2024
294.8572	242.6429
295.3691	242.6429
295.3691	241.6191
295.8810	241.6191
295.8810	239.5715
296.3929	239.5715
296.3929	238.5477
296.9048	238.5477
296.9048	237.5239
297.4167	237.5239
297.4167	236.5000
297.9286	236.5000
297.9286	235.9881
298.4405	235.9881
298.4405	235.4762
298.9524	235.4762
298.9524	234.9643
299.4643	234.9643
299.4643	234.4524
299.9762	234.4524
299.9762	233.4286
300.4882	233.4286
300.4882	232.9167
301.0001	232.9167
301.0001	231.8929
301.5120	231.8929
301.5120	230.8691
302.0239	230.8691
302.0239	229.8453
302.5358	229.8453
302.5358	229.3334
303.0477	229.3334
303.0477	228.3096
303.5596	228.3096
303.5596	227.7977
304.5834	227.7977
304.5834	227.2858
305.0953	227.2858
305.0953	226.7739
306.1191	226.7739
306.1191	226.2619
306.6310	226.2619
306.6310	225.7500
307.1429	225.7500
307.1429	225.2381
308.1667	225.2381
308.1667	224.7262
309.1905	224.7262
309.1905	224.2143
310.2143	224.2143
310.2143	223.7024
311.2382	223.7024
311.2382	223.1905
311.7501	223.1905
311.7501	222.6786
312.7739	222.6786
312.7739	222.1667
313.2858	222.1667
313.2858	221.6548
314.3096	221.6548
314.3096	221.1429
315.3334	221.1429
315.3334	220.6310
316.3572	220.6310
316.3572	220.1191
317.3810	220.1191
317.3810	219.6072
319.4286	219.6072
319.4286	219.0953
321.4763	219.0953
321.4763	218.5834
325.5715	218.5834
325.5715	218.0715
327.1072	218.0715
