337.3453	213.4643
341.4405	213.4643
341.4405	213.9762
342.9763	213.9762
342.9763	214.4881
345.0239	214.4881
345.0239	215.0000
345.5358	215.0000
345.5358	215.5119
346.0477	215.5119
346.0477	216.0239
346.5596	216.0239
346.5596	216.5358
347.0715	216.5358
347.0715	217.0477
348.0953	217.0477
348.0953	218.0715
348.6072	218.0715
348.6072	218.5834
349.1191	218.5834
349.1191	219.0953
349.6310	219.0953
349.6310	219.6072
350.1429	219.6072
350.1429	220.1191
350.6548	220.1191
350.6548	221.1429
351.1667	221.1429
351.1667	221.6548
351.6786	221.6548
351.6786	222.1667
352.1905	222.1667
352.1905	222.6786
352.7024	222.6786
352.7024	223.1905
353.2144	223.1905
353.2144	223.7024
353.7263	223.7024
353.7263	224.2143
354.2382	224.2143
354.2382	224.7262
354.7501	224.7262
354.7501	225.2381
355.2620	225.2381
355.2620	225.7500
356.2858	225.7500
356.2858	226.2619
356.7977	226.2619
356.7977	226.7739
357.3096	226.7739
357.3096	227.2858
357.8215	227.2858
357.8215	227.7977
358.3334	227.7977
358.3334	228.3096
358.8453	228.3096
358.8453	228.8215
359.3572	228.8215
359.3572	229.3334
359.8691	229.3334
359.8691	229.8453
360.3810	229.8453
360.3810	230.3572
360.8929	230.3572
360.8929	230.8691
361.4048	230.8691
361.4048	231.3810
361.9167	231.3810
361.9167	232.4048
362.4286	232.4048
362.4286	232.9167
362.9405	232.9167
362.9405	233.4286
363.4525	233.4286
363.4525	234.4524
363.9644	234.4524
363.9644	235.4762
364.4763	235.4762
364.4763	236.5000
364.9882	236.5000
364.9882	237.0119
365.5001	237.0119
365.5001	237.5239
366.0120	237.5239
366.0120	239.0596
366.5239	239.0596
366.5239	240.0834
367.0358	240.0834
367.0358	241.1072
367.5477	241.1072
367.5477	242.1310
368.0596	242.1310
368.0596	242.6429
368.5715	242.6429
368.5715	243.1548
369.0834	243.1548
369.0834	243.6667
369.5953	243.6667
369.5953	244.1786
370.1072	244.1786
370.1072	244.6905
370.6191	244.6905
370.6191	245.2024
371.6429	245.2024
371.6429	245.7143
372.6667	245.7143
372.6667	246.2262
373.6905	246.2262
373.6905	246.7381
376.2501	246.7381
376.2501	247.2500
378.8096	247.2500
378.8096	247.7620
380.8572	247.7620
380.8572	248.2739
381.8810	248.2739
381.8810	248.7858
383.9286	248.7858
383.9286	249.2977
386.4882	249.2977
386.4882	249.8096
388.5358	249.8096
388.5358	250.3215
390.0715	250.3215
390.0715	250.8334
391.0953	250.8334
391.0953	251.3453
393.6548	251.3453
393.6548	251.8572
396.2144	251.8572
396.2144	252.3691
398.7739	252.3691
398.7739	252.8810
399.2858	252.8810
399.2858	253.3929
399.7977	253.3929
399.7977	253.9048
400.3096	253.9048
400.3096	254.4167
400.8215	254.4167
400.8215	254.9286
401.3334	254.9286
401.3334	255.4405
401.8453	255.4405
401.8453	255.9524
402.8691	255.9524
402.8691	256.4643
403.3810	256.4643
403.3810	256.9762
403.8929	256.9762
403.8929	258.0000
404.4048	258.0000
404.4048	258.5120
404.9167	258.5120
404.9167	259.0239
405.4286	259.0239
405.4286	259.5358
405.9406	259.5358
405.9406	260.0477
406.4525	260.0477
406.4525	260.5596
406.9644	260.5596
406.9644	261.0715
407.4763	261.0715
407.4763	261.5834
407.9882	261.5834
407.9882	262.0953
409.0120	262.0953
409.0120	263.1191
409.5239	263.1191
409.5239	263.6310
410.0358	263.6310
410.0358	264.1429
410.5477	264.1429
410.5477	264.6548
411.0596	264.6548
411.0596	265.1667
411.5715	265.1667
411.5715	266.1905
412.0834	266.1905
412.0834	267.7262
412.5953	267.7262
412.5953	268.7501
413.1072	268.7501
413.1072	271.3096
413.6191	271.3096
413.6191	272.8453
414.1310	272.8453
414.1310	274.3810
414.6429	274.3810
414.6429	275.9167
415.1548	275.9167
415.1548	282.0596
415.6667	282.0596
415.6667	283.0834
415.1548	283.0834
415.1548	285.6429
415.6667	285.6429
415.6667	286.1548
415.1548	286.1548
415.1548	290.7620
415.6667	290.7620
415.6667	293.3215
416.1787	293.3215
416.1787	294.3453
416.6906	294.3453
416.6906	295.3691
417.2025	295.3691
417.2025	295.8810
417.7144	295.8810
417.7144	296.3929
418.2263	296.3929
418.2263	296.9048
418.7382	296.9048
418.7382	297.4167
419.2501	297.4167
419.2501	297.9286
419.7620	297.9286
419.7620	299.4643
420.2739	299.4643
420.2739	302.0239
420.7858	302.0239
420.7858	303.0477
421.2977	303.0477
421.2977	304.0715
421.8096	304.0715
421.8096	305.0953
422.3215	305.0953
422.3215	306.1191
422.8334	306.1191
422.8334	306.6310
423.3453	306.6310
423.3453	308.1667
423.8572	308.1667
423.8572	309.1905
424.3691	309.1905
424.3691	316.3572
424.8810	316.3572
424.8810	319.9405
424.3691	319.9405
424.3691	326.0834
423.8572	326.0834
423.8572	327.1072
423.3453	327.1072
423.3453	329.6667
422.8334	329.6667
422.8334	330.1786
422.3215	330.1786
422.3215	330.6905
421.8096	330.6905
421.8096	331.2024
421.2977	331.2024
421.2977	331.7143
420.7858	331.7143
420.7858	332.2263
420.2739	332.2263
420.2739	332.7382
419.7620	332.7382
419.7620	333.2501
419.2501	333.2501
419.2501	333.7620
418.7382	333.7620
418.7382	334.7858
418.2263	334.7858
418.2263	335.8096
417.7144	335.8096
417.7144	336.8334
417.2025	336.8334
417.2025	337.3453
416.6906	337.3453
416.6906	337.8572
416.1787	337.8572
416.1787	338.3691
415.6667	338.3691
415.6667	338.8810
415.1548	338.8810
415.1548	339.3929
414.6429	339.3929
414.6429	339.9048
413.6191	339.9048
413.6191	340.4167
411.5715	340.4167
411.5715	340.9286
410.5477	340.9286
410.5477	341.4405
410.0358	341.4405
410.0358	340.9286
409.5239	340.9286
409.5239	338.8810
409.0120	338.8810
409.0120	336.8334
408.5001	336.8334
408.5001	335.8096
407.9882	335.8096
407.9882	334.7858
407.4763	334.7858
407.4763	334.2739
406.9644	334.2739
406.9644	333.7620
406.4525	333.7620
406.4525	333.2501
405.9406	333.2501
405.9406	332.7382
405.4286	332.7382
405.4286	332.2263
404.9167	332.2263
404.9167	331.7143
404.4048	331.7143
404.4048	331.2024
403.8929	331.2024
403.8929	330.6905
402.8691	330.6905
402.8691	330.1786
401.8453	330.1786
401.8453	329.6667
399.2858	329.6667
399.2858	329.1548
396.7263	329.1548
396.7263	329.6667
394.1667	329.6667
394.1667	330.1786
393.1429	330.1786
393.1429	330.6905
392.1191	330.6905
392.1191	331.2024
391.6072	331.2024
391.6072	331.7143
391.0953	331.7143
391.0953	332.2263
390.5834	332.2263
390.5834	332.7382
390.0715	332.7382
390.0715	333.2501
389.5596	333.2501
389.5596	334.2739
389.0477	334.2739
389.0477	335.2977
388.5358	335.2977
388.5358	337.8572
388.0239	337.8572
388.0239	340.4167
387.5120	340.4167
387.5120	341.4405
387.0001	341.4405
387.0001	341.9524
386.4882	341.9524
386.4882	342.4644
385.9763	342.4644
385.9763	342.9763
385.4644	342.9763
385.4644	343.4882
384.9525	343.4882
384.9525	344.5120
384.4405	344.5120
384.4405	345.5358
383.9286	345.5358
383.9286	347.0715
383.4167	347.0715
383.4167	348.0953
382.9048	348.0953
382.9048	349.1191
376.7620	349.1191
376.7620	349.6310
375.7382	349.6310
375.7382	349.1191
371.6429	349.1191
371.6429	348.6072
370.6191	348.6072
370.6191	348.0953
368.0596	348.0953
368.0596	347.5834
364.9882	347.5834
364.9882	347.0715
363.9644	347.0715
363.9644	346.5596
362.4286	346.5596
362.4286	346.0477
359.8691	346.0477
359.8691	345.5358
358.8453	345.5358
358.8453	345.0239
357.3096	345.0239
357.3096	344.5120
356.2858	344.5120
356.2858	344.0001
355.7739	344.0001
355.7739	343.4882
354.7501	343.4882
354.7501	342.9763
353.7263	342.9763
353.7263	342.4644
352.1905	342.4644
352.1905	341.9524
350.6548	341.9524
350.6548	341.4405
349.6310	341.4405
349.6310	340.9286
348.6072	340.9286
348.6072	340.4167
347.5834	340.4167
347.5834	339.9048
347.0715	339.9048
347.0715	339.3929
346.5596	339.3929
346.5596	338.8810
346.0477	338.8810
346.0477	338.3691
345.0239	338.3691
345.0239	337.8572
344.0001	337.8572
344.0001	337.3453
342.4644	337.3453
342.4644	336.8334
341.9524	336.8334
341.9524	336.3215
341.4405	336.3215
341.4405	335.8096
340.9286	335.8096
340.9286	335.2977
339.9048	335.2977
339.9048	334.7858
338.8810	334.7858
338.8810	334.2739
338.3691	334.2739
338.3691	333.7620
337.8572	333.7620
337.8572	333.2501
337.3453	333.2501
337.3453	332.7382
336.3215	332.7382
336.3215	331.2024
335.8096	331.2024
335.8096	330.1786
335.2977	330.1786
335.2977	329.1548
335.8096	329.1548
335.8096	328.1310
336.3215	328.1310
336.3215	326.5953
336.8334	326.5953
336.8334	324.0358
337.3453	324.0358
337.3453	322.5001
337.8572	322.5001
337.8572	321.9882
338.3691	321.9882
338.3691	321.4763
338.8810	321.4763
338.8810	320.9643
339.3929	320.9643
339.3929	320.4524
339.9048	320.4524
339.9048	319.4286
340.4167	319.4286
340.4167	318.4048
340.9286	318.4048
340.9286	315.8453
341.4405	315.8453
341.4405	312.7739
340.9286	312.7739
340.9286	310.2143
340.4167	310.2143
340.4167	309.1905
339.9048	309.1905
339.9048	308.1667
339.3929	308.1667
339.3929	307.6548
338.8810	307.6548
338.8810	307.1429
338.3691	307.1429
338.3691	306.6310
337.8572	306.6310
337.8572	306.1191
337.3453	306.1191
337.3453	305.6072
336.8334	305.6072
336.8334	305.0953
336.3215	305.0953
336.3215	304.5834
335.8096	304.5834
335.8096	304.0715
335.2977	304.0715
335.2977	303.5596
334.2739	303.5596
334.2739	303.0477
333.2501	303.0477
333.2501	302.5358
330.6905	302.5358
330.6905	302.0239
327.6191	302.0239
327.6191	302.5358
325.0596	302.5358
325.0596	303.0477
321.9882	303.0477
321.9882	303.5596
320.9643	303.5596
320.9643	303.0477
319.9405	303.0477
319.9405	302.5358
317.3810	302.5358
317.3810	302.0239
311.7501	302.0239
311.7501	301.5120
310.7262	301.5120
310.7262	301.0001
309.7024	301.0001
309.7024	300.4882
308.6786	300.4882
308.6786	299.9762
307.1429	299.9762
307.1429	298.9524
306.6310	298.9524
306.6310	297.4167
306.1191	297.4167
306.1191	296.3929
305.6072	296.3929
305.6072	295.3691
305.0953	295.3691
305.0953	294.3453
304.5834	294.3453
304.5834	293.3215
304.0715	293.3215
304.0715	292.2977
303.5596	292.2977
303.5596	291.7858
303.0477	291.7858
303.0477	290.7620
302.5358	290.7620
302.5358	290.2501
302.0239	290.2501
302.0239	289.7382
301.5120	289.7382
301.5120	289.2262
301.0001	289.2262
301.0001	288.7143
300.4882	288.7143
300.4882	285.6429
299.9762	285.6429
299.9762	283.0834
299.4643	283.0834
299.4643	282.0596
298.9524	282.0596
298.9524	281.0358
298.4405	281.0358
298.4405	278.9881
297.9286	278.9881
297.9286	277.9643
297.4167	277.9643
297.4167	276.9405
296.9048	276.9405
296.9048	275.9167
296.3929	275.9167
296.3929	274.8929
295.8810	274.8929
295.8810	273.8691
295.3691	273.8691
295.3691	272.3334
294.8572	272.3334
294.8572	270.7977
294.3453	270.7977
294.3453	269.7739
293.8334	269.7739
293.8334	262.6072
294.3453	262.6072
294.3453	261.5834
294.8572	261.5834
294.8572	261.0715
295.3691	261.0715
295.3691	260.5596
295.8810	260.5596
295.8810	259.5358
296.3929	259.5358
296.3929	258.5120
296.9048	258.5120
296.9048	258.0000
297.4167	258.0000
297.4167	257.4881
297.9286	257.4881
297.9286	256.9762
298.4405	256.9762
298.4405	256.4643
298.9524	256.4643
298.9524	255.4405
299.4643	255.4405
299.4643	254.4167
299.9762	254.4167
299.9762	253.3929
300.4882	253.3929
300.4882	252.3691
301.0001	252.3691
301.0001	251.3453
301.5120	251.3453
301.5120	250.8334
302.0239	250.8334
302.0239	249.8096
302.5358	249.8096
302.5358	248.7858
303.0477	248.7858
303.0477	246.7381
303.5596	246.7381
303.5596	244.1786
304.0715	244.1786
304.0715	243.1548
304.5834	243.1548
304.5834	242.6429
305.0953	242.6429
305.0953	242.1310
305.6072	242.1310
305.6072	241.6191
306.1191	241.6191
306.1191	241.1072
306.6310	241.1072
306.6310	240.0834
307.1429	240.0834
307.1429	239.0596
307.6548	239.0596
307.6548	236.5000
308.1667	236.5000
308.1667	233.4286
307.6548	233.4286
307.6548	232.4048
308.1667	232.4048
308.1667	231.8929
308.6786	231.8929
308.6786	230.8691
309.1905	230.8691
309.1905	229.8453
309.7024	229.8453
309.7024	228.8215
310.2143	228.8215
310.2143	227.2858
310.7262	227.2858
310.7262	226.7739
311.2382	226.7739
311.2382	225.7500
311.7501	225.7500
311.7501	225.2381
312.2620	225.2381
312.2620	224.7262
312.7739	224.7262
312.7739	224.2143
313.2858	224.2143
313.2858	223.7024
313.7977	223.7024
313.7977	223.1905
314.3096	223.1905
314.3096	222.6786
314.8215	222.6786
314.8215	222.1667
315.3334	222.1667
315.3334	221.6548
315.8453	221.6548
315.8453	221.1429
316.3572	221.1429
316.3572	220.6310
317.3810	220.6310
317.3810	220.1191
317.8929	220.1191
317.8929	219.6072
318.4048	219.6072
318.4048	219.0953
319.4286	219.0953
319.4286	218.5834
320.4524	218.5834
320.4524	218.0715
321.4763	218.0715
321.4763	217.5596
322.5001	217.5596
322.5001	217.0477
323.5239	217.0477
323.5239	216.5358
324.0358	216.5358
324.0358	216.0239
325.0596	216.0239
325.0596	215.5119
326.5953	215.5119
326.5953	215.0000
327.6191	215.0000
327.6191	214.4881
329.1548	214.4881
329.1548	213.9762
330.6905	213.9762
330.6905	213.4643
334.2739	213.4643
334.2739	212.9524
337.3453	212.9524
