345.5358	228.3096
351.6786	228.3096
351.6786	228.8215
352.7024	228.8215
352.7024	229.3334
353.2144	229.3334
353.2144	229.8453
353.7263	229.8453
353.7263	230.3572
354.7501	230.3572
354.7501	230.8691
355.7739	230.8691
355.7739	231.3810
357.3096	231.3810
357.3096	231.8929
358.8453	231.8929
358.8453	232.4048
359.8691	232.4048
359.8691	232.9167
360.8929	232.9167
360.8929	233.4286
361.9167	233.4286
361.9167	233.9405
362.9405	233.9405
362.9405	234.9643
363.4525	234.9643
363.4525	235.4762
363.9644	235.4762
363.9644	235.9881
364.4763	235.9881
364.4763	236.5000
364.9882	236.5000
364.9882	237.0119
365.5001	237.0119
365.5001	237.5239
366.0120	237.5239
366.0120	238.0358
367.0358	238.0358
367.0358	238.5477
368.0596	238.5477
368.0596	239.0596
369.5953	239.0596
369.5953	239.5715
370.1072	239.5715
370.1072	240.0834
370.6191	240.0834
370.6191	240.5953
371.1310	240.5953
371.1310	241.1072
371.6429	241.1072
371.6429	241.6191
372.1548	241.6191
372.1548	242.1310
372.6667	242.1310
372.6667	242.6429
373.1786	242.6429
373.1786	243.1548
373.6905	243.1548
373.6905	243.6667
374.2025	243.6667
374.2025	244.6905
374.7144	244.6905
374.7144	245.2024
375.2263	245.2024
375.2263	245.7143
375.7382	245.7143
375.7382	246.2262
376.2501	246.2262
376.2501	246.7381
376.7620	246.7381
376.7620	247.2500
377.2739	247.2500
377.2739	247.7620
378.2977	247.7620
378.2977	248.2739
379.3215	248.2739
379.3215	248.7858
379.8334	248.7858
379.8334	249.8096
380.3453	249.8096
380.3453	250.3215
380.8572	250.3215
380.8572	251.3453
381.3691	251.3453
381.3691	251.8572
381.8810	251.8572
381.8810	253.9048
382.3929	253.9048
382.3929	255.4405
382.9048	255.4405
382.9048	256.4643
383.4167	256.4643
383.4167	257.4881
383.9286	257.4881
383.9286	258.0000
384.4405	258.0000
384.4405	258.5120
384.9525	258.5120
384.9525	259.0239
385.4644	259.0239
385.4644	259.5358
385.9763	259.5358
385.9763	261.0715
386.4882	261.0715
386.4882	262.0953
387.0001	262.0953
387.0001	263.1191
387.5120	263.1191
387.5120	263.6310
388.0239	263.6310
388.0239	265.6786
388.5358	265.6786
388.5358	268.2381
389.0477	268.2381
389.0477	270.2858
389.5596	270.2858
389.5596	271.3096
390.0715	271.3096
390.0715	272.3334
390.5834	272.3334
390.5834	273.3572
391.0953	273.3572
391.0953	274.8929
390.5834	274.8929
390.5834	275.4048
390.0715	275.4048
390.0715	275.9167
389.5596	275.9167
389.5596	276.4286
389.0477	276.4286
389.0477	276.9405
386.4882	276.9405
386.4882	277.4524
385.4644	277.4524
385.4644	277.9643
384.4405	277.9643
384.4405	278.4762
383.9286	278.4762
383.9286	278.9881
383.4167	278.9881
383.4167	279.5001
382.9048	279.5001
382.9048	280.0120
382.3929	280.0120
382.3929	280.5239
381.8810	280.5239
381.8810	281.5477
381.3691	281.5477
381.3691	282.5715
380.8572	282.5715
380.8572	284.1072
380.3453	284.1072
380.3453	285.6429
379.8334	285.6429
379.8334	286.6667
379.3215	286.6667
379.3215	287.6905
378.8096	287.6905
378.8096	288.7143
378.2977	288.7143
378.2977	289.7382
377.7858	289.7382
377.7858	290.7620
376.2501	290.7620
376.2501	291.2739
372.1548	291.2739
372.1548	291.7858
369.5953	291.7858
369.5953	292.2977
368.5715	292.2977
368.5715	292.8096
367.5477	292.8096
367.5477	293.3215
360.8929	293.3215
360.8929	293.8334
358.3334	293.8334
358.3334	294.3453
357.3096	294.3453
357.3096	294.8572
356.2858	294.8572
356.2858	295.3691
354.7501	295.3691
354.7501	294.8572
354.2382	294.8572
354.2382	294.3453
353.7263	294.3453
353.7263	293.8334
353.2144	293.8334
353.2144	293.3215
352.7024	293.3215
352.7024	292.8096
352.1905	292.8096
352.1905	292.2977
351.6786	292.2977
351.6786	291.7858
350.6548	291.7858
350.6548	291.2739
349.6310	291.2739
349.6310	290.7620
347.5834	290.7620
347.5834	290.2501
345.0239	290.2501
345.0239	289.7382
344.0001	289.7382
344.0001	289.2262
342.9763	289.2262
342.9763	288.7143
341.9524	288.7143
341.9524	288.2024
340.4167	288.2024
340.4167	287.6905
337.8572	287.6905
337.8572	287.1786
337.3453	287.1786
337.3453	286.6667
336.8334	286.6667
336.8334	286.1548
336.3215	286.1548
336.3215	285.6429
335.2977	285.6429
335.2977	285.1310
334.2739	285.1310
334.2739	284.6191
333.2501	284.6191
333.2501	284.1072
332.2263	284.1072
332.2263	283.5953
331.7143	283.5953
331.7143	283.0834
331.2024	283.0834
331.2024	282.5715
330.6905	282.5715
330.6905	282.0596
330.1786	282.0596
330.1786	281.5477
329.6667	281.5477
329.6667	281.0358
329.1548	281.0358
329.1548	280.5239
328.6429	280.5239
328.6429	280.0120
328.1310	280.0120
328.1310	279.5001
327.1072	279.5001
327.1072	278.9881
326.0834	278.9881
326.0834	278.4762
324.5477	278.4762
324.5477	277.9643
322.5001	277.9643
322.5001	277.4524
321.9882	277.4524
321.9882	276.9405
322.5001	276.9405
322.5001	275.4048
323.0120	275.4048
323.0120	274.3810
323.5239	274.3810
323.5239	271.8215
324.0358	271.8215
324.0358	267.2143
323.5239	267.2143
323.5239	264.6548
323.0120	264.6548
323.0120	263.6310
322.5001	263.6310
322.5001	262.6072
321.9882	262.6072
321.9882	262.0953
321.4763	262.0953
321.4763	261.5834
320.9643	261.5834
320.9643	261.0715
320.4524	261.0715
320.4524	260.5596
319.9405	260.5596
319.9405	260.0477
318.9167	260.0477
318.9167	257.4881
318.4048	257.4881
318.4048	255.9524
317.8929	255.9524
317.8929	254.9286
317.3810	254.9286
317.3810	253.9048
316.8691	253.9048
316.8691	253.3929
316.3572	253.3929
316.3572	251.8572
316.8691	251.8572
316.8691	246.7381
316.3572	246.7381
316.3572	243.1548
315.8453	243.1548
315.8453	240.5953
315.3334	240.5953
315.3334	239.5715
314.8215	239.5715
314.8215	238.5477
314.3096	238.5477
314.3096	238.0358
313.7977	238.0358
313.7977	236.5000
314.8215	236.5000
314.8215	235.9881
315.8453	235.9881
315.8453	235.4762
319.9405	235.4762
319.9405	234.9643
322.5001	234.9643
322.5001	234.4524
323.5239	234.4524
323.5239	233.9405
324.5477	233.9405
324.5477	233.4286
325.0596	233.4286
325.0596	232.9167
325.5715	232.9167
325.5715	232.4048
326.0834	232.4048
326.0834	231.8929
326.5953	231.8929
326.5953	231.3810
327.1072	231.3810
327.1072	230.8691
329.1548	230.8691
329.1548	231.3810
332.2263	231.3810
332.2263	230.8691
334.7858	230.8691
334.7858	230.3572
338.3691	230.3572
338.3691	229.8453
340.9286	229.8453
340.9286	229.3334
341.9524	229.3334
341.9524	228.8215
342.9763	228.8215
342.9763	228.3096
343.4882	228.3096
343.4882	227.7977
345.5358	227.7977
