373.1786	222.1667
374.7144	222.1667
374.7144	222.6786
376.2501	222.6786
376.2501	223.1905
377.7858	223.1905
377.7858	223.7024
379.3215	223.7024
379.3215	224.2143
380.3453	224.2143
380.3453	224.7262
382.3929	224.7262
382.3929	225.2381
383.4167	225.2381
383.4167	225.7500
384.9525	225.7500
384.9525	226.2619
385.9763	226.2619
385.9763	226.7739
387.0001	226.7739
387.0001	227.2858
388.5358	227.2858
388.5358	227.7977
389.5596	227.7977
389.5596	228.3096
390.0715	228.3096
390.0715	228.8215
390.5834	228.8215
390.5834	229.3334
391.0953	229.3334
391.0953	229.8453
391.6072	229.8453
391.6072	230.3572
392.1191	230.3572
392.1191	230.8691
393.1429	230.8691
393.1429	231.3810
394.1667	231.3810
394.1667	231.8929
394.6786	231.8929
394.6786	232.4048
395.1906	232.4048
395.1906	232.9167
396.2144	232.9167
396.2144	233.4286
396.7263	233.4286
396.7263	233.9405
397.2382	233.9405
397.2382	234.4524
397.7501	234.4524
397.7501	234.9643
398.2620	234.9643
398.2620	235.4762
398.7739	235.4762
398.7739	236.5000
399.2858	236.5000
399.2858	237.0119
399.7977	237.0119
399.7977	237.5239
400.3096	237.5239
400.3096	238.0358
400.8215	238.0358
400.8215	238.5477
401.3334	238.5477
401.3334	239.0596
401.8453	239.0596
401.8453	239.5715
402.3572	239.5715
402.3572	240.0834
402.8691	240.0834
402.8691	240.5953
403.3810	240.5953
403.3810	241.1072
403.8929	241.1072
403.8929	241.6191
404.9167	241.6191
404.9167	242.1310
405.9406	242.1310
405.9406	242.6429
406.9644	242.6429
406.9644	243.1548
407.9882	243.1548
407.9882	243.6667
409.0120	243.6667
409.0120	244.1786
410.0358	244.1786
410.0358	245.2024
410.5477	245.2024
410.5477	246.2262
411.0596	246.2262
411.0596	247.2500
411.5715	247.2500
411.5715	247.7620
412.0834	247.7620
412.0834	250.3215
412.5953	250.3215
412.5953	252.3691
413.1072	252.3691
413.1072	253.3929
413.6191	253.3929
413.6191	254.4167
414.1310	254.4167
414.1310	255.4405
414.6429	255.4405
414.6429	255.9524
415.1548	255.9524
415.1548	256.9762
415.6667	256.9762
415.6667	259.5358
416.1787	259.5358
416.1787	262.0953
416.6906	262.0953
416.6906	263.1191
417.2025	263.1191
417.2025	264.6548
417.7144	264.6548
417.7144	266.1905
417.2025	266.1905
417.2025	267.7262
416.6906	267.7262
416.6906	269.2620
416.1787	269.2620
416.1787	269.7739
415.6667	269.7739
415.6667	270.2858
415.1548	270.2858
415.1548	270.7977
414.6429	270.7977
414.6429	271.3096
414.1310	271.3096
414.1310	272.3334
413.6191	272.3334
413.6191	273.3572
413.1072	273.3572
413.1072	274.3810
412.5953	274.3810
412.5953	276.4286
412.0834	276.4286
412.0834	277.9643
411.5715	277.9643
411.5715	278.4762
410.0358	278.4762
410.0358	278.9881
409.0120	278.9881
409.0120	279.5001
407.9882	279.5001
407.9882	280.0120
407.4763	280.0120
407.4763	280.5239
406.9644	280.5239
406.9644	281.0358
406.4525	281.0358
406.4525	281.5477
405.9406	281.5477
405.9406	282.0596
405.4286	282.0596
405.4286	282.5715
404.4048	282.5715
404.4048	283.0834
403.3810	283.0834
403.3810	283.5953
402.3572	283.5953
402.3572	283.0834
397.7501	283.0834
397.7501	283.5953
395.1906	283.5953
395.1906	284.1072
394.1667	284.1072
394.1667	284.6191
393.1429	284.6191
393.1429	285.1310
392.6310	285.1310
392.6310	285.6429
392.1191	285.6429
392.1191	286.1548
391.6072	286.1548
391.6072	286.6667
391.0953	286.6667
391.0953	287.1786
390.5834	287.1786
390.5834	287.6905
390.0715	287.6905
390.0715	288.7143
389.0477	288.7143
389.0477	289.2262
388.5358	289.2262
388.5358	289.7382
388.0239	289.7382
388.0239	290.2501
387.5120	290.2501
387.5120	290.7620
387.0001	290.7620
387.0001	291.2739
386.4882	291.2739
386.4882	291.7858
385.9763	291.7858
385.9763	292.8096
385.4644	292.8096
385.4644	293.8334
384.9525	293.8334
384.9525	294.3453
381.8810	294.3453
381.8810	293.8334
380.8572	293.8334
380.8572	292.8096
380.3453	292.8096
380.3453	292.2977
379.8334	292.2977
379.8334	291.7858
379.3215	291.7858
379.3215	291.2739
378.8096	291.2739
378.8096	290.7620
378.2977	290.7620
378.2977	290.2501
377.2739	290.2501
377.2739	289.7382
376.2501	289.7382
376.2501	289.2262
373.6905	289.2262
373.6905	288.7143
371.1310	288.7143
371.1310	288.2024
368.0596	288.2024
368.0596	288.7143
367.5477	288.7143
367.5477	288.2024
366.5239	288.2024
366.5239	287.6905
365.5001	287.6905
365.5001	287.1786
363.9644	287.1786
363.9644	286.6667
362.9405	286.6667
362.9405	286.1548
361.9167	286.1548
361.9167	285.6429
360.8929	285.6429
360.8929	285.1310
359.8691	285.1310
359.8691	284.6191
358.3334	284.6191
358.3334	284.1072
355.7739	284.1072
355.7739	282.5715
355.2620	282.5715
355.2620	281.5477
354.7501	281.5477
354.7501	280.5239
354.2382	280.5239
354.2382	280.0120
353.7263	280.0120
353.7263	279.5001
353.2144	279.5001
353.2144	278.4762
352.7024	278.4762
352.7024	277.4524
352.1905	277.4524
352.1905	276.4286
351.6786	276.4286
351.6786	275.9167
351.1667	275.9167
351.1667	275.4048
350.6548	275.4048
350.6548	274.8929
350.1429	274.8929
350.1429	274.3810
349.6310	274.3810
349.6310	273.3572
349.1191	273.3572
349.1191	272.3334
349.6310	272.3334
349.6310	269.2620
349.1191	269.2620
349.1191	266.7024
348.6072	266.7024
348.6072	265.6786
348.0953	265.6786
348.0953	264.6548
347.5834	264.6548
347.5834	264.1429
347.0715	264.1429
347.0715	263.6310
346.5596	263.6310
346.5596	263.1191
346.0477	263.1191
346.0477	262.6072
345.5358	262.6072
345.5358	262.0953
345.0239	262.0953
345.0239	261.5834
344.0001	261.5834
344.0001	261.0715
342.9763	261.0715
342.9763	260.0477
342.4644	260.0477
342.4644	259.0239
341.9524	259.0239
341.9524	258.0000
341.4405	258.0000
341.4405	256.9762
340.9286	256.9762
340.9286	255.9524
340.4167	255.9524
340.4167	254.9286
339.9048	254.9286
339.9048	254.4167
339.3929	254.4167
339.3929	253.9048
338.8810	253.9048
338.8810	253.3929
338.3691	253.3929
338.3691	252.8810
337.8572	252.8810
337.8572	252.3691
337.3453	252.3691
337.3453	251.8572
336.3215	251.8572
336.3215	251.3453
335.2977	251.3453
335.2977	250.8334
334.2739	250.8334
334.2739	250.3215
331.7143	250.3215
331.7143	249.8096
330.6905	249.8096
330.6905	249.2977
329.6667	249.2977
329.6667	248.7858
328.6429	248.7858
328.6429	248.2739
328.1310	248.2739
328.1310	246.7381
327.6191	246.7381
327.6191	245.7143
327.1072	245.7143
327.1072	244.6905
327.6191	244.6905
327.6191	242.6429
328.1310	242.6429
328.1310	242.1310
328.6429	242.1310
328.6429	241.6191
329.1548	241.6191
329.1548	241.1072
333.2501	241.1072
333.2501	240.5953
335.8096	240.5953
335.8096	240.0834
336.8334	240.0834
336.8334	239.5715
339.3929	239.5715
339.3929	239.0596
341.4405	239.0596
341.4405	238.5477
342.4644	238.5477
342.4644	238.0358
343.4882	238.0358
343.4882	237.5239
344.0001	237.5239
344.0001	237.0119
344.5120	237.0119
344.5120	236.5000
345.5358	236.5000
345.5358	235.9881
346.0477	235.9881
346.0477	235.4762
346.5596	235.4762
346.5596	234.9643
347.0715	234.9643
347.0715	234.4524
347.5834	234.4524
347.5834	233.9405
348.0953	233.9405
348.0953	233.4286
348.6072	233.4286
348.6072	232.9167
349.1191	232.9167
349.1191	231.8929
349.6310	231.8929
349.6310	231.3810
351.6786	231.3810
351.6786	230.8691
352.7024	230.8691
352.7024	230.3572
353.7263	230.3572
353.7263	229.8453
354.7501	229.8453
354.7501	229.3334
355.2620	229.3334
355.2620	228.8215
355.7739	228.8215
355.7739	228.3096
356.2858	228.3096
356.2858	227.7977
356.7977	227.7977
356.7977	227.2858
357.3096	227.2858
357.3096	226.7739
357.8215	226.7739
357.8215	226.2619
358.8453	226.2619
358.8453	225.7500
359.8691	225.7500
359.8691	225.2381
360.8929	225.2381
360.8929	224.7262
361.9167	224.7262
361.9167	224.2143
362.9405	224.2143
362.9405	223.7024
363.4525	223.7024
363.4525	223.1905
364.4763	223.1905
364.4763	222.6786
365.5001	222.6786
365.5001	222.1667
371.6429	222.1667
371.6429	221.6548
373.1786	221.6548
