351.1667	222.6786
353.7263	222.6786
353.7263	223.1905
359.3572	223.1905
359.3572	223.7024
360.3810	223.7024
360.3810	224.2143
361.4048	224.2143
361.4048	224.7262
363.9644	224.7262
363.9644	225.2381
364.9882	225.2381
364.9882	225.7500
367.0358	225.7500
367.0358	226.2619
368.0596	226.2619
368.0596	226.7739
370.1072	226.7739
370.1072	227.2858
370.6191	227.2858
370.6191	227.7977
371.6429	227.7977
371.6429	228.3096
372.6667	228.3096
372.6667	228.8215
373.6905	228.8215
373.6905	229.3334
375.2263	229.3334
375.2263	229.8453
375.7382	229.8453
375.7382	230.3572
376.7620	230.3572
376.7620	230.8691
377.7858	230.8691
377.7858	231.3810
378.8096	231.3810
378.8096	231.8929
379.3215	231.8929
379.3215	232.4048
379.8334	232.4048
379.8334	232.9167
380.8572	232.9167
380.8572	233.4286
381.8810	233.4286
381.8810	233.9405
382.3929	233.9405
382.3929	234.4524
383.4167	234.4524
383.4167	234.9643
384.4405	234.9643
384.4405	235.4762
386.4882	235.4762
386.4882	235.9881
387.0001	235.9881
387.0001	236.5000
388.0239	236.5000
388.0239	237.0119
388.5358	237.0119
388.5358	237.5239
389.0477	237.5239
389.0477	238.0358
389.5596	238.0358
389.5596	239.0596
390.0715	239.0596
390.0715	239.5715
390.5834	239.5715
390.5834	240.0834
391.0953	240.0834
391.0953	240.5953
391.6072	240.5953
391.6072	241.1072
392.1191	241.1072
392.1191	242.1310
392.6310	242.1310
392.6310	243.1548
393.1429	243.1548
393.1429	244.1786
393.6548	244.1786
393.6548	245.2024
394.1667	245.2024
394.1667	246.2262
394.6786	246.2262
394.6786	246.7381
395.1906	246.7381
395.1906	247.2500
395.7025	247.2500
395.7025	247.7620
396.2144	247.7620
396.2144	248.2739
396.7263	248.2739
396.7263	248.7858
397.2382	248.7858
397.2382	249.2977
397.7501	249.2977
397.7501	249.8096
398.2620	249.8096
398.2620	250.8334
398.7739	250.8334
398.7739	253.3929
399.2858	253.3929
399.2858	254.9286
399.7977	254.9286
399.7977	257.4881
400.3096	257.4881
400.3096	258.5120
400.8215	258.5120
400.8215	259.5358
401.3334	259.5358
401.3334	260.5596
401.8453	260.5596
401.8453	261.5834
402.3572	261.5834
402.3572	262.0953
402.8691	262.0953
402.8691	262.6072
403.3810	262.6072
403.3810	265.1667
403.8929	265.1667
403.8929	267.7262
403.3810	267.7262
403.3810	271.8215
402.8691	271.8215
402.8691	276.9405
402.3572	276.9405
402.3572	278.9881
401.8453	278.9881
401.8453	281.5477
401.3334	281.5477
401.3334	283.5953
400.8215	283.5953
400.8215	284.6191
400.3096	284.6191
400.3096	286.6667
399.2858	286.6667
399.2858	287.1786
398.7739	287.1786
398.7739	287.6905
398.2620	287.6905
398.2620	288.2024
397.7501	288.2024
397.7501	288.7143
395.1906	288.7143
395.1906	289.2262
394.1667	289.2262
394.1667	289.7382
393.1429	289.7382
393.1429	290.2501
392.6310	290.2501
392.6310	290.7620
391.6072	290.7620
391.6072	291.2739
391.0953	291.2739
391.0953	291.7858
390.5834	291.7858
390.5834	292.2977
390.0715	292.2977
390.0715	292.8096
389.5596	292.8096
389.5596	293.3215
389.0477	293.3215
389.0477	294.3453
388.5358	294.3453
388.5358	295.3691
388.0239	295.3691
388.0239	297.9286
387.0001	297.9286
387.0001	297.4167
384.4405	297.4167
384.4405	296.9048
380.8572	296.9048
380.8572	297.4167
378.2977	297.4167
378.2977	297.9286
376.7620	297.9286
376.7620	298.4405
375.7382	298.4405
375.7382	298.9524
374.2025	298.9524
374.2025	299.4643
372.6667	299.4643
372.6667	299.9762
370.1072	299.9762
370.1072	300.4882
368.5715	300.4882
368.5715	301.0001
367.5477	301.0001
367.5477	301.5120
366.5239	301.5120
366.5239	302.0239
366.0120	302.0239
366.0120	302.5358
365.5001	302.5358
365.5001	303.0477
364.9882	303.0477
364.9882	303.5596
364.4763	303.5596
364.4763	304.0715
363.9644	304.0715
363.9644	305.0953
362.9405	305.0953
362.9405	304.5834
361.9167	304.5834
361.9167	304.0715
360.8929	304.0715
360.8929	303.5596
359.8691	303.5596
359.8691	303.0477
359.3572	303.0477
359.3572	302.5358
358.8453	302.5358
358.8453	302.0239
358.3334	302.0239
358.3334	301.5120
357.3096	301.5120
357.3096	301.0001
356.2858	301.0001
356.2858	300.4882
354.7501	300.4882
354.7501	299.9762
352.1905	299.9762
352.1905	299.4643
350.1429	299.4643
350.1429	298.9524
348.6072	298.9524
348.6072	298.4405
346.5596	298.4405
346.5596	297.9286
344.0001	297.9286
344.0001	297.4167
339.3929	297.4167
339.3929	297.9286
336.8334	297.9286
336.8334	298.4405
335.8096	298.4405
335.8096	295.8810
335.2977	295.8810
335.2977	294.8572
334.7858	294.8572
334.7858	293.8334
334.2739	293.8334
334.2739	293.3215
333.7620	293.3215
333.7620	292.8096
333.2501	292.8096
333.2501	292.2977
332.7382	292.2977
332.7382	291.7858
332.2263	291.7858
332.2263	291.2739
331.7143	291.2739
331.7143	290.7620
331.2024	290.7620
331.2024	290.2501
330.1786	290.2501
330.1786	289.7382
329.1548	289.7382
329.1548	289.2262
328.6429	289.2262
328.6429	288.7143
328.1310	288.7143
328.1310	288.2024
327.1072	288.2024
327.1072	287.6905
326.5953	287.6905
326.5953	287.1786
326.0834	287.1786
326.0834	286.6667
325.5715	286.6667
325.5715	285.6429
325.0596	285.6429
325.0596	284.6191
324.5477	284.6191
324.5477	283.5953
324.0358	283.5953
324.0358	282.5715
323.5239	282.5715
323.5239	281.5477
323.0120	281.5477
323.0120	281.0358
322.5001	281.0358
322.5001	280.5239
321.9882	280.5239
321.9882	280.0120
321.4763	280.0120
321.4763	278.9881
320.9643	278.9881
320.9643	277.9643
320.4524	277.9643
320.4524	277.4524
319.9405	277.4524
319.9405	276.9405
319.4286	276.9405
319.4286	276.4286
318.9167	276.4286
318.9167	275.9167
318.4048	275.9167
318.4048	273.3572
317.8929	273.3572
317.8929	271.8215
317.3810	271.8215
317.3810	268.7501
316.8691	268.7501
316.8691	266.1905
316.3572	266.1905
316.3572	265.1667
315.8453	265.1667
315.8453	263.1191
315.3334	263.1191
315.3334	262.0953
314.8215	262.0953
314.8215	261.0715
314.3096	261.0715
314.3096	260.5596
313.7977	260.5596
313.7977	260.0477
313.2858	260.0477
313.2858	259.5358
312.7739	259.5358
312.7739	259.0239
312.2620	259.0239
312.2620	258.5120
311.7501	258.5120
311.7501	258.0000
311.2382	258.0000
311.2382	257.4881
310.7262	257.4881
310.7262	256.9762
309.7024	256.9762
309.7024	256.4643
309.1905	256.4643
309.1905	255.9524
308.6786	255.9524
308.6786	254.9286
308.1667	254.9286
308.1667	253.3929
308.6786	253.3929
308.6786	252.3691
309.1905	252.3691
309.1905	251.3453
309.7024	251.3453
309.7024	250.8334
310.2143	250.8334
310.2143	250.3215
311.2382	250.3215
311.2382	249.8096
312.2620	249.8096
312.2620	249.2977
312.7739	249.2977
312.7739	248.7858
313.2858	248.7858
313.2858	248.2739
313.7977	248.2739
313.7977	247.7620
314.3096	247.7620
314.3096	247.2500
315.3334	247.2500
315.3334	246.7381
315.8453	246.7381
315.8453	246.2262
316.3572	246.2262
316.3572	245.7143
316.8691	245.7143
316.8691	245.2024
317.3810	245.2024
317.3810	244.6905
317.8929	244.6905
317.8929	244.1786
318.4048	244.1786
318.4048	243.1548
318.9167	243.1548
318.9167	242.1310
319.4286	242.1310
319.4286	241.6191
319.9405	241.6191
319.9405	240.5953
320.4524	240.5953
320.4524	239.5715
320.9643	239.5715
320.9643	239.0596
321.4763	239.0596
321.4763	238.5477
321.9882	238.5477
321.9882	238.0358
322.5001	238.0358
322.5001	237.0119
323.0120	237.0119
323.0120	236.5000
323.5239	236.5000
323.5239	235.9881
324.0358	235.9881
324.0358	235.4762
325.0596	235.4762
325.0596	234.9643
325.5715	234.9643
325.5715	234.4524
326.0834	234.4524
326.0834	233.9405
326.5953	233.9405
326.5953	233.4286
327.6191	233.4286
327.6191	232.9167
328.1310	232.9167
328.1310	232.4048
328.6429	232.4048
328.6429	231.8929
329.1548	231.8929
329.1548	231.3810
330.1786	231.3810
330.1786	230.8691
330.6905	230.8691
330.6905	230.3572
331.2024	230.3572
331.2024	229.8453
331.7143	229.8453
331.7143	229.3334
332.7382	229.3334
332.7382	228.8215
333.7620	228.8215
333.7620	228.3096
334.7858	228.3096
334.7858	227.7977
335.8096	227.7977
335.8096	227.2858
336.3215	227.2858
336.3215	226.7739
337.8572	226.7739
337.8572	226.2619
338.8810	226.2619
338.8810	225.7500
339.9048	225.7500
339.9048	225.2381
341.4405	225.2381
341.4405	224.7262
342.4644	224.7262
342.4644	224.2143
344.5120	224.2143
344.5120	223.7024
345.5358	223.7024
345.5358	223.1905
348.0953	223.1905
348.0953	222.6786
350.1429	222.6786
350.1429	222.1667
351.1667	222.1667
