353.2144	223.1905
358.3334	223.1905
358.3334	222.6786
360.3810	222.6786
360.3810	223.1905
360.8929	223.1905
360.8929	223.7024
361.4048	223.7024
361.4048	224.2143
362.4286	224.2143
362.4286	224.7262
363.4525	224.7262
363.4525	225.2381
365.5001	225.2381
365.5001	225.7500
366.5239	225.7500
366.5239	226.2619
367.5477	226.2619
367.5477	226.7739
368.5715	226.7739
368.5715	227.2858
370.1072	227.2858
370.1072	227.7977
371.1310	227.7977
371.1310	228.3096
372.1548	228.3096
372.1548	228.8215
373.1786	228.8215
373.1786	229.3334
374.2025	229.3334
374.2025	229.8453
375.2263	229.8453
375.2263	230.3572
376.2501	230.3572
376.2501	230.8691
376.7620	230.8691
376.7620	231.3810
377.7858	231.3810
377.7858	231.8929
378.2977	231.8929
378.2977	232.4048
378.8096	232.4048
378.8096	232.9167
379.8334	232.9167
379.8334	233.4286
380.8572	233.4286
380.8572	233.9405
381.8810	233.9405
381.8810	234.4524
382.3929	234.4524
382.3929	234.9643
382.9048	234.9643
382.9048	235.4762
383.9286	235.4762
383.9286	235.9881
384.9525	235.9881
384.9525	236.5000
385.9763	236.5000
385.9763	237.0119
387.5120	237.0119
387.5120	238.0358
388.0239	238.0358
388.0239	238.5477
388.5358	238.5477
388.5358	239.0596
389.0477	239.0596
389.0477	239.5715
389.5596	239.5715
389.5596	240.0834
390.0715	240.0834
390.0715	241.1072
390.5834	241.1072
390.5834	241.6191
391.0953	241.6191
391.0953	242.6429
391.6072	242.6429
391.6072	243.6667
392.1191	243.6667
392.1191	244.6905
392.6310	244.6905
392.6310	245.2024
393.1429	245.2024
393.1429	245.7143
393.6548	245.7143
393.6548	246.2262
394.1667	246.2262
394.1667	246.7381
394.6786	246.7381
394.6786	247.2500
395.1906	247.2500
395.1906	247.7620
395.7025	247.7620
395.7025	248.2739
396.2144	248.2739
396.2144	248.7858
396.7263	248.7858
396.7263	249.2977
397.2382	249.2977
397.2382	249.8096
397.7501	249.8096
397.7501	251.3453
398.2620	251.3453
398.2620	252.3691
398.7739	252.3691
398.7739	254.9286
399.2858	254.9286
399.2858	256.9762
399.7977	256.9762
399.7977	258.0000
400.3096	258.0000
400.3096	259.5358
400.8215	259.5358
400.8215	261.0715
401.3334	261.0715
401.3334	262.0953
401.8453	262.0953
401.8453	263.1191
402.3572	263.1191
402.3572	263.6310
402.8691	263.6310
402.8691	264.6548
403.3810	264.6548
403.3810	266.1905
403.8929	266.1905
403.8929	267.7262
403.3810	267.7262
403.3810	273.3572
402.8691	273.3572
402.8691	276.4286
402.3572	276.4286
402.3572	277.4524
401.8453	277.4524
401.8453	280.0120
401.3334	280.0120
401.3334	282.0596
400.8215	282.0596
400.8215	283.5953
400.3096	283.5953
400.3096	285.1310
399.7977	285.1310
399.7977	285.6429
399.2858	285.6429
399.2858	286.6667
398.7739	286.6667
398.7739	287.6905
397.7501	287.6905
397.7501	288.2024
396.7263	288.2024
396.7263	288.7143
396.2144	288.7143
396.2144	289.2262
395.7025	289.2262
395.7025	289.7382
395.1906	289.7382
395.1906	290.2501
394.6786	290.2501
394.6786	290.7620
393.6548	290.7620
393.6548	291.2739
393.1429	291.2739
393.1429	291.7858
392.6310	291.7858
392.6310	292.2977
392.1191	292.2977
392.1191	292.8096
391.6072	292.8096
391.6072	293.3215
391.0953	293.3215
391.0953	293.8334
390.5834	293.8334
390.5834	294.8572
390.0715	294.8572
390.0715	295.8810
389.5596	295.8810
389.5596	297.9286
388.5358	297.9286
388.5358	297.4167
385.9763	297.4167
385.9763	296.9048
381.8810	296.9048
381.8810	297.4167
379.3215	297.4167
379.3215	297.9286
378.2977	297.9286
378.2977	298.4405
377.2739	298.4405
377.2739	298.9524
376.2501	298.9524
376.2501	299.4643
375.2263	299.4643
375.2263	299.9762
374.2025	299.9762
374.2025	300.4882
371.6429	300.4882
371.6429	301.0001
370.1072	301.0001
370.1072	301.5120
369.0834	301.5120
369.0834	302.0239
368.0596	302.0239
368.0596	302.5358
367.5477	302.5358
367.5477	303.0477
367.0358	303.0477
367.0358	303.5596
366.5239	303.5596
366.5239	304.0715
366.0120	304.0715
366.0120	304.5834
365.5001	304.5834
365.5001	305.0953
364.4763	305.0953
364.4763	304.5834
360.8929	304.5834
360.8929	304.0715
360.3810	304.0715
360.3810	303.5596
359.8691	303.5596
359.8691	303.0477
359.3572	303.0477
359.3572	302.5358
358.3334	302.5358
358.3334	302.0239
357.3096	302.0239
357.3096	301.5120
355.2620	301.5120
355.2620	301.0001
352.7024	301.0001
352.7024	300.4882
350.1429	300.4882
350.1429	299.9762
349.1191	299.9762
349.1191	299.4643
348.0953	299.4643
348.0953	298.9524
346.5596	298.9524
346.5596	298.4405
344.0001	298.4405
344.0001	297.9286
340.4167	297.9286
340.4167	298.4405
337.8572	298.4405
337.8572	298.9524
336.8334	298.9524
336.8334	298.4405
336.3215	298.4405
336.3215	295.8810
335.8096	295.8810
335.8096	294.8572
335.2977	294.8572
335.2977	293.8334
334.7858	293.8334
334.7858	292.8096
334.2739	292.8096
334.2739	292.2977
333.7620	292.2977
333.7620	291.7858
333.2501	291.7858
333.2501	291.2739
332.7382	291.2739
332.7382	290.7620
332.2263	290.7620
332.2263	290.2501
331.7143	290.2501
331.7143	289.7382
331.2024	289.7382
331.2024	289.2262
330.1786	289.2262
330.1786	288.7143
329.1548	288.7143
329.1548	288.2024
328.1310	288.2024
328.1310	287.6905
327.1072	287.6905
327.1072	287.1786
326.5953	287.1786
326.5953	286.6667
326.0834	286.6667
326.0834	285.6429
325.5715	285.6429
325.5715	285.1310
325.0596	285.1310
325.0596	284.1072
324.5477	284.1072
324.5477	283.0834
324.0358	283.0834
324.0358	282.5715
323.5239	282.5715
323.5239	281.5477
323.0120	281.5477
323.0120	281.0358
322.5001	281.0358
322.5001	280.0120
321.9882	280.0120
321.9882	278.9881
321.4763	278.9881
321.4763	278.4762
320.9643	278.4762
320.9643	277.4524
320.4524	277.4524
320.4524	276.9405
319.9405	276.9405
319.9405	276.4286
319.4286	276.4286
319.4286	274.3810
318.9167	274.3810
318.9167	273.3572
318.4048	273.3572
318.4048	271.8215
317.8929	271.8215
317.8929	270.2858
317.3810	270.2858
317.3810	269.2620
316.8691	269.2620
316.8691	267.7262
316.3572	267.7262
316.3572	265.6786
315.8453	265.6786
315.8453	263.1191
315.3334	263.1191
315.3334	262.0953
314.8215	262.0953
314.8215	261.0715
314.3096	261.0715
314.3096	260.5596
313.7977	260.5596
313.7977	260.0477
313.2858	260.0477
313.2858	259.5358
312.7739	259.5358
312.7739	259.0239
312.2620	259.0239
312.2620	258.5120
311.7501	258.5120
311.7501	258.0000
311.2382	258.0000
311.2382	257.4881
310.2143	257.4881
310.2143	256.9762
309.7024	256.9762
309.7024	256.4643
309.1905	256.4643
309.1905	255.4405
308.6786	255.4405
308.6786	253.9048
309.1905	253.9048
309.1905	253.3929
309.7024	253.3929
309.7024	252.8810
310.2143	252.8810
310.2143	251.8572
310.7262	251.8572
310.7262	251.3453
311.7501	251.3453
311.7501	250.8334
312.7739	250.8334
312.7739	250.3215
313.7977	250.3215
313.7977	249.8096
314.3096	249.8096
314.3096	249.2977
314.8215	249.2977
314.8215	248.7858
315.3334	248.7858
315.3334	248.2739
315.8453	248.2739
315.8453	247.7620
316.3572	247.7620
316.3572	247.2500
316.8691	247.2500
316.8691	246.7381
317.3810	246.7381
317.3810	245.7143
317.8929	245.7143
317.8929	244.6905
318.4048	244.6905
318.4048	243.6667
318.9167	243.6667
318.9167	243.1548
319.4286	243.1548
319.4286	242.6429
319.9405	242.6429
319.9405	241.6191
320.4524	241.6191
320.4524	240.5953
320.9643	240.5953
320.9643	240.0834
321.4763	240.0834
321.4763	239.0596
321.9882	239.0596
321.9882	238.0358
322.5001	238.0358
322.5001	237.5239
323.0120	237.5239
323.0120	237.0119
323.5239	237.0119
323.5239	236.5000
324.0358	236.5000
324.0358	235.9881
324.5477	235.9881
324.5477	235.4762
325.5715	235.4762
325.5715	234.9643
326.0834	234.9643
326.0834	234.4524
326.5953	234.4524
326.5953	233.9405
327.1072	233.9405
327.1072	233.4286
328.1310	233.4286
328.1310	232.9167
328.6429	232.9167
328.6429	232.4048
329.6667	232.4048
329.6667	231.8929
330.6905	231.8929
330.6905	231.3810
331.2024	231.3810
331.2024	230.8691
332.2263	230.8691
332.2263	230.3572
333.2501	230.3572
333.2501	229.8453
333.7620	229.8453
333.7620	229.3334
334.7858	229.3334
334.7858	228.8215
336.8334	228.8215
336.8334	228.3096
337.8572	228.3096
337.8572	227.7977
338.8810	227.7977
338.8810	227.2858
339.9048	227.2858
339.9048	226.7739
340.4167	226.7739
340.4167	226.2619
340.9286	226.2619
340.9286	225.7500
341.4405	225.7500
341.4405	225.2381
343.4882	225.2381
343.4882	224.7262
345.5358	224.7262
345.5358	224.2143
347.0715	224.2143
347.0715	223.7024
348.0953	223.7024
348.0953	223.1905
351.1667	223.1905
351.1667	222.6786
353.2144	222.6786
