321.4763	206.8096
325.0596	206.8096
325.0596	207.3215
327.1072	207.3215
327.1072	207.8334
329.6667	207.8334
329.6667	208.3453
333.2501	208.3453
333.2501	208.8572
333.7620	208.8572
333.7620	209.3691
334.2739	209.3691
334.2739	209.8810
335.2977	209.8810
335.2977	210.3929
336.3215	210.3929
336.3215	210.9048
337.3453	210.9048
337.3453	211.4167
338.8810	211.4167
338.8810	211.9286
339.3929	211.9286
339.3929	212.4405
340.4167	212.4405
340.4167	212.9524
341.4405	212.9524
341.4405	213.4643
342.9763	213.4643
342.9763	213.9762
344.0001	213.9762
344.0001	214.4881
344.5120	214.4881
344.5120	215.0000
345.5358	215.0000
345.5358	215.5119
346.5596	215.5119
346.5596	216.0239
348.0953	216.0239
348.0953	216.5358
348.6072	216.5358
348.6072	217.0477
349.1191	217.0477
349.1191	217.5596
349.6310	217.5596
349.6310	218.0715
350.6548	218.0715
350.6548	218.5834
351.1667	218.5834
351.1667	219.0953
351.6786	219.0953
351.6786	219.6072
352.1905	219.6072
352.1905	220.1191
352.7024	220.1191
352.7024	220.6310
353.2144	220.6310
353.2144	221.1429
353.7263	221.1429
353.7263	221.6548
354.2382	221.6548
354.2382	222.1667
355.2620	222.1667
355.2620	222.6786
355.7739	222.6786
355.7739	223.1905
356.2858	223.1905
356.2858	223.7024
356.7977	223.7024
356.7977	224.2143
357.8215	224.2143
357.8215	224.7262
358.8453	224.7262
358.8453	225.2381
359.3572	225.2381
359.3572	225.7500
359.8691	225.7500
359.8691	226.2619
360.3810	226.2619
360.3810	226.7739
360.8929	226.7739
360.8929	227.2858
361.4048	227.2858
361.4048	227.7977
361.9167	227.7977
361.9167	228.3096
362.4286	228.3096
362.4286	228.8215
362.9405	228.8215
362.9405	229.3334
363.4525	229.3334
363.4525	229.8453
363.9644	229.8453
363.9644	230.3572
364.4763	230.3572
364.4763	230.8691
365.5001	230.8691
365.5001	231.3810
366.5239	231.3810
366.5239	231.8929
369.0834	231.8929
369.0834	232.4048
371.6429	232.4048
371.6429	231.8929
374.2025	231.8929
374.2025	231.3810
375.2263	231.3810
375.2263	230.8691
376.2501	230.8691
376.2501	230.3572
379.8334	230.3572
379.8334	229.8453
382.3929	229.8453
382.3929	229.3334
382.9048	229.3334
382.9048	229.8453
385.4644	229.8453
385.4644	230.3572
388.0239	230.3572
388.0239	230.8691
392.1191	230.8691
392.1191	230.3572
394.6786	230.3572
394.6786	229.8453
395.7025	229.8453
395.7025	229.3334
401.3334	229.3334
401.3334	228.8215
403.8929	228.8215
403.8929	228.3096
404.9167	228.3096
404.9167	227.7977
405.9406	227.7977
405.9406	227.2858
407.9882	227.2858
407.9882	226.7739
409.0120	226.7739
409.0120	226.2619
410.0358	226.2619
410.0358	225.7500
410.5477	225.7500
410.5477	225.2381
411.0596	225.2381
411.0596	224.7262
412.5953	224.7262
412.5953	224.2143
414.6429	224.2143
414.6429	223.7024
416.1787	223.7024
416.1787	223.1905
417.7144	223.1905
417.7144	222.6786
421.2977	222.6786
421.2977	222.1667
421.8096	222.1667
421.8096	222.6786
423.3453	222.6786
423.3453	223.1905
425.9048	223.1905
425.9048	223.7024
429.4882	223.7024
429.4882	224.2143
433.0715	224.2143
433.0715	224.7262
433.5834	224.7262
433.5834	225.2381
434.0953	225.2381
434.0953	225.7500
434.6072	225.7500
434.6072	226.2619
435.6310	226.2619
435.6310	226.7739
436.6548	226.7739
436.6548	227.2858
437.6787	227.2858
437.6787	227.7977
438.7025	227.7977
438.7025	228.8215
439.2144	228.8215
439.2144	229.3334
439.7263	229.3334
439.7263	229.8453
440.2382	229.8453
440.2382	230.3572
440.7501	230.3572
440.7501	230.8691
441.2620	230.8691
441.2620	231.8929
441.7739	231.8929
441.7739	232.9167
442.2858	232.9167
442.2858	233.4286
442.7977	233.4286
442.7977	234.9643
443.3096	234.9643
443.3096	240.0834
443.8215	240.0834
443.8215	242.6429
444.3334	242.6429
444.3334	243.6667
444.8453	243.6667
444.8453	246.2262
445.3572	246.2262
445.3572	247.2500
445.8691	247.2500
445.8691	248.7858
445.3572	248.7858
445.3572	250.3215
444.8453	250.3215
444.8453	251.3453
444.3334	251.3453
444.3334	253.9048
443.8215	253.9048
443.8215	256.4643
444.3334	256.4643
444.3334	259.0239
444.8453	259.0239
444.8453	260.0477
445.3572	260.0477
445.3572	261.0715
445.8691	261.0715
445.8691	261.5834
446.3810	261.5834
446.3810	262.0953
446.8929	262.0953
446.8929	262.6072
447.4048	262.6072
447.4048	263.1191
447.9168	263.1191
447.9168	263.6310
448.4287	263.6310
448.4287	264.1429
448.9406	264.1429
448.9406	264.6548
448.4287	264.6548
448.4287	265.1667
447.9168	265.1667
447.9168	264.6548
444.8453	264.6548
444.8453	265.1667
442.2858	265.1667
442.2858	265.6786
441.2620	265.6786
441.2620	266.1905
440.2382	266.1905
440.2382	266.7024
439.2144	266.7024
439.2144	267.2143
438.7025	267.2143
438.7025	267.7262
438.1906	267.7262
438.1906	268.2381
437.6787	268.2381
437.6787	268.7501
436.6548	268.7501
436.6548	269.2620
436.1429	269.2620
436.1429	269.7739
435.6310	269.7739
435.6310	270.2858
435.1191	270.2858
435.1191	270.7977
434.6072	270.7977
434.6072	271.3096
434.0953	271.3096
434.0953	271.8215
433.0715	271.8215
433.0715	272.3334
432.0477	272.3334
432.0477	272.8453
431.0239	272.8453
431.0239	273.3572
430.0001	273.3572
430.0001	273.8691
429.4882	273.8691
429.4882	274.3810
428.4644	274.3810
428.4644	274.8929
427.4406	274.8929
427.4406	275.4048
425.3929	275.4048
425.3929	275.9167
422.8334	275.9167
422.8334	276.4286
420.2739	276.4286
420.2739	276.9405
419.2501	276.9405
419.2501	277.4524
418.2263	277.4524
418.2263	277.9643
417.7144	277.9643
417.7144	278.4762
417.2025	278.4762
417.2025	278.9881
416.6906	278.9881
416.6906	279.5001
416.1787	279.5001
416.1787	280.0120
415.6667	280.0120
415.6667	280.5239
415.1548	280.5239
415.1548	281.5477
414.6429	281.5477
414.6429	282.5715
414.1310	282.5715
414.1310	284.6191
413.6191	284.6191
413.6191	287.1786
413.1072	287.1786
413.1072	290.7620
413.6191	290.7620
413.6191	293.3215
414.1310	293.3215
414.1310	294.3453
414.6429	294.3453
414.6429	295.3691
415.1548	295.3691
415.1548	295.8810
415.6667	295.8810
415.6667	296.3929
416.1787	296.3929
416.1787	296.9048
416.6906	296.9048
416.6906	299.4643
413.1072	299.4643
413.1072	299.9762
410.5477	299.9762
410.5477	300.4882
409.5239	300.4882
409.5239	301.0001
408.5001	301.0001
408.5001	301.5120
407.9882	301.5120
407.9882	302.0239
407.4763	302.0239
407.4763	302.5358
406.9644	302.5358
406.9644	303.0477
406.4525	303.0477
406.4525	303.5596
404.4048	303.5596
404.4048	303.0477
399.2858	303.0477
399.2858	303.5596
396.7263	303.5596
396.7263	304.0715
395.7025	304.0715
395.7025	304.5834
394.1667	304.5834
394.1667	305.0953
393.1429	305.0953
393.1429	305.6072
392.1191	305.6072
392.1191	306.1191
391.6072	306.1191
391.6072	306.6310
391.0953	306.6310
391.0953	307.1429
390.5834	307.1429
390.5834	307.6548
390.0715	307.6548
390.0715	308.1667
389.5596	308.1667
389.5596	309.1905
389.0477	309.1905
389.0477	310.2143
388.5358	310.2143
388.5358	310.7262
388.0239	310.7262
388.0239	311.2382
387.5120	311.2382
387.5120	311.7501
387.0001	311.7501
387.0001	312.2620
386.4882	312.2620
386.4882	312.7739
385.9763	312.7739
385.9763	313.7977
385.4644	313.7977
385.4644	314.8215
384.9525	314.8215
384.9525	315.8453
384.4405	315.8453
384.4405	318.4048
383.9286	318.4048
383.9286	324.0358
384.4405	324.0358
384.4405	325.0596
383.9286	325.0596
383.9286	326.0834
381.8810	326.0834
381.8810	325.0596
381.3691	325.0596
381.3691	323.5239
381.8810	323.5239
381.8810	319.4286
381.3691	319.4286
381.3691	316.8691
380.8572	316.8691
380.8572	315.8453
380.3453	315.8453
380.3453	314.8215
379.8334	314.8215
379.8334	314.3096
379.3215	314.3096
379.3215	313.7977
378.8096	313.7977
378.8096	313.2858
378.2977	313.2858
378.2977	312.7739
377.7858	312.7739
377.7858	312.2620
376.7620	312.2620
376.7620	311.7501
375.7382	311.7501
375.7382	311.2382
373.1786	311.2382
373.1786	310.7262
370.6191	310.7262
370.6191	311.2382
368.0596	311.2382
368.0596	311.7501
367.0358	311.7501
367.0358	312.2620
366.0120	312.2620
366.0120	312.7739
365.5001	312.7739
365.5001	313.2858
364.9882	313.2858
364.9882	313.7977
364.4763	313.7977
364.4763	314.3096
363.9644	314.3096
363.9644	314.8215
363.4525	314.8215
363.4525	315.3334
362.9405	315.3334
362.9405	316.3572
361.9167	316.3572
361.9167	315.8453
361.4048	315.8453
361.4048	315.3334
360.3810	315.3334
360.3810	314.8215
359.3572	314.8215
359.3572	314.3096
356.7977	314.3096
356.7977	313.7977
352.7024	313.7977
352.7024	314.3096
350.1429	314.3096
350.1429	314.8215
348.6072	314.8215
348.6072	315.3334
347.5834	315.3334
347.5834	315.8453
346.5596	315.8453
346.5596	316.3572
346.0477	316.3572
346.0477	316.8691
345.5358	316.8691
345.5358	317.3810
345.0239	317.3810
345.0239	317.8929
344.5120	317.8929
344.5120	318.4048
344.0001	318.4048
344.0001	318.9167
343.4882	318.9167
343.4882	319.9405
342.4644	319.9405
342.4644	319.4286
341.9524	319.4286
341.9524	318.9167
341.4405	318.9167
341.4405	317.3810
340.9286	317.3810
340.9286	316.3572
340.4167	316.3572
340.4167	315.3334
339.9048	315.3334
339.9048	314.8215
339.3929	314.8215
339.3929	314.3096
338.8810	314.3096
338.8810	313.7977
338.3691	313.7977
338.3691	313.2858
337.8572	313.2858
337.8572	312.7739
336.8334	312.7739
336.8334	312.2620
335.8096	312.2620
335.8096	311.7501
333.2501	311.7501
333.2501	311.2382
330.6905	311.2382
330.6905	310.7262
327.6191	310.7262
327.6191	311.2382
325.0596	311.2382
325.0596	311.7501
324.0358	311.7501
324.0358	312.2620
323.0120	312.2620
323.0120	312.7739
322.5001	312.7739
322.5001	313.2858
321.9882	313.2858
321.9882	313.7977
320.9643	313.7977
320.9643	310.7262
320.4524	310.7262
320.4524	308.1667
319.9405	308.1667
319.9405	307.1429
319.4286	307.1429
319.4286	306.1191
318.9167	306.1191
318.9167	305.6072
318.4048	305.6072
318.4048	305.0953
317.8929	305.0953
317.8929	304.5834
317.3810	304.5834
317.3810	304.0715
316.8691	304.0715
316.8691	303.5596
315.8453	303.5596
315.8453	303.0477
314.8215	303.0477
314.8215	302.5358
314.3096	302.5358
314.3096	302.0239
313.7977	302.0239
313.7977	301.5120
313.2858	301.5120
313.2858	301.0001
312.7739	301.0001
312.7739	300.4882
312.2620	300.4882
312.2620	299.9762
311.7501	299.9762
311.7501	299.4643
310.7262	299.4643
310.7262	298.9524
309.7024	298.9524
309.7024	298.4405
308.6786	298.4405
308.6786	297.9286
307.6548	297.9286
307.6548	297.4167
307.1429	297.4167
307.1429	296.9048
306.6310	296.9048
306.6310	296.3929
306.1191	296.3929
306.1191	295.8810
305.6072	295.8810
305.6072	295.3691
305.0953	295.3691
305.0953	294.3453
304.5834	294.3453
304.5834	293.3215
304.0715	293.3215
304.0715	292.2977
303.5596	292.2977
303.5596	291.7858
303.0477	291.7858
303.0477	291.2739
302.5358	291.2739
302.5358	290.2501
302.0239	290.2501
302.0239	289.7382
301.5120	289.7382
301.5120	289.2262
301.0001	289.2262
301.0001	288.2024
300.4882	288.2024
300.4882	286.1548
299.9762	286.1548
299.9762	285.1310
299.4643	285.1310
299.4643	284.1072
298.9524	284.1072
298.9524	282.0596
298.4405	282.0596
298.4405	280.5239
297.9286	280.5239
297.9286	279.5001
297.4167	279.5001
297.4167	278.4762
296.9048	278.4762
296.9048	276.9405
296.3929	276.9405
296.3929	274.8929
295.8810	274.8929
295.8810	272.8453
295.3691	272.8453
295.3691	268.2381
294.8572	268.2381
294.8572	265.6786
294.3453	265.6786
294.3453	264.6548
293.8334	264.6548
293.8334	263.6310
293.3215	263.6310
293.3215	263.1191
292.8096	263.1191
292.8096	262.6072
292.2977	262.6072
292.2977	262.0953
291.7858	262.0953
291.7858	261.0715
291.2739	261.0715
291.2739	260.5596
290.7620	260.5596
290.7620	260.0477
290.2501	260.0477
290.2501	258.5120
289.7382	258.5120
289.7382	257.4881
290.2501	257.4881
290.2501	254.9286
290.7620	254.9286
290.7620	252.3691
290.2501	252.3691
290.2501	250.3215
290.7620	250.3215
290.7620	246.2262
290.2501	246.2262
290.2501	240.5953
290.7620	240.5953
290.7620	238.0358
291.2739	238.0358
291.2739	235.4762
291.7858	235.4762
291.7858	234.9643
292.2977	234.9643
292.2977	234.4524
292.8096	234.4524
292.8096	233.9405
293.3215	233.9405
293.3215	233.4286
293.8334	233.4286
293.8334	232.9167
294.3453	232.9167
294.3453	231.8929
294.8572	231.8929
294.8572	230.8691
295.3691	230.8691
295.3691	228.3096
295.8810	228.3096
295.8810	224.2143
296.3929	224.2143
296.3929	223.7024
296.9048	223.7024
296.9048	223.1905
297.4167	223.1905
297.4167	222.1667
297.9286	222.1667
297.9286	221.1429
298.4405	221.1429
298.4405	220.6310
298.9524	220.6310
298.9524	219.6072
299.4643	219.6072
299.4643	218.5834
299.9762	218.5834
299.9762	217.5596
300.4882	217.5596
300.4882	216.5358
301.0001	216.5358
301.0001	216.0239
301.5120	216.0239
301.5120	215.0000
302.0239	215.0000
302.0239	214.4881
302.5358	214.4881
302.5358	213.9762
303.5596	213.9762
303.5596	213.4643
304.0715	213.4643
304.0715	212.9524
305.0953	212.9524
305.0953	212.4405
306.1191	212.4405
306.1191	211.9286
307.1429	211.9286
307.1429	211.4167
307.6548	211.4167
307.6548	210.9048
309.1905	210.9048
309.1905	210.3929
310.7262	210.3929
310.7262	209.8810
311.7501	209.8810
311.7501	209.3691
312.7739	209.3691
312.7739	208.8572
313.7977	208.8572
313.7977	208.3453
314.8215	208.3453
314.8215	207.8334
316.8691	207.8334
316.8691	207.3215
317.8929	207.3215
317.8929	206.8096
320.4524	206.8096
320.4524	206.2977
321.4763	206.2977
