324.5477	206.8096
330.1786	206.8096
330.1786	207.3215
331.7143	207.3215
331.7143	207.8334
333.7620	207.8334
333.7620	208.3453
334.7858	208.3453
334.7858	208.8572
335.8096	208.8572
335.8096	209.3691
337.3453	209.3691
337.3453	209.8810
337.8572	209.8810
337.8572	210.3929
338.3691	210.3929
338.3691	210.9048
339.3929	210.9048
339.3929	211.4167
340.4167	211.4167
340.4167	211.9286
341.4405	211.9286
341.4405	212.4405
342.4644	212.4405
342.4644	212.9524
344.0001	212.9524
344.0001	213.4643
345.0239	213.4643
345.0239	213.9762
346.0477	213.9762
346.0477	214.4881
347.0715	214.4881
347.0715	215.0000
348.6072	215.0000
348.6072	215.5119
349.1191	215.5119
349.1191	216.0239
349.6310	216.0239
349.6310	216.5358
350.6548	216.5358
350.6548	217.0477
351.6786	217.0477
351.6786	217.5596
352.1905	217.5596
352.1905	218.0715
353.2144	218.0715
353.2144	218.5834
353.7263	218.5834
353.7263	219.0953
354.2382	219.0953
354.2382	219.6072
355.2620	219.6072
355.2620	220.1191
355.7739	220.1191
355.7739	220.6310
356.2858	220.6310
356.2858	221.1429
356.7977	221.1429
356.7977	221.6548
357.3096	221.6548
357.3096	222.1667
357.8215	222.1667
357.8215	222.6786
358.3334	222.6786
358.3334	223.1905
358.8453	223.1905
358.8453	223.7024
359.3572	223.7024
359.3572	224.2143
359.8691	224.2143
359.8691	224.7262
360.8929	224.7262
360.8929	225.2381
361.4048	225.2381
361.4048	225.7500
361.9167	225.7500
361.9167	226.2619
362.4286	226.2619
362.4286	226.7739
362.9405	226.7739
362.9405	227.2858
363.4525	227.2858
363.4525	227.7977
363.9644	227.7977
363.9644	228.3096
364.4763	228.3096
364.4763	228.8215
364.9882	228.8215
364.9882	229.3334
365.5001	229.3334
365.5001	229.8453
366.5239	229.8453
366.5239	230.3572
367.5477	230.3572
367.5477	230.8691
368.0596	230.8691
368.0596	231.3810
369.0834	231.3810
369.0834	231.8929
370.1072	231.8929
370.1072	232.4048
371.1310	232.4048
371.1310	232.9167
373.6905	232.9167
373.6905	233.4286
376.7620	233.4286
376.7620	232.9167
379.3215	232.9167
379.3215	232.4048
381.8810	232.4048
381.8810	232.9167
385.4644	232.9167
385.4644	232.4048
390.5834	232.4048
390.5834	231.8929
393.1429	231.8929
393.1429	231.3810
394.1667	231.3810
394.1667	230.8691
395.1906	230.8691
395.1906	230.3572
396.7263	230.3572
396.7263	229.8453
399.2858	229.8453
399.2858	229.3334
401.3334	229.3334
401.3334	228.8215
402.3572	228.8215
402.3572	228.3096
403.8929	228.3096
403.8929	227.7977
404.9167	227.7977
404.9167	227.2858
406.4525	227.2858
406.4525	226.7739
407.9882	226.7739
407.9882	226.2619
409.0120	226.2619
409.0120	225.7500
410.0358	225.7500
410.0358	225.2381
411.5715	225.2381
411.5715	224.7262
412.5953	224.7262
412.5953	224.2143
413.6191	224.2143
413.6191	223.7024
414.6429	223.7024
414.6429	223.1905
415.6667	223.1905
415.6667	222.6786
421.8096	222.6786
421.8096	223.1905
424.3691	223.1905
424.3691	223.7024
427.9525	223.7024
427.9525	224.2143
432.0477	224.2143
432.0477	224.7262
433.0715	224.7262
433.0715	225.2381
434.0953	225.2381
434.0953	225.7500
436.1429	225.7500
436.1429	226.2619
438.7025	226.2619
438.7025	226.7739
439.2144	226.7739
439.2144	227.2858
439.7263	227.2858
439.7263	227.7977
440.2382	227.7977
440.2382	228.3096
440.7501	228.3096
440.7501	228.8215
441.2620	228.8215
441.2620	229.3334
441.7739	229.3334
441.7739	229.8453
442.2858	229.8453
442.2858	230.3572
442.7977	230.3572
442.7977	230.8691
443.3096	230.8691
443.3096	231.3810
443.8215	231.3810
443.8215	232.4048
444.3334	232.4048
444.3334	235.4762
444.8453	235.4762
444.8453	238.0358
445.3572	238.0358
445.3572	239.5715
445.8691	239.5715
445.8691	240.5953
446.3810	240.5953
446.3810	243.1548
446.8929	243.1548
446.8929	246.7381
446.3810	246.7381
446.3810	249.2977
446.8929	249.2977
446.8929	250.3215
446.3810	250.3215
446.3810	256.9762
445.8691	256.9762
445.8691	259.5358
445.3572	259.5358
445.3572	262.0953
445.8691	262.0953
445.8691	264.6548
446.3810	264.6548
446.3810	265.6786
446.8929	265.6786
446.8929	267.2143
444.3334	267.2143
444.3334	267.7262
442.2858	267.7262
442.2858	268.2381
441.2620	268.2381
441.2620	268.7501
439.7263	268.7501
439.7263	269.2620
438.7025	269.2620
438.7025	269.7739
437.6787	269.7739
437.6787	270.2858
436.6548	270.2858
436.6548	270.7977
435.6310	270.7977
435.6310	271.3096
435.1191	271.3096
435.1191	271.8215
434.0953	271.8215
434.0953	272.3334
433.5834	272.3334
433.5834	272.8453
432.0477	272.8453
432.0477	273.3572
431.0239	273.3572
431.0239	273.8691
430.0001	273.8691
430.0001	274.3810
428.9763	274.3810
428.9763	274.8929
427.4406	274.8929
427.4406	275.4048
425.9048	275.4048
425.9048	275.9167
424.8810	275.9167
424.8810	276.4286
420.2739	276.4286
420.2739	276.9405
416.6906	276.9405
416.6906	277.4524
414.1310	277.4524
414.1310	277.9643
413.1072	277.9643
413.1072	278.4762
411.0596	278.4762
411.0596	278.9881
410.0358	278.9881
410.0358	279.5001
409.0120	279.5001
409.0120	280.0120
408.5001	280.0120
408.5001	280.5239
407.9882	280.5239
407.9882	281.0358
407.4763	281.0358
407.4763	281.5477
406.9644	281.5477
406.9644	282.0596
406.4525	282.0596
406.4525	283.0834
405.9406	283.0834
405.9406	284.1072
405.4286	284.1072
405.4286	286.6667
404.9167	286.6667
404.9167	289.7382
405.4286	289.7382
405.4286	292.2977
405.9406	292.2977
405.9406	293.3215
406.4525	293.3215
406.4525	294.3453
406.9644	294.3453
406.9644	294.8572
407.4763	294.8572
407.4763	295.3691
407.9882	295.3691
407.9882	295.8810
408.5001	295.8810
408.5001	296.3929
409.0120	296.3929
409.0120	296.9048
410.0358	296.9048
410.0358	297.4167
411.0596	297.4167
411.0596	297.9286
413.6191	297.9286
413.6191	298.4405
414.1310	298.4405
414.1310	298.9524
414.6429	298.9524
414.6429	301.0001
412.0834	301.0001
412.0834	301.5120
409.5239	301.5120
409.5239	302.0239
408.5001	302.0239
408.5001	302.5358
407.4763	302.5358
407.4763	303.0477
406.9644	303.0477
406.9644	303.5596
406.4525	303.5596
406.4525	304.0715
405.9406	304.0715
405.9406	304.5834
405.4286	304.5834
405.4286	305.0953
404.9167	305.0953
404.9167	305.6072
402.8691	305.6072
402.8691	305.0953
401.8453	305.0953
401.8453	304.5834
399.2858	304.5834
399.2858	304.0715
394.1667	304.0715
394.1667	304.5834
391.0953	304.5834
391.0953	305.0953
388.5358	305.0953
388.5358	305.6072
387.5120	305.6072
387.5120	306.1191
386.4882	306.1191
386.4882	306.6310
385.9763	306.6310
385.9763	307.1429
385.4644	307.1429
385.4644	307.6548
384.9525	307.6548
384.9525	308.1667
384.4405	308.1667
384.4405	308.6786
383.9286	308.6786
383.9286	309.1905
383.4167	309.1905
383.4167	310.2143
382.9048	310.2143
382.9048	311.2382
382.3929	311.2382
382.3929	312.2620
381.8810	312.2620
381.8810	314.3096
381.3691	314.3096
381.3691	316.8691
380.8572	316.8691
380.8572	317.8929
380.3453	317.8929
380.3453	320.4524
379.8334	320.4524
379.8334	326.0834
380.3453	326.0834
380.3453	328.1310
378.2977	328.1310
378.2977	325.5715
377.7858	325.5715
377.7858	324.5477
377.2739	324.5477
377.2739	323.5239
376.7620	323.5239
376.7620	323.0120
376.2501	323.0120
376.2501	322.5001
375.7382	322.5001
375.7382	321.9882
375.2263	321.9882
375.2263	321.4763
374.7144	321.4763
374.7144	320.9643
374.2025	320.9643
374.2025	320.4524
373.1786	320.4524
373.1786	319.9405
372.1548	319.9405
372.1548	319.4286
369.5953	319.4286
369.5953	318.9167
366.5239	318.9167
366.5239	319.4286
363.9644	319.4286
363.9644	319.9405
362.9405	319.9405
362.9405	320.4524
361.4048	320.4524
361.4048	319.9405
358.3334	319.9405
358.3334	320.4524
357.8215	320.4524
357.8215	319.9405
357.3096	319.9405
357.3096	319.4286
356.7977	319.4286
356.7977	318.9167
356.2858	318.9167
356.2858	318.4048
355.7739	318.4048
355.7739	317.8929
355.2620	317.8929
355.2620	317.3810
354.2382	317.3810
354.2382	316.8691
353.2144	316.8691
353.2144	316.3572
350.6548	316.3572
350.6548	315.8453
348.0953	315.8453
348.0953	316.3572
345.5358	316.3572
345.5358	316.8691
344.5120	316.8691
344.5120	317.3810
343.4882	317.3810
343.4882	317.8929
342.9763	317.8929
342.9763	318.4048
342.4644	318.4048
342.4644	318.9167
341.9524	318.9167
341.9524	319.4286
341.4405	319.4286
341.4405	319.9405
340.9286	319.9405
340.9286	320.9643
339.9048	320.9643
339.9048	320.4524
338.8810	320.4524
338.8810	319.9405
337.8572	319.9405
337.8572	318.9167
337.3453	318.9167
337.3453	317.8929
336.8334	317.8929
336.8334	316.8691
336.3215	316.8691
336.3215	316.3572
335.8096	316.3572
335.8096	315.8453
335.2977	315.8453
335.2977	315.3334
334.7858	315.3334
334.7858	314.8215
334.2739	314.8215
334.2739	314.3096
333.2501	314.3096
333.2501	313.7977
332.2263	313.7977
332.2263	313.2858
329.6667	313.2858
329.6667	312.7739
326.5953	312.7739
326.5953	313.2858
325.5715	313.2858
325.5715	312.7739
324.5477	312.7739
324.5477	312.2620
324.0358	312.2620
324.0358	311.7501
323.0120	311.7501
323.0120	311.2382
322.5001	311.2382
322.5001	310.7262
321.9882	310.7262
321.9882	310.2143
321.4763	310.2143
321.4763	309.7024
320.9643	309.7024
320.9643	309.1905
320.4524	309.1905
320.4524	308.6786
319.9405	308.6786
319.9405	308.1667
318.9167	308.1667
318.9167	307.6548
317.8929	307.6548
317.8929	307.1429
315.8453	307.1429
315.8453	306.6310
315.3334	306.6310
315.3334	306.1191
314.8215	306.1191
314.8215	305.6072
313.7977	305.6072
313.7977	305.0953
313.2858	305.0953
313.2858	303.5596
312.7739	303.5596
312.7739	301.0001
312.2620	301.0001
312.2620	298.9524
311.7501	298.9524
311.7501	297.9286
311.2382	297.9286
311.2382	296.9048
310.7262	296.9048
310.7262	295.8810
310.2143	295.8810
310.2143	295.3691
309.7024	295.3691
309.7024	294.8572
309.1905	294.8572
309.1905	294.3453
308.6786	294.3453
308.6786	293.8334
308.1667	293.8334
308.1667	293.3215
307.6548	293.3215
307.6548	292.2977
307.1429	292.2977
307.1429	291.7858
306.6310	291.7858
306.6310	291.2739
306.1191	291.2739
306.1191	290.2501
305.6072	290.2501
305.6072	289.7382
305.0953	289.7382
305.0953	288.2024
304.5834	288.2024
304.5834	287.1786
304.0715	287.1786
304.0715	286.1548
303.5596	286.1548
303.5596	284.6191
303.0477	284.6191
303.0477	283.5953
302.5358	283.5953
302.5358	282.5715
302.0239	282.5715
302.0239	282.0596
301.5120	282.0596
301.5120	281.5477
301.0001	281.5477
301.0001	281.0358
300.4882	281.0358
300.4882	280.5239
299.9762	280.5239
299.9762	280.0120
299.4643	280.0120
299.4643	279.5001
298.9524	279.5001
298.9524	278.4762
298.4405	278.4762
298.4405	276.9405
297.9286	276.9405
297.9286	275.9167
297.4167	275.9167
297.4167	274.8929
296.9048	274.8929
296.9048	273.3572
296.3929	273.3572
296.3929	272.3334
295.8810	272.3334
295.8810	271.3096
295.3691	271.3096
295.3691	270.2858
294.8572	270.2858
294.8572	269.7739
294.3453	269.7739
294.3453	268.2381
293.8334	268.2381
293.8334	266.7024
293.3215	266.7024
293.3215	258.0000
292.8096	258.0000
292.8096	255.4405
292.2977	255.4405
292.2977	250.8334
292.8096	250.8334
292.8096	246.2262
292.2977	246.2262
292.2977	241.6191
292.8096	241.6191
292.8096	239.5715
293.8334	239.5715
293.8334	239.0596
294.3453	239.0596
294.3453	238.5477
294.8572	238.5477
294.8572	238.0358
295.3691	238.0358
295.3691	237.5239
295.8810	237.5239
295.8810	237.0119
296.3929	237.0119
296.3929	235.9881
296.9048	235.9881
296.9048	234.9643
297.4167	234.9643
297.4167	232.4048
297.9286	232.4048
297.9286	228.8215
297.4167	228.8215
297.4167	226.2619
296.9048	226.2619
296.9048	225.2381
296.3929	225.2381
296.3929	224.2143
295.8810	224.2143
295.8810	223.1905
296.3929	223.1905
296.3929	222.6786
296.9048	222.6786
296.9048	222.1667
297.4167	222.1667
297.4167	221.6548
297.9286	221.6548
297.9286	221.1429
298.4405	221.1429
298.4405	220.1191
298.9524	220.1191
298.9524	219.0953
299.4643	219.0953
299.4643	218.0715
299.9762	218.0715
299.9762	217.0477
300.4882	217.0477
300.4882	216.5358
301.0001	216.5358
301.0001	216.0239
301.5120	216.0239
301.5120	215.5119
302.0239	215.5119
302.0239	215.0000
302.5358	215.0000
302.5358	214.4881
303.0477	214.4881
303.0477	213.9762
303.5596	213.9762
303.5596	212.9524
304.0715	212.9524
304.0715	212.4405
304.5834	212.4405
304.5834	211.9286
305.0953	211.9286
305.0953	211.4167
305.6072	211.4167
305.6072	210.9048
306.6310	210.9048
306.6310	210.3929
307.6548	210.3929
307.6548	209.8810
308.1667	209.8810
308.1667	209.3691
309.1905	209.3691
309.1905	208.8572
310.7262	208.8572
310.7262	208.3453
312.2620	208.3453
312.2620	207.8334
314.3096	207.8334
314.3096	207.3215
315.8453	207.3215
315.8453	206.8096
316.8691	206.8096
316.8691	206.2977
324.5477	206.2977
