332.7382	199.6429
335.2977	199.6429
335.2977	200.1548
337.8572	200.1548
337.8572	200.6667
338.8810	200.6667
338.8810	201.1786
340.9286	201.1786
340.9286	201.6905
343.4882	201.6905
343.4882	202.2024
346.5596	202.2024
346.5596	202.7143
348.0953	202.7143
348.0953	203.2262
348.6072	203.2262
348.6072	203.7381
349.6310	203.7381
349.6310	204.2500
350.1429	204.2500
350.1429	204.7619
350.6548	204.7619
350.6548	205.2738
351.6786	205.2738
351.6786	205.7858
352.7024	205.7858
352.7024	206.2977
353.7263	206.2977
353.7263	206.8096
354.7501	206.8096
354.7501	207.3215
355.7739	207.3215
355.7739	207.8334
356.2858	207.8334
356.2858	208.3453
356.7977	208.3453
356.7977	208.8572
357.3096	208.8572
357.3096	209.3691
357.8215	209.3691
357.8215	209.8810
358.3334	209.8810
358.3334	210.3929
358.8453	210.3929
358.8453	210.9048
359.3572	210.9048
359.3572	211.4167
359.8691	211.4167
359.8691	211.9286
360.3810	211.9286
360.3810	212.4405
360.8929	212.4405
360.8929	212.9524
361.4048	212.9524
361.4048	213.4643
361.9167	213.4643
361.9167	213.9762
362.9405	213.9762
362.9405	214.4881
363.4525	214.4881
363.4525	215.0000
363.9644	215.0000
363.9644	215.5119
364.4763	215.5119
364.4763	216.0239
364.9882	216.0239
364.9882	216.5358
365.5001	216.5358
365.5001	217.0477
366.0120	217.0477
366.0120	217.5596
366.5239	217.5596
366.5239	218.0715
367.5477	218.0715
367.5477	218.5834
368.5715	218.5834
368.5715	219.0953
369.0834	219.0953
369.0834	219.6072
370.1072	219.6072
370.1072	220.1191
370.6191	220.1191
370.6191	220.6310
371.1310	220.6310
371.1310	221.1429
372.1548	221.1429
372.1548	221.6548
372.6667	221.6548
372.6667	222.1667
373.1786	222.1667
373.1786	222.6786
373.6905	222.6786
373.6905	223.1905
374.2025	223.1905
374.2025	223.7024
374.7144	223.7024
374.7144	224.2143
375.7382	224.2143
375.7382	224.7262
376.7620	224.7262
376.7620	225.2381
378.8096	225.2381
378.8096	225.7500
381.3691	225.7500
381.3691	226.2619
385.4644	226.2619
385.4644	226.7739
390.5834	226.7739
390.5834	227.2858
396.7263	227.2858
396.7263	226.7739
402.8691	226.7739
402.8691	226.2619
405.4286	226.2619
405.4286	225.7500
407.4763	225.7500
407.4763	225.2381
409.0120	225.2381
409.0120	224.7262
410.0358	224.7262
410.0358	224.2143
411.0596	224.2143
411.0596	223.7024
413.1072	223.7024
413.1072	223.1905
415.1548	223.1905
415.1548	222.6786
417.7144	222.6786
417.7144	222.1667
420.2739	222.1667
420.2739	221.6548
423.8572	221.6548
423.8572	222.1667
426.9287	222.1667
426.9287	222.6786
429.4882	222.6786
429.4882	223.1905
438.1906	223.1905
438.1906	223.7024
443.8215	223.7024
443.8215	224.2143
447.4048	224.2143
447.4048	224.7262
448.4287	224.7262
448.4287	225.2381
449.9644	225.2381
449.9644	225.7500
450.9882	225.7500
450.9882	226.2619
452.0120	226.2619
452.0120	226.7739
452.5239	226.7739
452.5239	227.2858
453.0358	227.2858
453.0358	227.7977
453.5477	227.7977
453.5477	228.3096
454.0596	228.3096
454.0596	228.8215
454.5715	228.8215
454.5715	229.3334
455.0834	229.3334
455.0834	229.8453
455.5953	229.8453
455.5953	230.3572
456.1072	230.3572
456.1072	230.8691
456.6191	230.8691
456.6191	231.3810
457.1310	231.3810
457.1310	231.8929
457.6429	231.8929
457.6429	232.4048
458.1548	232.4048
458.1548	232.9167
458.6668	232.9167
458.6668	233.9405
459.1787	233.9405
459.1787	234.9643
459.6906	234.9643
459.6906	235.9881
460.2025	235.9881
460.2025	236.5000
460.7144	236.5000
460.7144	237.0119
461.2263	237.0119
461.2263	238.0358
461.7382	238.0358
461.7382	239.0596
462.2501	239.0596
462.2501	240.0834
462.7620	240.0834
462.7620	241.1072
463.2739	241.1072
463.2739	243.1548
463.7858	243.1548
463.7858	244.1786
464.2977	244.1786
464.2977	252.8810
463.7858	252.8810
463.7858	255.4405
463.2739	255.4405
463.2739	259.0239
462.7620	259.0239
462.7620	261.5834
462.2501	261.5834
462.2501	264.1429
461.7382	264.1429
461.7382	264.6548
461.2263	264.6548
461.2263	265.6786
460.7144	265.6786
460.7144	266.1905
460.2025	266.1905
460.2025	267.2143
459.6906	267.2143
459.6906	268.2381
459.1787	268.2381
459.1787	268.7501
458.6668	268.7501
458.6668	269.2620
458.1548	269.2620
458.1548	269.7739
457.6429	269.7739
457.6429	270.2858
457.1310	270.2858
457.1310	271.3096
456.1072	271.3096
456.1072	271.8215
455.5953	271.8215
455.5953	272.3334
455.0834	272.3334
455.0834	272.8453
454.5715	272.8453
454.5715	273.3572
454.0596	273.3572
454.0596	273.8691
453.5477	273.8691
453.5477	274.3810
452.5239	274.3810
452.5239	274.8929
451.5001	274.8929
451.5001	275.4048
450.4763	275.4048
450.4763	275.9167
449.4525	275.9167
449.4525	276.4286
448.9406	276.4286
448.9406	276.9405
447.4048	276.9405
447.4048	277.4524
445.8691	277.4524
445.8691	277.9643
444.8453	277.9643
444.8453	278.4762
443.8215	278.4762
443.8215	278.9881
441.2620	278.9881
441.2620	279.5001
439.2144	279.5001
439.2144	280.0120
437.6787	280.0120
437.6787	280.5239
436.1429	280.5239
436.1429	281.0358
429.4882	281.0358
429.4882	280.5239
425.9048	280.5239
425.9048	281.0358
423.3453	281.0358
423.3453	281.5477
420.7858	281.5477
420.7858	282.0596
419.7620	282.0596
419.7620	282.5715
418.7382	282.5715
418.7382	283.0834
418.2263	283.0834
418.2263	283.5953
417.7144	283.5953
417.7144	284.1072
417.2025	284.1072
417.2025	284.6191
416.6906	284.6191
416.6906	285.1310
416.1787	285.1310
416.1787	285.6429
415.6667	285.6429
415.6667	286.6667
415.1548	286.6667
415.1548	287.6905
414.6429	287.6905
414.6429	290.2501
414.1310	290.2501
414.1310	293.3215
414.6429	293.3215
414.6429	295.8810
415.1548	295.8810
415.1548	296.9048
415.6667	296.9048
415.6667	297.9286
414.6429	297.9286
414.6429	297.4167
413.6191	297.4167
413.6191	296.9048
411.0596	296.9048
411.0596	296.3929
407.9882	296.3929
407.9882	296.9048
405.4286	296.9048
405.4286	297.4167
404.4048	297.4167
404.4048	297.9286
403.3810	297.9286
403.3810	298.4405
402.8691	298.4405
402.8691	298.9524
402.3572	298.9524
402.3572	299.4643
401.8453	299.4643
401.8453	299.9762
400.8215	299.9762
400.8215	300.4882
398.2620	300.4882
398.2620	301.0001
397.2382	301.0001
397.2382	301.5120
396.2144	301.5120
396.2144	302.0239
395.7025	302.0239
395.7025	302.5358
395.1906	302.5358
395.1906	303.0477
394.6786	303.0477
394.6786	303.5596
394.1667	303.5596
394.1667	304.0715
393.6548	304.0715
393.6548	304.5834
393.1429	304.5834
393.1429	305.0953
392.6310	305.0953
392.6310	305.6072
392.1191	305.6072
392.1191	306.1191
391.6072	306.1191
391.6072	307.1429
391.0953	307.1429
391.0953	307.6548
390.5834	307.6548
390.5834	308.1667
390.0715	308.1667
390.0715	308.6786
389.5596	308.6786
389.5596	309.1905
389.0477	309.1905
389.0477	309.7024
388.5358	309.7024
388.5358	310.2143
388.0239	310.2143
388.0239	311.2382
387.5120	311.2382
387.5120	312.2620
387.0001	312.2620
387.0001	314.8215
386.4882	314.8215
386.4882	317.3810
387.0001	317.3810
387.0001	319.9405
387.5120	319.9405
387.5120	320.9643
388.0239	320.9643
388.0239	321.9882
387.5120	321.9882
387.5120	322.5001
386.4882	322.5001
386.4882	321.9882
385.4644	321.9882
385.4644	321.4763
384.9525	321.4763
384.9525	320.9643
384.4405	320.9643
384.4405	320.4524
383.9286	320.4524
383.9286	319.9405
383.4167	319.9405
383.4167	318.9167
382.9048	318.9167
382.9048	317.8929
382.3929	317.8929
382.3929	317.3810
381.8810	317.3810
381.8810	316.8691
381.3691	316.8691
381.3691	316.3572
380.8572	316.3572
380.8572	315.8453
380.3453	315.8453
380.3453	315.3334
379.8334	315.3334
379.8334	314.8215
379.3215	314.8215
379.3215	314.3096
378.2977	314.3096
378.2977	313.7977
377.2739	313.7977
377.2739	313.2858
374.7144	313.2858
374.7144	312.7739
369.5953	312.7739
369.5953	313.2858
368.5715	313.2858
368.5715	312.7739
367.0358	312.7739
367.0358	312.2620
366.0120	312.2620
366.0120	311.7501
363.4525	311.7501
363.4525	311.2382
360.8929	311.2382
360.8929	311.7501
358.3334	311.7501
358.3334	312.2620
357.3096	312.2620
357.3096	312.7739
355.2620	312.7739
355.2620	313.2858
354.2382	313.2858
354.2382	313.7977
353.2144	313.7977
353.2144	314.3096
350.1429	314.3096
350.1429	313.7977
349.1191	313.7977
349.1191	313.2858
346.5596	313.2858
346.5596	312.7739
344.0001	312.7739
344.0001	313.2858
342.4644	313.2858
342.4644	312.7739
339.9048	312.7739
339.9048	312.2620
332.2263	312.2620
332.2263	311.7501
327.6191	311.7501
327.6191	312.2620
326.5953	312.2620
326.5953	311.7501
324.5477	311.7501
324.5477	311.2382
324.0358	311.2382
324.0358	310.2143
323.5239	310.2143
323.5239	309.7024
323.0120	309.7024
323.0120	309.1905
322.5001	309.1905
322.5001	308.6786
321.9882	308.6786
321.9882	308.1667
321.4763	308.1667
321.4763	307.6548
320.9643	307.6548
320.9643	307.1429
319.9405	307.1429
319.9405	306.6310
319.4286	306.6310
319.4286	306.1191
318.9167	306.1191
318.9167	305.6072
318.4048	305.6072
318.4048	305.0953
317.8929	305.0953
317.8929	304.5834
317.3810	304.5834
317.3810	304.0715
316.8691	304.0715
316.8691	301.5120
316.3572	301.5120
316.3572	300.4882
315.8453	300.4882
315.8453	299.4643
315.3334	299.4643
315.3334	298.9524
314.8215	298.9524
314.8215	298.4405
314.3096	298.4405
314.3096	297.9286
313.7977	297.9286
313.7977	297.4167
313.2858	297.4167
313.2858	296.9048
312.7739	296.9048
312.7739	296.3929
311.7501	296.3929
311.7501	295.8810
310.7262	295.8810
310.7262	295.3691
308.6786	295.3691
308.6786	294.8572
306.1191	294.8572
306.1191	294.3453
306.6310	294.3453
306.6310	293.3215
307.1429	293.3215
307.1429	292.2977
307.6548	292.2977
307.6548	289.7382
308.1667	289.7382
308.1667	286.1548
307.6548	286.1548
307.6548	283.5953
307.1429	283.5953
307.1429	282.5715
306.6310	282.5715
306.6310	281.0358
306.1191	281.0358
306.1191	280.0120
305.6072	280.0120
305.6072	278.9881
305.0953	278.9881
305.0953	277.9643
304.5834	277.9643
304.5834	276.9405
304.0715	276.9405
304.0715	275.9167
303.5596	275.9167
303.5596	275.4048
303.0477	275.4048
303.0477	274.8929
302.5358	274.8929
302.5358	274.3810
302.0239	274.3810
302.0239	273.8691
301.5120	273.8691
301.5120	273.3572
301.0001	273.3572
301.0001	272.8453
300.4882	272.8453
300.4882	271.8215
299.9762	271.8215
299.9762	270.7977
300.4882	270.7977
300.4882	266.1905
299.9762	266.1905
299.9762	263.6310
299.4643	263.6310
299.4643	262.6072
298.9524	262.6072
298.9524	261.5834
298.4405	261.5834
298.4405	260.5596
297.9286	260.5596
297.9286	258.5120
298.4405	258.5120
298.4405	255.9524
298.9524	255.9524
298.9524	253.3929
298.4405	253.3929
298.4405	250.8334
297.9286	250.8334
297.9286	249.8096
297.4167	249.8096
297.4167	235.9881
296.9048	235.9881
296.9048	232.4048
297.4167	232.4048
297.4167	225.2381
296.9048	225.2381
296.9048	221.1429
297.4167	221.1429
297.4167	220.6310
297.9286	220.6310
297.9286	219.6072
298.4405	219.6072
298.4405	218.5834
298.9524	218.5834
298.9524	218.0715
299.4643	218.0715
299.4643	217.5596
299.9762	217.5596
299.9762	217.0477
300.4882	217.0477
300.4882	216.5358
301.0001	216.5358
301.0001	215.5119
301.5120	215.5119
301.5120	215.0000
302.0239	215.0000
302.0239	214.4881
302.5358	214.4881
302.5358	213.9762
303.0477	213.9762
303.0477	213.4643
303.5596	213.4643
303.5596	212.9524
304.0715	212.9524
304.0715	212.4405
304.5834	212.4405
304.5834	211.9286
305.0953	211.9286
305.0953	211.4167
305.6072	211.4167
305.6072	210.9048
306.1191	210.9048
306.1191	210.3929
306.6310	210.3929
306.6310	209.8810
307.1429	209.8810
307.1429	209.3691
307.6548	209.3691
307.6548	208.8572
308.1667	208.8572
308.1667	208.3453
308.6786	208.3453
308.6786	207.8334
309.1905	207.8334
309.1905	207.3215
309.7024	207.3215
309.7024	206.8096
310.2143	206.8096
310.2143	206.2977
310.7262	206.2977
310.7262	205.7858
311.7501	205.7858
311.7501	205.2738
312.7739	205.2738
312.7739	204.7619
313.2858	204.7619
313.2858	204.2500
314.3096	204.2500
314.3096	203.7381
315.3334	203.7381
315.3334	203.2262
316.3572	203.2262
316.3572	202.7143
316.8691	202.7143
316.8691	202.2024
317.8929	202.2024
317.8929	201.6905
320.4524	201.6905
320.4524	201.1786
323.0120	201.1786
323.0120	200.6667
324.5477	200.6667
324.5477	200.1548
325.5715	200.1548
325.5715	199.6429
332.2263	199.6429
332.2263	199.1310
332.7382	199.1310
