333.7620	199.6429
335.8096	199.6429
335.8096	200.1548
338.3691	200.1548
338.3691	200.6667
340.9286	200.6667
340.9286	201.1786
344.5120	201.1786
344.5120	201.6905
347.5834	201.6905
347.5834	202.2024
349.1191	202.2024
349.1191	202.7143
351.1667	202.7143
351.1667	203.2262
352.1905	203.2262
352.1905	203.7381
353.2144	203.7381
353.2144	204.2500
354.2382	204.2500
354.2382	204.7619
355.2620	204.7619
355.2620	205.2738
356.2858	205.2738
356.2858	205.7858
358.3334	205.7858
358.3334	206.2977
358.8453	206.2977
358.8453	206.8096
359.8691	206.8096
359.8691	207.3215
360.3810	207.3215
360.3810	207.8334
360.8929	207.8334
360.8929	208.3453
361.4048	208.3453
361.4048	208.8572
361.9167	208.8572
361.9167	209.3691
362.9405	209.3691
362.9405	209.8810
363.4525	209.8810
363.4525	210.3929
364.4763	210.3929
364.4763	211.4167
364.9882	211.4167
364.9882	211.9286
365.5001	211.9286
365.5001	212.4405
366.0120	212.4405
366.0120	212.9524
366.5239	212.9524
366.5239	213.4643
367.0358	213.4643
367.0358	213.9762
367.5477	213.9762
367.5477	214.4881
368.0596	214.4881
368.0596	215.0000
368.5715	215.0000
368.5715	215.5119
369.0834	215.5119
369.0834	216.0239
369.5953	216.0239
369.5953	216.5358
370.1072	216.5358
370.1072	217.0477
370.6191	217.0477
370.6191	217.5596
371.1310	217.5596
371.1310	218.0715
372.1548	218.0715
372.1548	218.5834
372.6667	218.5834
372.6667	219.0953
373.1786	219.0953
373.1786	219.6072
374.2025	219.6072
374.2025	220.1191
374.7144	220.1191
374.7144	220.6310
375.2263	220.6310
375.2263	221.1429
376.2501	221.1429
376.2501	221.6548
377.2739	221.6548
377.2739	222.1667
378.2977	222.1667
378.2977	222.6786
379.3215	222.6786
379.3215	223.1905
381.3691	223.1905
381.3691	223.7024
383.9286	223.7024
383.9286	224.2143
391.6072	224.2143
391.6072	224.7262
401.3334	224.7262
401.3334	224.2143
403.3810	224.2143
403.3810	224.7262
403.8929	224.7262
403.8929	225.2381
404.9167	225.2381
404.9167	225.7500
405.9406	225.7500
405.9406	226.2619
408.5001	226.2619
408.5001	226.7739
411.5715	226.7739
411.5715	226.2619
414.1310	226.2619
414.1310	225.7500
416.6906	225.7500
416.6906	225.2381
427.9525	225.2381
427.9525	225.7500
436.1429	225.7500
436.1429	225.2381
443.3096	225.2381
443.3096	225.7500
445.8691	225.7500
445.8691	226.2619
449.9644	226.2619
449.9644	226.7739
451.5001	226.7739
451.5001	227.2858
452.5239	227.2858
452.5239	227.7977
453.5477	227.7977
453.5477	228.3096
454.5715	228.3096
454.5715	228.8215
456.1072	228.8215
456.1072	229.3334
457.1310	229.3334
457.1310	229.8453
458.1548	229.8453
458.1548	230.3572
459.6906	230.3572
459.6906	230.8691
462.2501	230.8691
462.2501	231.3810
463.2739	231.3810
463.2739	232.4048
463.7858	232.4048
463.7858	232.9167
464.2977	232.9167
464.2977	233.4286
464.8096	233.4286
464.8096	233.9405
465.3215	233.9405
465.3215	234.4524
465.8334	234.4524
465.8334	234.9643
466.3453	234.9643
466.3453	235.4762
466.8572	235.4762
466.8572	235.9881
467.3691	235.9881
467.3691	236.5000
467.8810	236.5000
467.8810	237.5239
468.3929	237.5239
468.3929	238.5477
468.9049	238.5477
468.9049	239.0596
469.4168	239.0596
469.4168	239.5715
469.9287	239.5715
469.9287	240.5953
470.4406	240.5953
470.4406	242.1310
470.9525	242.1310
470.9525	243.1548
471.4644	243.1548
471.4644	244.6905
471.9763	244.6905
471.9763	246.2262
472.4882	246.2262
472.4882	247.2500
473.0001	247.2500
473.0001	249.8096
473.5120	249.8096
473.5120	252.3691
474.0239	252.3691
474.0239	255.9524
473.5120	255.9524
473.5120	258.0000
473.0001	258.0000
473.0001	260.5596
472.4882	260.5596
472.4882	261.0715
471.9763	261.0715
471.9763	261.5834
471.4644	261.5834
471.4644	262.0953
470.9525	262.0953
470.9525	263.1191
470.4406	263.1191
470.4406	264.1429
469.9287	264.1429
469.9287	265.1667
469.4168	265.1667
469.4168	267.2143
468.9049	267.2143
468.9049	267.7262
468.3929	267.7262
468.3929	268.2381
467.8810	268.2381
467.8810	269.2620
467.3691	269.2620
467.3691	270.2858
466.8572	270.2858
466.8572	270.7977
466.3453	270.7977
466.3453	271.3096
465.8334	271.3096
465.8334	271.8215
465.3215	271.8215
465.3215	272.3334
464.8096	272.3334
464.8096	272.8453
464.2977	272.8453
464.2977	273.3572
463.7858	273.3572
463.7858	273.8691
462.7620	273.8691
462.7620	274.3810
462.2501	274.3810
462.2501	274.8929
461.2263	274.8929
461.2263	275.4048
460.7144	275.4048
460.7144	275.9167
460.2025	275.9167
460.2025	276.4286
459.1787	276.4286
459.1787	276.9405
458.6668	276.9405
458.6668	277.4524
458.1548	277.4524
458.1548	277.9643
457.6429	277.9643
457.6429	278.4762
456.6191	278.4762
456.6191	278.9881
456.1072	278.9881
456.1072	279.5001
455.0834	279.5001
455.0834	280.0120
454.0596	280.0120
454.0596	280.5239
453.0358	280.5239
453.0358	281.0358
452.0120	281.0358
452.0120	281.5477
450.9882	281.5477
450.9882	282.0596
449.9644	282.0596
449.9644	282.5715
448.4287	282.5715
448.4287	283.0834
447.4048	283.0834
447.4048	283.5953
441.7739	283.5953
441.7739	284.1072
438.1906	284.1072
438.1906	284.6191
434.0953	284.6191
434.0953	284.1072
433.0715	284.1072
433.0715	283.5953
430.5120	283.5953
430.5120	283.0834
426.9287	283.0834
426.9287	283.5953
424.3691	283.5953
424.3691	284.1072
421.8096	284.1072
421.8096	284.6191
420.7858	284.6191
420.7858	285.1310
419.7620	285.1310
419.7620	285.6429
418.7382	285.6429
418.7382	286.1548
418.2263	286.1548
418.2263	286.6667
417.7144	286.6667
417.7144	287.1786
417.2025	287.1786
417.2025	287.6905
416.6906	287.6905
416.6906	288.2024
416.1787	288.2024
416.1787	289.2262
415.6667	289.2262
415.6667	290.2501
415.1548	290.2501
415.1548	292.8096
414.6429	292.8096
414.6429	295.3691
415.1548	295.3691
415.1548	297.9286
415.6667	297.9286
415.6667	298.9524
416.1787	298.9524
416.1787	299.9762
416.6906	299.9762
416.6906	301.0001
415.6667	301.0001
415.6667	300.4882
414.6429	300.4882
414.6429	299.9762
412.0834	299.9762
412.0834	299.4643
408.5001	299.4643
408.5001	299.9762
405.9406	299.9762
405.9406	300.4882
404.9167	300.4882
404.9167	301.0001
403.8929	301.0001
403.8929	301.5120
403.3810	301.5120
403.3810	302.0239
402.8691	302.0239
402.8691	302.5358
401.8453	302.5358
401.8453	303.0477
399.2858	303.0477
399.2858	303.5596
397.7501	303.5596
397.7501	304.0715
396.7263	304.0715
396.7263	304.5834
395.7025	304.5834
395.7025	305.0953
395.1906	305.0953
395.1906	305.6072
394.6786	305.6072
394.6786	306.1191
394.1667	306.1191
394.1667	306.6310
393.6548	306.6310
393.6548	307.1429
393.1429	307.1429
393.1429	307.6548
392.1191	307.6548
392.1191	308.1667
391.0953	308.1667
391.0953	308.6786
390.5834	308.6786
390.5834	309.1905
390.0715	309.1905
390.0715	309.7024
389.5596	309.7024
389.5596	310.2143
389.0477	310.2143
389.0477	310.7262
388.5358	310.7262
388.5358	311.7501
388.0239	311.7501
388.0239	312.7739
387.5120	312.7739
387.5120	315.3334
387.0001	315.3334
387.0001	317.8929
387.5120	317.8929
387.5120	320.4524
388.0239	320.4524
388.0239	322.5001
387.5120	322.5001
387.5120	323.0120
386.4882	323.0120
386.4882	322.5001
385.9763	322.5001
385.9763	321.9882
385.4644	321.9882
385.4644	321.4763
384.9525	321.4763
384.9525	320.9643
384.4405	320.9643
384.4405	320.4524
383.9286	320.4524
383.9286	319.9405
383.4167	319.9405
383.4167	318.4048
382.9048	318.4048
382.9048	317.3810
382.3929	317.3810
382.3929	316.3572
381.8810	316.3572
381.8810	315.8453
381.3691	315.8453
381.3691	315.3334
380.8572	315.3334
380.8572	314.8215
380.3453	314.8215
380.3453	314.3096
379.8334	314.3096
379.8334	313.7977
378.8096	313.7977
378.8096	313.2858
377.7858	313.2858
377.7858	312.7739
375.2263	312.7739
375.2263	312.2620
372.6667	312.2620
372.6667	312.7739
370.1072	312.7739
370.1072	313.2858
369.5953	313.2858
369.5953	312.7739
368.5715	312.7739
368.5715	312.2620
366.0120	312.2620
366.0120	311.7501
362.9405	311.7501
362.9405	312.2620
360.3810	312.2620
360.3810	312.7739
356.2858	312.7739
356.2858	313.2858
353.7263	313.2858
353.7263	313.7977
349.1191	313.7977
349.1191	313.2858
345.5358	313.2858
345.5358	313.7977
342.9763	313.7977
342.9763	314.3096
341.9524	314.3096
341.9524	313.7977
340.9286	313.7977
340.9286	313.2858
338.3691	313.2858
338.3691	312.7739
330.6905	312.7739
330.6905	312.2620
327.6191	312.2620
327.6191	312.7739
326.0834	312.7739
326.0834	312.2620
325.0596	312.2620
325.0596	311.7501
323.0120	311.7501
323.0120	311.2382
321.9882	311.2382
321.9882	310.7262
320.9643	310.7262
320.9643	310.2143
320.4524	310.2143
320.4524	309.7024
319.9405	309.7024
319.9405	309.1905
318.9167	309.1905
318.9167	308.6786
318.4048	308.6786
318.4048	308.1667
317.8929	308.1667
317.8929	307.6548
317.3810	307.6548
317.3810	306.6310
316.8691	306.6310
316.8691	305.6072
316.3572	305.6072
316.3572	305.0953
315.8453	305.0953
315.8453	304.5834
315.3334	304.5834
315.3334	304.0715
314.8215	304.0715
314.8215	303.5596
314.3096	303.5596
314.3096	303.0477
313.7977	303.0477
313.7977	302.5358
313.2858	302.5358
313.2858	302.0239
314.8215	302.0239
314.8215	302.5358
315.8453	302.5358
315.8453	303.0477
318.4048	303.0477
318.4048	303.5596
321.4763	303.5596
321.4763	303.0477
324.0358	303.0477
324.0358	302.5358
325.0596	302.5358
325.0596	302.0239
326.0834	302.0239
326.0834	301.5120
326.5953	301.5120
326.5953	301.0001
327.1072	301.0001
327.1072	300.4882
327.6191	300.4882
327.6191	299.9762
328.1310	299.9762
328.1310	299.4643
328.6429	299.4643
328.6429	298.4405
329.1548	298.4405
329.1548	297.4167
329.6667	297.4167
329.6667	295.8810
330.1786	295.8810
330.1786	293.3215
330.6905	293.3215
330.6905	288.7143
330.1786	288.7143
330.1786	286.1548
329.6667	286.1548
329.6667	285.1310
329.1548	285.1310
329.1548	284.1072
328.6429	284.1072
328.6429	283.5953
328.1310	283.5953
328.1310	283.0834
327.6191	283.0834
327.6191	282.5715
327.1072	282.5715
327.1072	282.0596
326.5953	282.0596
326.5953	280.5239
326.0834	280.5239
326.0834	277.9643
325.5715	277.9643
325.5715	276.9405
325.0596	276.9405
325.0596	275.9167
324.5477	275.9167
324.5477	275.4048
324.0358	275.4048
324.0358	274.8929
323.5239	274.8929
323.5239	274.3810
323.0120	274.3810
323.0120	273.8691
322.5001	273.8691
322.5001	273.3572
321.9882	273.3572
321.9882	272.8453
320.9643	272.8453
320.9643	272.3334
319.9405	272.3334
319.9405	271.8215
317.3810	271.8215
317.3810	271.3096
314.8215	271.3096
314.8215	271.8215
312.2620	271.8215
312.2620	272.3334
311.2382	272.3334
311.2382	272.8453
310.2143	272.8453
310.2143	273.3572
309.7024	273.3572
309.7024	273.8691
309.1905	273.8691
309.1905	274.3810
308.6786	274.3810
308.6786	274.8929
308.1667	274.8929
308.1667	274.3810
307.6548	274.3810
307.6548	273.8691
307.1429	273.8691
307.1429	273.3572
306.1191	273.3572
306.1191	272.8453
305.0953	272.8453
305.0953	272.3334
304.0715	272.3334
304.0715	271.8215
301.5120	271.8215
301.5120	269.2620
302.0239	269.2620
302.0239	266.7024
302.5358	266.7024
302.5358	264.1429
303.0477	264.1429
303.0477	261.5834
302.5358	261.5834
302.5358	261.0715
303.0477	261.0715
303.0477	258.5120
302.5358	258.5120
302.5358	255.9524
302.0239	255.9524
302.0239	254.9286
302.5358	254.9286
302.5358	249.8096
302.0239	249.8096
302.0239	247.2500
301.5120	247.2500
301.5120	246.2262
301.0001	246.2262
301.0001	245.2024
300.4882	245.2024
300.4882	244.6905
299.9762	244.6905
299.9762	244.1786
299.4643	244.1786
299.4643	243.6667
298.9524	243.6667
298.9524	243.1548
298.4405	243.1548
298.4405	242.6429
297.9286	242.6429
297.9286	241.6191
298.4405	241.6191
298.4405	241.1072
298.9524	241.1072
298.9524	240.5953
299.4643	240.5953
299.4643	240.0834
299.9762	240.0834
299.9762	239.5715
300.4882	239.5715
300.4882	239.0596
301.0001	239.0596
301.0001	238.5477
301.5120	238.5477
301.5120	237.5239
302.0239	237.5239
302.0239	236.5000
302.5358	236.5000
302.5358	233.9405
303.0477	233.9405
303.0477	231.3810
302.5358	231.3810
302.5358	228.8215
302.0239	228.8215
302.0239	227.7977
301.5120	227.7977
301.5120	226.7739
301.0001	226.7739
301.0001	226.2619
300.4882	226.2619
300.4882	225.2381
301.0001	225.2381
301.0001	224.2143
301.5120	224.2143
301.5120	223.1905
302.0239	223.1905
302.0239	221.6548
302.5358	221.6548
302.5358	219.0953
303.0477	219.0953
303.0477	217.5596
303.5596	217.5596
303.5596	215.0000
304.0715	215.0000
304.0715	214.4881
304.5834	214.4881
304.5834	213.4643
305.0953	213.4643
305.0953	212.4405
305.6072	212.4405
305.6072	210.9048
306.6310	210.9048
306.6310	210.3929
307.6548	210.3929
307.6548	209.8810
308.1667	209.8810
308.1667	209.3691
308.6786	209.3691
308.6786	208.8572
309.1905	208.8572
309.1905	208.3453
309.7024	208.3453
309.7024	207.8334
310.2143	207.8334
310.2143	207.3215
310.7262	207.3215
310.7262	206.8096
311.2382	206.8096
311.2382	206.2977
311.7501	206.2977
311.7501	205.7858
312.2620	205.7858
312.2620	205.2738
312.7739	205.2738
312.7739	204.7619
313.7977	204.7619
313.7977	204.2500
314.3096	204.2500
314.3096	203.7381
315.3334	203.7381
315.3334	203.2262
316.3572	203.2262
316.3572	202.7143
317.3810	202.7143
317.3810	202.2024
317.8929	202.2024
317.8929	201.6905
319.9405	201.6905
319.9405	201.1786
321.9882	201.1786
321.9882	200.6667
323.5239	200.6667
323.5239	200.1548
324.5477	200.1548
324.5477	199.6429
327.1072	199.6429
327.1072	199.1310
333.7620	199.1310
