302.0239	204.2500
316.8691	204.2500
316.8691	204.7619
318.9167	204.7619
318.9167	205.2738
321.4763	205.2738
321.4763	205.7858
322.5001	205.7858
322.5001	206.2977
324.0358	206.2977
324.0358	206.8096
325.0596	206.8096
325.0596	207.3215
327.1072	207.3215
327.1072	207.8334
329.6667	207.8334
329.6667	208.3453
330.6905	208.3453
330.6905	208.8572
331.7143	208.8572
331.7143	209.3691
332.7382	209.3691
332.7382	209.8810
333.7620	209.8810
333.7620	210.3929
336.3215	210.3929
336.3215	210.9048
337.8572	210.9048
337.8572	211.4167
339.9048	211.4167
339.9048	211.9286
340.9286	211.9286
340.9286	212.4405
342.4644	212.4405
342.4644	212.9524
344.0001	212.9524
344.0001	213.4643
345.0239	213.4643
345.0239	213.9762
345.5358	213.9762
345.5358	214.4881
346.0477	214.4881
346.0477	215.0000
347.0715	215.0000
347.0715	215.5119
347.5834	215.5119
347.5834	216.0239
348.0953	216.0239
348.0953	216.5358
348.6072	216.5358
348.6072	217.0477
349.1191	217.0477
349.1191	217.5596
349.6310	217.5596
349.6310	218.0715
350.1429	218.0715
350.1429	218.5834
350.6548	218.5834
350.6548	219.0953
351.1667	219.0953
351.1667	219.6072
351.6786	219.6072
351.6786	220.1191
352.1905	220.1191
352.1905	220.6310
352.7024	220.6310
352.7024	221.1429
353.2144	221.1429
353.2144	221.6548
354.2382	221.6548
354.2382	222.1667
354.7501	222.1667
354.7501	222.6786
355.7739	222.6786
355.7739	223.1905
356.7977	223.1905
356.7977	223.7024
357.8215	223.7024
357.8215	224.2143
358.8453	224.2143
358.8453	224.7262
359.3572	224.7262
359.3572	225.2381
359.8691	225.2381
359.8691	225.7500
360.3810	225.7500
360.3810	226.2619
360.8929	226.2619
360.8929	226.7739
361.9167	226.7739
361.9167	227.2858
362.4286	227.2858
362.4286	227.7977
363.4525	227.7977
363.4525	228.3096
364.4763	228.3096
364.4763	228.8215
365.5001	228.8215
365.5001	229.3334
368.0596	229.3334
368.0596	229.8453
370.1072	229.8453
370.1072	230.3572
372.1548	230.3572
372.1548	230.8691
373.6905	230.8691
373.6905	231.3810
375.2263	231.3810
375.2263	231.8929
376.2501	231.8929
376.2501	232.4048
378.8096	232.4048
378.8096	232.9167
386.4882	232.9167
386.4882	233.4286
394.1667	233.4286
394.1667	232.9167
400.8215	232.9167
400.8215	232.4048
403.3810	232.4048
403.3810	231.8929
404.4048	231.8929
404.4048	231.3810
406.9644	231.3810
406.9644	230.8691
408.5001	230.8691
408.5001	230.3572
411.0596	230.3572
411.0596	229.8453
413.6191	229.8453
413.6191	229.3334
414.6429	229.3334
414.6429	228.8215
415.6667	228.8215
415.6667	228.3096
417.2025	228.3096
417.2025	227.7977
419.7620	227.7977
419.7620	227.2858
422.3215	227.2858
422.3215	226.7739
424.3691	226.7739
424.3691	226.2619
425.9048	226.2619
425.9048	225.7500
428.4644	225.7500
428.4644	225.2381
438.1906	225.2381
438.1906	225.7500
439.7263	225.7500
439.7263	226.2619
441.2620	226.2619
441.2620	226.7739
442.2858	226.7739
442.2858	227.2858
443.8215	227.2858
443.8215	227.7977
444.3334	227.7977
444.3334	228.3096
445.3572	228.3096
445.3572	228.8215
445.8691	228.8215
445.8691	229.3334
446.8929	229.3334
446.8929	229.8453
447.9168	229.8453
447.9168	230.3572
448.9406	230.3572
448.9406	230.8691
449.9644	230.8691
449.9644	231.3810
450.9882	231.3810
450.9882	231.8929
452.0120	231.8929
452.0120	232.4048
452.5239	232.4048
452.5239	232.9167
453.0358	232.9167
453.0358	233.4286
454.0596	233.4286
454.0596	233.9405
455.0834	233.9405
455.0834	234.4524
455.5953	234.4524
455.5953	234.9643
456.1072	234.9643
456.1072	235.4762
456.6191	235.4762
456.6191	235.9881
457.1310	235.9881
457.1310	236.5000
458.1548	236.5000
458.1548	237.0119
458.6668	237.0119
458.6668	237.5239
459.1787	237.5239
459.1787	238.5477
459.6906	238.5477
459.6906	239.0596
460.2025	239.0596
460.2025	240.0834
460.7144	240.0834
460.7144	241.1072
461.2263	241.1072
461.2263	242.1310
461.7382	242.1310
461.7382	243.1548
462.2501	243.1548
462.2501	245.2024
462.7620	245.2024
462.7620	246.2262
463.2739	246.2262
463.2739	250.3215
463.7858	250.3215
463.7858	256.4643
463.2739	256.4643
463.2739	258.5120
462.7620	258.5120
462.7620	260.0477
462.2501	260.0477
462.2501	261.0715
461.7382	261.0715
461.7382	263.1191
461.2263	263.1191
461.2263	264.6548
460.7144	264.6548
460.7144	266.1905
460.2025	266.1905
460.2025	266.7024
459.6906	266.7024
459.6906	267.2143
459.1787	267.2143
459.1787	268.2381
458.6668	268.2381
458.6668	269.2620
458.1548	269.2620
458.1548	269.7739
457.6429	269.7739
457.6429	270.2858
457.1310	270.2858
457.1310	270.7977
456.6191	270.7977
456.6191	271.3096
456.1072	271.3096
456.1072	271.8215
455.5953	271.8215
455.5953	272.8453
455.0834	272.8453
455.0834	273.8691
454.5715	273.8691
454.5715	274.3810
454.0596	274.3810
454.0596	274.8929
453.5477	274.8929
453.5477	275.4048
453.0358	275.4048
453.0358	275.9167
452.5239	275.9167
452.5239	276.4286
452.0120	276.4286
452.0120	276.9405
451.5001	276.9405
451.5001	277.4524
450.9882	277.4524
450.9882	277.9643
450.4763	277.9643
450.4763	278.4762
449.9644	278.4762
449.9644	278.9881
449.4525	278.9881
449.4525	279.5001
448.9406	279.5001
448.9406	280.0120
448.4287	280.0120
448.4287	280.5239
447.9168	280.5239
447.9168	281.0358
446.3810	281.0358
446.3810	281.5477
445.3572	281.5477
445.3572	282.0596
444.3334	282.0596
444.3334	282.5715
443.3096	282.5715
443.3096	283.0834
442.2858	283.0834
442.2858	283.5953
441.2620	283.5953
441.2620	284.1072
438.7025	284.1072
438.7025	284.6191
437.6787	284.6191
437.6787	285.1310
436.1429	285.1310
436.1429	285.6429
433.0715	285.6429
433.0715	286.1548
428.4644	286.1548
428.4644	285.6429
427.9525	285.6429
427.9525	285.1310
427.4406	285.1310
427.4406	284.6191
426.4167	284.6191
426.4167	284.1072
425.3929	284.1072
425.3929	283.5953
422.8334	283.5953
422.8334	283.0834
418.7382	283.0834
418.7382	283.5953
415.1548	283.5953
415.1548	283.0834
414.1310	283.0834
414.1310	282.5715
411.5715	282.5715
411.5715	282.0596
408.5001	282.0596
408.5001	281.5477
405.9406	281.5477
405.9406	281.0358
402.3572	281.0358
402.3572	281.5477
399.7977	281.5477
399.7977	282.0596
398.7739	282.0596
398.7739	282.5715
397.7501	282.5715
397.7501	283.0834
397.2382	283.0834
397.2382	283.5953
396.7263	283.5953
396.7263	284.1072
396.2144	284.1072
396.2144	284.6191
395.7025	284.6191
395.7025	285.1310
395.1906	285.1310
395.1906	286.1548
394.6786	286.1548
394.6786	287.1786
394.1667	287.1786
394.1667	288.2024
393.6548	288.2024
393.6548	288.7143
393.1429	288.7143
393.1429	289.2262
392.6310	289.2262
392.6310	290.2501
392.1191	290.2501
392.1191	291.2739
391.6072	291.2739
391.6072	293.8334
391.0953	293.8334
391.0953	296.3929
391.6072	296.3929
391.6072	298.9524
392.1191	298.9524
392.1191	299.9762
392.6310	299.9762
392.6310	301.0001
393.1429	301.0001
393.1429	301.5120
393.6548	301.5120
393.6548	302.0239
394.1667	302.0239
394.1667	302.5358
394.6786	302.5358
394.6786	303.0477
395.1906	303.0477
395.1906	304.0715
394.6786	304.0715
394.6786	304.5834
392.1191	304.5834
392.1191	305.0953
391.0953	305.0953
391.0953	305.6072
390.0715	305.6072
390.0715	306.1191
389.5596	306.1191
389.5596	306.6310
389.0477	306.6310
389.0477	307.1429
388.5358	307.1429
388.5358	307.6548
388.0239	307.6548
388.0239	308.1667
387.5120	308.1667
387.5120	309.1905
387.0001	309.1905
387.0001	310.2143
386.4882	310.2143
386.4882	312.7739
384.9525	312.7739
384.9525	312.2620
383.4167	312.2620
383.4167	311.7501
382.9048	311.7501
382.9048	311.2382
382.3929	311.2382
382.3929	310.7262
381.8810	310.7262
381.8810	310.2143
381.3691	310.2143
381.3691	309.7024
380.8572	309.7024
380.8572	309.1905
380.3453	309.1905
380.3453	308.6786
379.8334	308.6786
379.8334	308.1667
379.3215	308.1667
379.3215	307.6548
378.2977	307.6548
378.2977	307.1429
377.2739	307.1429
377.2739	306.6310
374.7144	306.6310
374.7144	306.1191
371.6429	306.1191
371.6429	306.6310
369.0834	306.6310
369.0834	307.1429
367.5477	307.1429
367.5477	307.6548
366.5239	307.6548
366.5239	308.1667
365.5001	308.1667
365.5001	308.6786
364.9882	308.6786
364.9882	309.1905
364.4763	309.1905
364.4763	309.7024
363.9644	309.7024
363.9644	310.2143
363.4525	310.2143
363.4525	310.7262
362.9405	310.7262
362.9405	311.2382
362.4286	311.2382
362.4286	312.2620
361.9167	312.2620
361.9167	313.2858
361.4048	313.2858
361.4048	315.8453
360.8929	315.8453
360.8929	318.4048
360.3810	318.4048
360.3810	315.8453
359.8691	315.8453
359.8691	314.8215
359.3572	314.8215
359.3572	313.7977
358.8453	313.7977
358.8453	313.2858
358.3334	313.2858
358.3334	312.7739
357.8215	312.7739
357.8215	312.2620
357.3096	312.2620
357.3096	311.7501
356.7977	311.7501
356.7977	311.2382
355.7739	311.2382
355.7739	310.7262
354.7501	310.7262
354.7501	310.2143
352.1905	310.2143
352.1905	309.7024
342.9763	309.7024
342.9763	309.1905
340.4167	309.1905
340.4167	308.6786
335.8096	308.6786
335.8096	309.1905
333.2501	309.1905
333.2501	309.7024
332.2263	309.7024
332.2263	310.2143
331.2024	310.2143
331.2024	310.7262
325.0596	310.7262
325.0596	310.2143
324.5477	310.2143
324.5477	309.7024
323.5239	309.7024
323.5239	309.1905
322.5001	309.1905
322.5001	308.6786
319.9405	308.6786
319.9405	308.1667
316.8691	308.1667
316.8691	308.6786
312.7739	308.6786
312.7739	309.1905
310.2143	309.1905
310.2143	309.7024
309.7024	309.7024
309.7024	309.1905
308.6786	309.1905
308.6786	308.6786
308.1667	308.6786
308.1667	308.1667
307.6548	308.1667
307.6548	307.6548
307.1429	307.6548
307.1429	307.1429
306.6310	307.1429
306.6310	306.6310
305.6072	306.6310
305.6072	306.1191
304.5834	306.1191
304.5834	305.6072
302.5358	305.6072
302.5358	305.0953
301.0001	305.0953
301.0001	304.5834
299.9762	304.5834
299.9762	304.0715
298.9524	304.0715
298.9524	303.5596
297.4167	303.5596
297.4167	303.0477
296.9048	303.0477
296.9048	302.5358
296.3929	302.5358
296.3929	302.0239
295.8810	302.0239
295.8810	301.5120
294.8572	301.5120
294.8572	301.0001
294.3453	301.0001
294.3453	300.4882
293.8334	300.4882
293.8334	299.9762
293.3215	299.9762
293.3215	299.4643
292.2977	299.4643
292.2977	298.4405
291.7858	298.4405
291.7858	297.4167
291.2739	297.4167
291.2739	296.9048
290.7620	296.9048
290.7620	295.8810
290.2501	295.8810
290.2501	294.8572
289.7382	294.8572
289.7382	293.8334
289.2262	293.8334
289.2262	293.3215
288.7143	293.3215
288.7143	292.8096
288.2024	292.8096
288.2024	292.2977
287.6905	292.2977
287.6905	291.2739
287.1786	291.2739
287.1786	290.2501
286.6667	290.2501
286.6667	289.7382
286.1548	289.7382
286.1548	288.7143
285.6429	288.7143
285.6429	287.6905
285.1310	287.6905
285.1310	287.1786
284.6191	287.1786
284.6191	286.6667
284.1072	286.6667
284.1072	285.1310
283.5953	285.1310
283.5953	283.0834
283.0834	283.0834
283.0834	277.9643
282.5715	277.9643
282.5715	272.8453
283.0834	272.8453
283.0834	270.2858
282.5715	270.2858
282.5715	267.7262
282.0596	267.7262
282.0596	265.1667
281.5477	265.1667
281.5477	262.6072
281.0358	262.6072
281.0358	261.0715
280.5239	261.0715
280.5239	258.0000
281.0358	258.0000
281.0358	256.9762
281.5477	256.9762
281.5477	254.4167
282.0596	254.4167
282.0596	251.8572
281.5477	251.8572
281.5477	249.2977
281.0358	249.2977
281.0358	248.2739
280.5239	248.2739
280.5239	247.2500
280.0120	247.2500
280.0120	246.7381
280.5239	246.7381
280.5239	245.7143
281.0358	245.7143
281.0358	243.1548
281.5477	243.1548
281.5477	239.5715
281.0358	239.5715
281.0358	237.0119
280.5239	237.0119
280.5239	235.9881
280.0120	235.9881
280.0120	234.9643
279.5001	234.9643
279.5001	234.4524
278.9881	234.4524
278.9881	233.9405
278.4762	233.9405
278.4762	233.4286
277.9643	233.4286
277.9643	232.9167
277.4524	232.9167
277.4524	232.4048
276.4286	232.4048
276.4286	231.8929
275.4048	231.8929
275.4048	228.8215
275.9167	228.8215
275.9167	226.2619
276.4286	226.2619
276.4286	223.1905
275.9167	223.1905
275.9167	220.6310
275.4048	220.6310
275.4048	219.6072
274.8929	219.6072
274.8929	219.0953
276.4286	219.0953
276.4286	218.5834
277.4524	218.5834
277.4524	218.0715
278.4762	218.0715
278.4762	217.5596
278.9881	217.5596
278.9881	217.0477
279.5001	217.0477
279.5001	216.5358
280.0120	216.5358
280.0120	216.0239
280.5239	216.0239
280.5239	215.5119
281.0358	215.5119
281.0358	214.4881
281.5477	214.4881
281.5477	213.4643
282.0596	213.4643
282.0596	210.9048
282.5715	210.9048
282.5715	207.8334
283.0834	207.8334
283.0834	207.3215
283.5953	207.3215
283.5953	206.8096
284.1072	206.8096
284.1072	206.2977
285.6429	206.2977
285.6429	205.7858
287.1786	205.7858
287.1786	205.2738
289.2262	205.2738
289.2262	204.7619
296.9048	204.7619
296.9048	204.2500
299.9762	204.2500
299.9762	203.7381
302.0239	203.7381
