301.0001	205.2738
312.7739	205.2738
312.7739	205.7858
323.5239	205.7858
323.5239	206.2977
327.1072	206.2977
327.1072	206.8096
329.1548	206.8096
329.1548	207.3215
331.7143	207.3215
331.7143	207.8334
333.2501	207.8334
333.2501	208.3453
335.8096	208.3453
335.8096	208.8572
336.8334	208.8572
336.8334	209.3691
337.8572	209.3691
337.8572	209.8810
338.8810	209.8810
338.8810	210.3929
339.9048	210.3929
339.9048	210.9048
340.4167	210.9048
340.4167	211.4167
341.4405	211.4167
341.4405	211.9286
342.4644	211.9286
342.4644	212.4405
344.0001	212.4405
344.0001	212.9524
345.0239	212.9524
345.0239	213.4643
346.0477	213.4643
346.0477	213.9762
346.5596	213.9762
346.5596	214.4881
347.0715	214.4881
347.0715	215.0000
348.0953	215.0000
348.0953	215.5119
348.6072	215.5119
348.6072	216.0239
349.1191	216.0239
349.1191	216.5358
349.6310	216.5358
349.6310	217.0477
350.1429	217.0477
350.1429	217.5596
350.6548	217.5596
350.6548	218.0715
351.1667	218.0715
351.1667	218.5834
351.6786	218.5834
351.6786	219.0953
352.1905	219.0953
352.1905	219.6072
352.7024	219.6072
352.7024	220.1191
353.2144	220.1191
353.2144	220.6310
353.7263	220.6310
353.7263	221.1429
354.2382	221.1429
354.2382	221.6548
354.7501	221.6548
354.7501	222.1667
355.2620	222.1667
355.2620	222.6786
355.7739	222.6786
355.7739	223.1905
356.2858	223.1905
356.2858	223.7024
356.7977	223.7024
356.7977	224.2143
357.3096	224.2143
357.3096	224.7262
357.8215	224.7262
357.8215	225.2381
358.8453	225.2381
358.8453	225.7500
359.3572	225.7500
359.3572	226.2619
359.8691	226.2619
359.8691	226.7739
360.3810	226.7739
360.3810	227.2858
360.8929	227.2858
360.8929	227.7977
361.4048	227.7977
361.4048	228.3096
362.4286	228.3096
362.4286	228.8215
363.4525	228.8215
363.4525	229.3334
366.0120	229.3334
366.0120	229.8453
368.0596	229.8453
368.0596	230.3572
368.5715	230.3572
368.5715	230.8691
369.5953	230.8691
369.5953	231.3810
370.6191	231.3810
370.6191	231.8929
373.1786	231.8929
373.1786	232.4048
377.7858	232.4048
377.7858	232.9167
378.8096	232.9167
378.8096	233.4286
379.8334	233.4286
379.8334	233.9405
380.8572	233.9405
380.8572	234.4524
383.4167	234.4524
383.4167	234.9643
389.0477	234.9643
389.0477	234.4524
390.0715	234.4524
390.0715	234.9643
399.7977	234.9643
399.7977	234.4524
408.5001	234.4524
408.5001	233.9405
412.5953	233.9405
412.5953	234.4524
420.2739	234.4524
420.2739	233.9405
428.9763	233.9405
428.9763	233.4286
431.5358	233.4286
431.5358	232.9167
433.0715	232.9167
433.0715	232.4048
434.6072	232.4048
434.6072	231.8929
435.6310	231.8929
435.6310	232.4048
442.7977	232.4048
442.7977	232.9167
445.3572	232.9167
445.3572	233.4286
448.4287	233.4286
448.4287	233.9405
450.9882	233.9405
450.9882	234.4524
453.5477	234.4524
453.5477	234.9643
455.0834	234.9643
455.0834	235.4762
455.5953	235.4762
455.5953	235.9881
456.6191	235.9881
456.6191	236.5000
457.6429	236.5000
457.6429	237.0119
459.6906	237.0119
459.6906	237.5239
460.7144	237.5239
460.7144	238.0358
461.2263	238.0358
461.2263	238.5477
462.2501	238.5477
462.2501	239.0596
463.2739	239.0596
463.2739	239.5715
464.2977	239.5715
464.2977	240.0834
465.3215	240.0834
465.3215	240.5953
466.3453	240.5953
466.3453	241.1072
467.8810	241.1072
467.8810	241.6191
468.3929	241.6191
468.3929	242.1310
469.4168	242.1310
469.4168	242.6429
469.9287	242.6429
469.9287	243.1548
470.9525	243.1548
470.9525	243.6667
471.4644	243.6667
471.4644	244.6905
471.9763	244.6905
471.9763	245.7143
472.4882	245.7143
472.4882	246.7381
473.0001	246.7381
473.0001	247.7620
473.5120	247.7620
473.5120	248.7858
474.0239	248.7858
474.0239	249.8096
474.5358	249.8096
474.5358	251.8572
475.0477	251.8572
475.0477	253.3929
475.5596	253.3929
475.5596	256.9762
475.0477	256.9762
475.0477	259.0239
474.5358	259.0239
474.5358	260.0477
474.0239	260.0477
474.0239	262.0953
473.5120	262.0953
473.5120	263.6310
473.0001	263.6310
473.0001	264.6548
472.4882	264.6548
472.4882	265.6786
471.9763	265.6786
471.9763	266.7024
471.4644	266.7024
471.4644	267.7262
470.9525	267.7262
470.9525	268.2381
470.4406	268.2381
470.4406	269.2620
469.9287	269.2620
469.9287	270.2858
469.4168	270.2858
469.4168	270.7977
468.9049	270.7977
468.9049	271.3096
468.3929	271.3096
468.3929	272.3334
467.8810	272.3334
467.8810	273.3572
467.3691	273.3572
467.3691	274.3810
466.8572	274.3810
466.8572	274.8929
466.3453	274.8929
466.3453	275.9167
465.8334	275.9167
465.8334	276.9405
465.3215	276.9405
465.3215	277.4524
464.8096	277.4524
464.8096	277.9643
464.2977	277.9643
464.2977	278.4762
463.7858	278.4762
463.7858	278.9881
463.2739	278.9881
463.2739	279.5001
462.7620	279.5001
462.7620	280.0120
462.2501	280.0120
462.2501	280.5239
461.7382	280.5239
461.7382	281.0358
461.2263	281.0358
461.2263	281.5477
460.7144	281.5477
460.7144	282.0596
460.2025	282.0596
460.2025	282.5715
459.6906	282.5715
459.6906	283.5953
459.1787	283.5953
459.1787	284.1072
458.6668	284.1072
458.6668	284.6191
458.1548	284.6191
458.1548	285.1310
456.6191	285.1310
456.6191	285.6429
455.5953	285.6429
455.5953	286.1548
454.5715	286.1548
454.5715	286.6667
453.5477	286.6667
453.5477	287.1786
452.5239	287.1786
452.5239	287.6905
452.0120	287.6905
452.0120	288.2024
450.9882	288.2024
450.9882	288.7143
449.9644	288.7143
449.9644	289.2262
449.4525	289.2262
449.4525	289.7382
448.4287	289.7382
448.4287	290.2501
447.9168	290.2501
447.9168	290.7620
447.4048	290.7620
447.4048	291.2739
445.8691	291.2739
445.8691	291.7858
443.8215	291.7858
443.8215	292.2977
442.7977	292.2977
442.7977	292.8096
441.2620	292.8096
441.2620	293.3215
439.7263	293.3215
439.7263	293.8334
438.1906	293.8334
438.1906	294.3453
437.1667	294.3453
437.1667	294.8572
435.6310	294.8572
435.6310	295.3691
425.9048	295.3691
425.9048	294.8572
424.8810	294.8572
424.8810	294.3453
422.3215	294.3453
422.3215	293.8334
418.7382	293.8334
418.7382	294.3453
417.2025	294.3453
417.2025	293.8334
415.6667	293.8334
415.6667	293.3215
414.1310	293.3215
414.1310	292.8096
411.5715	292.8096
411.5715	292.2977
407.4763	292.2977
407.4763	291.7858
406.4525	291.7858
406.4525	291.2739
403.8929	291.2739
403.8929	290.7620
400.3096	290.7620
400.3096	291.2739
397.7501	291.2739
397.7501	291.7858
396.7263	291.7858
396.7263	292.2977
395.7025	292.2977
395.7025	292.8096
395.1906	292.8096
395.1906	293.3215
394.6786	293.3215
394.6786	293.8334
394.1667	293.8334
394.1667	294.3453
393.6548	294.3453
393.6548	294.8572
393.1429	294.8572
393.1429	295.8810
392.6310	295.8810
392.6310	296.9048
392.1191	296.9048
392.1191	299.4643
391.6072	299.4643
391.6072	304.0715
392.1191	304.0715
392.1191	305.6072
391.6072	305.6072
391.6072	306.1191
390.5834	306.1191
390.5834	306.6310
389.5596	306.6310
389.5596	307.1429
389.0477	307.1429
389.0477	307.6548
388.5358	307.6548
388.5358	308.1667
388.0239	308.1667
388.0239	308.6786
387.5120	308.6786
387.5120	309.1905
387.0001	309.1905
387.0001	309.7024
386.4882	309.7024
386.4882	310.7262
385.9763	310.7262
385.9763	311.7501
385.4644	311.7501
385.4644	312.7739
384.9525	312.7739
384.9525	315.3334
384.4405	315.3334
384.4405	315.8453
383.4167	315.8453
383.4167	315.3334
381.8810	315.3334
381.8810	314.8215
381.3691	314.8215
381.3691	314.3096
380.8572	314.3096
380.8572	313.7977
379.8334	313.7977
379.8334	313.2858
378.8096	313.2858
378.8096	312.7739
376.2501	312.7739
376.2501	312.2620
371.1310	312.2620
371.1310	312.7739
368.5715	312.7739
368.5715	313.2858
366.0120	313.2858
366.0120	313.7977
364.9882	313.7977
364.9882	314.3096
363.9644	314.3096
363.9644	314.8215
363.4525	314.8215
363.4525	315.3334
362.9405	315.3334
362.9405	315.8453
362.4286	315.8453
362.4286	316.3572
361.9167	316.3572
361.9167	316.8691
361.4048	316.8691
361.4048	317.3810
360.8929	317.3810
360.8929	318.4048
360.3810	318.4048
360.3810	319.4286
359.8691	319.4286
359.8691	321.9882
359.3572	321.9882
359.3572	325.5715
357.8215	325.5715
357.8215	325.0596
357.3096	325.0596
357.3096	324.5477
356.7977	324.5477
356.7977	324.0358
356.2858	324.0358
356.2858	323.5239
355.7739	323.5239
355.7739	320.9643
355.2620	320.9643
355.2620	319.4286
354.7501	319.4286
354.7501	318.4048
354.2382	318.4048
354.2382	317.3810
353.7263	317.3810
353.7263	316.8691
353.2144	316.8691
353.2144	316.3572
352.7024	316.3572
352.7024	315.8453
352.1905	315.8453
352.1905	315.3334
351.6786	315.3334
351.6786	314.8215
350.6548	314.8215
350.6548	314.3096
349.6310	314.3096
349.6310	313.7977
347.0715	313.7977
347.0715	313.2858
344.5120	313.2858
344.5120	313.7977
343.4882	313.7977
343.4882	313.2858
342.9763	313.2858
342.9763	312.7739
342.4644	312.7739
342.4644	312.2620
341.9524	312.2620
341.9524	311.7501
340.9286	311.7501
340.9286	311.2382
339.9048	311.2382
339.9048	310.7262
337.3453	310.7262
337.3453	310.2143
333.7620	310.2143
333.7620	310.7262
331.2024	310.7262
331.2024	311.2382
330.1786	311.2382
330.1786	311.7501
329.1548	311.7501
329.1548	312.2620
328.6429	312.2620
328.6429	312.7739
328.1310	312.7739
328.1310	313.2858
327.6191	313.2858
327.6191	313.7977
327.1072	313.7977
327.1072	314.3096
326.5953	314.3096
326.5953	315.3334
325.5715	315.3334
325.5715	314.8215
325.0596	314.8215
325.0596	314.3096
324.0358	314.3096
324.0358	313.7977
323.0120	313.7977
323.0120	313.2858
320.4524	313.2858
320.4524	312.7739
315.3334	312.7739
315.3334	313.2858
311.2382	313.2858
311.2382	313.7977
310.7262	313.7977
310.7262	313.2858
308.1667	313.2858
308.1667	313.7977
305.6072	313.7977
305.6072	313.2858
304.5834	313.2858
304.5834	312.7739
303.5596	312.7739
303.5596	312.2620
301.5120	312.2620
301.5120	311.7501
300.4882	311.7501
300.4882	311.2382
298.9524	311.2382
298.9524	310.7262
296.3929	310.7262
296.3929	310.2143
295.8810	310.2143
295.8810	309.7024
295.3691	309.7024
295.3691	309.1905
294.8572	309.1905
294.8572	308.6786
294.3453	308.6786
294.3453	308.1667
293.8334	308.1667
293.8334	307.6548
293.3215	307.6548
293.3215	307.1429
292.2977	307.1429
292.2977	306.6310
291.7858	306.6310
291.7858	306.1191
290.7620	306.1191
290.7620	305.6072
289.7382	305.6072
289.7382	305.0953
289.2262	305.0953
289.2262	304.5834
288.7143	304.5834
288.7143	304.0715
287.6905	304.0715
287.6905	303.5596
287.1786	303.5596
287.1786	303.0477
286.6667	303.0477
286.6667	302.5358
286.1548	302.5358
286.1548	302.0239
285.6429	302.0239
285.6429	301.5120
285.1310	301.5120
285.1310	301.0001
284.6191	301.0001
284.6191	300.4882
287.1786	300.4882
287.1786	299.9762
289.2262	299.9762
289.2262	299.4643
290.2501	299.4643
290.2501	298.9524
291.2739	298.9524
291.2739	298.4405
291.7858	298.4405
291.7858	297.9286
292.2977	297.9286
292.2977	297.4167
292.8096	297.4167
292.8096	296.9048
293.3215	296.9048
293.3215	296.3929
293.8334	296.3929
293.8334	295.3691
294.3453	295.3691
294.3453	294.3453
294.8572	294.3453
294.8572	291.7858
295.3691	291.7858
295.3691	289.2262
294.8572	289.2262
294.8572	286.6667
294.3453	286.6667
294.3453	285.6429
293.8334	285.6429
293.8334	284.6191
293.3215	284.6191
293.3215	284.1072
292.8096	284.1072
292.8096	283.5953
292.2977	283.5953
292.2977	283.0834
291.7858	283.0834
291.7858	282.5715
291.2739	282.5715
291.2739	282.0596
290.2501	282.0596
290.2501	281.5477
289.7382	281.5477
289.7382	280.5239
289.2262	280.5239
289.2262	279.5001
288.7143	279.5001
288.7143	278.9881
288.2024	278.9881
288.2024	278.4762
287.6905	278.4762
287.6905	277.9643
287.1786	277.9643
287.1786	277.4524
286.6667	277.4524
286.6667	276.9405
286.1548	276.9405
286.1548	276.4286
285.1310	276.4286
285.1310	275.9167
284.1072	275.9167
284.1072	275.4048
281.5477	275.4048
281.5477	274.8929
277.9643	274.8929
277.9643	274.3810
277.4524	274.3810
277.4524	273.8691
276.9405	273.8691
276.9405	260.0477
276.4286	260.0477
276.4286	256.4643
275.9167	256.4643
275.9167	253.9048
276.4286	253.9048
276.4286	252.8810
276.9405	252.8810
276.9405	250.3215
277.4524	250.3215
277.4524	244.6905
276.9405	244.6905
276.9405	243.1548
277.4524	243.1548
277.4524	242.6429
277.9643	242.6429
277.9643	241.6191
278.4762	241.6191
278.4762	240.5953
278.9881	240.5953
278.9881	238.0358
279.5001	238.0358
279.5001	233.9405
278.9881	233.9405
278.9881	229.8453
278.4762	229.8453
278.4762	227.7977
278.9881	227.7977
278.9881	226.7739
279.5001	226.7739
279.5001	224.2143
280.0120	224.2143
280.0120	221.1429
279.5001	221.1429
279.5001	218.5834
278.9881	218.5834
278.9881	217.5596
278.4762	217.5596
278.4762	216.5358
277.9643	216.5358
277.9643	216.0239
277.4524	216.0239
277.4524	215.5119
276.9405	215.5119
276.9405	215.0000
276.4286	215.0000
276.4286	213.9762
276.9405	213.9762
276.9405	213.4643
277.4524	213.4643
277.4524	212.9524
277.9643	212.9524
277.9643	212.4405
278.4762	212.4405
278.4762	211.9286
278.9881	211.9286
278.9881	211.4167
279.5001	211.4167
279.5001	210.9048
280.0120	210.9048
280.0120	210.3929
280.5239	210.3929
280.5239	209.8810
281.0358	209.8810
281.0358	209.3691
281.5477	209.3691
281.5477	208.8572
282.0596	208.8572
282.0596	208.3453
282.5715	208.3453
282.5715	207.8334
283.0834	207.8334
283.0834	207.3215
283.5953	207.3215
283.5953	206.8096
284.6191	206.8096
284.6191	206.2977
285.6429	206.2977
285.6429	205.7858
286.6667	205.7858
286.6667	205.2738
288.2024	205.2738
288.2024	204.7619
301.0001	204.7619
