285.6429	183.7738
287.6905	183.7738
287.6905	184.2857
289.2262	184.2857
289.2262	184.7977
290.2501	184.7977
290.2501	185.3096
291.2739	185.3096
291.2739	185.8215
292.8096	185.8215
292.8096	186.3334
293.3215	186.3334
293.3215	186.8453
294.3453	186.8453
294.3453	187.3572
294.8572	187.3572
294.8572	187.8691
295.3691	187.8691
295.3691	188.3810
295.8810	188.3810
295.8810	188.8929
296.3929	188.8929
296.3929	189.4048
296.9048	189.4048
296.9048	189.9167
297.9286	189.9167
297.9286	190.4286
298.9524	190.4286
298.9524	190.9405
301.5120	190.9405
301.5120	191.4524
304.5834	191.4524
304.5834	191.9643
307.1429	191.9643
307.1429	192.4762
308.6786	192.4762
308.6786	192.9881
310.2143	192.9881
310.2143	193.5000
312.7739	193.5000
312.7739	194.0119
314.3096	194.0119
314.3096	194.5238
315.8453	194.5238
315.8453	195.0358
317.8929	195.0358
317.8929	195.5477
318.9167	195.5477
318.9167	196.0596
319.4286	196.0596
319.4286	196.5715
320.4524	196.5715
320.4524	197.0834
321.4763	197.0834
321.4763	197.5953
322.5001	197.5953
322.5001	198.1072
323.5239	198.1072
323.5239	198.6191
325.5715	198.6191
325.5715	199.1310
326.5953	199.1310
326.5953	199.6429
327.6191	199.6429
327.6191	200.1548
328.6429	200.1548
328.6429	200.6667
329.6667	200.6667
329.6667	201.1786
330.6905	201.1786
330.6905	201.6905
332.2263	201.6905
332.2263	202.2024
332.7382	202.2024
332.7382	202.7143
333.7620	202.7143
333.7620	203.2262
334.7858	203.2262
334.7858	203.7381
337.3453	203.7381
337.3453	204.2500
337.8572	204.2500
337.8572	204.7619
338.8810	204.7619
338.8810	205.2738
339.9048	205.2738
339.9048	205.7858
340.4167	205.7858
340.4167	206.2977
340.9286	206.2977
340.9286	206.8096
341.4405	206.8096
341.4405	207.3215
342.4644	207.3215
342.4644	207.8334
342.9763	207.8334
342.9763	208.3453
344.0001	208.3453
344.0001	208.8572
345.0239	208.8572
345.0239	209.3691
346.0477	209.3691
346.0477	209.8810
347.5834	209.8810
347.5834	210.3929
348.0953	210.3929
348.0953	210.9048
348.6072	210.9048
348.6072	211.4167
349.1191	211.4167
349.1191	211.9286
349.6310	211.9286
349.6310	212.4405
350.1429	212.4405
350.1429	212.9524
350.6548	212.9524
350.6548	213.4643
351.1667	213.4643
351.1667	213.9762
351.6786	213.9762
351.6786	214.4881
352.7024	214.4881
352.7024	215.0000
353.2144	215.0000
353.2144	215.5119
353.7263	215.5119
353.7263	216.0239
354.7501	216.0239
354.7501	216.5358
355.2620	216.5358
355.2620	217.0477
355.7739	217.0477
355.7739	217.5596
356.2858	217.5596
356.2858	218.0715
356.7977	218.0715
356.7977	218.5834
357.3096	218.5834
357.3096	219.0953
357.8215	219.0953
357.8215	219.6072
358.3334	219.6072
358.3334	220.1191
358.8453	220.1191
358.8453	220.6310
359.3572	220.6310
359.3572	221.1429
360.3810	221.1429
360.3810	221.6548
361.4048	221.6548
361.4048	222.1667
363.9644	222.1667
363.9644	222.6786
368.0596	222.6786
368.0596	223.1905
369.5953	223.1905
369.5953	223.7024
370.6191	223.7024
370.6191	224.2143
373.1786	224.2143
373.1786	224.7262
377.2739	224.7262
377.2739	225.2381
384.9525	225.2381
384.9525	225.7500
387.5120	225.7500
387.5120	226.2619
391.6072	226.2619
391.6072	226.7739
398.2620	226.7739
398.2620	227.2858
406.4525	227.2858
406.4525	227.7977
415.6667	227.7977
415.6667	227.2858
416.6906	227.2858
416.6906	227.7977
419.7620	227.7977
419.7620	227.2858
422.8334	227.2858
422.8334	226.7739
425.3929	226.7739
425.3929	226.2619
426.4167	226.2619
426.4167	225.7500
428.9763	225.7500
428.9763	225.2381
430.5120	225.2381
430.5120	224.7262
431.5358	224.7262
431.5358	224.2143
434.0953	224.2143
434.0953	223.7024
435.6310	223.7024
435.6310	223.1905
436.6548	223.1905
436.6548	222.6786
448.9406	222.6786
448.9406	222.1667
452.0120	222.1667
452.0120	222.6786
453.0358	222.6786
453.0358	223.1905
455.0834	223.1905
455.0834	223.7024
456.1072	223.7024
456.1072	224.2143
457.1310	224.2143
457.1310	224.7262
457.6429	224.7262
457.6429	225.2381
458.6668	225.2381
458.6668	225.7500
459.6906	225.7500
459.6906	226.2619
460.7144	226.2619
460.7144	226.7739
461.7382	226.7739
461.7382	227.2858
462.2501	227.2858
462.2501	227.7977
462.7620	227.7977
462.7620	228.3096
463.2739	228.3096
463.2739	228.8215
463.7858	228.8215
463.7858	229.3334
464.2977	229.3334
464.2977	230.3572
464.8096	230.3572
464.8096	230.8691
465.3215	230.8691
465.3215	231.3810
465.8334	231.3810
465.8334	232.4048
466.3453	232.4048
466.3453	232.9167
466.8572	232.9167
466.8572	233.4286
467.3691	233.4286
467.3691	234.4524
467.8810	234.4524
467.8810	234.9643
468.3929	234.9643
468.3929	235.4762
468.9049	235.4762
468.9049	236.5000
469.4168	236.5000
469.4168	237.0119
469.9287	237.0119
469.9287	238.0358
470.4406	238.0358
470.4406	238.5477
470.9525	238.5477
470.9525	239.0596
471.4644	239.0596
471.4644	240.0834
471.9763	240.0834
471.9763	242.1310
472.4882	242.1310
472.4882	243.1548
473.0001	243.1548
473.0001	244.1786
473.5120	244.1786
473.5120	246.2262
474.0239	246.2262
474.0239	247.7620
474.5358	247.7620
474.5358	248.7858
475.0477	248.7858
475.0477	249.8096
475.5596	249.8096
475.5596	250.8334
475.0477	250.8334
475.0477	258.0000
474.5358	258.0000
474.5358	259.5358
474.0239	259.5358
474.0239	260.5596
473.5120	260.5596
473.5120	261.5834
473.0001	261.5834
473.0001	263.6310
472.4882	263.6310
472.4882	264.6548
471.9763	264.6548
471.9763	265.6786
471.4644	265.6786
471.4644	267.2143
470.9525	267.2143
470.9525	267.7262
470.4406	267.7262
470.4406	268.2381
469.9287	268.2381
469.9287	269.2620
469.4168	269.2620
469.4168	270.2858
468.9049	270.2858
468.9049	271.3096
468.3929	271.3096
468.3929	272.3334
467.8810	272.3334
467.8810	273.8691
467.3691	273.8691
467.3691	274.3810
466.8572	274.3810
466.8572	275.4048
466.3453	275.4048
466.3453	275.9167
465.8334	275.9167
465.8334	276.4286
465.3215	276.4286
465.3215	277.4524
464.8096	277.4524
464.8096	278.4762
464.2977	278.4762
464.2977	278.9881
463.7858	278.9881
463.7858	279.5001
463.2739	279.5001
463.2739	280.5239
462.7620	280.5239
462.7620	281.5477
462.2501	281.5477
462.2501	283.0834
461.7382	283.0834
461.7382	283.5953
461.2263	283.5953
461.2263	284.1072
460.7144	284.1072
460.7144	284.6191
460.2025	284.6191
460.2025	285.1310
459.6906	285.1310
459.6906	286.1548
459.1787	286.1548
459.1787	286.6667
458.6668	286.6667
458.6668	287.1786
458.1548	287.1786
458.1548	288.2024
457.1310	288.2024
457.1310	288.7143
456.6191	288.7143
456.6191	289.2262
455.5953	289.2262
455.5953	289.7382
455.0834	289.7382
455.0834	290.2501
454.5715	290.2501
454.5715	290.7620
452.0120	290.7620
452.0120	291.2739
450.4763	291.2739
450.4763	291.7858
448.9406	291.7858
448.9406	292.2977
447.4048	292.2977
447.4048	292.8096
446.3810	292.8096
446.3810	293.3215
444.8453	293.3215
444.8453	293.8334
443.8215	293.8334
443.8215	294.3453
441.2620	294.3453
441.2620	294.8572
439.7263	294.8572
439.7263	295.3691
438.7025	295.3691
438.7025	294.8572
436.1429	294.8572
436.1429	294.3453
432.0477	294.3453
432.0477	294.8572
431.5358	294.8572
431.5358	294.3453
429.4882	294.3453
429.4882	293.8334
427.4406	293.8334
427.4406	293.3215
425.9048	293.3215
425.9048	292.8096
424.3691	292.8096
424.3691	292.2977
423.3453	292.2977
423.3453	291.7858
422.3215	291.7858
422.3215	291.2739
420.2739	291.2739
420.2739	290.7620
417.7144	290.7620
417.7144	290.2501
415.1548	290.2501
415.1548	289.7382
411.0596	289.7382
411.0596	289.2262
408.5001	289.2262
408.5001	288.7143
407.4763	288.7143
407.4763	288.2024
404.9167	288.2024
404.9167	287.6905
404.4048	287.6905
404.4048	287.1786
403.8929	287.1786
403.8929	286.6667
402.8691	286.6667
402.8691	286.1548
402.3572	286.1548
402.3572	285.6429
401.8453	285.6429
401.8453	285.1310
401.3334	285.1310
401.3334	284.6191
400.3096	284.6191
400.3096	284.1072
399.2858	284.1072
399.2858	283.5953
396.7263	283.5953
396.7263	283.0834
394.1667	283.0834
394.1667	283.5953
391.6072	283.5953
391.6072	284.1072
390.5834	284.1072
390.5834	284.6191
389.5596	284.6191
389.5596	285.1310
389.0477	285.1310
389.0477	285.6429
388.5358	285.6429
388.5358	286.1548
388.0239	286.1548
388.0239	286.6667
387.5120	286.6667
387.5120	287.1786
387.0001	287.1786
387.0001	288.2024
386.4882	288.2024
386.4882	289.2262
385.9763	289.2262
385.9763	291.7858
385.4644	291.7858
385.4644	294.3453
385.9763	294.3453
385.9763	296.3929
385.4644	296.3929
385.4644	296.9048
384.4405	296.9048
384.4405	297.4167
383.4167	297.4167
383.4167	297.9286
382.9048	297.9286
382.9048	298.4405
382.3929	298.4405
382.3929	298.9524
381.8810	298.9524
381.8810	299.4643
381.3691	299.4643
381.3691	299.9762
380.8572	299.9762
380.8572	301.0001
380.3453	301.0001
380.3453	302.0239
379.8334	302.0239
379.8334	304.5834
379.3215	304.5834
379.3215	307.1429
376.2501	307.1429
376.2501	306.1191
375.7382	306.1191
375.7382	305.6072
375.2263	305.6072
375.2263	305.0953
374.7144	305.0953
374.7144	304.0715
374.2025	304.0715
374.2025	303.0477
373.6905	303.0477
373.6905	302.5358
373.1786	302.5358
373.1786	302.0239
372.6667	302.0239
372.6667	301.5120
372.1548	301.5120
372.1548	301.0001
371.6429	301.0001
371.6429	300.4882
371.1310	300.4882
371.1310	299.9762
370.1072	299.9762
370.1072	299.4643
369.0834	299.4643
369.0834	298.9524
366.5239	298.9524
366.5239	298.4405
363.9644	298.4405
363.9644	298.9524
361.4048	298.9524
361.4048	299.4643
360.3810	299.4643
360.3810	299.9762
359.3572	299.9762
359.3572	300.4882
358.8453	300.4882
358.8453	301.0001
358.3334	301.0001
358.3334	301.5120
357.8215	301.5120
357.8215	302.0239
357.3096	302.0239
357.3096	302.5358
356.7977	302.5358
356.7977	303.5596
356.2858	303.5596
356.2858	304.5834
355.7739	304.5834
355.7739	307.1429
355.2620	307.1429
355.2620	309.7024
355.7739	309.7024
355.7739	312.2620
356.2858	312.2620
356.2858	313.7977
355.7739	313.7977
355.7739	314.8215
354.7501	314.8215
354.7501	314.3096
354.2382	314.3096
354.2382	313.2858
353.7263	313.2858
353.7263	312.7739
353.2144	312.7739
353.2144	309.7024
352.7024	309.7024
352.7024	307.1429
352.1905	307.1429
352.1905	306.1191
351.6786	306.1191
351.6786	305.0953
351.1667	305.0953
351.1667	304.5834
350.6548	304.5834
350.6548	304.0715
350.1429	304.0715
350.1429	303.5596
349.6310	303.5596
349.6310	303.0477
349.1191	303.0477
349.1191	302.5358
348.0953	302.5358
348.0953	302.0239
347.0715	302.0239
347.0715	301.5120
344.5120	301.5120
344.5120	301.0001
341.9524	301.0001
341.9524	301.5120
339.3929	301.5120
339.3929	302.0239
338.3691	302.0239
338.3691	302.5358
335.2977	302.5358
335.2977	302.0239
330.1786	302.0239
330.1786	302.5358
327.6191	302.5358
327.6191	303.0477
326.5953	303.0477
326.5953	303.5596
325.5715	303.5596
325.5715	304.0715
325.0596	304.0715
325.0596	304.5834
324.5477	304.5834
324.5477	305.0953
324.0358	305.0953
324.0358	305.6072
323.5239	305.6072
323.5239	305.0953
322.5001	305.0953
322.5001	304.5834
321.9882	304.5834
321.9882	304.0715
320.9643	304.0715
320.9643	303.5596
320.4524	303.5596
320.4524	303.0477
319.9405	303.0477
319.9405	302.5358
318.9167	302.5358
318.9167	302.0239
317.8929	302.0239
317.8929	301.5120
315.3334	301.5120
315.3334	301.0001
310.7262	301.0001
310.7262	301.5120
310.2143	301.5120
310.2143	301.0001
309.1905	301.0001
309.1905	300.4882
308.1667	300.4882
308.1667	299.9762
305.6072	299.9762
305.6072	299.4643
303.0477	299.4643
303.0477	298.9524
298.4405	298.9524
298.4405	298.4405
289.2262	298.4405
289.2262	298.9524
284.6191	298.9524
284.6191	298.4405
281.0358	298.4405
281.0358	297.9286
280.0120	297.9286
280.0120	297.4167
278.4762	297.4167
278.4762	296.9048
276.4286	296.9048
276.4286	296.3929
273.8691	296.3929
273.8691	295.8810
272.8453	295.8810
272.8453	295.3691
272.3334	295.3691
272.3334	294.8572
271.8215	294.8572
271.8215	294.3453
270.7977	294.3453
270.7977	293.8334
270.2858	293.8334
270.2858	293.3215
269.7739	293.3215
269.7739	292.8096
270.2858	292.8096
270.2858	292.2977
273.3572	292.2977
273.3572	291.7858
275.9167	291.7858
275.9167	291.2739
276.9405	291.2739
276.9405	290.7620
277.9643	290.7620
277.9643	290.2501
278.4762	290.2501
278.4762	289.7382
278.9881	289.7382
278.9881	289.2262
279.5001	289.2262
279.5001	288.7143
280.0120	288.7143
280.0120	288.2024
280.5239	288.2024
280.5239	287.1786
281.0358	287.1786
281.0358	286.1548
281.5477	286.1548
281.5477	283.5953
282.0596	283.5953
282.0596	281.0358
281.5477	281.0358
281.5477	278.4762
281.0358	278.4762
281.0358	277.4524
280.5239	277.4524
280.5239	275.9167
280.0120	275.9167
280.0120	274.8929
279.5001	274.8929
279.5001	273.8691
278.9881	273.8691
278.9881	273.3572
278.4762	273.3572
278.4762	272.8453
277.9643	272.8453
277.9643	272.3334
277.4524	272.3334
277.4524	271.8215
276.9405	271.8215
276.9405	271.3096
276.4286	271.3096
276.4286	270.7977
275.9167	270.7977
275.9167	269.7739
275.4048	269.7739
275.4048	268.7501
274.8929	268.7501
274.8929	267.7262
274.3810	267.7262
274.3810	267.2143
273.8691	267.2143
273.8691	266.7024
273.3572	266.7024
273.3572	266.1905
272.8453	266.1905
272.8453	265.6786
272.3334	265.6786
272.3334	265.1667
271.3096	265.1667
271.3096	264.6548
270.2858	264.6548
270.2858	264.1429
267.7262	264.1429
267.7262	263.6310
265.1667	263.6310
265.1667	263.1191
264.6548	263.1191
264.6548	262.6072
264.1429	262.6072
264.1429	261.5834
263.6310	261.5834
263.6310	261.0715
263.1191	261.0715
263.1191	260.5596
262.6072	260.5596
262.6072	260.0477
262.0953	260.0477
262.0953	259.5358
261.5834	259.5358
261.5834	259.0239
261.0715	259.0239
261.0715	258.5120
260.5596	258.5120
260.5596	258.0000
259.5358	258.0000
259.5358	257.4881
258.5120	257.4881
258.5120	256.9762
255.9524	256.9762
255.9524	255.9524
255.4405	255.9524
255.4405	255.4405
254.9286	255.4405
254.9286	254.4167
254.4167	254.4167
254.4167	245.7143
254.9286	245.7143
254.9286	242.1310
255.4405	242.1310
255.4405	227.7977
255.9524	227.7977
255.9524	227.2858
256.4643	227.2858
256.4643	226.2619
256.9762	226.2619
256.9762	225.2381
257.4881	225.2381
257.4881	222.6786
258.0000	222.6786
258.0000	219.6072
258.5120	219.6072
258.5120	219.0953
259.5358	219.0953
259.5358	218.5834
260.5596	218.5834
260.5596	218.0715
261.0715	218.0715
261.0715	217.5596
261.5834	217.5596
261.5834	217.0477
262.0953	217.0477
262.0953	216.5358
262.6072	216.5358
262.6072	216.0239
263.1191	216.0239
263.1191	215.5119
263.6310	215.5119
263.6310	214.4881
264.1429	214.4881
264.1429	213.4643
264.6548	213.4643
264.6548	210.9048
265.1667	210.9048
265.1667	208.3453
264.6548	208.3453
264.6548	205.7858
264.1429	205.7858
264.1429	204.7619
263.6310	204.7619
263.6310	203.2262
263.1191	203.2262
263.1191	201.6905
263.6310	201.6905
263.6310	201.1786
264.1429	201.1786
264.1429	200.1548
264.6548	200.1548
264.6548	199.1310
265.1667	199.1310
265.1667	196.5715
265.6786	196.5715
265.6786	192.9881
265.1667	192.9881
265.1667	191.9643
265.6786	191.9643
265.6786	190.9405
266.1905	190.9405
266.1905	190.4286
266.7024	190.4286
266.7024	189.9167
267.2143	189.9167
267.2143	189.4048
267.7262	189.4048
267.7262	188.8929
268.2381	188.8929
268.2381	187.8691
268.7501	187.8691
268.7501	187.3572
269.7739	187.3572
269.7739	186.8453
270.7977	186.8453
270.7977	186.3334
271.3096	186.3334
271.3096	185.8215
272.3334	185.8215
272.3334	185.3096
273.3572	185.3096
273.3572	184.7977
273.8691	184.7977
273.8691	184.2857
276.4286	184.2857
276.4286	183.7738
279.5001	183.7738
279.5001	183.2619
285.6429	183.2619
