286.6667	170.9762
287.6905	170.9762
287.6905	171.4881
288.7143	171.4881
288.7143	172.0000
289.7382	172.0000
289.7382	172.5119
291.2739	172.5119
291.2739	173.0238
293.8334	173.0238
293.8334	173.5357
295.3691	173.5357
295.3691	174.0477
296.3929	174.0477
296.3929	174.5596
297.4167	174.5596
297.4167	175.0715
298.4405	175.0715
298.4405	175.5834
299.4643	175.5834
299.4643	176.0953
300.4882	176.0953
300.4882	176.6072
301.5120	176.6072
301.5120	177.1191
302.0239	177.1191
302.0239	177.6310
302.5358	177.6310
302.5358	178.1429
303.5596	178.1429
303.5596	178.6548
304.5834	178.6548
304.5834	179.1667
305.6072	179.1667
305.6072	179.6786
306.6310	179.6786
306.6310	180.1905
307.6548	180.1905
307.6548	180.7024
308.6786	180.7024
308.6786	181.2143
310.2143	181.2143
310.2143	181.7262
312.7739	181.7262
312.7739	182.2381
313.7977	182.2381
313.7977	182.7500
314.8215	182.7500
314.8215	183.2619
316.3572	183.2619
316.3572	183.7738
316.8691	183.7738
316.8691	184.2857
317.8929	184.2857
317.8929	184.7977
318.9167	184.7977
318.9167	185.3096
320.9643	185.3096
320.9643	185.8215
321.9882	185.8215
321.9882	186.3334
323.5239	186.3334
323.5239	186.8453
324.5477	186.8453
324.5477	187.3572
325.5715	187.3572
325.5715	187.8691
326.5953	187.8691
326.5953	188.3810
327.1072	188.3810
327.1072	188.8929
327.6191	188.8929
327.6191	189.4048
328.1310	189.4048
328.1310	189.9167
328.6429	189.9167
328.6429	190.4286
329.6667	190.4286
329.6667	190.9405
330.1786	190.9405
330.1786	191.4524
330.6905	191.4524
330.6905	192.4762
331.2024	192.4762
331.2024	193.5000
331.7143	193.5000
331.7143	194.0119
332.2263	194.0119
332.2263	194.5238
332.7382	194.5238
332.7382	195.0358
333.2501	195.0358
333.2501	196.0596
333.7620	196.0596
333.7620	197.0834
334.2739	197.0834
334.2739	198.1072
334.7858	198.1072
334.7858	199.1310
335.2977	199.1310
335.2977	199.6429
335.8096	199.6429
335.8096	200.6667
336.3215	200.6667
336.3215	201.1786
336.8334	201.1786
336.8334	201.6905
337.3453	201.6905
337.3453	202.2024
337.8572	202.2024
337.8572	202.7143
338.3691	202.7143
338.3691	203.2262
339.3929	203.2262
339.3929	203.7381
339.9048	203.7381
339.9048	204.2500
340.4167	204.2500
340.4167	204.7619
340.9286	204.7619
340.9286	205.2738
341.4405	205.2738
341.4405	205.7858
341.9524	205.7858
341.9524	206.2977
342.4644	206.2977
342.4644	206.8096
342.9763	206.8096
342.9763	207.3215
343.4882	207.3215
343.4882	207.8334
344.5120	207.8334
344.5120	208.3453
345.5358	208.3453
345.5358	208.8572
347.0715	208.8572
347.0715	209.3691
349.6310	209.3691
349.6310	209.8810
350.1429	209.8810
350.1429	210.3929
350.6548	210.3929
350.6548	210.9048
351.1667	210.9048
351.1667	211.4167
351.6786	211.4167
351.6786	211.9286
352.1905	211.9286
352.1905	212.4405
352.7024	212.4405
352.7024	212.9524
353.7263	212.9524
353.7263	213.9762
354.2382	213.9762
354.2382	214.4881
354.7501	214.4881
354.7501	215.0000
355.2620	215.0000
355.2620	216.0239
355.7739	216.0239
355.7739	216.5358
356.2858	216.5358
356.2858	217.0477
356.7977	217.0477
356.7977	217.5596
357.3096	217.5596
357.3096	218.0715
357.8215	218.0715
357.8215	218.5834
358.8453	218.5834
358.8453	219.0953
359.3572	219.0953
359.3572	219.6072
359.8691	219.6072
359.8691	220.1191
360.3810	220.1191
360.3810	220.6310
360.8929	220.6310
360.8929	221.1429
361.4048	221.1429
361.4048	221.6548
362.4286	221.6548
362.4286	222.1667
363.4525	222.1667
363.4525	222.6786
366.0120	222.6786
366.0120	223.1905
368.5715	223.1905
368.5715	222.6786
371.1310	222.6786
371.1310	222.1667
372.1548	222.1667
372.1548	221.6548
373.1786	221.6548
373.1786	221.1429
373.6905	221.1429
373.6905	220.6310
375.7382	220.6310
375.7382	221.1429
376.7620	221.1429
376.7620	221.6548
377.7858	221.6548
377.7858	222.1667
380.3453	222.1667
380.3453	222.6786
382.9048	222.6786
382.9048	223.1905
388.5358	223.1905
388.5358	223.7024
389.5596	223.7024
389.5596	224.2143
392.1191	224.2143
392.1191	224.7262
396.7263	224.7262
396.7263	225.2381
399.2858	225.2381
399.2858	225.7500
401.8453	225.7500
401.8453	226.2619
402.8691	226.2619
402.8691	226.7739
405.4286	226.7739
405.4286	227.2858
411.0596	227.2858
411.0596	226.7739
413.6191	226.7739
413.6191	227.2858
423.3453	227.2858
423.3453	226.7739
426.4167	226.7739
426.4167	227.2858
428.9763	227.2858
428.9763	227.7977
431.5358	227.7977
431.5358	228.3096
435.6310	228.3096
435.6310	228.8215
439.7263	228.8215
439.7263	228.3096
444.8453	228.3096
444.8453	227.7977
445.8691	227.7977
445.8691	228.3096
448.9406	228.3096
448.9406	227.7977
449.9644	227.7977
449.9644	228.3096
451.5001	228.3096
451.5001	228.8215
454.0596	228.8215
454.0596	229.3334
458.6668	229.3334
458.6668	229.8453
459.6906	229.8453
459.6906	230.3572
461.7382	230.3572
461.7382	230.8691
462.7620	230.8691
462.7620	231.3810
463.7858	231.3810
463.7858	231.8929
464.8096	231.8929
464.8096	232.4048
466.3453	232.4048
466.3453	232.9167
467.3691	232.9167
467.3691	233.4286
468.3929	233.4286
468.3929	233.9405
469.9287	233.9405
469.9287	234.4524
472.4882	234.4524
472.4882	234.9643
474.0239	234.9643
474.0239	235.4762
475.5596	235.4762
475.5596	235.9881
476.5834	235.9881
476.5834	236.5000
477.0953	236.5000
477.0953	237.0119
477.6072	237.0119
477.6072	237.5239
478.1191	237.5239
478.1191	238.0358
478.6310	238.0358
478.6310	238.5477
479.1429	238.5477
479.1429	239.0596
480.1668	239.0596
480.1668	239.5715
480.6787	239.5715
480.6787	240.0834
481.1906	240.0834
481.1906	241.1072
481.7025	241.1072
481.7025	241.6191
482.2144	241.6191
482.2144	244.1786
482.7263	244.1786
482.7263	245.7143
483.2382	245.7143
483.2382	247.7620
483.7501	247.7620
483.7501	257.4881
484.2620	257.4881
484.2620	259.0239
483.7501	259.0239
483.7501	261.5834
483.2382	261.5834
483.2382	269.2620
483.7501	269.2620
483.7501	273.3572
484.2620	273.3572
484.2620	276.9405
484.7739	276.9405
484.7739	279.5001
485.2858	279.5001
485.2858	282.0596
485.7977	282.0596
485.7977	284.1072
486.3096	284.1072
486.3096	285.1310
486.8215	285.1310
486.8215	286.1548
487.3334	286.1548
487.3334	287.6905
487.8453	287.6905
487.8453	290.7620
487.3334	290.7620
487.3334	291.2739
486.8215	291.2739
486.8215	292.2977
486.3096	292.2977
486.3096	293.3215
485.7977	293.3215
485.7977	294.8572
485.2858	294.8572
485.2858	296.3929
484.7739	296.3929
484.7739	298.9524
484.2620	298.9524
484.2620	300.4882
483.7501	300.4882
483.7501	301.5120
483.2382	301.5120
483.2382	303.5596
482.7263	303.5596
482.7263	304.5834
482.2144	304.5834
482.2144	305.6072
481.7025	305.6072
481.7025	306.1191
481.1906	306.1191
481.1906	306.6310
480.6787	306.6310
480.6787	307.1429
480.1668	307.1429
480.1668	307.6548
479.6549	307.6548
479.6549	308.6786
479.1429	308.6786
479.1429	309.7024
478.6310	309.7024
478.6310	310.2143
477.6072	310.2143
477.6072	310.7262
476.5834	310.7262
476.5834	311.2382
476.0715	311.2382
476.0715	311.7501
475.5596	311.7501
475.5596	312.2620
475.0477	312.2620
475.0477	312.7739
474.0239	312.7739
474.0239	313.2858
473.0001	313.2858
473.0001	313.7977
472.4882	313.7977
472.4882	314.3096
471.4644	314.3096
471.4644	314.8215
470.4406	314.8215
470.4406	315.3334
469.9287	315.3334
469.9287	315.8453
467.3691	315.8453
467.3691	316.3572
466.3453	316.3572
466.3453	316.8691
464.2977	316.8691
464.2977	316.3572
457.6429	316.3572
457.6429	315.8453
452.5239	315.8453
452.5239	315.3334
450.4763	315.3334
450.4763	314.8215
449.4525	314.8215
449.4525	314.3096
447.9168	314.3096
447.9168	313.7977
445.3572	313.7977
445.3572	313.2858
441.2620	313.2858
441.2620	312.7739
440.2382	312.7739
440.2382	312.2620
438.1906	312.2620
438.1906	311.7501
435.6310	311.7501
435.6310	311.2382
434.6072	311.2382
434.6072	310.7262
434.0953	310.7262
434.0953	310.2143
433.0715	310.2143
433.0715	309.7024
432.5596	309.7024
432.5596	309.1905
431.5358	309.1905
431.5358	308.6786
430.5120	308.6786
430.5120	308.1667
428.4644	308.1667
428.4644	307.6548
426.9287	307.6548
426.9287	307.1429
426.4167	307.1429
426.4167	304.5834
425.9048	304.5834
425.9048	303.5596
425.3929	303.5596
425.3929	302.5358
424.8810	302.5358
424.8810	302.0239
424.3691	302.0239
424.3691	301.5120
423.8572	301.5120
423.8572	301.0001
423.3453	301.0001
423.3453	300.4882
422.8334	300.4882
422.8334	299.9762
422.3215	299.9762
422.3215	299.4643
421.2977	299.4643
421.2977	298.9524
420.2739	298.9524
420.2739	298.4405
417.7144	298.4405
417.7144	297.9286
415.1548	297.9286
415.1548	298.4405
412.5953	298.4405
412.5953	297.9286
410.5477	297.9286
410.5477	297.4167
409.5239	297.4167
409.5239	296.3929
409.0120	296.3929
409.0120	295.3691
408.5001	295.3691
408.5001	294.3453
407.9882	294.3453
407.9882	293.3215
407.4763	293.3215
407.4763	292.2977
406.9644	292.2977
406.9644	291.7858
406.4525	291.7858
406.4525	291.2739
405.9406	291.2739
405.9406	290.7620
405.4286	290.7620
405.4286	290.2501
404.9167	290.2501
404.9167	289.7382
403.8929	289.7382
403.8929	289.2262
402.8691	289.2262
402.8691	288.7143
400.3096	288.7143
400.3096	288.2024
397.7501	288.2024
397.7501	288.7143
395.1906	288.7143
395.1906	289.2262
394.1667	289.2262
394.1667	289.7382
391.6072	289.7382
391.6072	290.2501
389.0477	290.2501
389.0477	290.7620
388.0239	290.7620
388.0239	291.2739
387.0001	291.2739
387.0001	291.7858
386.4882	291.7858
386.4882	292.2977
385.9763	292.2977
385.9763	292.8096
385.4644	292.8096
385.4644	293.3215
384.9525	293.3215
384.9525	293.8334
384.4405	293.8334
384.4405	294.8572
383.9286	294.8572
383.9286	295.8810
383.4167	295.8810
383.4167	296.9048
382.9048	296.9048
382.9048	297.4167
381.8810	297.4167
381.8810	297.9286
380.8572	297.9286
380.8572	298.4405
380.3453	298.4405
380.3453	298.9524
379.8334	298.9524
379.8334	299.4643
379.3215	299.4643
379.3215	299.9762
378.8096	299.9762
378.8096	300.4882
378.2977	300.4882
378.2977	301.0001
377.7858	301.0001
377.7858	302.0239
377.2739	302.0239
377.2739	303.0477
376.7620	303.0477
376.7620	304.0715
375.7382	304.0715
375.7382	303.5596
372.1548	303.5596
372.1548	303.0477
371.1310	303.0477
371.1310	302.5358
370.1072	302.5358
370.1072	302.0239
367.5477	302.0239
367.5477	301.5120
364.9882	301.5120
364.9882	302.0239
362.4286	302.0239
362.4286	302.5358
361.4048	302.5358
361.4048	303.0477
360.3810	303.0477
360.3810	303.5596
359.8691	303.5596
359.8691	304.0715
359.3572	304.0715
359.3572	304.5834
358.8453	304.5834
358.8453	305.0953
358.3334	305.0953
358.3334	305.6072
357.8215	305.6072
357.8215	306.6310
357.3096	306.6310
357.3096	307.6548
356.7977	307.6548
356.7977	308.6786
355.7739	308.6786
355.7739	309.1905
354.7501	309.1905
354.7501	308.6786
354.2382	308.6786
354.2382	308.1667
353.7263	308.1667
353.7263	307.6548
353.2144	307.6548
353.2144	307.1429
352.7024	307.1429
352.7024	306.6310
352.1905	306.6310
352.1905	306.1191
351.6786	306.1191
351.6786	305.6072
351.1667	305.6072
351.1667	305.0953
350.6548	305.0953
350.6548	304.5834
349.6310	304.5834
349.6310	304.0715
348.6072	304.0715
348.6072	303.5596
347.5834	303.5596
347.5834	303.0477
345.0239	303.0477
345.0239	302.5358
344.5120	302.5358
344.5120	301.5120
344.0001	301.5120
344.0001	300.4882
343.4882	300.4882
343.4882	299.9762
342.9763	299.9762
342.9763	299.4643
342.4644	299.4643
342.4644	298.9524
341.9524	298.9524
341.9524	298.4405
341.4405	298.4405
341.4405	297.9286
340.9286	297.9286
340.9286	297.4167
339.9048	297.4167
339.9048	296.9048
338.8810	296.9048
338.8810	296.3929
336.3215	296.3929
336.3215	295.8810
333.7620	295.8810
333.7620	296.3929
331.2024	296.3929
331.2024	296.9048
330.1786	296.9048
330.1786	297.4167
329.1548	297.4167
329.1548	297.9286
328.1310	297.9286
328.1310	298.4405
327.1072	298.4405
327.1072	297.9286
326.5953	297.9286
326.5953	297.4167
325.5715	297.4167
325.5715	296.9048
324.5477	296.9048
324.5477	296.3929
321.9882	296.3929
321.9882	295.8810
318.9167	295.8810
318.9167	296.3929
315.8453	296.3929
315.8453	296.9048
314.8215	296.9048
314.8215	296.3929
312.2620	296.3929
312.2620	295.8810
309.1905	295.8810
309.1905	296.3929
307.6548	296.3929
307.6548	295.8810
307.1429	295.8810
307.1429	295.3691
306.1191	295.3691
306.1191	294.8572
305.0953	294.8572
305.0953	294.3453
303.5596	294.3453
303.5596	293.8334
301.0001	293.8334
301.0001	293.3215
293.3215	293.3215
293.3215	292.8096
288.7143	292.8096
288.7143	292.2977
286.6667	292.2977
286.6667	291.7858
285.1310	291.7858
285.1310	291.2739
284.1072	291.2739
284.1072	290.7620
283.0834	290.7620
283.0834	290.2501
281.0358	290.2501
281.0358	289.7382
278.4762	289.7382
278.4762	289.2262
277.4524	289.2262
277.4524	288.7143
276.4286	288.7143
276.4286	288.2024
275.4048	288.2024
275.4048	287.6905
272.8453	287.6905
272.8453	287.1786
269.2620	287.1786
269.2620	286.6667
267.7262	286.6667
267.7262	286.1548
265.1667	286.1548
265.1667	285.6429
262.6072	285.6429
262.6072	285.1310
261.5834	285.1310
261.5834	284.6191
260.5596	284.6191
260.5596	284.1072
258.5120	284.1072
258.5120	283.5953
257.4881	283.5953
257.4881	283.0834
256.4643	283.0834
256.4643	282.5715
254.4167	282.5715
254.4167	282.0596
253.3929	282.0596
253.3929	281.5477
252.3691	281.5477
252.3691	281.0358
251.8572	281.0358
251.8572	280.5239
251.3453	280.5239
251.3453	279.5001
250.8334	279.5001
250.8334	278.9881
250.3215	278.9881
250.3215	278.4762
249.8096	278.4762
249.8096	277.9643
254.9286	277.9643
254.9286	278.4762
255.4405	278.4762
255.4405	278.9881
256.4643	278.9881
256.4643	279.5001
257.4881	279.5001
257.4881	280.0120
258.5120	280.0120
258.5120	280.5239
259.5358	280.5239
259.5358	281.0358
262.0953	281.0358
262.0953	281.5477
266.7024	281.5477
266.7024	281.0358
269.2620	281.0358
269.2620	280.5239
271.3096	280.5239
271.3096	280.0120
272.3334	280.0120
272.3334	279.5001
273.3572	279.5001
273.3572	278.9881
273.8691	278.9881
273.8691	278.4762
274.3810	278.4762
274.3810	277.9643
274.8929	277.9643
274.8929	277.4524
275.4048	277.4524
275.4048	276.9405
275.9167	276.9405
275.9167	275.9167
276.4286	275.9167
276.4286	274.8929
276.9405	274.8929
276.9405	272.3334
277.4524	272.3334
277.4524	269.7739
276.9405	269.7739
276.9405	267.2143
276.4286	267.2143
276.4286	266.1905
275.9167	266.1905
275.9167	265.1667
275.4048	265.1667
275.4048	264.6548
274.8929	264.6548
274.8929	264.1429
274.3810	264.1429
274.3810	263.6310
273.8691	263.6310
273.8691	263.1191
273.3572	263.1191
273.3572	262.6072
272.3334	262.6072
272.3334	261.5834
271.8215	261.5834
271.8215	260.5596
271.3096	260.5596
271.3096	259.5358
270.7977	259.5358
270.7977	259.0239
270.2858	259.0239
270.2858	258.5120
269.7739	258.5120
269.7739	258.0000
269.2620	258.0000
269.2620	257.4881
268.7501	257.4881
268.7501	256.9762
268.2381	256.9762
268.2381	256.4643
267.2143	256.4643
267.2143	255.9524
266.1905	255.9524
266.1905	254.9286
265.6786	254.9286
265.6786	252.3691
265.1667	252.3691
265.1667	250.3215
264.6548	250.3215
264.6548	247.7620
264.1429	247.7620
264.1429	246.7381
263.6310	246.7381
263.6310	245.7143
263.1191	245.7143
263.1191	245.2024
262.6072	245.2024
262.6072	244.6905
262.0953	244.6905
262.0953	244.1786
261.5834	244.1786
261.5834	243.6667
261.0715	243.6667
261.0715	243.1548
260.5596	243.1548
260.5596	242.6429
259.5358	242.6429
259.5358	241.6191
259.0239	241.6191
259.0239	241.1072
258.5120	241.1072
258.5120	240.5953
258.0000	240.5953
258.0000	240.0834
257.4881	240.0834
257.4881	239.5715
256.9762	239.5715
256.9762	239.0596
256.4643	239.0596
256.4643	238.5477
255.4405	238.5477
255.4405	238.0358
254.4167	238.0358
254.4167	237.5239
251.8572	237.5239
251.8572	237.0119
249.2977	237.0119
249.2977	237.5239
248.2739	237.5239
248.2739	237.0119
247.7620	237.0119
247.7620	235.9881
247.2500	235.9881
247.2500	234.9643
246.7381	234.9643
246.7381	234.4524
246.2262	234.4524
246.2262	233.9405
245.7143	233.9405
245.7143	232.9167
245.2024	232.9167
245.2024	231.8929
244.6905	231.8929
244.6905	231.3810
244.1786	231.3810
244.1786	230.8691
243.6667	230.8691
243.6667	230.3572
243.1548	230.3572
243.1548	229.8453
242.6429	229.8453
242.6429	229.3334
242.1310	229.3334
242.1310	228.8215
241.1072	228.8215
241.1072	228.3096
240.0834	228.3096
240.0834	227.7977
239.5715	227.7977
239.5715	227.2858
239.0596	227.2858
239.0596	226.7739
238.5477	226.7739
238.5477	226.2619
238.0358	226.2619
238.0358	225.7500
238.5477	225.7500
238.5477	225.2381
239.0596	225.2381
239.0596	224.2143
239.5715	224.2143
239.5715	223.1905
240.0834	223.1905
240.0834	222.1667
240.5953	222.1667
240.5953	221.6548
241.1072	221.6548
241.1072	221.1429
241.6191	221.1429
241.6191	220.1191
242.1310	220.1191
242.1310	219.0953
242.6429	219.0953
242.6429	217.0477
243.1548	217.0477
243.1548	215.0000
243.6667	215.0000
243.6667	214.4881
244.1786	214.4881
244.1786	213.9762
244.6905	213.9762
244.6905	213.4643
245.2024	213.4643
245.2024	212.9524
245.7143	212.9524
245.7143	211.9286
246.2262	211.9286
246.2262	210.9048
246.7381	210.9048
246.7381	208.3453
247.2500	208.3453
247.2500	205.7858
246.7381	205.7858
246.7381	204.7619
247.2500	204.7619
247.2500	203.7381
247.7620	203.7381
247.7620	201.6905
248.2739	201.6905
248.2739	199.1310
248.7858	199.1310
248.7858	198.6191
249.2977	198.6191
249.2977	198.1072
249.8096	198.1072
249.8096	197.0834
250.3215	197.0834
250.3215	196.5715
250.8334	196.5715
250.8334	196.0596
251.3453	196.0596
251.3453	195.5477
251.8572	195.5477
251.8572	195.0358
252.8810	195.0358
252.8810	194.5238
253.3929	194.5238
253.3929	194.0119
253.9048	194.0119
253.9048	193.5000
254.4167	193.5000
254.4167	192.9881
254.9286	192.9881
254.9286	192.4762
255.4405	192.4762
255.4405	191.9643
255.9524	191.9643
255.9524	191.4524
256.4643	191.4524
256.4643	190.9405
256.9762	190.9405
256.9762	189.9167
257.4881	189.9167
257.4881	189.4048
258.0000	189.4048
258.0000	188.8929
258.5120	188.8929
258.5120	188.3810
259.0239	188.3810
259.0239	187.8691
259.5358	187.8691
259.5358	187.3572
260.5596	187.3572
260.5596	186.8453
261.0715	186.8453
261.0715	186.3334
261.5834	186.3334
261.5834	185.8215
262.0953	185.8215
262.0953	185.3096
262.6072	185.3096
262.6072	184.7977
263.1191	184.7977
263.1191	184.2857
263.6310	184.2857
263.6310	183.7738
264.1429	183.7738
264.1429	183.2619
264.6548	183.2619
264.6548	182.7500
265.1667	182.7500
265.1667	182.2381
266.1905	182.2381
266.1905	181.7262
266.7024	181.7262
266.7024	181.2143
267.2143	181.2143
267.2143	180.7024
267.7262	180.7024
267.7262	180.1905
268.2381	180.1905
268.2381	179.6786
268.7501	179.6786
268.7501	179.1667
269.2620	179.1667
269.2620	178.6548
269.7739	178.6548
269.7739	178.1429
270.2858	178.1429
270.2858	177.6310
270.7977	177.6310
270.7977	177.1191
271.3096	177.1191
271.3096	176.6072
271.8215	176.6072
271.8215	176.0953
272.3334	176.0953
272.3334	175.5834
272.8453	175.5834
272.8453	175.0715
273.3572	175.0715
273.3572	174.5596
273.8691	174.5596
273.8691	174.0477
274.8929	174.0477
274.8929	173.5357
275.4048	173.5357
275.4048	173.0238
275.9167	173.0238
275.9167	172.5119
276.9405	172.5119
276.9405	172.0000
277.4524	172.0000
277.4524	171.4881
277.9643	171.4881
277.9643	170.9762
280.0120	170.9762
280.0120	170.4643
286.6667	170.4643
