394.1667	209.3691
399.2858	209.3691
399.2858	209.8810
399.7977	209.8810
399.7977	212.4405
400.3096	212.4405
400.3096	213.4643
400.8215	213.4643
400.8215	215.5119
400.3096	215.5119
400.3096	219.6072
400.8215	219.6072
400.8215	222.1667
401.3334	222.1667
401.3334	223.1905
401.8453	223.1905
401.8453	224.2143
402.3572	224.2143
402.3572	224.7262
402.8691	224.7262
402.8691	225.2381
403.3810	225.2381
403.3810	225.7500
403.8929	225.7500
403.8929	226.2619
404.4048	226.2619
404.4048	226.7739
405.4286	226.7739
405.4286	227.2858
405.9406	227.2858
405.9406	227.7977
406.4525	227.7977
406.4525	228.3096
407.4763	228.3096
407.4763	228.8215
408.5001	228.8215
408.5001	229.3334
410.0358	229.3334
410.0358	229.8453
411.0596	229.8453
411.0596	230.3572
412.0834	230.3572
412.0834	230.8691
413.1072	230.8691
413.1072	231.3810
414.1310	231.3810
414.1310	231.8929
416.6906	231.8929
416.6906	232.4048
421.8096	232.4048
421.8096	232.9167
423.3453	232.9167
423.3453	233.4286
424.8810	233.4286
424.8810	233.9405
425.3929	233.9405
425.3929	234.4524
424.8810	234.4524
424.8810	235.4762
424.3691	235.4762
424.3691	236.5000
423.8572	236.5000
423.8572	239.0596
423.3453	239.0596
423.3453	242.1310
423.8572	242.1310
423.8572	244.6905
424.3691	244.6905
424.3691	245.7143
424.8810	245.7143
424.8810	246.7381
425.3929	246.7381
425.3929	247.2500
425.9048	247.2500
425.9048	247.7620
426.4167	247.7620
426.4167	248.2739
426.9287	248.2739
426.9287	248.7858
427.4406	248.7858
427.4406	249.2977
428.4644	249.2977
428.4644	249.8096
429.4882	249.8096
429.4882	250.3215
430.5120	250.3215
430.5120	250.8334
431.5358	250.8334
431.5358	251.3453
432.5596	251.3453
432.5596	251.8572
434.6072	251.8572
434.6072	252.3691
435.6310	252.3691
435.6310	252.8810
436.1429	252.8810
436.1429	253.3929
436.6548	253.3929
436.6548	253.9048
437.6787	253.9048
437.6787	254.9286
438.1906	254.9286
438.1906	256.4643
437.1667	256.4643
437.1667	255.9524
436.1429	255.9524
436.1429	255.4405
434.6072	255.4405
434.6072	254.9286
432.5596	254.9286
432.5596	254.4167
430.0001	254.4167
430.0001	253.9048
429.4882	253.9048
429.4882	253.3929
428.9763	253.3929
428.9763	252.8810
428.4644	252.8810
428.4644	252.3691
427.9525	252.3691
427.9525	251.8572
426.9287	251.8572
426.9287	251.3453
425.9048	251.3453
425.9048	250.8334
423.8572	250.8334
423.8572	250.3215
422.8334	250.3215
422.8334	249.8096
420.2739	249.8096
420.2739	249.2977
417.2025	249.2977
417.2025	249.8096
414.6429	249.8096
414.6429	250.3215
413.6191	250.3215
413.6191	250.8334
412.5953	250.8334
412.5953	251.3453
412.0834	251.3453
412.0834	251.8572
411.5715	251.8572
411.5715	252.3691
411.0596	252.3691
411.0596	252.8810
410.5477	252.8810
410.5477	253.3929
410.0358	253.3929
410.0358	254.4167
409.5239	254.4167
409.5239	254.9286
409.0120	254.9286
409.0120	255.4405
408.5001	255.4405
408.5001	255.9524
407.9882	255.9524
407.9882	256.9762
407.4763	256.9762
407.4763	258.0000
406.9644	258.0000
406.9644	259.5358
406.4525	259.5358
406.4525	262.0953
405.9406	262.0953
405.9406	268.7501
406.4525	268.7501
406.4525	271.3096
406.9644	271.3096
406.9644	272.3334
407.4763	272.3334
407.4763	273.3572
407.9882	273.3572
407.9882	273.8691
408.5001	273.8691
408.5001	274.3810
409.0120	274.3810
409.0120	274.8929
409.5239	274.8929
409.5239	275.4048
410.0358	275.4048
410.0358	275.9167
411.0596	275.9167
411.0596	276.4286
412.0834	276.4286
412.0834	276.9405
413.1072	276.9405
413.1072	277.4524
415.6667	277.4524
415.6667	277.9643
416.1787	277.9643
416.1787	278.9881
415.6667	278.9881
415.6667	279.5001
414.6429	279.5001
414.6429	278.9881
410.0358	278.9881
410.0358	279.5001
407.4763	279.5001
407.4763	280.0120
406.4525	280.0120
406.4525	280.5239
405.4286	280.5239
405.4286	281.0358
404.9167	281.0358
404.9167	281.5477
404.4048	281.5477
404.4048	282.0596
403.8929	282.0596
403.8929	282.5715
401.8453	282.5715
401.8453	283.0834
400.8215	283.0834
400.8215	283.5953
399.7977	283.5953
399.7977	284.1072
399.2858	284.1072
399.2858	284.6191
398.7739	284.6191
398.7739	285.1310
398.2620	285.1310
398.2620	285.6429
397.2382	285.6429
397.2382	286.1548
396.2144	286.1548
396.2144	286.6667
395.1906	286.6667
395.1906	287.1786
394.1667	287.1786
394.1667	287.6905
393.6548	287.6905
393.6548	288.2024
393.1429	288.2024
393.1429	288.7143
392.6310	288.7143
392.6310	289.2262
392.1191	289.2262
392.1191	289.7382
391.6072	289.7382
391.6072	290.2501
391.0953	290.2501
391.0953	291.2739
390.5834	291.2739
390.5834	292.2977
390.0715	292.2977
390.0715	292.8096
389.5596	292.8096
389.5596	293.3215
389.0477	293.3215
389.0477	293.8334
388.5358	293.8334
388.5358	294.3453
388.0239	294.3453
388.0239	295.3691
387.5120	295.3691
387.5120	296.3929
387.0001	296.3929
387.0001	297.4167
386.4882	297.4167
386.4882	298.4405
385.9763	298.4405
385.9763	298.9524
385.4644	298.9524
385.4644	299.4643
384.9525	299.4643
384.9525	300.4882
384.4405	300.4882
384.4405	301.5120
383.9286	301.5120
383.9286	304.0715
383.4167	304.0715
383.4167	310.2143
382.3929	310.2143
382.3929	309.7024
375.7382	309.7024
375.7382	310.2143
373.1786	310.2143
373.1786	310.7262
371.6429	310.7262
371.6429	310.2143
366.5239	310.2143
366.5239	309.7024
363.9644	309.7024
363.9644	310.2143
361.9167	310.2143
361.9167	309.7024
359.3572	309.7024
359.3572	310.2143
356.7977	310.2143
356.7977	310.7262
355.7739	310.7262
355.7739	311.2382
354.7501	311.2382
354.7501	311.7501
354.2382	311.7501
354.2382	312.2620
353.2144	312.2620
353.2144	312.7739
352.7024	312.7739
352.7024	313.2858
352.1905	313.2858
352.1905	313.7977
351.6786	313.7977
351.6786	314.3096
351.1667	314.3096
351.1667	314.8215
350.6548	314.8215
350.6548	315.3334
350.1429	315.3334
350.1429	316.3572
349.6310	316.3572
349.6310	317.3810
349.1191	317.3810
349.1191	318.4048
348.6072	318.4048
348.6072	320.9643
348.0953	320.9643
348.0953	319.9405
347.5834	319.9405
347.5834	319.4286
347.0715	319.4286
347.0715	318.9167
346.5596	318.9167
346.5596	318.4048
346.0477	318.4048
346.0477	317.8929
345.5358	317.8929
345.5358	317.3810
345.0239	317.3810
345.0239	316.8691
344.5120	316.8691
344.5120	316.3572
343.4882	316.3572
343.4882	315.8453
342.9763	315.8453
342.9763	315.3334
341.9524	315.3334
341.9524	314.8215
341.4405	314.8215
341.4405	313.7977
340.9286	313.7977
340.9286	313.2858
340.4167	313.2858
340.4167	312.2620
339.9048	312.2620
339.9048	311.7501
339.3929	311.7501
339.3929	311.2382
338.8810	311.2382
338.8810	310.7262
338.3691	310.7262
338.3691	310.2143
337.8572	310.2143
337.8572	309.7024
336.8334	309.7024
336.8334	309.1905
335.8096	309.1905
335.8096	308.6786
334.7858	308.6786
334.7858	307.6548
334.2739	307.6548
334.2739	307.1429
333.7620	307.1429
333.7620	306.6310
333.2501	306.6310
333.2501	306.1191
332.7382	306.1191
332.7382	305.6072
332.2263	305.6072
332.2263	305.0953
331.7143	305.0953
331.7143	304.5834
330.6905	304.5834
330.6905	304.0715
329.6667	304.0715
329.6667	303.5596
327.1072	303.5596
327.1072	303.0477
324.0358	303.0477
324.0358	302.5358
322.5001	302.5358
322.5001	302.0239
321.9882	302.0239
321.9882	300.4882
321.4763	300.4882
321.4763	299.4643
320.9643	299.4643
320.9643	298.4405
320.4524	298.4405
320.4524	297.9286
319.9405	297.9286
319.9405	297.4167
319.4286	297.4167
319.4286	296.9048
318.9167	296.9048
318.9167	296.3929
318.4048	296.3929
318.4048	295.8810
317.3810	295.8810
317.3810	295.3691
316.3572	295.3691
316.3572	294.3453
316.8691	294.3453
316.8691	291.7858
316.3572	291.7858
316.3572	289.2262
315.8453	289.2262
315.8453	288.2024
315.3334	288.2024
315.3334	285.6429
314.8215	285.6429
314.8215	283.5953
314.3096	283.5953
314.3096	282.5715
313.7977	282.5715
313.7977	281.5477
313.2858	281.5477
313.2858	281.0358
312.7739	281.0358
312.7739	280.5239
312.2620	280.5239
312.2620	280.0120
311.7501	280.0120
311.7501	279.5001
311.2382	279.5001
311.2382	278.9881
310.7262	278.9881
310.7262	277.9643
310.2143	277.9643
310.2143	277.4524
309.7024	277.4524
309.7024	276.9405
309.1905	276.9405
309.1905	276.4286
308.6786	276.4286
308.6786	275.9167
308.1667	275.9167
308.1667	275.4048
307.6548	275.4048
307.6548	274.8929
306.6310	274.8929
306.6310	274.3810
305.6072	274.3810
305.6072	273.8691
304.5834	273.8691
304.5834	273.3572
302.0239	273.3572
302.0239	271.8215
301.5120	271.8215
301.5120	270.7977
301.0001	270.7977
301.0001	269.7739
300.4882	269.7739
300.4882	269.2620
299.9762	269.2620
299.9762	267.2143
299.4643	267.2143
299.4643	266.7024
299.9762	266.7024
299.9762	266.1905
300.4882	266.1905
300.4882	265.6786
301.0001	265.6786
301.0001	265.1667
301.5120	265.1667
301.5120	264.1429
302.0239	264.1429
302.0239	263.1191
302.5358	263.1191
302.5358	260.5596
303.0477	260.5596
303.0477	257.4881
302.5358	257.4881
302.5358	254.9286
302.0239	254.9286
302.0239	253.9048
301.5120	253.9048
301.5120	252.8810
301.0001	252.8810
301.0001	251.8572
301.5120	251.8572
301.5120	246.7381
301.0001	246.7381
301.0001	244.1786
300.4882	244.1786
300.4882	243.1548
301.0001	243.1548
301.0001	240.0834
300.4882	240.0834
300.4882	237.5239
299.9762	237.5239
299.9762	236.5000
300.4882	236.5000
300.4882	235.4762
301.0001	235.4762
301.0001	234.4524
301.5120	234.4524
301.5120	231.8929
302.0239	231.8929
302.0239	231.3810
302.5358	231.3810
302.5358	230.8691
303.0477	230.8691
303.0477	230.3572
303.5596	230.3572
303.5596	229.3334
304.0715	229.3334
304.0715	228.3096
304.5834	228.3096
304.5834	226.7739
306.1191	226.7739
306.1191	226.2619
307.1429	226.2619
307.1429	225.7500
308.1667	225.7500
308.1667	225.2381
309.1905	225.2381
309.1905	224.7262
309.7024	224.7262
309.7024	224.2143
310.2143	224.2143
310.2143	223.7024
310.7262	223.7024
310.7262	223.1905
311.2382	223.1905
311.2382	222.6786
311.7501	222.6786
311.7501	222.1667
312.2620	222.1667
312.2620	221.6548
312.7739	221.6548
312.7739	220.6310
313.2858	220.6310
313.2858	219.6072
314.3096	219.6072
314.3096	219.0953
314.8215	219.0953
314.8215	218.5834
315.3334	218.5834
315.3334	218.0715
315.8453	218.0715
315.8453	217.5596
316.3572	217.5596
316.3572	217.0477
321.9882	217.0477
321.9882	216.5358
324.5477	216.5358
324.5477	216.0239
326.5953	216.0239
326.5953	215.5119
329.1548	215.5119
329.1548	216.0239
332.7382	216.0239
332.7382	215.5119
345.5358	215.5119
345.5358	216.0239
348.6072	216.0239
348.6072	216.5358
351.6786	216.5358
351.6786	217.0477
353.2144	217.0477
353.2144	217.5596
355.7739	217.5596
355.7739	218.0715
356.7977	218.0715
356.7977	218.5834
357.8215	218.5834
357.8215	219.0953
359.3572	219.0953
359.3572	219.6072
361.9167	219.6072
361.9167	220.1191
369.0834	220.1191
369.0834	219.6072
371.6429	219.6072
371.6429	219.0953
372.6667	219.0953
372.6667	218.5834
375.7382	218.5834
375.7382	218.0715
378.2977	218.0715
378.2977	217.5596
380.8572	217.5596
380.8572	217.0477
382.9048	217.0477
382.9048	216.5358
383.9286	216.5358
383.9286	216.0239
384.9525	216.0239
384.9525	215.5119
385.4644	215.5119
385.4644	215.0000
385.9763	215.0000
385.9763	214.4881
386.4882	214.4881
386.4882	213.9762
387.0001	213.9762
387.0001	213.4643
387.5120	213.4643
387.5120	212.9524
388.0239	212.9524
388.0239	211.9286
388.5358	211.9286
388.5358	210.9048
389.0477	210.9048
389.0477	210.3929
390.0715	210.3929
390.0715	209.8810
391.6072	209.8810
391.6072	209.3691
393.1429	209.3691
393.1429	208.8572
394.1667	208.8572
