392.6310	218.0715
394.1667	218.0715
394.1667	218.5834
395.1906	218.5834
395.1906	219.0953
396.7263	219.0953
396.7263	219.6072
397.7501	219.6072
397.7501	220.1191
399.2858	220.1191
399.2858	220.6310
399.7977	220.6310
399.7977	221.6548
400.3096	221.6548
400.3096	222.6786
400.8215	222.6786
400.8215	223.7024
401.3334	223.7024
401.3334	224.7262
401.8453	224.7262
401.8453	225.7500
402.3572	225.7500
402.3572	226.7739
402.8691	226.7739
402.8691	227.2858
403.3810	227.2858
403.3810	227.7977
403.8929	227.7977
403.8929	228.3096
404.4048	228.3096
404.4048	228.8215
404.9167	228.8215
404.9167	229.3334
405.9406	229.3334
405.9406	229.8453
406.9644	229.8453
406.9644	230.3572
408.5001	230.3572
408.5001	230.8691
410.0358	230.8691
410.0358	231.3810
410.5477	231.3810
410.5477	231.8929
411.0596	231.8929
411.0596	232.4048
411.5715	232.4048
411.5715	232.9167
412.5953	232.9167
412.5953	233.4286
413.6191	233.4286
413.6191	233.9405
416.1787	233.9405
416.1787	234.4524
420.2739	234.4524
420.2739	233.9405
422.8334	233.9405
422.8334	233.4286
423.8572	233.4286
423.8572	232.9167
428.9763	232.9167
428.9763	232.4048
431.5358	232.4048
431.5358	231.8929
436.6548	231.8929
436.6548	232.4048
437.1667	232.4048
437.1667	232.9167
437.6787	232.9167
437.6787	233.4286
438.1906	233.4286
438.1906	233.9405
438.7025	233.9405
438.7025	234.9643
439.2144	234.9643
439.2144	235.4762
439.7263	235.4762
439.7263	236.5000
439.2144	236.5000
439.2144	237.0119
436.6548	237.0119
436.6548	237.5239
434.0953	237.5239
434.0953	238.0358
433.0715	238.0358
433.0715	238.5477
432.0477	238.5477
432.0477	239.0596
431.5358	239.0596
431.5358	239.5715
431.0239	239.5715
431.0239	240.0834
430.5120	240.0834
430.5120	240.5953
430.0001	240.5953
430.0001	241.1072
429.4882	241.1072
429.4882	242.1310
428.9763	242.1310
428.9763	243.1548
428.4644	243.1548
428.4644	245.7143
427.9525	245.7143
427.9525	249.2977
427.4406	249.2977
427.4406	253.9048
427.9525	253.9048
427.9525	256.4643
428.4644	256.4643
428.4644	257.4881
428.9763	257.4881
428.9763	258.5120
429.4882	258.5120
429.4882	259.0239
430.0001	259.0239
430.0001	259.5358
430.5120	259.5358
430.5120	260.0477
431.0239	260.0477
431.0239	260.5596
431.5358	260.5596
431.5358	261.0715
432.5596	261.0715
432.5596	261.5834
433.5834	261.5834
433.5834	262.0953
435.1191	262.0953
435.1191	262.6072
435.6310	262.6072
435.6310	263.1191
436.6548	263.1191
436.6548	264.6548
435.6310	264.6548
435.6310	264.1429
435.1191	264.1429
435.1191	263.6310
434.6072	263.6310
434.6072	263.1191
433.5834	263.1191
433.5834	262.6072
432.5596	262.6072
432.5596	262.0953
430.0001	262.0953
430.0001	261.5834
427.4406	261.5834
427.4406	261.0715
424.8810	261.0715
424.8810	261.5834
422.3215	261.5834
422.3215	262.0953
421.2977	262.0953
421.2977	262.6072
420.2739	262.6072
420.2739	263.1191
419.7620	263.1191
419.7620	263.6310
419.2501	263.6310
419.2501	264.1429
418.7382	264.1429
418.7382	264.6548
418.2263	264.6548
418.2263	265.1667
417.7144	265.1667
417.7144	266.1905
416.1787	266.1905
416.1787	266.7024
415.1548	266.7024
415.1548	267.2143
414.1310	267.2143
414.1310	267.7262
413.6191	267.7262
413.6191	268.2381
413.1072	268.2381
413.1072	268.7501
412.5953	268.7501
412.5953	269.2620
412.0834	269.2620
412.0834	269.7739
411.5715	269.7739
411.5715	270.2858
411.0596	270.2858
411.0596	270.7977
410.5477	270.7977
410.5477	271.3096
410.0358	271.3096
410.0358	272.3334
409.5239	272.3334
409.5239	273.3572
409.0120	273.3572
409.0120	274.3810
408.5001	274.3810
408.5001	276.9405
407.9882	276.9405
407.9882	280.5239
408.5001	280.5239
408.5001	283.0834
409.0120	283.0834
409.0120	284.1072
409.5239	284.1072
409.5239	285.1310
410.0358	285.1310
410.0358	285.6429
410.5477	285.6429
410.5477	286.1548
411.0596	286.1548
411.0596	286.6667
411.5715	286.6667
411.5715	287.1786
412.0834	287.1786
412.0834	287.6905
413.1072	287.6905
413.1072	288.2024
414.1310	288.2024
414.1310	288.7143
416.1787	288.7143
416.1787	289.2262
416.6906	289.2262
416.6906	290.2501
415.1548	290.2501
415.1548	289.7382
412.5953	289.7382
412.5953	289.2262
410.0358	289.2262
410.0358	289.7382
407.4763	289.7382
407.4763	290.2501
406.4525	290.2501
406.4525	290.7620
405.4286	290.7620
405.4286	291.2739
404.9167	291.2739
404.9167	291.7858
402.3572	291.7858
402.3572	292.2977
400.3096	292.2977
400.3096	292.8096
399.2858	292.8096
399.2858	293.3215
398.2620	293.3215
398.2620	293.8334
397.7501	293.8334
397.7501	294.3453
396.2144	294.3453
396.2144	294.8572
393.6548	294.8572
393.6548	295.3691
392.6310	295.3691
392.6310	295.8810
391.6072	295.8810
391.6072	296.3929
390.5834	296.3929
390.5834	296.9048
390.0715	296.9048
390.0715	297.4167
389.5596	297.4167
389.5596	297.9286
389.0477	297.9286
389.0477	298.4405
388.5358	298.4405
388.5358	298.9524
388.0239	298.9524
388.0239	299.9762
387.5120	299.9762
387.5120	301.0001
387.0001	301.0001
387.0001	302.0239
386.4882	302.0239
386.4882	304.5834
385.9763	304.5834
385.9763	307.1429
385.4644	307.1429
385.4644	307.6548
384.9525	307.6548
384.9525	308.1667
384.4405	308.1667
384.4405	309.1905
383.9286	309.1905
383.9286	310.2143
383.4167	310.2143
383.4167	312.7739
382.9048	312.7739
382.9048	315.3334
383.4167	315.3334
383.4167	317.8929
383.9286	317.8929
383.9286	318.9167
384.4405	318.9167
384.4405	319.9405
383.9286	319.9405
383.9286	320.4524
382.9048	320.4524
382.9048	319.9405
382.3929	319.9405
382.3929	319.4286
381.3691	319.4286
381.3691	318.9167
380.3453	318.9167
380.3453	318.4048
377.7858	318.4048
377.7858	317.8929
373.1786	317.8929
373.1786	318.4048
372.1548	318.4048
372.1548	317.8929
369.5953	317.8929
369.5953	317.3810
366.5239	317.3810
366.5239	317.8929
363.9644	317.8929
363.9644	318.4048
362.9405	318.4048
362.9405	318.9167
361.9167	318.9167
361.9167	318.4048
358.8453	318.4048
358.8453	318.9167
356.2858	318.9167
356.2858	319.4286
355.2620	319.4286
355.2620	319.9405
354.2382	319.9405
354.2382	320.4524
351.6786	320.4524
351.6786	320.9643
350.1429	320.9643
350.1429	321.4763
349.1191	321.4763
349.1191	321.9882
348.0953	321.9882
348.0953	322.5001
347.5834	322.5001
347.5834	323.0120
347.0715	323.0120
347.0715	323.5239
346.5596	323.5239
346.5596	324.0358
346.0477	324.0358
346.0477	324.5477
345.5358	324.5477
345.5358	325.0596
345.0239	325.0596
345.0239	326.0834
344.5120	326.0834
344.5120	327.1072
344.0001	327.1072
344.0001	327.6191
343.4882	327.6191
343.4882	327.1072
342.9763	327.1072
342.9763	326.5953
342.4644	326.5953
342.4644	326.0834
341.9524	326.0834
341.9524	325.0596
341.4405	325.0596
341.4405	324.5477
340.9286	324.5477
340.9286	323.5239
340.4167	323.5239
340.4167	322.5001
339.9048	322.5001
339.9048	321.9882
339.3929	321.9882
339.3929	321.4763
338.8810	321.4763
338.8810	320.9643
338.3691	320.9643
338.3691	320.4524
337.8572	320.4524
337.8572	319.9405
337.3453	319.9405
337.3453	319.4286
336.3215	319.4286
336.3215	318.9167
335.2977	318.9167
335.2977	318.4048
334.2739	318.4048
334.2739	317.8929
332.7382	317.8929
332.7382	317.3810
332.2263	317.3810
332.2263	316.8691
331.7143	316.8691
331.7143	316.3572
331.2024	316.3572
331.2024	315.8453
330.6905	315.8453
330.6905	315.3334
330.1786	315.3334
330.1786	314.8215
329.6667	314.8215
329.6667	314.3096
328.6429	314.3096
328.6429	313.7977
327.6191	313.7977
327.6191	313.2858
325.0596	313.2858
325.0596	312.7739
321.9882	312.7739
321.9882	313.2858
320.4524	313.2858
320.4524	311.2382
320.9643	311.2382
320.9643	310.2143
321.4763	310.2143
321.4763	309.1905
321.9882	309.1905
321.9882	306.6310
322.5001	306.6310
322.5001	303.5596
321.9882	303.5596
321.9882	301.0001
321.4763	301.0001
321.4763	299.9762
320.9643	299.9762
320.9643	298.9524
320.4524	298.9524
320.4524	298.4405
319.9405	298.4405
319.9405	297.9286
319.4286	297.9286
319.4286	297.4167
318.9167	297.4167
318.9167	296.9048
318.4048	296.9048
318.4048	296.3929
317.8929	296.3929
317.8929	295.8810
316.8691	295.8810
316.8691	295.3691
316.3572	295.3691
316.3572	294.8572
315.3334	294.8572
315.3334	294.3453
314.8215	294.3453
314.8215	293.8334
314.3096	293.8334
314.3096	293.3215
313.2858	293.3215
313.2858	292.8096
312.7739	292.8096
312.7739	292.2977
312.2620	292.2977
312.2620	291.7858
311.7501	291.7858
311.7501	291.2739
311.2382	291.2739
311.2382	290.2501
310.7262	290.2501
310.7262	289.7382
310.2143	289.7382
310.2143	288.7143
309.7024	288.7143
309.7024	288.2024
309.1905	288.2024
309.1905	287.1786
308.6786	287.1786
308.6786	286.1548
308.1667	286.1548
308.1667	285.1310
307.6548	285.1310
307.6548	284.6191
307.1429	284.6191
307.1429	283.5953
306.6310	283.5953
306.6310	282.0596
306.1191	282.0596
306.1191	280.5239
305.6072	280.5239
305.6072	278.9881
305.0953	278.9881
305.0953	277.9643
304.5834	277.9643
304.5834	276.4286
304.0715	276.4286
304.0715	275.4048
303.5596	275.4048
303.5596	274.3810
303.0477	274.3810
303.0477	273.8691
302.5358	273.8691
302.5358	273.3572
302.0239	273.3572
302.0239	271.8215
301.5120	271.8215
301.5120	270.2858
301.0001	270.2858
301.0001	269.2620
301.5120	269.2620
301.5120	268.7501
302.0239	268.7501
302.0239	268.2381
302.5358	268.2381
302.5358	267.2143
303.0477	267.2143
303.0477	266.1905
303.5596	266.1905
303.5596	263.6310
304.0715	263.6310
304.0715	261.0715
303.5596	261.0715
303.5596	258.5120
303.0477	258.5120
303.0477	257.4881
302.5358	257.4881
302.5358	256.4643
302.0239	256.4643
302.0239	255.9524
301.5120	255.9524
301.5120	254.4167
302.0239	254.4167
302.0239	252.8810
302.5358	252.8810
302.5358	251.3453
303.0477	251.3453
303.0477	250.3215
303.5596	250.3215
303.5596	249.8096
304.0715	249.8096
304.0715	249.2977
304.5834	249.2977
304.5834	248.2739
305.0953	248.2739
305.0953	247.2500
305.6072	247.2500
305.6072	244.6905
306.1191	244.6905
306.1191	241.1072
305.6072	241.1072
305.6072	238.5477
305.0953	238.5477
305.0953	234.9643
305.6072	234.9643
305.6072	234.4524
306.1191	234.4524
306.1191	233.4286
306.6310	233.4286
306.6310	232.4048
307.1429	232.4048
307.1429	231.3810
307.6548	231.3810
307.6548	230.8691
308.6786	230.8691
308.6786	230.3572
309.1905	230.3572
309.1905	229.8453
309.7024	229.8453
309.7024	229.3334
310.7262	229.3334
310.7262	228.8215
311.7501	228.8215
311.7501	228.3096
312.7739	228.3096
312.7739	227.7977
313.7977	227.7977
313.7977	227.2858
315.3334	227.2858
315.3334	226.7739
316.3572	226.7739
316.3572	226.2619
317.3810	226.2619
317.3810	225.7500
318.4048	225.7500
318.4048	225.2381
319.4286	225.2381
319.4286	224.7262
321.9882	224.7262
321.9882	224.2143
323.0120	224.2143
323.0120	223.7024
324.0358	223.7024
324.0358	223.1905
324.5477	223.1905
324.5477	222.6786
332.2263	222.6786
332.2263	222.1667
333.2501	222.1667
333.2501	222.6786
339.9048	222.6786
339.9048	223.1905
342.9763	223.1905
342.9763	223.7024
346.0477	223.7024
346.0477	224.2143
349.1191	224.2143
349.1191	224.7262
350.1429	224.7262
350.1429	225.2381
352.1905	225.2381
352.1905	225.7500
353.2144	225.7500
353.2144	226.2619
354.2382	226.2619
354.2382	226.7739
355.2620	226.7739
355.2620	227.2858
356.2858	227.2858
356.2858	227.7977
357.3096	227.7977
357.3096	228.3096
358.3334	228.3096
358.3334	228.8215
360.8929	228.8215
360.8929	229.3334
366.0120	229.3334
366.0120	228.8215
368.0596	228.8215
368.0596	229.3334
371.1310	229.3334
371.1310	228.8215
377.7858	228.8215
377.7858	228.3096
380.3453	228.3096
380.3453	227.7977
381.3691	227.7977
381.3691	227.2858
382.3929	227.2858
382.3929	226.7739
382.9048	226.7739
382.9048	226.2619
383.4167	226.2619
383.4167	225.7500
383.9286	225.7500
383.9286	225.2381
384.4405	225.2381
384.4405	224.7262
384.9525	224.7262
384.9525	223.7024
385.4644	223.7024
385.4644	222.6786
385.9763	222.6786
385.9763	221.6548
386.4882	221.6548
386.4882	221.1429
387.0001	221.1429
387.0001	220.1191
387.5120	220.1191
387.5120	219.6072
388.5358	219.6072
388.5358	219.0953
389.5596	219.0953
389.5596	218.5834
390.0715	218.5834
390.0715	218.0715
390.5834	218.0715
390.5834	217.5596
392.6310	217.5596
