395.1906	217.0477
396.2144	217.0477
396.2144	217.5596
397.2382	217.5596
397.2382	218.0715
398.7739	218.0715
398.7739	219.6072
399.2858	219.6072
399.2858	220.6310
399.7977	220.6310
399.7977	222.1667
400.3096	222.1667
400.3096	223.1905
400.8215	223.1905
400.8215	224.2143
401.3334	224.2143
401.3334	225.2381
401.8453	225.2381
401.8453	225.7500
402.3572	225.7500
402.3572	226.2619
402.8691	226.2619
402.8691	226.7739
403.3810	226.7739
403.3810	227.2858
403.8929	227.2858
403.8929	227.7977
404.9167	227.7977
404.9167	228.3096
405.9406	228.3096
405.9406	228.8215
407.4763	228.8215
407.4763	229.3334
407.9882	229.3334
407.9882	229.8453
408.5001	229.8453
408.5001	230.3572
409.5239	230.3572
409.5239	230.8691
410.0358	230.8691
410.0358	231.3810
410.5477	231.3810
410.5477	231.8929
411.5715	231.8929
411.5715	232.4048
412.5953	232.4048
412.5953	232.9167
413.6191	232.9167
413.6191	233.4286
416.1787	233.4286
416.1787	233.9405
419.7620	233.9405
419.7620	233.4286
423.8572	233.4286
423.8572	232.9167
426.4167	232.9167
426.4167	232.4048
428.9763	232.4048
428.9763	231.8929
431.0239	231.8929
431.0239	231.3810
435.1191	231.3810
435.1191	231.8929
436.1429	231.8929
436.1429	232.4048
436.6548	232.4048
436.6548	232.9167
437.1667	232.9167
437.1667	233.4286
437.6787	233.4286
437.6787	233.9405
438.1906	233.9405
438.1906	234.4524
438.7025	234.4524
438.7025	235.4762
439.2144	235.4762
439.2144	237.5239
438.1906	237.5239
438.1906	238.0358
435.6310	238.0358
435.6310	238.5477
434.6072	238.5477
434.6072	239.0596
433.5834	239.0596
433.5834	239.5715
433.0715	239.5715
433.0715	240.0834
432.5596	240.0834
432.5596	240.5953
432.0477	240.5953
432.0477	241.1072
431.5358	241.1072
431.5358	241.6191
431.0239	241.6191
431.0239	242.1310
430.5120	242.1310
430.5120	243.1548
430.0001	243.1548
430.0001	244.1786
429.4882	244.1786
429.4882	246.7381
428.9763	246.7381
428.9763	249.2977
429.4882	249.2977
429.4882	250.3215
428.9763	250.3215
428.9763	254.9286
429.4882	254.9286
429.4882	257.4881
430.0001	257.4881
430.0001	258.5120
430.5120	258.5120
430.5120	259.5358
431.0239	259.5358
431.0239	260.0477
431.5358	260.0477
431.5358	260.5596
432.0477	260.5596
432.0477	261.0715
432.5596	261.0715
432.5596	261.5834
433.0715	261.5834
433.0715	262.0953
434.0953	262.0953
434.0953	262.6072
435.1191	262.6072
435.1191	263.1191
435.6310	263.1191
435.6310	263.6310
436.1429	263.6310
436.1429	264.6548
435.6310	264.6548
435.6310	264.1429
434.6072	264.1429
434.6072	263.6310
432.5596	263.6310
432.5596	263.1191
430.0001	263.1191
430.0001	262.6072
428.9763	262.6072
428.9763	262.0953
426.4167	262.0953
426.4167	261.5834
423.8572	261.5834
423.8572	262.0953
421.2977	262.0953
421.2977	262.6072
420.2739	262.6072
420.2739	263.1191
419.2501	263.1191
419.2501	263.6310
418.7382	263.6310
418.7382	264.1429
418.2263	264.1429
418.2263	264.6548
417.7144	264.6548
417.7144	265.1667
416.6906	265.1667
416.6906	265.6786
415.6667	265.6786
415.6667	266.1905
414.6429	266.1905
414.6429	266.7024
413.6191	266.7024
413.6191	267.2143
413.1072	267.2143
413.1072	267.7262
412.5953	267.7262
412.5953	268.2381
412.0834	268.2381
412.0834	268.7501
411.5715	268.7501
411.5715	269.2620
411.0596	269.2620
411.0596	269.7739
410.5477	269.7739
410.5477	270.2858
410.0358	270.2858
410.0358	271.3096
409.5239	271.3096
409.5239	272.3334
409.0120	272.3334
409.0120	273.3572
408.5001	273.3572
408.5001	274.8929
407.9882	274.8929
407.9882	275.9167
407.4763	275.9167
407.4763	278.4762
406.9644	278.4762
406.9644	281.0358
407.4763	281.0358
407.4763	283.5953
407.9882	283.5953
407.9882	284.6191
408.5001	284.6191
408.5001	285.6429
409.0120	285.6429
409.0120	286.1548
409.5239	286.1548
409.5239	286.6667
410.0358	286.6667
410.0358	287.1786
410.5477	287.1786
410.5477	287.6905
411.0596	287.6905
411.0596	288.2024
412.0834	288.2024
412.0834	288.7143
413.1072	288.7143
413.1072	289.2262
415.6667	289.2262
415.6667	290.2501
414.1310	290.2501
414.1310	289.7382
411.5715	289.7382
411.5715	289.2262
408.5001	289.2262
408.5001	289.7382
405.9406	289.7382
405.9406	290.2501
404.9167	290.2501
404.9167	290.7620
403.8929	290.7620
403.8929	291.2739
403.3810	291.2739
403.3810	291.7858
400.8215	291.7858
400.8215	292.2977
399.7977	292.2977
399.7977	292.8096
398.7739	292.8096
398.7739	293.3215
398.2620	293.3215
398.2620	293.8334
397.7501	293.8334
397.7501	294.3453
397.2382	294.3453
397.2382	294.8572
396.7263	294.8572
396.7263	295.3691
395.1906	295.3691
395.1906	295.8810
394.1667	295.8810
394.1667	296.3929
393.1429	296.3929
393.1429	296.9048
392.6310	296.9048
392.6310	297.4167
392.1191	297.4167
392.1191	297.9286
391.6072	297.9286
391.6072	298.4405
391.0953	298.4405
391.0953	298.9524
390.5834	298.9524
390.5834	299.9762
390.0715	299.9762
390.0715	301.0001
389.5596	301.0001
389.5596	302.5358
389.0477	302.5358
389.0477	303.0477
388.5358	303.0477
388.5358	303.5596
388.0239	303.5596
388.0239	304.0715
387.5120	304.0715
387.5120	304.5834
387.0001	304.5834
387.0001	305.0953
386.4882	305.0953
386.4882	306.1191
385.9763	306.1191
385.9763	307.1429
385.4644	307.1429
385.4644	308.1667
384.9525	308.1667
384.9525	308.6786
384.4405	308.6786
384.4405	309.1905
383.9286	309.1905
383.9286	310.2143
383.4167	310.2143
383.4167	311.2382
382.9048	311.2382
382.9048	313.7977
382.3929	313.7977
382.3929	316.3572
382.9048	316.3572
382.9048	318.9167
383.4167	318.9167
383.4167	320.4524
382.9048	320.4524
382.9048	320.9643
381.8810	320.9643
381.8810	320.4524
381.3691	320.4524
381.3691	319.9405
380.8572	319.9405
380.8572	319.4286
379.8334	319.4286
379.8334	318.9167
378.8096	318.9167
378.8096	318.4048
376.2501	318.4048
376.2501	317.8929
372.6667	317.8929
372.6667	318.4048
369.5953	318.4048
369.5953	317.8929
366.0120	317.8929
366.0120	318.4048
363.4525	318.4048
363.4525	318.9167
362.4286	318.9167
362.4286	319.4286
359.3572	319.4286
359.3572	319.9405
356.7977	319.9405
356.7977	320.4524
355.7739	320.4524
355.7739	320.9643
354.7501	320.9643
354.7501	321.4763
354.2382	321.4763
354.2382	321.9882
353.7263	321.9882
353.7263	322.5001
351.1667	322.5001
351.1667	323.0120
348.6072	323.0120
348.6072	323.5239
347.5834	323.5239
347.5834	324.0358
346.5596	324.0358
346.5596	324.5477
346.0477	324.5477
346.0477	325.0596
345.5358	325.0596
345.5358	325.5715
345.0239	325.5715
345.0239	326.0834
344.5120	326.0834
344.5120	326.5953
344.0001	326.5953
344.0001	327.6191
343.4882	327.6191
343.4882	328.6429
342.4644	328.6429
342.4644	328.1310
341.9524	328.1310
341.9524	327.6191
341.4405	327.6191
341.4405	327.1072
340.9286	327.1072
340.9286	326.0834
340.4167	326.0834
340.4167	325.5715
339.9048	325.5715
339.9048	325.0596
339.3929	325.0596
339.3929	324.5477
338.8810	324.5477
338.8810	324.0358
338.3691	324.0358
338.3691	323.5239
337.3453	323.5239
337.3453	322.5001
336.8334	322.5001
336.8334	321.9882
336.3215	321.9882
336.3215	321.4763
335.8096	321.4763
335.8096	320.9643
335.2977	320.9643
335.2977	320.4524
334.7858	320.4524
334.7858	319.9405
333.7620	319.9405
333.7620	319.4286
332.7382	319.4286
332.7382	318.9167
330.6905	318.9167
330.6905	318.4048
329.6667	318.4048
329.6667	317.8929
328.6429	317.8929
328.6429	317.3810
328.1310	317.3810
328.1310	316.8691
327.6191	316.8691
327.6191	316.3572
326.5953	316.3572
326.5953	315.8453
325.5715	315.8453
325.5715	315.3334
323.0120	315.3334
323.0120	314.8215
319.4286	314.8215
319.4286	314.3096
318.9167	314.3096
318.9167	312.2620
319.4286	312.2620
319.4286	309.7024
319.9405	309.7024
319.9405	307.1429
319.4286	307.1429
319.4286	304.5834
318.9167	304.5834
318.9167	303.5596
318.4048	303.5596
318.4048	302.5358
317.8929	302.5358
317.8929	302.0239
317.3810	302.0239
317.3810	301.5120
316.8691	301.5120
316.8691	301.0001
316.3572	301.0001
316.3572	300.4882
315.8453	300.4882
315.8453	299.9762
315.3334	299.9762
315.3334	297.4167
314.8215	297.4167
314.8215	295.8810
314.3096	295.8810
314.3096	294.8572
313.7977	294.8572
313.7977	293.8334
313.2858	293.8334
313.2858	293.3215
312.7739	293.3215
312.7739	292.8096
312.2620	292.8096
312.2620	292.2977
311.7501	292.2977
311.7501	291.7858
311.2382	291.7858
311.2382	291.2739
310.7262	291.2739
310.7262	290.7620
310.2143	290.7620
310.2143	289.7382
309.7024	289.7382
309.7024	289.2262
309.1905	289.2262
309.1905	288.7143
308.6786	288.7143
308.6786	288.2024
308.1667	288.2024
308.1667	287.6905
307.6548	287.6905
307.6548	287.1786
307.1429	287.1786
307.1429	286.6667
306.6310	286.6667
306.6310	286.1548
306.1191	286.1548
306.1191	285.6429
305.6072	285.6429
305.6072	285.1310
305.0953	285.1310
305.0953	284.6191
304.0715	284.6191
304.0715	284.1072
303.0477	284.1072
303.0477	283.5953
301.5120	283.5953
301.5120	282.5715
301.0001	282.5715
301.0001	282.0596
300.4882	282.0596
300.4882	281.5477
299.9762	281.5477
299.9762	281.0358
299.4643	281.0358
299.4643	280.5239
298.9524	280.5239
298.9524	280.0120
298.4405	280.0120
298.4405	277.4524
297.9286	277.4524
297.9286	276.9405
298.4405	276.9405
298.4405	274.8929
298.9524	274.8929
298.9524	272.3334
299.4643	272.3334
299.4643	267.7262
299.9762	267.7262
299.9762	266.7024
300.4882	266.7024
300.4882	265.6786
301.0001	265.6786
301.0001	263.1191
301.5120	263.1191
301.5120	260.0477
301.0001	260.0477
301.0001	257.4881
300.4882	257.4881
300.4882	256.4643
299.9762	256.4643
299.9762	255.4405
299.4643	255.4405
299.4643	254.4167
299.9762	254.4167
299.9762	252.8810
300.4882	252.8810
300.4882	251.8572
301.0001	251.8572
301.0001	249.8096
301.5120	249.8096
301.5120	248.7858
302.0239	248.7858
302.0239	246.2262
302.5358	246.2262
302.5358	242.6429
302.0239	242.6429
302.0239	240.0834
301.5120	240.0834
301.5120	237.5239
302.0239	237.5239
302.0239	237.0119
302.5358	237.0119
302.5358	236.5000
303.0477	236.5000
303.0477	235.9881
303.5596	235.9881
303.5596	235.4762
304.0715	235.4762
304.0715	234.9643
304.5834	234.9643
304.5834	234.4524
305.0953	234.4524
305.0953	233.4286
305.6072	233.4286
305.6072	232.4048
306.1191	232.4048
306.1191	231.8929
307.1429	231.8929
307.1429	231.3810
308.1667	231.3810
308.1667	230.8691
309.1905	230.8691
309.1905	230.3572
309.7024	230.3572
309.7024	229.8453
310.2143	229.8453
310.2143	229.3334
310.7262	229.3334
310.7262	228.8215
311.2382	228.8215
311.2382	228.3096
311.7501	228.3096
311.7501	227.7977
312.2620	227.7977
312.2620	227.2858
312.7739	227.2858
312.7739	226.7739
313.7977	226.7739
313.7977	226.2619
314.8215	226.2619
314.8215	225.7500
317.3810	225.7500
317.3810	225.2381
319.9405	225.2381
319.9405	224.7262
320.9643	224.7262
320.9643	224.2143
322.5001	224.2143
322.5001	223.7024
324.0358	223.7024
324.0358	223.1905
326.5953	223.1905
326.5953	222.6786
329.1548	222.6786
329.1548	222.1667
334.2739	222.1667
334.2739	221.6548
339.3929	221.6548
339.3929	222.1667
341.9524	222.1667
341.9524	222.6786
346.5596	222.6786
346.5596	223.1905
348.0953	223.1905
348.0953	223.7024
349.6310	223.7024
349.6310	224.2143
350.1429	224.2143
350.1429	224.7262
351.1667	224.7262
351.1667	225.2381
352.1905	225.2381
352.1905	225.7500
353.7263	225.7500
353.7263	226.2619
354.7501	226.2619
354.7501	226.7739
355.7739	226.7739
355.7739	227.2858
356.7977	227.2858
356.7977	227.7977
357.8215	227.7977
357.8215	228.3096
358.8453	228.3096
358.8453	228.8215
361.4048	228.8215
361.4048	229.3334
372.1548	229.3334
372.1548	229.8453
375.7382	229.8453
375.7382	229.3334
378.2977	229.3334
378.2977	228.8215
379.3215	228.8215
379.3215	228.3096
380.3453	228.3096
380.3453	227.7977
380.8572	227.7977
380.8572	227.2858
381.3691	227.2858
381.3691	226.7739
381.8810	226.7739
381.8810	226.2619
382.3929	226.2619
382.3929	225.7500
382.9048	225.7500
382.9048	224.7262
383.4167	224.7262
383.4167	223.7024
383.9286	223.7024
383.9286	221.1429
384.4405	221.1429
384.4405	220.1191
384.9525	220.1191
384.9525	219.6072
385.4644	219.6072
385.4644	219.0953
386.4882	219.0953
386.4882	218.5834
387.5120	218.5834
387.5120	218.0715
388.5358	218.0715
388.5358	217.5596
389.5596	217.5596
389.5596	217.0477
394.1667	217.0477
394.1667	216.5358
395.1906	216.5358
