325.0596	209.8810
331.7143	209.8810
331.7143	209.3691
332.2263	209.3691
332.2263	209.8810
333.2501	209.8810
333.2501	210.3929
335.2977	210.3929
335.2977	210.9048
337.3453	210.9048
337.3453	211.4167
339.9048	211.4167
339.9048	211.9286
340.9286	211.9286
340.9286	212.4405
341.9524	212.4405
341.9524	212.9524
343.4882	212.9524
343.4882	213.4643
344.5120	213.4643
344.5120	213.9762
345.5358	213.9762
345.5358	214.4881
346.5596	214.4881
346.5596	215.0000
347.5834	215.0000
347.5834	215.5119
348.6072	215.5119
348.6072	216.0239
350.1429	216.0239
350.1429	216.5358
351.1667	216.5358
351.1667	217.0477
351.6786	217.0477
351.6786	217.5596
352.1905	217.5596
352.1905	218.0715
353.2144	218.0715
353.2144	218.5834
353.7263	218.5834
353.7263	219.0953
354.2382	219.0953
354.2382	219.6072
355.2620	219.6072
355.2620	220.1191
355.7739	220.1191
355.7739	220.6310
356.2858	220.6310
356.2858	221.1429
356.7977	221.1429
356.7977	221.6548
357.3096	221.6548
357.3096	222.1667
357.8215	222.1667
357.8215	222.6786
358.3334	222.6786
358.3334	223.1905
358.8453	223.1905
358.8453	223.7024
359.3572	223.7024
359.3572	224.2143
360.3810	224.2143
360.3810	224.7262
360.8929	224.7262
360.8929	225.2381
361.4048	225.2381
361.4048	225.7500
362.4286	225.7500
362.4286	226.2619
363.4525	226.2619
363.4525	226.7739
364.4763	226.7739
364.4763	227.2858
365.5001	227.2858
365.5001	227.7977
366.5239	227.7977
366.5239	228.3096
369.0834	228.3096
369.0834	228.8215
372.6667	228.8215
372.6667	229.3334
375.2263	229.3334
375.2263	228.8215
377.7858	228.8215
377.7858	228.3096
378.8096	228.3096
378.8096	227.7977
379.8334	227.7977
379.8334	227.2858
380.3453	227.2858
380.3453	226.7739
380.8572	226.7739
380.8572	226.2619
381.3691	226.2619
381.3691	225.7500
381.8810	225.7500
381.8810	225.2381
382.3929	225.2381
382.3929	224.7262
382.9048	224.7262
382.9048	223.7024
383.4167	223.7024
383.4167	222.6786
383.9286	222.6786
383.9286	220.1191
384.4405	220.1191
384.4405	218.5834
385.4644	218.5834
385.4644	218.0715
390.0715	218.0715
390.0715	217.5596
392.1191	217.5596
392.1191	218.0715
393.6548	218.0715
393.6548	218.5834
394.1667	218.5834
394.1667	219.0953
395.1906	219.0953
395.1906	219.6072
395.7025	219.6072
395.7025	220.1191
396.2144	220.1191
396.2144	220.6310
396.7263	220.6310
396.7263	221.1429
397.2382	221.1429
397.2382	221.6548
397.7501	221.6548
397.7501	222.6786
398.2620	222.6786
398.2620	223.1905
398.7739	223.1905
398.7739	224.2143
399.2858	224.2143
399.2858	224.7262
399.7977	224.7262
399.7977	225.7500
400.3096	225.7500
400.3096	226.2619
400.8215	226.2619
400.8215	226.7739
401.3334	226.7739
401.3334	227.2858
401.8453	227.2858
401.8453	227.7977
402.3572	227.7977
402.3572	228.3096
403.3810	228.3096
403.3810	228.8215
404.4048	228.8215
404.4048	229.3334
406.9644	229.3334
406.9644	229.8453
409.5239	229.8453
409.5239	230.3572
410.5477	230.3572
410.5477	230.8691
411.5715	230.8691
411.5715	231.3810
414.1310	231.3810
414.1310	231.8929
423.3453	231.8929
423.3453	231.3810
424.8810	231.3810
424.8810	231.8929
432.0477	231.8929
432.0477	232.4048
433.5834	232.4048
433.5834	232.9167
434.6072	232.9167
434.6072	233.4286
435.6310	233.4286
435.6310	233.9405
436.1429	233.9405
436.1429	234.4524
437.1667	234.4524
437.1667	234.9643
437.6787	234.9643
437.6787	235.4762
438.1906	235.4762
438.1906	235.9881
438.7025	235.9881
438.7025	236.5000
439.2144	236.5000
439.2144	237.0119
439.7263	237.0119
439.7263	238.0358
440.2382	238.0358
440.2382	239.0596
440.7501	239.0596
440.7501	240.0834
441.2620	240.0834
441.2620	247.2500
440.7501	247.2500
440.7501	248.2739
440.2382	248.2739
440.2382	249.2977
439.7263	249.2977
439.7263	249.8096
439.2144	249.8096
439.2144	250.3215
438.7025	250.3215
438.7025	250.8334
438.1906	250.8334
438.1906	251.8572
437.6787	251.8572
437.6787	252.8810
437.1667	252.8810
437.1667	254.4167
436.6548	254.4167
436.6548	256.9762
436.1429	256.9762
436.1429	258.5120
435.6310	258.5120
435.6310	259.5358
435.1191	259.5358
435.1191	260.5596
434.6072	260.5596
434.6072	261.5834
434.0953	261.5834
434.0953	262.0953
433.5834	262.0953
433.5834	262.6072
432.5596	262.6072
432.5596	263.1191
432.0477	263.1191
432.0477	263.6310
431.0239	263.6310
431.0239	264.1429
430.0001	264.1429
430.0001	264.6548
428.9763	264.6548
428.9763	265.1667
428.4644	265.1667
428.4644	265.6786
427.4406	265.6786
427.4406	266.1905
426.4167	266.1905
426.4167	266.7024
425.9048	266.7024
425.9048	267.2143
424.3691	267.2143
424.3691	267.7262
423.3453	267.7262
423.3453	268.2381
422.3215	268.2381
422.3215	268.7501
421.2977	268.7501
421.2977	269.2620
420.2739	269.2620
420.2739	269.7739
419.2501	269.7739
419.2501	270.2858
418.2263	270.2858
418.2263	270.7977
417.2025	270.7977
417.2025	271.3096
416.1787	271.3096
416.1787	271.8215
415.6667	271.8215
415.6667	272.3334
414.6429	272.3334
414.6429	272.8453
413.6191	272.8453
413.6191	273.3572
413.1072	273.3572
413.1072	273.8691
412.5953	273.8691
412.5953	274.3810
412.0834	274.3810
412.0834	274.8929
411.5715	274.8929
411.5715	275.4048
411.0596	275.4048
411.0596	276.4286
410.5477	276.4286
410.5477	277.4524
410.0358	277.4524
410.0358	280.0120
409.5239	280.0120
409.5239	285.1310
410.0358	285.1310
410.0358	287.6905
410.5477	287.6905
410.5477	288.7143
411.0596	288.7143
411.0596	289.7382
411.5715	289.7382
411.5715	290.2501
412.0834	290.2501
412.0834	290.7620
412.5953	290.7620
412.5953	291.2739
413.1072	291.2739
413.1072	291.7858
413.6191	291.7858
413.6191	292.2977
414.6429	292.2977
414.6429	292.8096
415.6667	292.8096
415.6667	293.3215
416.1787	293.3215
416.1787	294.8572
413.1072	294.8572
413.1072	295.3691
410.5477	295.3691
410.5477	295.8810
409.5239	295.8810
409.5239	296.3929
408.5001	296.3929
408.5001	296.9048
407.9882	296.9048
407.9882	297.4167
407.4763	297.4167
407.4763	297.9286
406.9644	297.9286
406.9644	298.4405
406.4525	298.4405
406.4525	298.9524
404.4048	298.9524
404.4048	298.4405
399.2858	298.4405
399.2858	298.9524
396.7263	298.9524
396.7263	299.4643
395.7025	299.4643
395.7025	299.9762
394.6786	299.9762
394.6786	300.4882
394.1667	300.4882
394.1667	301.0001
393.6548	301.0001
393.6548	301.5120
393.1429	301.5120
393.1429	302.0239
392.6310	302.0239
392.6310	302.5358
392.1191	302.5358
392.1191	303.5596
391.6072	303.5596
391.6072	304.5834
391.0953	304.5834
391.0953	305.6072
390.5834	305.6072
390.5834	306.1191
389.5596	306.1191
389.5596	306.6310
389.0477	306.6310
389.0477	307.1429
388.5358	307.1429
388.5358	307.6548
388.0239	307.6548
388.0239	308.1667
387.5120	308.1667
387.5120	308.6786
387.0001	308.6786
387.0001	309.1905
386.4882	309.1905
386.4882	310.2143
385.9763	310.2143
385.9763	311.2382
385.4644	311.2382
385.4644	312.2620
384.9525	312.2620
384.9525	314.8215
384.4405	314.8215
384.4405	319.4286
384.9525	319.4286
384.9525	321.9882
384.4405	321.9882
384.4405	322.5001
383.9286	322.5001
383.9286	321.9882
383.4167	321.9882
383.4167	321.4763
382.9048	321.4763
382.9048	320.9643
382.3929	320.9643
382.3929	320.4524
381.3691	320.4524
381.3691	319.4286
380.8572	319.4286
380.8572	318.4048
380.3453	318.4048
380.3453	317.3810
379.8334	317.3810
379.8334	316.3572
379.3215	316.3572
379.3215	315.8453
378.8096	315.8453
378.8096	315.3334
378.2977	315.3334
378.2977	314.8215
377.7858	314.8215
377.7858	314.3096
377.2739	314.3096
377.2739	313.7977
376.2501	313.7977
376.2501	313.2858
375.2263	313.2858
375.2263	312.7739
372.6667	312.7739
372.6667	312.2620
369.5953	312.2620
369.5953	312.7739
367.0358	312.7739
367.0358	313.2858
366.0120	313.2858
366.0120	312.7739
364.9882	312.7739
364.9882	312.2620
363.9644	312.2620
363.9644	311.7501
361.4048	311.7501
361.4048	311.2382
358.8453	311.2382
358.8453	311.7501
356.2858	311.7501
356.2858	312.2620
355.2620	312.2620
355.2620	312.7739
352.1905	312.7739
352.1905	313.2858
349.6310	313.2858
349.6310	313.7977
348.6072	313.7977
348.6072	314.3096
347.5834	314.3096
347.5834	314.8215
347.0715	314.8215
347.0715	315.3334
346.5596	315.3334
346.5596	315.8453
346.0477	315.8453
346.0477	316.3572
345.5358	316.3572
345.5358	316.8691
345.0239	316.8691
345.0239	317.3810
343.4882	317.3810
343.4882	316.8691
341.4405	316.8691
341.4405	315.8453
340.9286	315.8453
340.9286	315.3334
340.4167	315.3334
340.4167	314.8215
339.9048	314.8215
339.9048	314.3096
339.3929	314.3096
339.3929	313.2858
338.8810	313.2858
338.8810	312.2620
338.3691	312.2620
338.3691	311.7501
337.8572	311.7501
337.8572	311.2382
337.3453	311.2382
337.3453	310.7262
336.8334	310.7262
336.8334	310.2143
336.3215	310.2143
336.3215	309.7024
335.2977	309.7024
335.2977	309.1905
334.2739	309.1905
334.2739	308.6786
332.7382	308.6786
332.7382	308.1667
330.1786	308.1667
330.1786	307.6548
327.1072	307.6548
327.1072	308.1667
324.5477	308.1667
324.5477	308.6786
323.5239	308.6786
323.5239	309.1905
322.5001	309.1905
322.5001	309.7024
321.9882	309.7024
321.9882	310.2143
321.4763	310.2143
321.4763	307.6548
320.9643	307.6548
320.9643	306.6310
320.4524	306.6310
320.4524	305.6072
319.9405	305.6072
319.9405	305.0953
319.4286	305.0953
319.4286	304.5834
318.9167	304.5834
318.9167	304.0715
318.4048	304.0715
318.4048	303.5596
317.8929	303.5596
317.8929	303.0477
317.3810	303.0477
317.3810	302.5358
316.3572	302.5358
316.3572	302.0239
315.3334	302.0239
315.3334	301.5120
314.3096	301.5120
314.3096	301.0001
313.2858	301.0001
313.2858	300.4882
312.7739	300.4882
312.7739	299.9762
312.2620	299.9762
312.2620	299.4643
311.2382	299.4643
311.2382	298.9524
310.2143	298.9524
310.2143	298.4405
309.1905	298.4405
309.1905	297.9286
308.1667	297.9286
308.1667	297.4167
306.6310	297.4167
306.6310	296.9048
306.1191	296.9048
306.1191	296.3929
305.6072	296.3929
305.6072	295.8810
305.0953	295.8810
305.0953	295.3691
304.5834	295.3691
304.5834	294.8572
304.0715	294.8572
304.0715	294.3453
303.5596	294.3453
303.5596	293.3215
303.0477	293.3215
303.0477	292.2977
302.5358	292.2977
302.5358	291.7858
302.0239	291.7858
302.0239	291.2739
301.5120	291.2739
301.5120	290.7620
301.0001	290.7620
301.0001	289.7382
300.4882	289.7382
300.4882	288.7143
299.9762	288.7143
299.9762	287.6905
299.4643	287.6905
299.4643	287.1786
298.9524	287.1786
298.9524	286.6667
298.4405	286.6667
298.4405	286.1548
297.9286	286.1548
297.9286	284.6191
297.4167	284.6191
297.4167	283.5953
296.9048	283.5953
296.9048	282.5715
296.3929	282.5715
296.3929	280.0120
295.8810	280.0120
295.8810	278.4762
295.3691	278.4762
295.3691	277.4524
294.8572	277.4524
294.8572	275.9167
294.3453	275.9167
294.3453	274.3810
293.8334	274.3810
293.8334	273.3572
293.3215	273.3572
293.3215	272.3334
292.8096	272.3334
292.8096	271.8215
292.2977	271.8215
292.2977	268.7501
291.7858	268.7501
291.7858	266.1905
291.2739	266.1905
291.2739	265.1667
290.7620	265.1667
290.7620	264.1429
290.2501	264.1429
290.2501	263.6310
289.7382	263.6310
289.7382	263.1191
289.2262	263.1191
289.2262	262.6072
289.7382	262.6072
289.7382	262.0953
290.2501	262.0953
290.2501	261.0715
290.7620	261.0715
290.7620	260.0477
291.2739	260.0477
291.2739	257.4881
291.7858	257.4881
291.7858	253.9048
291.2739	253.9048
291.2739	251.3453
290.7620	251.3453
290.7620	250.3215
290.2501	250.3215
290.2501	248.7858
290.7620	248.7858
290.7620	243.6667
291.2739	243.6667
291.2739	241.1072
291.7858	241.1072
291.7858	239.0596
292.2977	239.0596
292.2977	237.5239
292.8096	237.5239
292.8096	234.9643
293.3215	234.9643
293.3215	232.4048
293.8334	232.4048
293.8334	231.3810
294.3453	231.3810
294.3453	230.3572
294.8572	230.3572
294.8572	229.8453
295.3691	229.8453
295.3691	229.3334
295.8810	229.3334
295.8810	228.8215
296.3929	228.8215
296.3929	228.3096
296.9048	228.3096
296.9048	227.7977
297.4167	227.7977
297.4167	226.7739
297.9286	226.7739
297.9286	226.2619
298.9524	226.2619
298.9524	225.7500
299.4643	225.7500
299.4643	225.2381
299.9762	225.2381
299.9762	224.7262
300.4882	224.7262
300.4882	224.2143
301.5120	224.2143
301.5120	223.7024
302.5358	223.7024
302.5358	223.1905
303.0477	223.1905
303.0477	222.6786
303.5596	222.6786
303.5596	222.1667
304.0715	222.1667
304.0715	221.6548
304.5834	221.6548
304.5834	221.1429
305.6072	221.1429
305.6072	220.6310
306.1191	220.6310
306.1191	220.1191
306.6310	220.1191
306.6310	219.6072
307.1429	219.6072
307.1429	219.0953
307.6548	219.0953
307.6548	218.5834
308.1667	218.5834
308.1667	217.5596
308.6786	217.5596
308.6786	217.0477
309.7024	217.0477
309.7024	216.5358
310.7262	216.5358
310.7262	216.0239
311.7501	216.0239
311.7501	215.5119
312.2620	215.5119
312.2620	215.0000
312.7739	215.0000
312.7739	214.4881
313.2858	214.4881
313.2858	213.9762
314.3096	213.9762
314.3096	213.4643
315.3334	213.4643
315.3334	212.9524
316.3572	212.9524
316.3572	212.4405
317.3810	212.4405
317.3810	211.9286
317.8929	211.9286
317.8929	211.4167
318.4048	211.4167
318.4048	210.9048
318.9167	210.9048
318.9167	210.3929
319.9405	210.3929
319.9405	209.8810
321.4763	209.8810
321.4763	209.3691
325.0596	209.3691
