377.7858	189.9167
381.8810	189.9167
381.8810	189.4048
391.6072	189.4048
391.6072	189.9167
399.2858	189.9167
399.2858	190.4286
401.3334	190.4286
401.3334	190.9405
402.3572	190.9405
402.3572	191.4524
403.8929	191.4524
403.8929	191.9643
405.9406	191.9643
405.9406	192.4762
408.5001	192.4762
408.5001	192.9881
412.0834	192.9881
412.0834	193.5000
413.6191	193.5000
413.6191	194.0119
415.1548	194.0119
415.1548	194.5238
416.1787	194.5238
416.1787	195.0358
417.2025	195.0358
417.2025	195.5477
418.2263	195.5477
418.2263	196.0596
419.2501	196.0596
419.2501	196.5715
420.2739	196.5715
420.2739	197.0834
421.2977	197.0834
421.2977	197.5953
422.3215	197.5953
422.3215	198.1072
423.3453	198.1072
423.3453	198.6191
424.3691	198.6191
424.3691	199.1310
425.9048	199.1310
425.9048	199.6429
426.9287	199.6429
426.9287	200.1548
428.9763	200.1548
428.9763	200.6667
429.4882	200.6667
429.4882	201.1786
430.5120	201.1786
430.5120	201.6905
431.0239	201.6905
431.0239	202.2024
431.5358	202.2024
431.5358	202.7143
432.5596	202.7143
432.5596	203.2262
433.0715	203.2262
433.0715	203.7381
434.0953	203.7381
434.0953	204.2500
435.1191	204.2500
435.1191	204.7619
435.6310	204.7619
435.6310	205.2738
436.1429	205.2738
436.1429	205.7858
436.6548	205.7858
436.6548	206.2977
437.1667	206.2977
437.1667	206.8096
437.6787	206.8096
437.6787	207.3215
438.1906	207.3215
438.1906	207.8334
439.2144	207.8334
439.2144	208.3453
440.2382	208.3453
440.2382	208.8572
440.7501	208.8572
440.7501	209.3691
441.7739	209.3691
441.7739	209.8810
442.2858	209.8810
442.2858	210.3929
443.3096	210.3929
443.3096	210.9048
443.8215	210.9048
443.8215	211.4167
444.3334	211.4167
444.3334	211.9286
444.8453	211.9286
444.8453	212.4405
445.3572	212.4405
445.3572	212.9524
445.8691	212.9524
445.8691	213.9762
446.3810	213.9762
446.3810	215.5119
446.8929	215.5119
446.8929	217.5596
447.4048	217.5596
447.4048	220.1191
447.9168	220.1191
447.9168	222.6786
448.4287	222.6786
448.4287	223.7024
448.9406	223.7024
448.9406	226.2619
448.4287	226.2619
448.4287	228.8215
448.9406	228.8215
448.9406	232.9167
449.4525	232.9167
449.4525	238.0358
449.9644	238.0358
449.9644	247.2500
450.4763	247.2500
450.4763	249.8096
449.9644	249.8096
449.9644	251.3453
449.4525	251.3453
449.4525	253.3929
448.9406	253.3929
448.9406	255.9524
448.4287	255.9524
448.4287	258.5120
447.9168	258.5120
447.9168	260.5596
447.4048	260.5596
447.4048	261.5834
446.8929	261.5834
446.8929	263.1191
446.3810	263.1191
446.3810	265.1667
445.8691	265.1667
445.8691	266.1905
445.3572	266.1905
445.3572	267.2143
444.8453	267.2143
444.8453	268.2381
444.3334	268.2381
444.3334	269.7739
443.8215	269.7739
443.8215	271.3096
443.3096	271.3096
443.3096	272.3334
442.7977	272.3334
442.7977	274.3810
442.2858	274.3810
442.2858	275.9167
441.7739	275.9167
441.7739	277.4524
441.2620	277.4524
441.2620	278.9881
440.7501	278.9881
440.7501	280.0120
440.2382	280.0120
440.2382	282.5715
439.7263	282.5715
439.7263	286.1548
439.2144	286.1548
439.2144	286.6667
438.7025	286.6667
438.7025	287.1786
438.1906	287.1786
438.1906	287.6905
437.6787	287.6905
437.6787	288.2024
435.1191	288.2024
435.1191	288.7143
433.0715	288.7143
433.0715	289.2262
432.0477	289.2262
432.0477	289.7382
431.0239	289.7382
431.0239	290.2501
430.5120	290.2501
430.5120	290.7620
430.0001	290.7620
430.0001	291.2739
429.4882	291.2739
429.4882	291.7858
428.9763	291.7858
428.9763	292.2977
428.4644	292.2977
428.4644	292.8096
427.4406	292.8096
427.4406	293.3215
426.9287	293.3215
426.9287	293.8334
426.4167	293.8334
426.4167	294.3453
425.9048	294.3453
425.9048	294.8572
425.3929	294.8572
425.3929	295.3691
424.8810	295.3691
424.8810	295.8810
424.3691	295.8810
424.3691	296.3929
423.8572	296.3929
423.8572	296.9048
423.3453	296.9048
423.3453	297.4167
422.8334	297.4167
422.8334	297.9286
422.3215	297.9286
422.3215	298.4405
421.8096	298.4405
421.8096	298.9524
421.2977	298.9524
421.2977	299.4643
420.7858	299.4643
420.7858	299.9762
419.7620	299.9762
419.7620	300.4882
419.2501	300.4882
419.2501	301.0001
418.7382	301.0001
418.7382	301.5120
418.2263	301.5120
418.2263	302.0239
417.7144	302.0239
417.7144	302.5358
416.6906	302.5358
416.6906	303.0477
416.1787	303.0477
416.1787	303.5596
415.6667	303.5596
415.6667	304.0715
414.6429	304.0715
414.6429	304.5834
413.6191	304.5834
413.6191	305.0953
413.1072	305.0953
413.1072	305.6072
412.0834	305.6072
412.0834	306.1191
411.0596	306.1191
411.0596	306.6310
410.5477	306.6310
410.5477	307.1429
410.0358	307.1429
410.0358	307.6548
409.5239	307.6548
409.5239	308.1667
409.0120	308.1667
409.0120	308.6786
408.5001	308.6786
408.5001	309.1905
407.9882	309.1905
407.9882	309.7024
407.4763	309.7024
407.4763	310.2143
406.4525	310.2143
406.4525	310.7262
404.4048	310.7262
404.4048	311.2382
403.3810	311.2382
403.3810	311.7501
401.3334	311.7501
401.3334	312.2620
399.2858	312.2620
399.2858	312.7739
397.7501	312.7739
397.7501	313.2858
396.7263	313.2858
396.7263	313.7977
393.1429	313.7977
393.1429	314.3096
390.5834	314.3096
390.5834	314.8215
389.5596	314.8215
389.5596	315.3334
388.5358	315.3334
388.5358	315.8453
388.0239	315.8453
388.0239	316.3572
387.5120	316.3572
387.5120	316.8691
387.0001	316.8691
387.0001	317.3810
386.4882	317.3810
386.4882	317.8929
385.9763	317.8929
385.9763	318.4048
385.4644	318.4048
385.4644	318.9167
382.9048	318.9167
382.9048	319.4286
380.8572	319.4286
380.8572	319.9405
377.7858	319.9405
377.7858	320.4524
375.2263	320.4524
375.2263	320.9643
372.6667	320.9643
372.6667	321.4763
370.1072	321.4763
370.1072	321.9882
368.0596	321.9882
368.0596	322.5001
365.5001	322.5001
365.5001	323.0120
363.9644	323.0120
363.9644	323.5239
362.9405	323.5239
362.9405	324.0358
361.4048	324.0358
361.4048	324.5477
360.3810	324.5477
360.3810	325.0596
358.3334	325.0596
358.3334	325.5715
356.2858	325.5715
356.2858	326.0834
349.6310	326.0834
349.6310	326.5953
347.0715	326.5953
347.0715	327.1072
346.0477	327.1072
346.0477	327.6191
345.0239	327.6191
345.0239	328.1310
344.0001	328.1310
344.0001	328.6429
343.4882	328.6429
343.4882	329.1548
342.9763	329.1548
342.9763	329.6667
342.4644	329.6667
342.4644	330.1786
334.7858	330.1786
334.7858	330.6905
332.2263	330.6905
332.2263	331.2024
331.2024	331.2024
331.2024	331.7143
329.6667	331.7143
329.6667	332.2263
329.1548	332.2263
329.1548	331.7143
326.5953	331.7143
326.5953	331.2024
323.0120	331.2024
323.0120	331.7143
320.9643	331.7143
320.9643	331.2024
319.9405	331.2024
319.9405	330.6905
318.9167	330.6905
318.9167	330.1786
316.3572	330.1786
316.3572	329.6667
315.3334	329.6667
315.3334	329.1548
314.8215	329.1548
314.8215	328.6429
313.7977	328.6429
313.7977	328.1310
312.7739	328.1310
312.7739	327.6191
311.2382	327.6191
311.2382	327.1072
310.7262	327.1072
310.7262	326.5953
310.2143	326.5953
310.2143	326.0834
309.1905	326.0834
309.1905	325.5715
308.1667	325.5715
308.1667	325.0596
307.6548	325.0596
307.6548	324.5477
307.1429	324.5477
307.1429	324.0358
306.1191	324.0358
306.1191	323.5239
305.0953	323.5239
305.0953	323.0120
304.5834	323.0120
304.5834	322.5001
304.0715	322.5001
304.0715	321.9882
303.0477	321.9882
303.0477	321.4763
302.5358	321.4763
302.5358	320.9643
302.0239	320.9643
302.0239	320.4524
301.0001	320.4524
301.0001	319.9405
299.9762	319.9405
299.9762	319.4286
298.9524	319.4286
298.9524	318.9167
298.4405	318.9167
298.4405	318.4048
297.9286	318.4048
297.9286	317.8929
296.9048	317.8929
296.9048	317.3810
296.3929	317.3810
296.3929	316.8691
295.8810	316.8691
295.8810	316.3572
295.3691	316.3572
295.3691	315.8453
294.8572	315.8453
294.8572	315.3334
293.8334	315.3334
293.8334	314.8215
293.3215	314.8215
293.3215	314.3096
292.2977	314.3096
292.2977	313.2858
291.7858	313.2858
291.7858	312.2620
291.2739	312.2620
291.2739	311.7501
290.7620	311.7501
290.7620	311.2382
290.2501	311.2382
290.2501	310.7262
289.7382	310.7262
289.7382	310.2143
289.2262	310.2143
289.2262	309.7024
288.7143	309.7024
288.7143	309.1905
288.2024	309.1905
288.2024	308.6786
287.6905	308.6786
287.6905	308.1667
286.6667	308.1667
286.6667	307.6548
285.6429	307.6548
285.6429	307.1429
285.1310	307.1429
285.1310	306.6310
284.6191	306.6310
284.6191	306.1191
283.5953	306.1191
283.5953	305.6072
282.5715	305.6072
282.5715	305.0953
282.0596	305.0953
282.0596	304.5834
281.5477	304.5834
281.5477	304.0715
281.0358	304.0715
281.0358	303.5596
280.5239	303.5596
280.5239	303.0477
280.0120	303.0477
280.0120	302.5358
279.5001	302.5358
279.5001	302.0239
278.9881	302.0239
278.9881	301.5120
278.4762	301.5120
278.4762	300.4882
277.9643	300.4882
277.9643	299.9762
277.4524	299.9762
277.4524	299.4643
276.9405	299.4643
276.9405	298.4405
276.4286	298.4405
276.4286	297.9286
275.9167	297.9286
275.9167	297.4167
275.4048	297.4167
275.4048	296.9048
274.8929	296.9048
274.8929	296.3929
274.3810	296.3929
274.3810	295.3691
273.8691	295.3691
273.8691	294.3453
273.3572	294.3453
273.3572	293.8334
272.8453	293.8334
272.8453	293.3215
272.3334	293.3215
272.3334	292.8096
271.8215	292.8096
271.8215	291.2739
271.3096	291.2739
271.3096	290.2501
270.7977	290.2501
270.7977	289.2262
270.2858	289.2262
270.2858	288.2024
269.7739	288.2024
269.7739	285.6429
269.2620	285.6429
269.2620	283.5953
268.7501	283.5953
268.7501	282.0596
268.2381	282.0596
268.2381	277.9643
267.7262	277.9643
267.7262	277.4524
268.2381	277.4524
268.2381	274.8929
268.7501	274.8929
268.7501	271.3096
268.2381	271.3096
268.2381	268.7501
268.7501	268.7501
268.7501	268.2381
269.2620	268.2381
269.2620	267.2143
269.7739	267.2143
269.7739	266.1905
270.2858	266.1905
270.2858	264.1429
270.7977	264.1429
270.7977	263.1191
271.3096	263.1191
271.3096	260.5596
271.8215	260.5596
271.8215	258.0000
272.3334	258.0000
272.3334	256.9762
272.8453	256.9762
272.8453	255.9524
273.3572	255.9524
273.3572	254.9286
273.8691	254.9286
273.8691	253.3929
274.3810	253.3929
274.3810	252.3691
274.8929	252.3691
274.8929	251.8572
275.4048	251.8572
275.4048	251.3453
275.9167	251.3453
275.9167	250.8334
276.4286	250.8334
276.4286	250.3215
276.9405	250.3215
276.9405	249.8096
277.4524	249.8096
277.4524	248.7858
277.9643	248.7858
277.9643	248.2739
278.4762	248.2739
278.4762	247.2500
278.9881	247.2500
278.9881	246.7381
279.5001	246.7381
279.5001	245.7143
280.0120	245.7143
280.0120	245.2024
280.5239	245.2024
280.5239	244.6905
281.0358	244.6905
281.0358	243.6667
281.5477	243.6667
281.5477	242.6429
282.0596	242.6429
282.0596	240.0834
283.0834	240.0834
283.0834	239.5715
284.1072	239.5715
284.1072	239.0596
284.6191	239.0596
284.6191	238.5477
285.1310	238.5477
285.1310	238.0358
285.6429	238.0358
285.6429	237.5239
286.1548	237.5239
286.1548	237.0119
286.6667	237.0119
286.6667	236.5000
287.1786	236.5000
287.1786	235.9881
287.6905	235.9881
287.6905	235.4762
288.2024	235.4762
288.2024	234.9643
290.2501	234.9643
290.2501	234.4524
291.2739	234.4524
291.2739	233.9405
292.2977	233.9405
292.2977	233.4286
292.8096	233.4286
292.8096	232.9167
293.3215	232.9167
293.3215	232.4048
293.8334	232.4048
293.8334	231.8929
294.3453	231.8929
294.3453	231.3810
294.8572	231.3810
294.8572	230.8691
295.3691	230.8691
295.3691	230.3572
295.8810	230.3572
295.8810	229.8453
296.9048	229.8453
296.9048	229.3334
297.4167	229.3334
297.4167	228.8215
297.9286	228.8215
297.9286	228.3096
298.4405	228.3096
298.4405	227.7977
298.9524	227.7977
298.9524	227.2858
299.4643	227.2858
299.4643	226.7739
299.9762	226.7739
299.9762	226.2619
300.4882	226.2619
300.4882	225.7500
301.0001	225.7500
301.0001	225.2381
302.0239	225.2381
302.0239	224.7262
302.5358	224.7262
302.5358	224.2143
303.0477	224.2143
303.0477	223.7024
304.0715	223.7024
304.0715	223.1905
304.5834	223.1905
304.5834	222.6786
305.0953	222.6786
305.0953	222.1667
305.6072	222.1667
305.6072	221.6548
306.1191	221.6548
306.1191	221.1429
306.6310	221.1429
306.6310	220.6310
307.1429	220.6310
307.1429	220.1191
308.6786	220.1191
308.6786	219.6072
310.2143	219.6072
310.2143	219.0953
312.2620	219.0953
312.2620	218.5834
313.2858	218.5834
313.2858	218.0715
314.3096	218.0715
314.3096	217.5596
314.8215	217.5596
314.8215	217.0477
315.8453	217.0477
315.8453	216.5358
316.8691	216.5358
316.8691	216.0239
317.8929	216.0239
317.8929	215.5119
318.4048	215.5119
318.4048	215.0000
319.4286	215.0000
319.4286	214.4881
319.9405	214.4881
319.9405	213.9762
320.9643	213.9762
320.9643	213.4643
321.9882	213.4643
321.9882	212.9524
324.0358	212.9524
324.0358	212.4405
325.5715	212.4405
325.5715	211.9286
326.5953	211.9286
326.5953	211.4167
327.6191	211.4167
327.6191	210.9048
328.1310	210.9048
328.1310	210.3929
328.6429	210.3929
328.6429	209.8810
329.1548	209.8810
329.1548	209.3691
329.6667	209.3691
329.6667	208.8572
330.1786	208.8572
330.1786	207.8334
330.6905	207.8334
330.6905	206.8096
335.8096	206.8096
335.8096	206.2977
338.3691	206.2977
338.3691	205.7858
339.9048	205.7858
339.9048	205.2738
340.9286	205.2738
340.9286	204.7619
341.9524	204.7619
341.9524	204.2500
344.5120	204.2500
344.5120	203.7381
346.5596	203.7381
346.5596	203.2262
347.5834	203.2262
347.5834	202.7143
348.6072	202.7143
348.6072	202.2024
349.6310	202.2024
349.6310	201.6905
350.1429	201.6905
350.1429	201.1786
350.6548	201.1786
350.6548	200.6667
352.7024	200.6667
352.7024	200.1548
353.7263	200.1548
353.7263	199.6429
354.7501	199.6429
354.7501	199.1310
355.7739	199.1310
355.7739	198.6191
356.2858	198.6191
356.2858	198.1072
358.8453	198.1072
358.8453	197.5953
359.8691	197.5953
359.8691	197.0834
360.8929	197.0834
360.8929	196.5715
361.9167	196.5715
361.9167	196.0596
362.4286	196.0596
362.4286	195.5477
362.9405	195.5477
362.9405	195.0358
363.4525	195.0358
363.4525	194.5238
363.9644	194.5238
363.9644	194.0119
364.9882	194.0119
364.9882	193.5000
365.5001	193.5000
365.5001	192.9881
366.0120	192.9881
366.0120	192.4762
368.5715	192.4762
368.5715	191.9643
370.1072	191.9643
370.1072	191.4524
372.6667	191.4524
372.6667	190.9405
374.2025	190.9405
374.2025	190.4286
375.2263	190.4286
375.2263	189.9167
376.7620	189.9167
376.7620	189.4048
377.7858	189.4048
