387.5120	190.4286
396.2144	190.4286
396.2144	189.9167
403.8929	189.9167
403.8929	190.4286
406.9644	190.4286
406.9644	190.9405
418.2263	190.9405
418.2263	191.4524
420.7858	191.4524
420.7858	191.9643
422.3215	191.9643
422.3215	192.4762
424.3691	192.4762
424.3691	192.9881
425.3929	192.9881
425.3929	193.5000
426.4167	193.5000
426.4167	194.0119
427.4406	194.0119
427.4406	194.5238
428.4644	194.5238
428.4644	195.0358
429.4882	195.0358
429.4882	195.5477
430.5120	195.5477
430.5120	196.0596
432.5596	196.0596
432.5596	196.5715
434.0953	196.5715
434.0953	197.0834
434.6072	197.0834
434.6072	197.5953
435.6310	197.5953
435.6310	198.1072
436.6548	198.1072
436.6548	198.6191
437.6787	198.6191
437.6787	199.1310
438.1906	199.1310
438.1906	199.6429
439.2144	199.6429
439.2144	200.1548
439.7263	200.1548
439.7263	200.6667
440.2382	200.6667
440.2382	201.1786
441.2620	201.1786
441.2620	201.6905
441.7739	201.6905
441.7739	202.2024
442.7977	202.2024
442.7977	202.7143
443.3096	202.7143
443.3096	203.2262
444.3334	203.2262
444.3334	203.7381
444.8453	203.7381
444.8453	204.2500
445.3572	204.2500
445.3572	204.7619
445.8691	204.7619
445.8691	205.2738
446.3810	205.2738
446.3810	205.7858
446.8929	205.7858
446.8929	206.2977
447.9168	206.2977
447.9168	206.8096
448.4287	206.8096
448.4287	207.8334
448.9406	207.8334
448.9406	208.3453
449.4525	208.3453
449.4525	209.3691
449.9644	209.3691
449.9644	209.8810
450.4763	209.8810
450.4763	210.3929
450.9882	210.3929
450.9882	212.4405
451.5001	212.4405
451.5001	213.9762
452.0120	213.9762
452.0120	215.0000
452.5239	215.0000
452.5239	216.0239
453.0358	216.0239
453.0358	216.5358
453.5477	216.5358
453.5477	217.0477
454.0596	217.0477
454.0596	218.0715
454.5715	218.0715
454.5715	219.0953
455.0834	219.0953
455.0834	220.1191
455.5953	220.1191
455.5953	221.1429
456.1072	221.1429
456.1072	222.6786
456.6191	222.6786
456.6191	224.2143
457.1310	224.2143
457.1310	225.2381
457.6429	225.2381
457.6429	226.7739
458.1548	226.7739
458.1548	230.3572
458.6668	230.3572
458.6668	237.5239
459.1787	237.5239
459.1787	240.0834
459.6906	240.0834
459.6906	242.1310
460.2025	242.1310
460.2025	244.1786
460.7144	244.1786
460.7144	249.2977
460.2025	249.2977
460.2025	252.3691
459.6906	252.3691
459.6906	254.9286
459.1787	254.9286
459.1787	258.5120
458.6668	258.5120
458.6668	261.0715
458.1548	261.0715
458.1548	263.6310
457.6429	263.6310
457.6429	265.1667
457.1310	265.1667
457.1310	266.7024
456.6191	266.7024
456.6191	267.7262
456.1072	267.7262
456.1072	269.2620
455.5953	269.2620
455.5953	270.2858
455.0834	270.2858
455.0834	271.8215
454.5715	271.8215
454.5715	272.3334
454.0596	272.3334
454.0596	273.3572
453.5477	273.3572
453.5477	274.3810
453.0358	274.3810
453.0358	275.4048
452.5239	275.4048
452.5239	276.4286
452.0120	276.4286
452.0120	277.4524
451.5001	277.4524
451.5001	277.9643
450.9882	277.9643
450.9882	278.9881
450.4763	278.9881
450.4763	279.5001
449.9644	279.5001
449.9644	280.0120
449.4525	280.0120
449.4525	281.0358
448.9406	281.0358
448.9406	282.0596
448.4287	282.0596
448.4287	282.5715
447.9168	282.5715
447.9168	283.0834
447.4048	283.0834
447.4048	283.5953
446.8929	283.5953
446.8929	284.1072
446.3810	284.1072
446.3810	285.1310
445.8691	285.1310
445.8691	286.1548
445.3572	286.1548
445.3572	287.1786
444.8453	287.1786
444.8453	287.6905
444.3334	287.6905
444.3334	288.7143
443.8215	288.7143
443.8215	289.7382
443.3096	289.7382
443.3096	292.2977
442.7977	292.2977
442.7977	293.3215
442.2858	293.3215
442.2858	293.8334
441.7739	293.8334
441.7739	294.3453
440.7501	294.3453
440.7501	294.8572
440.2382	294.8572
440.2382	295.3691
439.7263	295.3691
439.7263	295.8810
439.2144	295.8810
439.2144	296.3929
438.7025	296.3929
438.7025	296.9048
438.1906	296.9048
438.1906	297.4167
437.6787	297.4167
437.6787	297.9286
437.1667	297.9286
437.1667	298.9524
436.6548	298.9524
436.6548	299.9762
435.6310	299.9762
435.6310	300.4882
435.1191	300.4882
435.1191	301.0001
434.6072	301.0001
434.6072	301.5120
434.0953	301.5120
434.0953	302.0239
433.5834	302.0239
433.5834	302.5358
432.5596	302.5358
432.5596	303.0477
431.5358	303.0477
431.5358	303.5596
430.5120	303.5596
430.5120	304.0715
429.4882	304.0715
429.4882	304.5834
428.4644	304.5834
428.4644	305.0953
427.9525	305.0953
427.9525	305.6072
427.4406	305.6072
427.4406	306.1191
426.9287	306.1191
426.9287	306.6310
426.4167	306.6310
426.4167	307.1429
425.9048	307.1429
425.9048	307.6548
425.3929	307.6548
425.3929	308.1667
424.8810	308.1667
424.8810	308.6786
424.3691	308.6786
424.3691	309.1905
423.8572	309.1905
423.8572	309.7024
422.8334	309.7024
422.8334	310.2143
422.3215	310.2143
422.3215	310.7262
421.2977	310.7262
421.2977	311.2382
419.7620	311.2382
419.7620	310.7262
418.7382	310.7262
418.7382	310.2143
416.1787	310.2143
416.1787	309.7024
413.1072	309.7024
413.1072	310.2143
410.5477	310.2143
410.5477	310.7262
409.5239	310.7262
409.5239	311.2382
408.5001	311.2382
408.5001	311.7501
407.9882	311.7501
407.9882	312.2620
407.4763	312.2620
407.4763	312.7739
406.9644	312.7739
406.9644	313.2858
406.4525	313.2858
406.4525	313.7977
405.9406	313.7977
405.9406	314.3096
405.4286	314.3096
405.4286	315.3334
404.9167	315.3334
404.9167	316.3572
403.8929	316.3572
403.8929	316.8691
401.8453	316.8691
401.8453	317.3810
400.8215	317.3810
400.8215	317.8929
399.7977	317.8929
399.7977	318.4048
398.7739	318.4048
398.7739	318.9167
398.2620	318.9167
398.2620	319.4286
397.7501	319.4286
397.7501	319.9405
397.2382	319.9405
397.2382	320.4524
396.7263	320.4524
396.7263	320.9643
396.2144	320.9643
396.2144	320.4524
395.1906	320.4524
395.1906	319.9405
394.1667	319.9405
394.1667	319.4286
391.6072	319.4286
391.6072	318.9167
388.5358	318.9167
388.5358	319.4286
385.4644	319.4286
385.4644	319.9405
382.9048	319.9405
382.9048	320.4524
381.8810	320.4524
381.8810	320.9643
380.8572	320.9643
380.8572	321.4763
380.3453	321.4763
380.3453	321.9882
377.2739	321.9882
377.2739	321.4763
374.7144	321.4763
374.7144	320.9643
370.1072	320.9643
370.1072	321.4763
367.5477	321.4763
367.5477	321.9882
364.4763	321.9882
364.4763	322.5001
361.9167	322.5001
361.9167	323.0120
359.3572	323.0120
359.3572	323.5239
358.3334	323.5239
358.3334	324.0358
355.7739	324.0358
355.7739	324.5477
354.7501	324.5477
354.7501	325.0596
353.7263	325.0596
353.7263	325.5715
352.7024	325.5715
352.7024	326.0834
352.1905	326.0834
352.1905	326.5953
349.6310	326.5953
349.6310	327.1072
348.0953	327.1072
348.0953	327.6191
343.4882	327.6191
343.4882	328.1310
338.8810	328.1310
338.8810	328.6429
336.3215	328.6429
336.3215	329.1548
335.2977	329.1548
335.2977	329.6667
334.2739	329.6667
334.2739	330.1786
333.2501	330.1786
333.2501	330.6905
332.2263	330.6905
332.2263	331.2024
331.7143	331.2024
331.7143	331.7143
330.1786	331.7143
330.1786	332.2263
320.9643	332.2263
320.9643	331.7143
318.4048	331.7143
318.4048	331.2024
317.3810	331.2024
317.3810	330.6905
316.3572	330.6905
316.3572	330.1786
315.3334	330.1786
315.3334	329.6667
314.8215	329.6667
314.8215	329.1548
314.3096	329.1548
314.3096	328.6429
313.7977	328.6429
313.7977	328.1310
313.2858	328.1310
313.2858	327.6191
312.7739	327.6191
312.7739	327.1072
312.2620	327.1072
312.2620	326.5953
311.7501	326.5953
311.7501	326.0834
310.7262	326.0834
310.7262	325.5715
310.2143	325.5715
310.2143	325.0596
309.7024	325.0596
309.7024	324.5477
309.1905	324.5477
309.1905	324.0358
308.6786	324.0358
308.6786	323.5239
308.1667	323.5239
308.1667	323.0120
307.6548	323.0120
307.6548	322.5001
307.1429	322.5001
307.1429	321.9882
306.6310	321.9882
306.6310	321.4763
306.1191	321.4763
306.1191	320.9643
305.6072	320.9643
305.6072	320.4524
305.0953	320.4524
305.0953	319.9405
304.5834	319.9405
304.5834	319.4286
303.5596	319.4286
303.5596	318.9167
302.5358	318.9167
302.5358	318.4048
301.0001	318.4048
301.0001	317.8929
298.4405	317.8929
298.4405	317.3810
297.4167	317.3810
297.4167	316.8691
296.9048	316.8691
296.9048	316.3572
296.3929	316.3572
296.3929	315.8453
295.8810	315.8453
295.8810	315.3334
294.8572	315.3334
294.8572	314.3096
294.3453	314.3096
294.3453	313.2858
293.8334	313.2858
293.8334	312.2620
293.3215	312.2620
293.3215	311.7501
292.8096	311.7501
292.8096	311.2382
292.2977	311.2382
292.2977	310.7262
291.7858	310.7262
291.7858	310.2143
291.2739	310.2143
291.2739	309.7024
290.7620	309.7024
290.7620	309.1905
290.2501	309.1905
290.2501	308.6786
289.2262	308.6786
289.2262	308.1667
288.2024	308.1667
288.2024	307.6548
285.6429	307.6548
285.6429	307.1429
284.6191	307.1429
284.6191	306.6310
283.5953	306.6310
283.5953	306.1191
282.5715	306.1191
282.5715	305.6072
281.5477	305.6072
281.5477	305.0953
280.5239	305.0953
280.5239	304.5834
279.5001	304.5834
279.5001	304.0715
278.4762	304.0715
278.4762	303.5596
275.9167	303.5596
275.9167	303.0477
275.4048	303.0477
275.4048	302.5358
274.3810	302.5358
274.3810	302.0239
273.3572	302.0239
273.3572	301.5120
271.8215	301.5120
271.8215	301.0001
271.3096	301.0001
271.3096	300.4882
270.7977	300.4882
270.7977	299.9762
270.2858	299.9762
270.2858	299.4643
269.2620	299.4643
269.2620	298.9524
268.7501	298.9524
268.7501	298.4405
267.7262	298.4405
267.7262	297.4167
267.2143	297.4167
267.2143	296.9048
266.7024	296.9048
266.7024	295.8810
266.1905	295.8810
266.1905	295.3691
265.6786	295.3691
265.6786	294.3453
265.1667	294.3453
265.1667	293.3215
264.6548	293.3215
264.6548	292.8096
264.1429	292.8096
264.1429	291.2739
263.6310	291.2739
263.6310	288.7143
263.1191	288.7143
263.1191	287.1786
262.6072	287.1786
262.6072	286.1548
262.0953	286.1548
262.0953	285.1310
261.5834	285.1310
261.5834	283.5953
261.0715	283.5953
261.0715	282.5715
260.5596	282.5715
260.5596	280.0120
261.0715	280.0120
261.0715	274.3810
260.5596	274.3810
260.5596	271.8215
260.0477	271.8215
260.0477	270.7977
259.5358	270.7977
259.5358	268.7501
260.0477	268.7501
260.0477	268.2381
261.5834	268.2381
261.5834	267.7262
262.6072	267.7262
262.6072	267.2143
263.6310	267.2143
263.6310	266.7024
264.1429	266.7024
264.1429	266.1905
264.6548	266.1905
264.6548	265.6786
265.1667	265.6786
265.1667	265.1667
265.6786	265.1667
265.6786	264.6548
266.1905	264.6548
266.1905	263.6310
266.7024	263.6310
266.7024	262.6072
267.2143	262.6072
267.2143	260.0477
267.7262	260.0477
267.7262	257.4881
267.2143	257.4881
267.2143	254.9286
266.7024	254.9286
266.7024	253.9048
266.1905	253.9048
266.1905	252.8810
265.6786	252.8810
265.6786	252.3691
265.1667	252.3691
265.1667	251.8572
264.6548	251.8572
264.6548	249.2977
265.1667	249.2977
265.1667	248.7858
265.6786	248.7858
265.6786	248.2739
266.1905	248.2739
266.1905	247.7620
266.7024	247.7620
266.7024	247.2500
267.2143	247.2500
267.2143	246.7381
268.2381	246.7381
268.2381	246.2262
269.2620	246.2262
269.2620	245.7143
270.2858	245.7143
270.2858	245.2024
270.7977	245.2024
270.7977	244.6905
271.3096	244.6905
271.3096	244.1786
271.8215	244.1786
271.8215	243.6667
272.3334	243.6667
272.3334	243.1548
272.8453	243.1548
272.8453	242.1310
273.3572	242.1310
273.3572	241.1072
273.8691	241.1072
273.8691	239.5715
274.3810	239.5715
274.3810	238.5477
274.8929	238.5477
274.8929	237.5239
275.4048	237.5239
275.4048	236.5000
275.9167	236.5000
275.9167	235.4762
276.4286	235.4762
276.4286	234.9643
276.9405	234.9643
276.9405	234.4524
277.4524	234.4524
277.4524	233.9405
277.9643	233.9405
277.9643	233.4286
278.4762	233.4286
278.4762	232.4048
279.5001	232.4048
279.5001	231.8929
280.5239	231.8929
280.5239	231.3810
281.5477	231.3810
281.5477	230.8691
282.5715	230.8691
282.5715	230.3572
283.5953	230.3572
283.5953	229.8453
284.1072	229.8453
284.1072	229.3334
284.6191	229.3334
284.6191	228.8215
285.1310	228.8215
285.1310	228.3096
285.6429	228.3096
285.6429	227.7977
287.6905	227.7977
287.6905	227.2858
288.7143	227.2858
288.7143	226.7739
289.7382	226.7739
289.7382	226.2619
290.2501	226.2619
290.2501	225.7500
291.2739	225.7500
291.2739	225.2381
293.3215	225.2381
293.3215	224.7262
294.8572	224.7262
294.8572	224.2143
295.8810	224.2143
295.8810	223.7024
296.9048	223.7024
296.9048	223.1905
297.9286	223.1905
297.9286	222.6786
298.4405	222.6786
298.4405	222.1667
299.4643	222.1667
299.4643	221.6548
299.9762	221.6548
299.9762	221.1429
301.0001	221.1429
301.0001	220.6310
302.0239	220.6310
302.0239	220.1191
302.5358	220.1191
302.5358	219.6072
304.5834	219.6072
304.5834	219.0953
305.6072	219.0953
305.6072	218.5834
306.6310	218.5834
306.6310	218.0715
307.1429	218.0715
307.1429	217.5596
307.6548	217.5596
307.6548	217.0477
309.1905	217.0477
309.1905	216.5358
310.2143	216.5358
310.2143	216.0239
311.7501	216.0239
311.7501	215.5119
312.7739	215.5119
312.7739	215.0000
313.7977	215.0000
313.7977	214.4881
314.8215	214.4881
314.8215	213.9762
315.3334	213.9762
315.3334	213.4643
315.8453	213.4643
315.8453	212.9524
316.3572	212.9524
316.3572	212.4405
318.9167	212.4405
318.9167	211.9286
322.5001	211.9286
322.5001	211.4167
325.0596	211.4167
325.0596	210.9048
327.6191	210.9048
327.6191	210.3929
328.6429	210.3929
328.6429	209.8810
329.6667	209.8810
329.6667	209.3691
330.1786	209.3691
330.1786	208.8572
332.2263	208.8572
332.2263	208.3453
333.2501	208.3453
333.2501	207.8334
334.2739	207.8334
334.2739	207.3215
335.2977	207.3215
335.2977	206.8096
336.3215	206.8096
336.3215	206.2977
337.3453	206.2977
337.3453	205.7858
338.3691	205.7858
338.3691	205.2738
338.8810	205.2738
338.8810	204.7619
339.3929	204.7619
339.3929	204.2500
339.9048	204.2500
339.9048	203.7381
340.4167	203.7381
340.4167	203.2262
340.9286	203.2262
340.9286	202.7143
342.4644	202.7143
342.4644	202.2024
345.5358	202.2024
345.5358	201.6905
348.0953	201.6905
348.0953	201.1786
349.1191	201.1786
349.1191	200.6667
350.1429	200.6667
350.1429	200.1548
351.1667	200.1548
351.1667	199.6429
353.2144	199.6429
353.2144	199.1310
354.2382	199.1310
354.2382	198.6191
355.2620	198.6191
355.2620	198.1072
356.2858	198.1072
356.2858	197.5953
357.3096	197.5953
357.3096	197.0834
358.3334	197.0834
358.3334	196.5715
358.8453	196.5715
358.8453	196.0596
359.8691	196.0596
359.8691	195.5477
362.4286	195.5477
362.4286	195.0358
364.4763	195.0358
364.4763	194.5238
366.0120	194.5238
366.0120	194.0119
367.0358	194.0119
367.0358	193.5000
368.0596	193.5000
368.0596	192.9881
369.0834	192.9881
369.0834	192.4762
371.6429	192.4762
371.6429	191.9643
374.2025	191.9643
374.2025	191.4524
376.7620	191.4524
376.7620	190.9405
379.3215	190.9405
379.3215	190.4286
384.4405	190.4286
384.4405	189.9167
387.5120	189.9167
