363.4525	216.0239
364.4763	216.0239
364.4763	216.5358
367.0358	216.5358
367.0358	217.0477
371.6429	217.0477
371.6429	216.5358
374.2025	216.5358
374.2025	216.0239
375.7382	216.0239
375.7382	215.5119
378.2977	215.5119
378.2977	216.0239
383.4167	216.0239
383.4167	215.5119
388.0239	215.5119
388.0239	216.0239
391.0953	216.0239
391.0953	216.5358
393.6548	216.5358
393.6548	217.0477
395.7025	217.0477
395.7025	217.5596
397.7501	217.5596
397.7501	218.0715
398.7739	218.0715
398.7739	218.5834
399.2858	218.5834
399.2858	219.0953
400.3096	219.0953
400.3096	219.6072
401.3334	219.6072
401.3334	220.1191
401.8453	220.1191
401.8453	220.6310
402.8691	220.6310
402.8691	221.1429
403.3810	221.1429
403.3810	221.6548
404.4048	221.6548
404.4048	222.1667
404.9167	222.1667
404.9167	222.6786
405.4286	222.6786
405.4286	223.1905
405.9406	223.1905
405.9406	223.7024
406.4525	223.7024
406.4525	224.2143
406.9644	224.2143
406.9644	224.7262
407.4763	224.7262
407.4763	225.2381
407.9882	225.2381
407.9882	225.7500
408.5001	225.7500
408.5001	226.2619
409.0120	226.2619
409.0120	226.7739
410.0358	226.7739
410.0358	227.2858
410.5477	227.2858
410.5477	227.7977
411.0596	227.7977
411.0596	228.3096
411.5715	228.3096
411.5715	228.8215
412.0834	228.8215
412.0834	229.3334
412.5953	229.3334
412.5953	229.8453
413.1072	229.8453
413.1072	230.3572
413.6191	230.3572
413.6191	230.8691
414.1310	230.8691
414.1310	231.3810
414.6429	231.3810
414.6429	231.8929
415.1548	231.8929
415.1548	232.4048
415.6667	232.4048
415.6667	232.9167
416.1787	232.9167
416.1787	233.4286
416.6906	233.4286
416.6906	233.9405
417.2025	233.9405
417.2025	234.4524
417.7144	234.4524
417.7144	234.9643
418.2263	234.9643
418.2263	235.9881
418.7382	235.9881
418.7382	236.5000
419.2501	236.5000
419.2501	237.5239
419.7620	237.5239
419.7620	238.0358
420.2739	238.0358
420.2739	239.0596
420.7858	239.0596
420.7858	240.0834
421.2977	240.0834
421.2977	241.1072
421.8096	241.1072
421.8096	242.1310
422.3215	242.1310
422.3215	243.1548
422.8334	243.1548
422.8334	243.6667
423.3453	243.6667
423.3453	244.1786
423.8572	244.1786
423.8572	244.6905
424.3691	244.6905
424.3691	245.2024
424.8810	245.2024
424.8810	245.7143
425.3929	245.7143
425.3929	247.2500
425.9048	247.2500
425.9048	248.2739
426.4167	248.2739
426.4167	249.2977
426.9287	249.2977
426.9287	250.3215
427.4406	250.3215
427.4406	251.3453
427.9525	251.3453
427.9525	251.8572
428.4644	251.8572
428.4644	252.8810
428.9763	252.8810
428.9763	253.9048
429.4882	253.9048
429.4882	254.4167
430.0001	254.4167
430.0001	255.4405
430.5120	255.4405
430.5120	258.5120
430.0001	258.5120
430.0001	261.5834
430.5120	261.5834
430.5120	264.1429
431.0239	264.1429
431.0239	265.6786
431.5358	265.6786
431.5358	269.2620
432.0477	269.2620
432.0477	273.8691
432.5596	273.8691
432.5596	276.9405
432.0477	276.9405
432.0477	277.9643
431.5358	277.9643
431.5358	278.9881
431.0239	278.9881
431.0239	280.0120
430.5120	280.0120
430.5120	281.0358
429.4882	281.0358
429.4882	281.5477
428.9763	281.5477
428.9763	282.0596
428.4644	282.0596
428.4644	282.5715
427.9525	282.5715
427.9525	283.0834
427.4406	283.0834
427.4406	283.5953
426.9287	283.5953
426.9287	284.1072
426.4167	284.1072
426.4167	285.1310
425.9048	285.1310
425.9048	286.1548
425.3929	286.1548
425.3929	288.2024
424.8810	288.2024
424.8810	289.7382
421.8096	289.7382
421.8096	290.2501
419.2501	290.2501
419.2501	290.7620
416.1787	290.7620
416.1787	291.2739
413.6191	291.2739
413.6191	291.7858
412.5953	291.7858
412.5953	292.2977
410.0358	292.2977
410.0358	292.8096
407.9882	292.8096
407.9882	293.3215
406.9644	293.3215
406.9644	293.8334
405.9406	293.8334
405.9406	294.3453
405.4286	294.3453
405.4286	294.8572
404.9167	294.8572
404.9167	295.3691
404.4048	295.3691
404.4048	295.8810
403.8929	295.8810
403.8929	296.3929
403.3810	296.3929
403.3810	296.9048
402.8691	296.9048
402.8691	297.4167
402.3572	297.4167
402.3572	297.9286
399.7977	297.9286
399.7977	297.4167
396.7263	297.4167
396.7263	297.9286
394.1667	297.9286
394.1667	298.4405
393.1429	298.4405
393.1429	298.9524
392.1191	298.9524
392.1191	299.4643
391.0953	299.4643
391.0953	299.9762
390.5834	299.9762
390.5834	300.4882
389.5596	300.4882
389.5596	301.0001
389.0477	301.0001
389.0477	301.5120
387.5120	301.5120
387.5120	302.0239
386.4882	302.0239
386.4882	302.5358
385.4644	302.5358
385.4644	303.0477
379.3215	303.0477
379.3215	303.5596
377.2739	303.5596
377.2739	303.0477
374.7144	303.0477
374.7144	303.5596
373.1786	303.5596
373.1786	303.0477
364.9882	303.0477
364.9882	303.5596
362.4286	303.5596
362.4286	304.0715
359.8691	304.0715
359.8691	304.5834
358.3334	304.5834
358.3334	305.0953
357.3096	305.0953
357.3096	305.6072
356.2858	305.6072
356.2858	306.1191
355.7739	306.1191
355.7739	306.6310
355.2620	306.6310
355.2620	307.1429
353.7263	307.1429
353.7263	307.6548
352.7024	307.6548
352.7024	308.1667
350.1429	308.1667
350.1429	308.6786
347.5834	308.6786
347.5834	309.1905
346.5596	309.1905
346.5596	309.7024
345.5358	309.7024
345.5358	310.2143
345.0239	310.2143
345.0239	310.7262
344.0001	310.7262
344.0001	311.2382
342.9763	311.2382
342.9763	311.7501
341.9524	311.7501
341.9524	312.2620
341.4405	312.2620
341.4405	312.7739
340.4167	312.7739
340.4167	313.2858
339.3929	313.2858
339.3929	313.7977
338.3691	313.7977
338.3691	314.3096
335.8096	314.3096
335.8096	314.8215
333.7620	314.8215
333.7620	315.3334
332.7382	315.3334
332.7382	315.8453
331.2024	315.8453
331.2024	316.3572
330.1786	316.3572
330.1786	316.8691
329.1548	316.8691
329.1548	317.3810
326.5953	317.3810
326.5953	317.8929
325.0596	317.8929
325.0596	318.4048
320.4524	318.4048
320.4524	318.9167
316.8691	318.9167
316.8691	319.4286
316.3572	319.4286
316.3572	318.9167
314.8215	318.9167
314.8215	318.4048
312.2620	318.4048
312.2620	317.8929
306.6310	317.8929
306.6310	317.3810
304.5834	317.3810
304.5834	316.8691
303.5596	316.8691
303.5596	316.3572
301.0001	316.3572
301.0001	315.8453
295.8810	315.8453
295.8810	315.3334
295.3691	315.3334
295.3691	314.8215
294.8572	314.8215
294.8572	314.3096
293.8334	314.3096
293.8334	313.7977
293.3215	313.7977
293.3215	313.2858
292.8096	313.2858
292.8096	312.7739
292.2977	312.7739
292.2977	312.2620
291.7858	312.2620
291.7858	311.7501
291.2739	311.7501
291.2739	311.2382
290.2501	311.2382
290.2501	310.7262
289.2262	310.7262
289.2262	310.2143
288.7143	310.2143
288.7143	307.6548
288.2024	307.6548
288.2024	305.0953
287.6905	305.0953
287.6905	304.0715
287.1786	304.0715
287.1786	303.0477
286.6667	303.0477
286.6667	302.5358
286.1548	302.5358
286.1548	301.5120
285.6429	301.5120
285.6429	299.4643
285.1310	299.4643
285.1310	298.4405
284.6191	298.4405
284.6191	297.4167
284.1072	297.4167
284.1072	296.9048
283.5953	296.9048
283.5953	294.3453
283.0834	294.3453
283.0834	293.3215
282.5715	293.3215
282.5715	290.2501
283.0834	290.2501
283.0834	288.2024
283.5953	288.2024
283.5953	285.6429
284.1072	285.6429
284.1072	281.5477
283.5953	281.5477
283.5953	280.5239
284.1072	280.5239
284.1072	279.5001
284.6191	279.5001
284.6191	278.4762
285.1310	278.4762
285.1310	277.4524
285.6429	277.4524
285.6429	276.4286
286.1548	276.4286
286.1548	275.4048
286.6667	275.4048
286.6667	272.8453
287.1786	272.8453
287.1786	271.8215
287.6905	271.8215
287.6905	269.2620
288.2024	269.2620
288.2024	265.6786
287.6905	265.6786
287.6905	265.1667
288.2024	265.1667
288.2024	259.5358
288.7143	259.5358
288.7143	259.0239
290.7620	259.0239
290.7620	258.5120
291.7858	258.5120
291.7858	258.0000
292.8096	258.0000
292.8096	257.4881
293.3215	257.4881
293.3215	256.9762
293.8334	256.9762
293.8334	256.4643
294.3453	256.4643
294.3453	255.9524
294.8572	255.9524
294.8572	255.4405
295.3691	255.4405
295.3691	254.9286
296.3929	254.9286
296.3929	254.4167
297.4167	254.4167
297.4167	253.9048
297.9286	253.9048
297.9286	253.3929
298.4405	253.3929
298.4405	252.8810
298.9524	252.8810
298.9524	252.3691
299.4643	252.3691
299.4643	251.8572
299.9762	251.8572
299.9762	251.3453
300.4882	251.3453
300.4882	250.8334
301.0001	250.8334
301.0001	250.3215
301.5120	250.3215
301.5120	249.2977
302.0239	249.2977
302.0239	248.2739
302.5358	248.2739
302.5358	247.2500
303.0477	247.2500
303.0477	246.7381
304.0715	246.7381
304.0715	246.2262
305.0953	246.2262
305.0953	245.7143
306.1191	245.7143
306.1191	245.2024
306.6310	245.2024
306.6310	244.6905
307.1429	244.6905
307.1429	244.1786
307.6548	244.1786
307.6548	243.6667
308.1667	243.6667
308.1667	243.1548
308.6786	243.1548
308.6786	242.1310
309.1905	242.1310
309.1905	241.1072
309.7024	241.1072
309.7024	240.5953
310.7262	240.5953
310.7262	240.0834
311.7501	240.0834
311.7501	239.5715
312.2620	239.5715
312.2620	239.0596
312.7739	239.0596
312.7739	238.5477
313.2858	238.5477
313.2858	238.0358
313.7977	238.0358
313.7977	237.5239
314.3096	237.5239
314.3096	237.0119
314.8215	237.0119
314.8215	236.5000
315.8453	236.5000
315.8453	235.9881
316.3572	235.9881
316.3572	235.4762
316.8691	235.4762
316.8691	234.9643
317.8929	234.9643
317.8929	234.4524
318.9167	234.4524
318.9167	233.9405
319.4286	233.9405
319.4286	233.4286
319.9405	233.4286
319.9405	232.9167
320.4524	232.9167
320.4524	232.4048
320.9643	232.4048
320.9643	231.8929
321.4763	231.8929
321.4763	231.3810
321.9882	231.3810
321.9882	230.3572
322.5001	230.3572
322.5001	229.8453
328.6429	229.8453
328.6429	229.3334
331.2024	229.3334
331.2024	228.8215
332.7382	228.8215
332.7382	228.3096
333.7620	228.3096
333.7620	227.7977
334.7858	227.7977
334.7858	227.2858
335.8096	227.2858
335.8096	226.7739
336.8334	226.7739
336.8334	226.2619
337.3453	226.2619
337.3453	225.7500
337.8572	225.7500
337.8572	225.2381
338.3691	225.2381
338.3691	224.7262
338.8810	224.7262
338.8810	224.2143
339.3929	224.2143
339.3929	223.7024
340.4167	223.7024
340.4167	223.1905
342.9763	223.1905
342.9763	222.6786
346.5596	222.6786
346.5596	222.1667
349.1191	222.1667
349.1191	221.6548
351.6786	221.6548
351.6786	221.1429
353.7263	221.1429
353.7263	220.6310
354.7501	220.6310
354.7501	220.1191
356.2858	220.1191
356.2858	219.6072
357.3096	219.6072
357.3096	219.0953
358.3334	219.0953
358.3334	218.5834
358.8453	218.5834
358.8453	218.0715
359.3572	218.0715
359.3572	217.5596
359.8691	217.5596
359.8691	217.0477
360.3810	217.0477
360.3810	216.5358
360.8929	216.5358
360.8929	216.0239
361.4048	216.0239
361.4048	215.5119
363.4525	215.5119
