375.7382	211.9286
376.7620	211.9286
376.7620	212.4405
377.7858	212.4405
377.7858	212.9524
380.3453	212.9524
380.3453	213.4643
383.9286	213.4643
383.9286	212.9524
385.9763	212.9524
385.9763	213.4643
389.5596	213.4643
389.5596	213.9762
391.0953	213.9762
391.0953	214.4881
392.1191	214.4881
392.1191	215.0000
393.6548	215.0000
393.6548	215.5119
394.1667	215.5119
394.1667	216.0239
395.1906	216.0239
395.1906	216.5358
396.2144	216.5358
396.2144	217.0477
398.2620	217.0477
398.2620	217.5596
400.8215	217.5596
400.8215	218.0715
402.3572	218.0715
402.3572	218.5834
403.3810	218.5834
403.3810	219.0953
404.4048	219.0953
404.4048	219.6072
404.9167	219.6072
404.9167	220.1191
405.4286	220.1191
405.4286	220.6310
406.4525	220.6310
406.4525	221.1429
407.4763	221.1429
407.4763	221.6548
408.5001	221.6548
408.5001	222.1667
410.0358	222.1667
410.0358	222.6786
410.5477	222.6786
410.5477	223.1905
411.5715	223.1905
411.5715	223.7024
412.5953	223.7024
412.5953	224.2143
414.6429	224.2143
414.6429	224.7262
415.6667	224.7262
415.6667	225.2381
416.1787	225.2381
416.1787	225.7500
417.2025	225.7500
417.2025	226.2619
418.2263	226.2619
418.2263	226.7739
419.2501	226.7739
419.2501	227.2858
419.7620	227.2858
419.7620	227.7977
420.2739	227.7977
420.2739	228.8215
420.7858	228.8215
420.7858	229.8453
421.2977	229.8453
421.2977	230.8691
421.8096	230.8691
421.8096	231.8929
422.3215	231.8929
422.3215	232.9167
422.8334	232.9167
422.8334	233.4286
423.3453	233.4286
423.3453	234.4524
423.8572	234.4524
423.8572	235.4762
424.3691	235.4762
424.3691	237.0119
424.8810	237.0119
424.8810	239.0596
425.3929	239.0596
425.3929	241.6191
425.9048	241.6191
425.9048	242.6429
426.4167	242.6429
426.4167	243.6667
426.9287	243.6667
426.9287	244.1786
427.4406	244.1786
427.4406	246.7381
427.9525	246.7381
427.9525	248.7858
428.4644	248.7858
428.4644	251.3453
428.9763	251.3453
428.9763	252.3691
429.4882	252.3691
429.4882	253.3929
430.0001	253.3929
430.0001	256.4643
429.4882	256.4643
429.4882	263.1191
430.0001	263.1191
430.0001	266.7024
429.4882	266.7024
429.4882	269.2620
428.9763	269.2620
428.9763	272.3334
428.4644	272.3334
428.4644	273.3572
427.9525	273.3572
427.9525	273.8691
427.4406	273.8691
427.4406	274.8929
426.9287	274.8929
426.9287	275.9167
426.4167	275.9167
426.4167	276.9405
425.9048	276.9405
425.9048	278.9881
425.3929	278.9881
425.3929	280.0120
424.8810	280.0120
424.8810	281.0358
424.3691	281.0358
424.3691	282.0596
423.8572	282.0596
423.8572	283.0834
423.3453	283.0834
423.3453	285.6429
422.8334	285.6429
422.8334	289.7382
422.3215	289.7382
422.3215	290.2501
421.8096	290.2501
421.8096	289.7382
416.6906	289.7382
416.6906	290.2501
414.1310	290.2501
414.1310	290.7620
413.1072	290.7620
413.1072	291.2739
412.0834	291.2739
412.0834	291.7858
411.5715	291.7858
411.5715	292.2977
411.0596	292.2977
411.0596	292.8096
410.5477	292.8096
410.5477	293.3215
410.0358	293.3215
410.0358	293.8334
409.5239	293.8334
409.5239	294.3453
409.0120	294.3453
409.0120	294.8572
408.5001	294.8572
408.5001	295.8810
407.9882	295.8810
407.9882	296.3929
407.4763	296.3929
407.4763	296.9048
406.9644	296.9048
406.9644	297.4167
406.4525	297.4167
406.4525	297.9286
405.9406	297.9286
405.9406	298.4405
405.4286	298.4405
405.4286	299.4643
404.9167	299.4643
404.9167	299.9762
403.8929	299.9762
403.8929	300.4882
400.8215	300.4882
400.8215	299.9762
398.2620	299.9762
398.2620	299.4643
395.1906	299.4643
395.1906	299.9762
392.6310	299.9762
392.6310	300.4882
391.6072	300.4882
391.6072	301.0001
390.5834	301.0001
390.5834	301.5120
390.0715	301.5120
390.0715	302.0239
389.5596	302.0239
389.5596	302.5358
389.0477	302.5358
389.0477	303.0477
379.3215	303.0477
379.3215	303.5596
370.6191	303.5596
370.6191	304.0715
368.0596	304.0715
368.0596	304.5834
367.0358	304.5834
367.0358	305.0953
366.0120	305.0953
366.0120	305.6072
364.9882	305.6072
364.9882	306.1191
364.4763	306.1191
364.4763	306.6310
363.9644	306.6310
363.9644	307.1429
363.4525	307.1429
363.4525	307.6548
362.9405	307.6548
362.9405	308.1667
362.4286	308.1667
362.4286	308.6786
361.9167	308.6786
361.9167	309.1905
356.7977	309.1905
356.7977	309.7024
354.2382	309.7024
354.2382	310.2143
351.6786	310.2143
351.6786	310.7262
349.1191	310.7262
349.1191	311.2382
348.0953	311.2382
348.0953	311.7501
346.0477	311.7501
346.0477	312.2620
345.0239	312.2620
345.0239	312.7739
344.0001	312.7739
344.0001	313.2858
343.4882	313.2858
343.4882	312.7739
340.4167	312.7739
340.4167	313.2858
337.8572	313.2858
337.8572	313.7977
336.8334	313.7977
336.8334	314.3096
335.8096	314.3096
335.8096	314.8215
335.2977	314.8215
335.2977	315.3334
334.7858	315.3334
334.7858	315.8453
334.2739	315.8453
334.2739	316.3572
333.7620	316.3572
333.7620	316.8691
333.2501	316.8691
333.2501	317.3810
332.7382	317.3810
332.7382	317.8929
332.2263	317.8929
332.2263	318.4048
331.7143	318.4048
331.7143	318.9167
331.2024	318.9167
331.2024	319.4286
330.6905	319.4286
330.6905	320.4524
329.1548	320.4524
329.1548	320.9643
328.6429	320.9643
328.6429	320.4524
323.0120	320.4524
323.0120	319.9405
316.8691	319.9405
316.8691	319.4286
314.3096	319.4286
314.3096	318.9167
313.2858	318.9167
313.2858	318.4048
312.2620	318.4048
312.2620	317.8929
309.7024	317.8929
309.7024	317.3810
303.5596	317.3810
303.5596	316.8691
299.9762	316.8691
299.9762	317.3810
298.9524	317.3810
298.9524	316.8691
297.9286	316.8691
297.9286	316.3572
297.4167	316.3572
297.4167	315.8453
296.9048	315.8453
296.9048	315.3334
296.3929	315.3334
296.3929	314.8215
295.8810	314.8215
295.8810	314.3096
295.3691	314.3096
295.3691	313.7977
294.3453	313.7977
294.3453	313.2858
293.8334	313.2858
293.8334	312.2620
293.3215	312.2620
293.3215	311.7501
292.8096	311.7501
292.8096	311.2382
292.2977	311.2382
292.2977	310.7262
291.7858	310.7262
291.7858	310.2143
291.2739	310.2143
291.2739	309.7024
290.2501	309.7024
290.2501	309.1905
289.2262	309.1905
289.2262	308.6786
288.2024	308.6786
288.2024	308.1667
287.6905	308.1667
287.6905	307.1429
287.1786	307.1429
287.1786	306.6310
286.6667	306.6310
286.6667	306.1191
286.1548	306.1191
286.1548	305.6072
285.6429	305.6072
285.6429	305.0953
285.1310	305.0953
285.1310	304.5834
284.6191	304.5834
284.6191	304.0715
284.1072	304.0715
284.1072	303.5596
283.5953	303.5596
283.5953	303.0477
283.0834	303.0477
283.0834	302.5358
282.5715	302.5358
282.5715	302.0239
282.0596	302.0239
282.0596	301.0001
281.5477	301.0001
281.5477	300.4882
281.0358	300.4882
281.0358	299.4643
280.5239	299.4643
280.5239	298.9524
280.0120	298.9524
280.0120	297.9286
279.5001	297.9286
279.5001	296.9048
278.9881	296.9048
278.9881	295.8810
278.4762	295.8810
278.4762	295.3691
277.9643	295.3691
277.9643	290.7620
277.4524	290.7620
277.4524	282.5715
276.9405	282.5715
276.9405	276.9405
277.4524	276.9405
277.4524	276.4286
277.9643	276.4286
277.9643	275.9167
278.4762	275.9167
278.4762	274.8929
278.9881	274.8929
278.9881	273.8691
279.5001	273.8691
279.5001	271.8215
280.0120	271.8215
280.0120	269.2620
281.0358	269.2620
281.0358	268.7501
281.5477	268.7501
281.5477	268.2381
282.0596	268.2381
282.0596	267.7262
282.5715	267.7262
282.5715	267.2143
283.0834	267.2143
283.0834	266.7024
283.5953	266.7024
283.5953	265.6786
284.1072	265.6786
284.1072	264.6548
284.6191	264.6548
284.6191	262.0953
285.1310	262.0953
285.1310	259.0239
285.6429	259.0239
285.6429	258.5120
287.1786	258.5120
287.1786	258.0000
288.2024	258.0000
288.2024	257.4881
289.2262	257.4881
289.2262	256.9762
289.7382	256.9762
289.7382	256.4643
290.2501	256.4643
290.2501	255.9524
290.7620	255.9524
290.7620	255.4405
291.2739	255.4405
291.2739	254.9286
291.7858	254.9286
291.7858	253.9048
292.8096	253.9048
292.8096	253.3929
293.3215	253.3929
293.3215	252.8810
293.8334	252.8810
293.8334	252.3691
294.3453	252.3691
294.3453	251.8572
294.8572	251.8572
294.8572	251.3453
295.3691	251.3453
295.3691	250.8334
296.3929	250.8334
296.3929	250.3215
297.4167	250.3215
297.4167	249.8096
298.4405	249.8096
298.4405	249.2977
298.9524	249.2977
298.9524	248.7858
299.4643	248.7858
299.4643	248.2739
299.9762	248.2739
299.9762	247.7620
300.4882	247.7620
300.4882	247.2500
301.0001	247.2500
301.0001	246.7381
301.5120	246.7381
301.5120	246.2262
302.0239	246.2262
302.0239	245.7143
302.5358	245.7143
302.5358	245.2024
303.5596	245.2024
303.5596	244.6905
304.5834	244.6905
304.5834	244.1786
305.0953	244.1786
305.0953	243.6667
305.6072	243.6667
305.6072	243.1548
306.1191	243.1548
306.1191	242.6429
306.6310	242.6429
306.6310	242.1310
307.1429	242.1310
307.1429	241.6191
307.6548	241.6191
307.6548	240.5953
308.6786	240.5953
308.6786	240.0834
309.7024	240.0834
309.7024	239.5715
310.2143	239.5715
310.2143	239.0596
310.7262	239.0596
310.7262	238.5477
311.2382	238.5477
311.2382	238.0358
311.7501	238.0358
311.7501	237.5239
312.2620	237.5239
312.2620	236.5000
312.7739	236.5000
312.7739	235.9881
313.2858	235.9881
313.2858	235.4762
313.7977	235.4762
313.7977	234.9643
314.3096	234.9643
314.3096	234.4524
314.8215	234.4524
314.8215	233.4286
315.3334	233.4286
315.3334	232.4048
315.8453	232.4048
315.8453	229.8453
316.3572	229.8453
316.3572	224.7262
315.8453	224.7262
315.8453	224.2143
316.3572	224.2143
316.3572	223.7024
317.3810	223.7024
317.3810	224.2143
318.4048	224.2143
318.4048	224.7262
319.4286	224.7262
319.4286	225.2381
320.4524	225.2381
320.4524	225.7500
321.4763	225.7500
321.4763	226.2619
324.0358	226.2619
324.0358	226.7739
327.6191	226.7739
327.6191	226.2619
332.7382	226.2619
332.7382	225.7500
335.2977	225.7500
335.2977	225.2381
337.8572	225.2381
337.8572	224.7262
341.9524	224.7262
341.9524	224.2143
344.5120	224.2143
344.5120	223.7024
346.5596	223.7024
346.5596	223.1905
348.0953	223.1905
348.0953	222.6786
349.1191	222.6786
349.1191	222.1667
350.1429	222.1667
350.1429	221.6548
352.1905	221.6548
352.1905	221.1429
353.7263	221.1429
353.7263	220.6310
354.7501	220.6310
354.7501	220.1191
355.7739	220.1191
355.7739	219.6072
356.2858	219.6072
356.2858	219.0953
356.7977	219.0953
356.7977	218.5834
357.3096	218.5834
357.3096	218.0715
357.8215	218.0715
357.8215	217.5596
358.3334	217.5596
358.3334	217.0477
358.8453	217.0477
358.8453	216.5358
361.4048	216.5358
361.4048	216.0239
362.4286	216.0239
362.4286	215.5119
363.4525	215.5119
363.4525	215.0000
366.0120	215.0000
366.0120	214.4881
368.5715	214.4881
368.5715	213.9762
370.6191	213.9762
370.6191	213.4643
371.6429	213.4643
371.6429	212.9524
372.6667	212.9524
372.6667	212.4405
373.1786	212.4405
373.1786	211.9286
373.6905	211.9286
373.6905	211.4167
375.7382	211.4167
