386.4882	203.2262
388.5358	203.2262
388.5358	203.7381
391.0953	203.7381
391.0953	204.2500
393.6548	204.2500
393.6548	204.7619
399.7977	204.7619
399.7977	205.2738
401.8453	205.2738
401.8453	205.7858
404.4048	205.7858
404.4048	206.2977
405.4286	206.2977
405.4286	206.8096
406.9644	206.8096
406.9644	207.3215
407.4763	207.3215
407.4763	207.8334
408.5001	207.8334
408.5001	208.3453
409.5239	208.3453
409.5239	208.8572
410.0358	208.8572
410.0358	209.3691
411.0596	209.3691
411.0596	209.8810
411.5715	209.8810
411.5715	210.3929
412.5953	210.3929
412.5953	210.9048
413.6191	210.9048
413.6191	211.4167
414.1310	211.4167
414.1310	211.9286
415.1548	211.9286
415.1548	212.4405
416.1787	212.4405
416.1787	212.9524
416.6906	212.9524
416.6906	213.4643
417.2025	213.4643
417.2025	213.9762
417.7144	213.9762
417.7144	214.4881
418.7382	214.4881
418.7382	215.0000
419.2501	215.0000
419.2501	215.5119
420.2739	215.5119
420.2739	216.0239
420.7858	216.0239
420.7858	216.5358
421.2977	216.5358
421.2977	217.0477
422.3215	217.0477
422.3215	217.5596
422.8334	217.5596
422.8334	218.0715
423.3453	218.0715
423.3453	218.5834
423.8572	218.5834
423.8572	219.0953
424.3691	219.0953
424.3691	219.6072
424.8810	219.6072
424.8810	220.6310
425.3929	220.6310
425.3929	221.1429
425.9048	221.1429
425.9048	221.6548
426.4167	221.6548
426.4167	222.1667
426.9287	222.1667
426.9287	222.6786
427.4406	222.6786
427.4406	223.7024
427.9525	223.7024
427.9525	224.7262
428.4644	224.7262
428.4644	225.7500
428.9763	225.7500
428.9763	226.7739
429.4882	226.7739
429.4882	227.7977
430.0001	227.7977
430.0001	229.3334
430.5120	229.3334
430.5120	230.3572
431.0239	230.3572
431.0239	231.3810
431.5358	231.3810
431.5358	232.4048
432.0477	232.4048
432.0477	233.4286
432.5596	233.4286
432.5596	234.4524
433.0715	234.4524
433.0715	236.5000
433.5834	236.5000
433.5834	238.0358
434.0953	238.0358
434.0953	243.1548
433.5834	243.1548
433.5834	246.7381
434.0953	246.7381
434.0953	249.2977
434.6072	249.2977
434.6072	250.3215
435.1191	250.3215
435.1191	251.3453
435.6310	251.3453
435.6310	253.9048
435.1191	253.9048
435.1191	256.4643
434.6072	256.4643
434.6072	262.0953
434.0953	262.0953
434.0953	265.6786
433.5834	265.6786
433.5834	267.2143
433.0715	267.2143
433.0715	269.7739
432.5596	269.7739
432.5596	270.7977
432.0477	270.7977
432.0477	271.8215
431.5358	271.8215
431.5358	272.8453
431.0239	272.8453
431.0239	273.3572
430.5120	273.3572
430.5120	273.8691
430.0001	273.8691
430.0001	274.3810
429.4882	274.3810
429.4882	274.8929
428.9763	274.8929
428.9763	275.4048
428.4644	275.4048
428.4644	275.9167
427.9525	275.9167
427.9525	276.4286
427.4406	276.4286
427.4406	276.9405
426.9287	276.9405
426.9287	277.9643
426.4167	277.9643
426.4167	278.9881
425.9048	278.9881
425.9048	279.5001
424.8810	279.5001
424.8810	280.0120
423.8572	280.0120
423.8572	280.5239
423.3453	280.5239
423.3453	281.0358
422.8334	281.0358
422.8334	281.5477
422.3215	281.5477
422.3215	282.0596
421.8096	282.0596
421.8096	282.5715
421.2977	282.5715
421.2977	283.5953
420.7858	283.5953
420.7858	284.1072
420.2739	284.1072
420.2739	284.6191
419.7620	284.6191
419.7620	285.1310
419.2501	285.1310
419.2501	286.1548
418.7382	286.1548
418.7382	287.1786
418.2263	287.1786
418.2263	287.6905
417.7144	287.6905
417.7144	288.2024
417.2025	288.2024
417.2025	288.7143
416.1787	288.7143
416.1787	289.2262
415.6667	289.2262
415.6667	289.7382
415.1548	289.7382
415.1548	290.2501
414.6429	290.2501
414.6429	290.7620
414.1310	290.7620
414.1310	291.2739
413.6191	291.2739
413.6191	291.7858
413.1072	291.7858
413.1072	292.2977
412.5953	292.2977
412.5953	292.8096
412.0834	292.8096
412.0834	293.3215
411.5715	293.3215
411.5715	293.8334
410.5477	293.8334
410.5477	294.3453
409.5239	294.3453
409.5239	294.8572
408.5001	294.8572
408.5001	295.3691
407.9882	295.3691
407.9882	295.8810
406.9644	295.8810
406.9644	296.3929
406.4525	296.3929
406.4525	296.9048
405.9406	296.9048
405.9406	297.4167
404.9167	297.4167
404.9167	297.9286
403.8929	297.9286
403.8929	298.4405
403.3810	298.4405
403.3810	298.9524
402.8691	298.9524
402.8691	299.4643
402.3572	299.4643
402.3572	299.9762
401.8453	299.9762
401.8453	300.4882
401.3334	300.4882
401.3334	301.0001
400.8215	301.0001
400.8215	301.5120
400.3096	301.5120
400.3096	302.5358
399.7977	302.5358
399.7977	303.0477
399.2858	303.0477
399.2858	303.5596
398.7739	303.5596
398.7739	304.0715
398.2620	304.0715
398.2620	304.5834
396.2144	304.5834
396.2144	305.0953
393.6548	305.0953
393.6548	305.6072
391.6072	305.6072
391.6072	306.1191
390.5834	306.1191
390.5834	306.6310
389.5596	306.6310
389.5596	307.1429
388.5358	307.1429
388.5358	307.6548
387.5120	307.6548
387.5120	308.1667
386.4882	308.1667
386.4882	308.6786
385.4644	308.6786
385.4644	309.1905
384.4405	309.1905
384.4405	309.7024
383.9286	309.7024
383.9286	310.2143
383.4167	310.2143
383.4167	310.7262
382.9048	310.7262
382.9048	311.2382
382.3929	311.2382
382.3929	311.7501
381.8810	311.7501
381.8810	312.7739
381.3691	312.7739
381.3691	313.2858
380.8572	313.2858
380.8572	313.7977
380.3453	313.7977
380.3453	314.3096
379.8334	314.3096
379.8334	314.8215
379.3215	314.8215
379.3215	315.3334
378.2977	315.3334
378.2977	315.8453
377.2739	315.8453
377.2739	316.3572
376.7620	316.3572
376.7620	316.8691
374.2025	316.8691
374.2025	317.3810
373.1786	317.3810
373.1786	317.8929
372.6667	317.8929
372.6667	317.3810
367.0358	317.3810
367.0358	317.8929
364.4763	317.8929
364.4763	318.4048
362.9405	318.4048
362.9405	318.9167
358.3334	318.9167
358.3334	319.4286
355.7739	319.4286
355.7739	319.9405
352.1905	319.9405
352.1905	319.4286
345.0239	319.4286
345.0239	319.9405
342.4644	319.9405
342.4644	320.4524
339.9048	320.4524
339.9048	320.9643
338.8810	320.9643
338.8810	321.4763
337.8572	321.4763
337.8572	321.9882
337.3453	321.9882
337.3453	322.5001
335.8096	322.5001
335.8096	321.9882
331.7143	321.9882
331.7143	322.5001
329.1548	322.5001
329.1548	323.0120
328.1310	323.0120
328.1310	323.5239
327.1072	323.5239
327.1072	323.0120
325.5715	323.0120
325.5715	322.5001
323.0120	322.5001
323.0120	321.9882
319.9405	321.9882
319.9405	321.4763
318.9167	321.4763
318.9167	320.9643
317.8929	320.9643
317.8929	320.4524
315.8453	320.4524
315.8453	319.9405
313.2858	319.9405
313.2858	319.4286
312.7739	319.4286
312.7739	318.9167
311.7501	318.9167
311.7501	318.4048
310.7262	318.4048
310.7262	317.8929
309.7024	317.8929
309.7024	317.3810
307.6548	317.3810
307.6548	316.8691
307.1429	316.8691
307.1429	316.3572
306.1191	316.3572
306.1191	315.8453
305.0953	315.8453
305.0953	315.3334
304.5834	315.3334
304.5834	314.8215
304.0715	314.8215
304.0715	314.3096
303.5596	314.3096
303.5596	313.7977
302.5358	313.7977
302.5358	313.2858
301.5120	313.2858
301.5120	312.7739
300.4882	312.7739
300.4882	312.2620
297.9286	312.2620
297.9286	311.7501
295.3691	311.7501
295.3691	311.2382
294.3453	311.2382
294.3453	310.7262
293.8334	310.7262
293.8334	310.2143
292.8096	310.2143
292.8096	309.7024
292.2977	309.7024
292.2977	308.6786
291.7858	308.6786
291.7858	308.1667
291.2739	308.1667
291.2739	307.6548
290.7620	307.6548
290.7620	307.1429
290.2501	307.1429
290.2501	306.6310
289.7382	306.6310
289.7382	306.1191
289.2262	306.1191
289.2262	305.0953
288.7143	305.0953
288.7143	304.5834
288.2024	304.5834
288.2024	304.0715
287.6905	304.0715
287.6905	303.5596
287.1786	303.5596
287.1786	303.0477
286.6667	303.0477
286.6667	302.5358
286.1548	302.5358
286.1548	302.0239
285.6429	302.0239
285.6429	301.5120
284.6191	301.5120
284.6191	301.0001
284.1072	301.0001
284.1072	300.4882
283.0834	300.4882
283.0834	299.9762
282.5715	299.9762
282.5715	299.4643
282.0596	299.4643
282.0596	298.4405
281.5477	298.4405
281.5477	297.9286
281.0358	297.9286
281.0358	297.4167
280.5239	297.4167
280.5239	296.9048
280.0120	296.9048
280.0120	296.3929
279.5001	296.3929
279.5001	295.8810
278.9881	295.8810
278.9881	295.3691
278.4762	295.3691
278.4762	294.3453
277.9643	294.3453
277.9643	293.3215
277.4524	293.3215
277.4524	292.2977
276.9405	292.2977
276.9405	291.7858
276.4286	291.7858
276.4286	291.2739
275.9167	291.2739
275.9167	290.7620
275.4048	290.7620
275.4048	288.7143
274.8929	288.7143
274.8929	287.6905
274.3810	287.6905
274.3810	286.6667
273.8691	286.6667
273.8691	284.1072
273.3572	284.1072
273.3572	282.0596
272.8453	282.0596
272.8453	280.0120
272.3334	280.0120
272.3334	277.4524
271.8215	277.4524
271.8215	275.4048
272.3334	275.4048
272.3334	272.8453
272.8453	272.8453
272.8453	272.3334
275.4048	272.3334
275.4048	271.8215
276.4286	271.8215
276.4286	271.3096
277.4524	271.3096
277.4524	270.7977
277.9643	270.7977
277.9643	270.2858
278.4762	270.2858
278.4762	269.7739
278.9881	269.7739
278.9881	269.2620
279.5001	269.2620
279.5001	268.7501
280.0120	268.7501
280.0120	268.2381
280.5239	268.2381
280.5239	267.2143
281.0358	267.2143
281.0358	266.1905
281.5477	266.1905
281.5477	263.6310
282.0596	263.6310
282.0596	261.0715
281.5477	261.0715
281.5477	258.5120
281.0358	258.5120
281.0358	257.4881
280.5239	257.4881
280.5239	256.4643
280.0120	256.4643
280.0120	255.9524
279.5001	255.9524
279.5001	255.4405
278.9881	255.4405
278.9881	254.9286
278.4762	254.9286
278.4762	254.4167
277.9643	254.4167
277.9643	253.9048
277.4524	253.9048
277.4524	249.8096
278.4762	249.8096
278.4762	249.2977
278.9881	249.2977
278.9881	248.7858
279.5001	248.7858
279.5001	248.2739
280.0120	248.2739
280.0120	247.7620
280.5239	247.7620
280.5239	247.2500
281.0358	247.2500
281.0358	246.7381
282.0596	246.7381
282.0596	246.2262
282.5715	246.2262
282.5715	245.7143
283.5953	245.7143
283.5953	245.2024
284.6191	245.2024
284.6191	244.6905
285.1310	244.6905
285.1310	244.1786
285.6429	244.1786
285.6429	243.6667
286.1548	243.6667
286.1548	243.1548
288.2024	243.1548
288.2024	242.6429
289.2262	242.6429
289.2262	242.1310
290.2501	242.1310
290.2501	241.6191
291.2739	241.6191
291.2739	241.1072
292.2977	241.1072
292.2977	240.5953
292.8096	240.5953
292.8096	240.0834
293.8334	240.0834
293.8334	239.5715
294.8572	239.5715
294.8572	239.0596
295.8810	239.0596
295.8810	238.5477
296.3929	238.5477
296.3929	238.0358
296.9048	238.0358
296.9048	237.5239
297.9286	237.5239
297.9286	237.0119
298.9524	237.0119
298.9524	236.5000
299.4643	236.5000
299.4643	235.9881
299.9762	235.9881
299.9762	235.4762
301.0001	235.4762
301.0001	234.9643
302.0239	234.9643
302.0239	234.4524
303.0477	234.4524
303.0477	233.9405
303.5596	233.9405
303.5596	233.4286
304.0715	233.4286
304.0715	232.9167
304.5834	232.9167
304.5834	232.4048
305.0953	232.4048
305.0953	231.8929
305.6072	231.8929
305.6072	231.3810
306.1191	231.3810
306.1191	230.8691
307.1429	230.8691
307.1429	230.3572
309.7024	230.3572
309.7024	229.8453
312.2620	229.8453
312.2620	229.3334
313.2858	229.3334
313.2858	228.8215
314.3096	228.8215
314.3096	228.3096
316.3572	228.3096
316.3572	227.7977
317.3810	227.7977
317.3810	227.2858
318.4048	227.2858
318.4048	226.7739
318.9167	226.7739
318.9167	226.2619
319.4286	226.2619
319.4286	225.7500
321.9882	225.7500
321.9882	225.2381
324.5477	225.2381
324.5477	224.7262
325.5715	224.7262
325.5715	224.2143
326.5953	224.2143
326.5953	223.7024
327.1072	223.7024
327.1072	223.1905
328.1310	223.1905
328.1310	222.6786
328.6429	222.6786
328.6429	222.1667
329.1548	222.1667
329.1548	221.6548
330.1786	221.6548
330.1786	221.1429
330.6905	221.1429
330.6905	220.6310
332.7382	220.6310
332.7382	220.1191
333.7620	220.1191
333.7620	219.6072
334.7858	219.6072
334.7858	219.0953
335.8096	219.0953
335.8096	218.5834
336.8334	218.5834
336.8334	218.0715
337.3453	218.0715
337.3453	217.5596
337.8572	217.5596
337.8572	217.0477
338.8810	217.0477
338.8810	216.5358
339.9048	216.5358
339.9048	216.0239
341.9524	216.0239
341.9524	215.5119
342.9763	215.5119
342.9763	215.0000
344.0001	215.0000
344.0001	214.4881
346.5596	214.4881
346.5596	213.9762
349.1191	213.9762
349.1191	213.4643
350.1429	213.4643
350.1429	212.9524
351.1667	212.9524
351.1667	212.4405
352.1905	212.4405
352.1905	211.9286
353.2144	211.9286
353.2144	211.4167
354.2382	211.4167
354.2382	210.9048
355.2620	210.9048
355.2620	210.3929
356.2858	210.3929
356.2858	209.8810
357.3096	209.8810
357.3096	209.3691
357.8215	209.3691
357.8215	208.8572
358.3334	208.8572
358.3334	208.3453
358.8453	208.3453
358.8453	207.8334
359.3572	207.8334
359.3572	207.3215
359.8691	207.3215
359.8691	206.8096
363.4525	206.8096
363.4525	206.2977
366.0120	206.2977
366.0120	205.7858
367.0358	205.7858
367.0358	205.2738
373.1786	205.2738
373.1786	204.7619
376.2501	204.7619
376.2501	204.2500
379.3215	204.2500
379.3215	203.7381
381.8810	203.7381
381.8810	203.2262
382.9048	203.2262
382.9048	202.7143
386.4882	202.7143
