360.8929	215.0000
361.4048	215.0000
361.4048	216.0239
361.9167	216.0239
361.9167	216.5358
362.4286	216.5358
362.4286	217.0477
362.9405	217.0477
362.9405	217.5596
363.4525	217.5596
363.4525	218.0715
363.9644	218.0715
363.9644	218.5834
364.9882	218.5834
364.9882	219.0953
366.0120	219.0953
366.0120	219.6072
368.5715	219.6072
368.5715	220.1191
369.0834	220.1191
369.0834	220.6310
369.5953	220.6310
369.5953	221.1429
370.6191	221.1429
370.6191	221.6548
371.6429	221.6548
371.6429	222.1667
374.2025	222.1667
374.2025	222.6786
376.7620	222.6786
376.7620	223.1905
383.9286	223.1905
383.9286	222.6786
386.4882	222.6786
386.4882	222.1667
389.5596	222.1667
389.5596	222.6786
390.0715	222.6786
390.0715	223.1905
391.0953	223.1905
391.0953	223.7024
391.6072	223.7024
391.6072	224.7262
392.1191	224.7262
392.1191	225.2381
392.6310	225.2381
392.6310	227.7977
393.1429	227.7977
393.1429	229.8453
393.6548	229.8453
393.6548	230.8691
394.1667	230.8691
394.1667	231.8929
394.6786	231.8929
394.6786	232.4048
395.1906	232.4048
395.1906	232.9167
395.7025	232.9167
395.7025	233.4286
396.2144	233.4286
396.2144	234.9643
395.7025	234.9643
395.7025	237.5239
395.1906	237.5239
395.1906	240.0834
395.7025	240.0834
395.7025	242.6429
396.2144	242.6429
396.2144	243.6667
396.7263	243.6667
396.7263	244.6905
397.2382	244.6905
397.2382	245.2024
397.7501	245.2024
397.7501	246.2262
398.2620	246.2262
398.2620	246.7381
398.7739	246.7381
398.7739	247.2500
399.2858	247.2500
399.2858	248.2739
399.7977	248.2739
399.7977	248.7858
400.3096	248.7858
400.3096	249.8096
400.8215	249.8096
400.8215	250.8334
401.3334	250.8334
401.3334	251.8572
401.8453	251.8572
401.8453	252.8810
402.3572	252.8810
402.3572	253.3929
402.8691	253.3929
402.8691	254.4167
403.3810	254.4167
403.3810	255.4405
403.8929	255.4405
403.8929	256.4643
404.4048	256.4643
404.4048	259.0239
404.9167	259.0239
404.9167	261.5834
405.4286	261.5834
405.4286	262.6072
405.9406	262.6072
405.9406	265.1667
406.4525	265.1667
406.4525	267.7262
406.9644	267.7262
406.9644	268.7501
407.4763	268.7501
407.4763	275.9167
407.9882	275.9167
407.9882	280.0120
408.5001	280.0120
408.5001	282.5715
409.0120	282.5715
409.0120	284.1072
409.5239	284.1072
409.5239	285.1310
410.0358	285.1310
410.0358	286.1548
410.5477	286.1548
410.5477	288.7143
411.0596	288.7143
411.0596	290.2501
411.5715	290.2501
411.5715	291.2739
412.0834	291.2739
412.0834	292.2977
412.5953	292.2977
412.5953	292.8096
412.0834	292.8096
412.0834	293.3215
411.5715	293.3215
411.5715	293.8334
411.0596	293.8334
411.0596	294.3453
410.5477	294.3453
410.5477	294.8572
410.0358	294.8572
410.0358	295.3691
409.5239	295.3691
409.5239	296.3929
409.0120	296.3929
409.0120	297.4167
408.5001	297.4167
408.5001	298.9524
407.4763	298.9524
407.4763	299.4643
406.9644	299.4643
406.9644	299.9762
406.4525	299.9762
406.4525	300.4882
405.9406	300.4882
405.9406	301.0001
405.4286	301.0001
405.4286	301.5120
404.9167	301.5120
404.9167	302.0239
404.4048	302.0239
404.4048	302.5358
403.8929	302.5358
403.8929	303.5596
402.8691	303.5596
402.8691	304.0715
402.3572	304.0715
402.3572	304.5834
401.8453	304.5834
401.8453	305.0953
401.3334	305.0953
401.3334	305.6072
400.8215	305.6072
400.8215	306.1191
399.7977	306.1191
399.7977	306.6310
398.7739	306.6310
398.7739	307.1429
398.2620	307.1429
398.2620	307.6548
394.6786	307.6548
394.6786	308.1667
393.1429	308.1667
393.1429	307.6548
390.5834	307.6548
390.5834	308.1667
388.0239	308.1667
388.0239	308.6786
386.4882	308.6786
386.4882	309.1905
385.4644	309.1905
385.4644	309.7024
383.4167	309.7024
383.4167	310.2143
379.8334	310.2143
379.8334	309.7024
375.2263	309.7024
375.2263	310.2143
373.6905	310.2143
373.6905	309.7024
369.5953	309.7024
369.5953	310.2143
364.4763	310.2143
364.4763	309.7024
361.4048	309.7024
361.4048	309.1905
357.3096	309.1905
357.3096	309.7024
354.7501	309.7024
354.7501	309.1905
352.7024	309.1905
352.7024	308.6786
350.1429	308.6786
350.1429	308.1667
347.5834	308.1667
347.5834	307.6548
344.5120	307.6548
344.5120	308.1667
341.9524	308.1667
341.9524	308.6786
340.9286	308.6786
340.9286	309.1905
339.9048	309.1905
339.9048	309.7024
339.3929	309.7024
339.3929	310.2143
338.8810	310.2143
338.8810	310.7262
338.3691	310.7262
338.3691	310.2143
336.3215	310.2143
336.3215	309.7024
335.8096	309.7024
335.8096	309.1905
334.7858	309.1905
334.7858	308.6786
333.7620	308.6786
333.7620	308.1667
331.2024	308.1667
331.2024	307.6548
330.6905	307.6548
330.6905	307.1429
330.1786	307.1429
330.1786	306.6310
329.6667	306.6310
329.6667	306.1191
329.1548	306.1191
329.1548	305.6072
328.1310	305.6072
328.1310	305.0953
327.1072	305.0953
327.1072	304.5834
324.5477	304.5834
324.5477	304.0715
321.9882	304.0715
321.9882	304.5834
319.4286	304.5834
319.4286	305.0953
318.4048	305.0953
318.4048	305.6072
317.3810	305.6072
317.3810	306.1191
315.8453	306.1191
315.8453	305.6072
314.8215	305.6072
314.8215	305.0953
313.7977	305.0953
313.7977	304.5834
312.2620	304.5834
312.2620	304.0715
311.7501	304.0715
311.7501	303.5596
311.2382	303.5596
311.2382	303.0477
310.7262	303.0477
310.7262	302.5358
310.2143	302.5358
310.2143	301.5120
309.7024	301.5120
309.7024	300.4882
309.1905	300.4882
309.1905	299.4643
308.6786	299.4643
308.6786	298.9524
308.1667	298.9524
308.1667	298.4405
307.6548	298.4405
307.6548	297.9286
307.1429	297.9286
307.1429	296.3929
307.6548	296.3929
307.6548	293.8334
308.1667	293.8334
308.1667	290.7620
307.6548	290.7620
307.6548	288.2024
307.1429	288.2024
307.1429	287.1786
306.6310	287.1786
306.6310	286.1548
306.1191	286.1548
306.1191	285.6429
305.6072	285.6429
305.6072	285.1310
305.0953	285.1310
305.0953	284.6191
304.5834	284.6191
304.5834	284.1072
304.0715	284.1072
304.0715	283.5953
303.5596	283.5953
303.5596	283.0834
302.5358	283.0834
302.5358	282.5715
301.5120	282.5715
301.5120	282.0596
299.4643	282.0596
299.4643	281.5477
298.9524	281.5477
298.9524	280.5239
298.4405	280.5239
298.4405	280.0120
297.9286	280.0120
297.9286	278.9881
300.4882	278.9881
300.4882	278.4762
302.0239	278.4762
302.0239	277.9643
303.0477	277.9643
303.0477	277.4524
304.0715	277.4524
304.0715	276.9405
304.5834	276.9405
304.5834	276.4286
305.6072	276.4286
305.6072	275.9167
308.1667	275.9167
308.1667	275.4048
309.1905	275.4048
309.1905	274.8929
310.2143	274.8929
310.2143	274.3810
310.7262	274.3810
310.7262	273.8691
311.2382	273.8691
311.2382	273.3572
311.7501	273.3572
311.7501	272.8453
312.2620	272.8453
312.2620	272.3334
312.7739	272.3334
312.7739	271.3096
313.2858	271.3096
313.2858	270.2858
313.7977	270.2858
313.7977	267.7262
314.3096	267.7262
314.3096	264.1429
313.7977	264.1429
313.7977	260.5596
314.3096	260.5596
314.3096	256.9762
313.7977	256.9762
313.7977	254.4167
313.2858	254.4167
313.2858	253.3929
312.7739	253.3929
312.7739	249.2977
313.7977	249.2977
313.7977	248.7858
314.3096	248.7858
314.3096	248.2739
314.8215	248.2739
314.8215	247.7620
315.3334	247.7620
315.3334	247.2500
315.8453	247.2500
315.8453	246.7381
316.3572	246.7381
316.3572	246.2262
316.8691	246.2262
316.8691	245.2024
317.3810	245.2024
317.3810	244.1786
317.8929	244.1786
317.8929	242.6429
318.4048	242.6429
318.4048	242.1310
318.9167	242.1310
318.9167	241.6191
319.4286	241.6191
319.4286	241.1072
319.9405	241.1072
319.9405	240.5953
320.4524	240.5953
320.4524	239.5715
320.9643	239.5715
320.9643	238.5477
321.4763	238.5477
321.4763	238.0358
323.5239	238.0358
323.5239	237.5239
326.0834	237.5239
326.0834	237.0119
327.1072	237.0119
327.1072	236.5000
328.1310	236.5000
328.1310	235.9881
328.6429	235.9881
328.6429	235.4762
329.1548	235.4762
329.1548	234.9643
329.6667	234.9643
329.6667	234.4524
330.1786	234.4524
330.1786	233.9405
330.6905	233.9405
330.6905	232.9167
331.2024	232.9167
331.2024	231.8929
331.7143	231.8929
331.7143	229.8453
332.2263	229.8453
332.2263	229.3334
332.7382	229.3334
332.7382	228.8215
333.7620	228.8215
333.7620	228.3096
334.7858	228.3096
334.7858	227.7977
335.8096	227.7977
335.8096	227.2858
336.3215	227.2858
336.3215	226.7739
336.8334	226.7739
336.8334	226.2619
337.3453	226.2619
337.3453	225.7500
337.8572	225.7500
337.8572	225.2381
339.3929	225.2381
339.3929	225.7500
341.9524	225.7500
341.9524	225.2381
344.5120	225.2381
344.5120	224.7262
346.5596	224.7262
346.5596	224.2143
347.5834	224.2143
347.5834	223.7024
348.6072	223.7024
348.6072	223.1905
349.1191	223.1905
349.1191	222.6786
350.6548	222.6786
350.6548	222.1667
352.1905	222.1667
352.1905	221.6548
353.2144	221.6548
353.2144	221.1429
354.2382	221.1429
354.2382	220.6310
355.2620	220.6310
355.2620	220.1191
356.2858	220.1191
356.2858	219.6072
356.7977	219.6072
356.7977	219.0953
357.3096	219.0953
357.3096	218.5834
357.8215	218.5834
357.8215	218.0715
358.3334	218.0715
358.3334	217.5596
358.8453	217.5596
358.8453	216.5358
359.3572	216.5358
359.3572	215.5119
359.8691	215.5119
359.8691	213.9762
360.8929	213.9762
