307.1429	183.7738
310.2143	183.7738
310.2143	184.2857
311.7501	184.2857
311.7501	184.7977
313.7977	184.7977
313.7977	185.3096
314.8215	185.3096
314.8215	185.8215
315.8453	185.8215
315.8453	186.3334
317.3810	186.3334
317.3810	186.8453
317.8929	186.8453
317.8929	187.3572
318.9167	187.3572
318.9167	187.8691
319.4286	187.8691
319.4286	188.3810
320.4524	188.3810
320.4524	188.8929
320.9643	188.8929
320.9643	189.4048
321.4763	189.4048
321.4763	189.9167
322.5001	189.9167
322.5001	190.4286
323.0120	190.4286
323.0120	190.9405
323.5239	190.9405
323.5239	191.4524
324.0358	191.4524
324.0358	191.9643
324.5477	191.9643
324.5477	192.4762
325.5715	192.4762
325.5715	193.5000
326.0834	193.5000
326.0834	194.0119
326.5953	194.0119
326.5953	194.5238
327.1072	194.5238
327.1072	195.5477
327.6191	195.5477
327.6191	196.0596
328.1310	196.0596
328.1310	196.5715
328.6429	196.5715
328.6429	197.0834
329.1548	197.0834
329.1548	197.5953
329.6667	197.5953
329.6667	198.1072
330.6905	198.1072
330.6905	198.6191
331.7143	198.6191
331.7143	199.1310
333.2501	199.1310
333.2501	199.6429
335.2977	199.6429
335.2977	200.1548
337.8572	200.1548
337.8572	200.6667
338.8810	200.6667
338.8810	201.1786
341.4405	201.1786
341.4405	201.6905
346.0477	201.6905
346.0477	202.2024
347.0715	202.2024
347.0715	202.7143
349.6310	202.7143
349.6310	203.2262
352.1905	203.2262
352.1905	203.7381
354.7501	203.7381
354.7501	204.2500
357.3096	204.2500
357.3096	204.7619
359.3572	204.7619
359.3572	205.2738
360.8929	205.2738
360.8929	205.7858
361.4048	205.7858
361.4048	206.2977
361.9167	206.2977
361.9167	206.8096
362.9405	206.8096
362.9405	207.3215
363.9644	207.3215
363.9644	207.8334
365.5001	207.8334
365.5001	208.3453
366.5239	208.3453
366.5239	208.8572
368.5715	208.8572
368.5715	209.3691
369.0834	209.3691
369.0834	209.8810
370.1072	209.8810
370.1072	210.3929
371.1310	210.3929
371.1310	210.9048
372.1548	210.9048
372.1548	211.4167
374.7144	211.4167
374.7144	211.9286
379.8334	211.9286
379.8334	211.4167
381.3691	211.4167
381.3691	211.9286
384.4405	211.9286
384.4405	211.4167
387.0001	211.4167
387.0001	210.9048
388.0239	210.9048
388.0239	210.3929
389.0477	210.3929
389.0477	209.8810
389.5596	209.8810
389.5596	209.3691
390.0715	209.3691
390.0715	208.8572
390.5834	208.8572
390.5834	208.3453
391.0953	208.3453
391.0953	207.8334
391.6072	207.8334
391.6072	206.8096
392.1191	206.8096
392.1191	206.2977
392.6310	206.2977
392.6310	205.7858
393.1429	205.7858
393.1429	204.7619
393.6548	204.7619
393.6548	203.7381
394.1667	203.7381
394.1667	201.6905
395.7025	201.6905
395.7025	202.7143
396.2144	202.7143
396.2144	203.7381
395.7025	203.7381
395.7025	204.2500
395.1906	204.2500
395.1906	204.7619
394.6786	204.7619
394.6786	205.7858
394.1667	205.7858
394.1667	206.8096
393.6548	206.8096
393.6548	209.3691
393.1429	209.3691
393.1429	211.9286
393.6548	211.9286
393.6548	214.4881
394.1667	214.4881
394.1667	215.5119
394.6786	215.5119
394.6786	216.5358
395.1906	216.5358
395.1906	217.0477
395.7025	217.0477
395.7025	217.5596
396.2144	217.5596
396.2144	218.0715
396.7263	218.0715
396.7263	218.5834
397.2382	218.5834
397.2382	219.0953
398.2620	219.0953
398.2620	219.6072
399.2858	219.6072
399.2858	220.1191
401.8453	220.1191
401.8453	220.6310
404.9167	220.6310
404.9167	221.6548
405.4286	221.6548
405.4286	222.6786
405.9406	222.6786
405.9406	225.2381
405.4286	225.2381
405.4286	230.3572
405.9406	230.3572
405.9406	232.9167
406.4525	232.9167
406.4525	233.9405
406.9644	233.9405
406.9644	234.9643
407.4763	234.9643
407.4763	235.4762
407.9882	235.4762
407.9882	235.9881
408.5001	235.9881
408.5001	236.5000
409.0120	236.5000
409.0120	237.0119
409.5239	237.0119
409.5239	237.5239
410.5477	237.5239
410.5477	238.0358
411.0596	238.0358
411.0596	238.5477
411.5715	238.5477
411.5715	239.0596
412.0834	239.0596
412.0834	239.5715
412.5953	239.5715
412.5953	240.5953
413.1072	240.5953
413.1072	241.6191
413.6191	241.6191
413.6191	242.1310
414.1310	242.1310
414.1310	242.6429
414.6429	242.6429
414.6429	243.1548
415.1548	243.1548
415.1548	243.6667
415.6667	243.6667
415.6667	244.1786
416.1787	244.1786
416.1787	245.2024
416.6906	245.2024
416.6906	246.7381
417.2025	246.7381
417.2025	247.7620
417.7144	247.7620
417.7144	248.7858
418.2263	248.7858
418.2263	249.2977
418.7382	249.2977
418.7382	250.8334
419.2501	250.8334
419.2501	252.3691
419.7620	252.3691
419.7620	253.3929
420.2739	253.3929
420.2739	254.4167
420.7858	254.4167
420.7858	254.9286
421.2977	254.9286
421.2977	255.4405
421.8096	255.4405
421.8096	255.9524
422.3215	255.9524
422.3215	256.4643
422.8334	256.4643
422.8334	256.9762
423.8572	256.9762
423.8572	257.4881
424.8810	257.4881
424.8810	258.0000
425.3929	258.0000
425.3929	259.0239
425.9048	259.0239
425.9048	260.5596
425.3929	260.5596
425.3929	261.0715
424.8810	261.0715
424.8810	261.5834
424.3691	261.5834
424.3691	262.6072
423.8572	262.6072
423.8572	263.6310
423.3453	263.6310
423.3453	266.1905
422.8334	266.1905
422.8334	268.7501
423.3453	268.7501
423.3453	271.3096
423.8572	271.3096
423.8572	272.3334
424.3691	272.3334
424.3691	273.3572
424.8810	273.3572
424.8810	273.8691
425.3929	273.8691
425.3929	274.3810
425.9048	274.3810
425.9048	274.8929
426.4167	274.8929
426.4167	275.4048
426.9287	275.4048
426.9287	275.9167
427.4406	275.9167
427.4406	276.4286
428.4644	276.4286
428.4644	276.9405
428.9763	276.9405
428.9763	277.4524
429.4882	277.4524
429.4882	277.9643
430.0001	277.9643
430.0001	278.4762
430.5120	278.4762
430.5120	278.9881
431.5358	278.9881
431.5358	279.5001
432.0477	279.5001
432.0477	280.0120
432.5596	280.0120
432.5596	280.5239
433.0715	280.5239
433.0715	281.0358
433.5834	281.0358
433.5834	281.5477
434.0953	281.5477
434.0953	282.0596
435.1191	282.0596
435.1191	282.5715
435.6310	282.5715
435.6310	283.0834
436.1429	283.0834
436.1429	283.5953
436.6548	283.5953
436.6548	284.1072
437.1667	284.1072
437.1667	284.6191
437.6787	284.6191
437.6787	285.1310
438.1906	285.1310
438.1906	285.6429
438.7025	285.6429
438.7025	286.6667
439.2144	286.6667
439.2144	287.6905
439.7263	287.6905
439.7263	288.2024
440.2382	288.2024
440.2382	289.2262
440.7501	289.2262
440.7501	289.7382
441.2620	289.7382
441.2620	290.2501
441.7739	290.2501
441.7739	290.7620
442.2858	290.7620
442.2858	291.2739
442.7977	291.2739
442.7977	291.7858
443.3096	291.7858
443.3096	292.8096
443.8215	292.8096
443.8215	293.3215
444.3334	293.3215
444.3334	293.8334
444.8453	293.8334
444.8453	294.3453
445.3572	294.3453
445.3572	294.8572
445.8691	294.8572
445.8691	295.8810
446.3810	295.8810
446.3810	296.3929
446.8929	296.3929
446.8929	296.9048
447.4048	296.9048
447.4048	297.4167
447.9168	297.4167
447.9168	297.9286
448.4287	297.9286
448.4287	298.4405
448.9406	298.4405
448.9406	300.4882
449.4525	300.4882
449.4525	301.5120
449.9644	301.5120
449.9644	302.5358
450.4763	302.5358
450.4763	303.0477
450.9882	303.0477
450.9882	303.5596
451.5001	303.5596
451.5001	304.0715
452.0120	304.0715
452.0120	304.5834
452.5239	304.5834
452.5239	305.6072
453.0358	305.6072
453.0358	310.7262
453.5477	310.7262
453.5477	317.3810
454.0596	317.3810
454.0596	321.4763
453.5477	321.4763
453.5477	325.5715
453.0358	325.5715
453.0358	328.6429
452.5239	328.6429
452.5239	329.6667
452.0120	329.6667
452.0120	331.2024
451.5001	331.2024
451.5001	332.2263
450.9882	332.2263
450.9882	332.7382
450.4763	332.7382
450.4763	333.2501
449.9644	333.2501
449.9644	334.2739
449.4525	334.2739
449.4525	335.2977
448.9406	335.2977
448.9406	335.8096
448.4287	335.8096
448.4287	336.3215
447.9168	336.3215
447.9168	336.8334
447.4048	336.8334
447.4048	337.8572
446.8929	337.8572
446.8929	338.3691
446.3810	338.3691
446.3810	339.3929
445.8691	339.3929
445.8691	340.4167
445.3572	340.4167
445.3572	341.9524
444.8453	341.9524
444.8453	342.4644
444.3334	342.4644
444.3334	342.9763
443.8215	342.9763
443.8215	343.4882
443.3096	343.4882
443.3096	344.0001
442.7977	344.0001
442.7977	344.5120
442.2858	344.5120
442.2858	345.0239
441.7739	345.0239
441.7739	345.5358
441.2620	345.5358
441.2620	346.0477
440.7501	346.0477
440.7501	346.5596
440.2382	346.5596
440.2382	347.0715
439.7263	347.0715
439.7263	347.5834
439.2144	347.5834
439.2144	348.0953
438.7025	348.0953
438.7025	348.6072
438.1906	348.6072
438.1906	349.6310
437.6787	349.6310
437.6787	350.1429
435.1191	350.1429
435.1191	349.6310
434.6072	349.6310
434.6072	349.1191
434.0953	349.1191
434.0953	348.6072
433.5834	348.6072
433.5834	348.0953
433.0715	348.0953
433.0715	347.5834
432.0477	347.5834
432.0477	347.0715
431.0239	347.0715
431.0239	346.5596
429.4882	346.5596
429.4882	346.0477
426.9287	346.0477
426.9287	345.5358
423.3453	345.5358
423.3453	346.0477
420.7858	346.0477
420.7858	346.5596
419.7620	346.5596
419.7620	347.0715
418.7382	347.0715
418.7382	347.5834
418.2263	347.5834
418.2263	348.0953
417.7144	348.0953
417.7144	348.6072
417.2025	348.6072
417.2025	349.1191
416.6906	349.1191
416.6906	349.6310
416.1787	349.6310
416.1787	350.1429
415.6667	350.1429
415.6667	351.1667
415.1548	351.1667
415.1548	352.1905
413.1072	352.1905
413.1072	351.6786
412.0834	351.6786
412.0834	351.1667
409.5239	351.1667
409.5239	350.6548
407.9882	350.6548
407.9882	350.1429
406.9644	350.1429
406.9644	349.6310
405.9406	349.6310
405.9406	349.1191
405.4286	349.1191
405.4286	348.6072
404.9167	348.6072
404.9167	348.0953
404.4048	348.0953
404.4048	347.5834
403.8929	347.5834
403.8929	347.0715
402.8691	347.0715
402.8691	346.5596
401.8453	346.5596
401.8453	346.0477
400.8215	346.0477
400.8215	345.5358
399.7977	345.5358
399.7977	345.0239
399.2858	345.0239
399.2858	344.0001
398.7739	344.0001
398.7739	343.4882
398.2620	343.4882
398.2620	342.9763
397.7501	342.9763
397.7501	342.4644
397.2382	342.4644
397.2382	341.9524
396.7263	341.9524
396.7263	341.4405
396.2144	341.4405
396.2144	340.9286
395.1906	340.9286
395.1906	340.4167
394.1667	340.4167
394.1667	339.9048
392.6310	339.9048
392.6310	339.3929
392.1191	339.3929
392.1191	338.8810
391.6072	338.8810
391.6072	338.3691
391.0953	338.3691
391.0953	337.8572
390.5834	337.8572
390.5834	337.3453
390.0715	337.3453
390.0715	336.8334
389.0477	336.8334
389.0477	336.3215
388.0239	336.3215
388.0239	335.8096
387.5120	335.8096
387.5120	335.2977
387.0001	335.2977
387.0001	334.7858
386.4882	334.7858
386.4882	333.7620
385.9763	333.7620
385.9763	332.7382
385.4644	332.7382
385.4644	332.2263
384.9525	332.2263
384.9525	331.7143
384.4405	331.7143
384.4405	331.2024
383.9286	331.2024
383.9286	330.6905
383.4167	330.6905
383.4167	330.1786
382.3929	330.1786
382.3929	329.6667
381.3691	329.6667
381.3691	329.1548
378.8096	329.1548
378.8096	328.6429
377.7858	328.6429
377.7858	328.1310
377.2739	328.1310
377.2739	327.6191
376.7620	327.6191
376.7620	327.1072
376.2501	327.1072
376.2501	326.5953
375.7382	326.5953
375.7382	326.0834
375.2263	326.0834
375.2263	325.5715
374.7144	325.5715
374.7144	324.5477
374.2025	324.5477
374.2025	324.0358
373.6905	324.0358
373.6905	323.5239
373.1786	323.5239
373.1786	322.5001
372.6667	322.5001
372.6667	321.9882
372.1548	321.9882
372.1548	321.4763
371.6429	321.4763
371.6429	320.9643
371.1310	320.9643
371.1310	320.4524
370.6191	320.4524
370.6191	319.9405
369.5953	319.9405
369.5953	319.4286
368.5715	319.4286
368.5715	318.4048
368.0596	318.4048
368.0596	317.8929
367.5477	317.8929
367.5477	317.3810
367.0358	317.3810
367.0358	316.8691
366.5239	316.8691
366.5239	316.3572
366.0120	316.3572
366.0120	315.8453
365.5001	315.8453
365.5001	315.3334
364.4763	315.3334
364.4763	314.8215
363.4525	314.8215
363.4525	314.3096
360.8929	314.3096
360.8929	313.7977
360.3810	313.7977
360.3810	312.7739
359.8691	312.7739
359.8691	312.2620
359.3572	312.2620
359.3572	311.7501
358.8453	311.7501
358.8453	311.2382
358.3334	311.2382
358.3334	310.2143
357.8215	310.2143
357.8215	309.7024
357.3096	309.7024
357.3096	309.1905
356.7977	309.1905
356.7977	308.6786
356.2858	308.6786
356.2858	307.6548
355.7739	307.6548
355.7739	307.1429
355.2620	307.1429
355.2620	306.6310
354.7501	306.6310
354.7501	305.6072
354.2382	305.6072
354.2382	305.0953
353.7263	305.0953
353.7263	304.5834
353.2144	304.5834
353.2144	304.0715
352.7024	304.0715
352.7024	303.5596
352.1905	303.5596
352.1905	302.5358
351.6786	302.5358
351.6786	301.5120
351.1667	301.5120
351.1667	300.4882
350.6548	300.4882
350.6548	299.9762
350.1429	299.9762
350.1429	298.9524
349.6310	298.9524
349.6310	297.9286
349.1191	297.9286
349.1191	297.4167
348.6072	297.4167
348.6072	296.9048
348.0953	296.9048
348.0953	296.3929
347.5834	296.3929
347.5834	295.8810
347.0715	295.8810
347.0715	295.3691
346.5596	295.3691
346.5596	294.8572
345.5358	294.8572
345.5358	294.3453
344.5120	294.3453
344.5120	293.8334
343.4882	293.8334
343.4882	293.3215
340.9286	293.3215
340.9286	292.8096
337.3453	292.8096
337.3453	293.3215
334.7858	293.3215
334.7858	293.8334
333.7620	293.8334
333.7620	294.3453
332.7382	294.3453
332.7382	294.8572
332.2263	294.8572
332.2263	295.3691
331.7143	295.3691
331.7143	295.8810
330.6905	295.8810
330.6905	295.3691
330.1786	295.3691
330.1786	294.8572
329.6667	294.8572
329.6667	294.3453
329.1548	294.3453
329.1548	293.8334
328.6429	293.8334
328.6429	293.3215
328.1310	293.3215
328.1310	292.8096
327.6191	292.8096
327.6191	292.2977
327.1072	292.2977
327.1072	291.7858
326.0834	291.7858
326.0834	290.7620
326.5953	290.7620
326.5953	290.2501
327.1072	290.2501
327.1072	289.7382
327.6191	289.7382
327.6191	289.2262
328.1310	289.2262
328.1310	288.2024
328.6429	288.2024
328.6429	287.1786
329.1548	287.1786
329.1548	284.6191
329.6667	284.6191
329.6667	282.0596
329.1548	282.0596
329.1548	279.5001
328.6429	279.5001
328.6429	278.4762
328.1310	278.4762
328.1310	277.4524
327.6191	277.4524
327.6191	276.9405
327.1072	276.9405
327.1072	276.4286
326.5953	276.4286
326.5953	275.9167
326.0834	275.9167
326.0834	275.4048
325.5715	275.4048
325.5715	274.8929
324.5477	274.8929
324.5477	274.3810
323.5239	274.3810
323.5239	273.8691
322.5001	273.8691
322.5001	273.3572
321.4763	273.3572
321.4763	272.8453
319.9405	272.8453
319.9405	272.3334
319.4286	272.3334
319.4286	271.8215
318.9167	271.8215
318.9167	271.3096
318.4048	271.3096
318.4048	270.7977
317.8929	270.7977
317.8929	270.2858
317.3810	270.2858
317.3810	269.7739
316.3572	269.7739
316.3572	269.2620
315.3334	269.2620
315.3334	268.7501
313.2858	268.7501
313.2858	266.1905
312.7739	266.1905
312.7739	265.1667
312.2620	265.1667
312.2620	264.1429
311.7501	264.1429
311.7501	263.1191
311.2382	263.1191
311.2382	262.6072
310.7262	262.6072
310.7262	262.0953
310.2143	262.0953
310.2143	261.5834
309.7024	261.5834
309.7024	261.0715
309.1905	261.0715
309.1905	260.5596
308.1667	260.5596
308.1667	260.0477
307.1429	260.0477
307.1429	259.5358
305.0953	259.5358
305.0953	259.0239
304.5834	259.0239
304.5834	258.5120
304.0715	258.5120
304.0715	258.0000
303.5596	258.0000
303.5596	257.4881
303.0477	257.4881
303.0477	256.9762
302.0239	256.9762
302.0239	256.4643
301.0001	256.4643
301.0001	255.9524
299.9762	255.9524
299.9762	254.9286
299.4643	254.9286
299.4643	254.4167
298.9524	254.4167
298.9524	253.9048
298.4405	253.9048
298.4405	253.3929
297.9286	253.3929
297.9286	252.8810
297.4167	252.8810
297.4167	252.3691
296.3929	252.3691
296.3929	251.8572
295.3691	251.8572
295.3691	251.3453
293.3215	251.3453
293.3215	250.8334
292.8096	250.8334
292.8096	250.3215
292.2977	250.3215
292.2977	249.8096
291.2739	249.8096
291.2739	248.7858
290.7620	248.7858
290.7620	247.7620
291.2739	247.7620
291.2739	247.2500
291.7858	247.2500
291.7858	246.7381
292.2977	246.7381
292.2977	245.7143
292.8096	245.7143
292.8096	244.6905
293.3215	244.6905
293.3215	242.1310
293.8334	242.1310
293.8334	239.5715
293.3215	239.5715
293.3215	237.0119
292.8096	237.0119
292.8096	235.9881
292.2977	235.9881
292.2977	234.9643
291.7858	234.9643
291.7858	234.4524
291.2739	234.4524
291.2739	233.9405
290.7620	233.9405
290.7620	233.4286
290.2501	233.4286
290.2501	232.9167
289.7382	232.9167
289.7382	232.4048
288.7143	232.4048
288.7143	231.8929
287.6905	231.8929
287.6905	231.3810
285.1310	231.3810
285.1310	230.3572
284.6191	230.3572
284.6191	225.2381
284.1072	225.2381
284.1072	222.6786
283.5953	222.6786
283.5953	221.6548
283.0834	221.6548
283.0834	220.6310
282.5715	220.6310
282.5715	220.1191
282.0596	220.1191
282.0596	219.6072
281.5477	219.6072
281.5477	219.0953
281.0358	219.0953
281.0358	218.5834
280.5239	218.5834
280.5239	211.4167
280.0120	211.4167
280.0120	209.8810
280.5239	209.8810
280.5239	209.3691
281.0358	209.3691
281.0358	208.8572
281.5477	208.8572
281.5477	208.3453
282.0596	208.3453
282.0596	207.3215
282.5715	207.3215
282.5715	206.2977
283.0834	206.2977
283.0834	204.2500
283.5953	204.2500
283.5953	201.6905
284.1072	201.6905
284.1072	201.1786
284.6191	201.1786
284.6191	200.1548
285.1310	200.1548
285.1310	199.6429
285.6429	199.6429
285.6429	199.1310
286.1548	199.1310
286.1548	198.1072
286.6667	198.1072
286.6667	197.0834
287.1786	197.0834
287.1786	196.5715
287.6905	196.5715
287.6905	195.5477
288.2024	195.5477
288.2024	194.5238
288.7143	194.5238
288.7143	192.9881
289.2262	192.9881
289.2262	191.9643
289.7382	191.9643
289.7382	191.4524
290.2501	191.4524
290.2501	190.9405
290.7620	190.9405
290.7620	190.4286
291.2739	190.4286
291.2739	189.9167
291.7858	189.9167
291.7858	189.4048
292.2977	189.4048
292.2977	188.8929
292.8096	188.8929
292.8096	188.3810
293.3215	188.3810
293.3215	187.8691
294.3453	187.8691
294.3453	187.3572
294.8572	187.3572
294.8572	186.8453
295.8810	186.8453
295.8810	186.3334
296.9048	186.3334
296.9048	185.8215
297.9286	185.8215
297.9286	185.3096
299.4643	185.3096
299.4643	184.7977
300.4882	184.7977
300.4882	184.2857
302.0239	184.2857
302.0239	183.7738
304.5834	183.7738
304.5834	183.2619
307.1429	183.2619
