352.7024	222.6786
356.2858	222.6786
356.2858	223.1905
358.8453	223.1905
358.8453	223.7024
362.4286	223.7024
362.4286	224.2143
363.4525	224.2143
363.4525	224.7262
364.4763	224.7262
364.4763	225.2381
366.0120	225.2381
366.0120	225.7500
368.5715	225.7500
368.5715	226.2619
369.5953	226.2619
369.5953	226.7739
371.6429	226.7739
371.6429	227.2858
372.6667	227.2858
372.6667	227.7977
375.2263	227.7977
375.2263	228.3096
377.7858	228.3096
377.7858	228.8215
382.3929	228.8215
382.3929	228.3096
384.9525	228.3096
384.9525	227.7977
385.4644	227.7977
385.4644	228.3096
388.0239	228.3096
388.0239	228.8215
389.0477	228.8215
389.0477	231.8929
389.5596	231.8929
389.5596	234.4524
390.0715	234.4524
390.0715	235.4762
390.5834	235.4762
390.5834	236.5000
391.0953	236.5000
391.0953	237.0119
391.6072	237.0119
391.6072	237.5239
392.1191	237.5239
392.1191	238.0358
392.6310	238.0358
392.6310	238.5477
393.1429	238.5477
393.1429	240.0834
392.6310	240.0834
392.6310	242.6429
393.1429	242.6429
393.1429	245.2024
393.6548	245.2024
393.6548	246.2262
394.1667	246.2262
394.1667	247.2500
394.6786	247.2500
394.6786	248.2739
395.1906	248.2739
395.1906	248.7858
395.7025	248.7858
395.7025	249.2977
396.2144	249.2977
396.2144	249.8096
396.7263	249.8096
396.7263	250.8334
397.2382	250.8334
397.2382	251.3453
397.7501	251.3453
397.7501	251.8572
398.2620	251.8572
398.2620	252.8810
398.7739	252.8810
398.7739	253.9048
399.2858	253.9048
399.2858	254.9286
399.7977	254.9286
399.7977	255.4405
400.3096	255.4405
400.3096	256.4643
400.8215	256.4643
400.8215	257.4881
401.3334	257.4881
401.3334	258.0000
401.8453	258.0000
401.8453	258.5120
402.3572	258.5120
402.3572	260.0477
402.8691	260.0477
402.8691	262.6072
403.3810	262.6072
403.3810	265.6786
403.8929	265.6786
403.8929	268.2381
404.4048	268.2381
404.4048	269.2620
404.9167	269.2620
404.9167	270.2858
405.4286	270.2858
405.4286	272.8453
405.9406	272.8453
405.9406	274.3810
406.4525	274.3810
406.4525	275.4048
406.9644	275.4048
406.9644	276.4286
407.4763	276.4286
407.4763	282.0596
407.9882	282.0596
407.9882	286.1548
408.5001	286.1548
408.5001	288.7143
409.0120	288.7143
409.0120	290.2501
409.5239	290.2501
409.5239	292.2977
408.5001	292.2977
408.5001	292.8096
407.9882	292.8096
407.9882	293.3215
407.4763	293.3215
407.4763	293.8334
406.9644	293.8334
406.9644	294.3453
406.4525	294.3453
406.4525	294.8572
405.9406	294.8572
405.9406	295.8810
405.4286	295.8810
405.4286	296.9048
404.9167	296.9048
404.9167	297.9286
404.4048	297.9286
404.4048	298.4405
402.8691	298.4405
402.8691	298.9524
401.8453	298.9524
401.8453	299.4643
400.8215	299.4643
400.8215	299.9762
400.3096	299.9762
400.3096	300.4882
399.7977	300.4882
399.7977	301.0001
399.2858	301.0001
399.2858	301.5120
398.2620	301.5120
398.2620	302.0239
397.2382	302.0239
397.2382	302.5358
396.2144	302.5358
396.2144	302.0239
392.6310	302.0239
392.6310	302.5358
390.0715	302.5358
390.0715	303.0477
389.0477	303.0477
389.0477	303.5596
384.9525	303.5596
384.9525	304.0715
382.3929	304.0715
382.3929	304.5834
380.3453	304.5834
380.3453	305.0953
379.3215	305.0953
379.3215	305.6072
377.2739	305.6072
377.2739	305.0953
376.7620	305.0953
376.7620	304.5834
375.7382	304.5834
375.7382	304.0715
374.7144	304.0715
374.7144	303.5596
372.1548	303.5596
372.1548	303.0477
369.5953	303.0477
369.5953	303.5596
368.0596	303.5596
368.0596	303.0477
365.5001	303.0477
365.5001	302.5358
362.9405	302.5358
362.9405	303.0477
360.3810	303.0477
360.3810	303.5596
359.3572	303.5596
359.3572	304.0715
358.3334	304.0715
358.3334	304.5834
355.7739	304.5834
355.7739	304.0715
354.2382	304.0715
354.2382	303.5596
352.1905	303.5596
352.1905	303.0477
349.6310	303.0477
349.6310	302.5358
348.0953	302.5358
348.0953	302.0239
347.5834	302.0239
347.5834	301.5120
347.0715	301.5120
347.0715	301.0001
346.5596	301.0001
346.5596	300.4882
346.0477	300.4882
346.0477	299.9762
345.5358	299.9762
345.5358	299.4643
344.5120	299.4643
344.5120	298.9524
343.4882	298.9524
343.4882	298.4405
341.9524	298.4405
341.9524	297.9286
340.9286	297.9286
340.9286	297.4167
339.9048	297.4167
339.9048	296.9048
338.8810	296.9048
338.8810	296.3929
337.8572	296.3929
337.8572	295.8810
336.8334	295.8810
336.8334	295.3691
334.2739	295.3691
334.2739	294.8572
331.2024	294.8572
331.2024	295.3691
329.6667	295.3691
329.6667	294.8572
326.5953	294.8572
326.5953	294.3453
326.0834	294.3453
326.0834	293.8334
325.0596	293.8334
325.0596	293.3215
324.0358	293.3215
324.0358	292.8096
321.4763	292.8096
321.4763	292.2977
318.4048	292.2977
318.4048	292.8096
315.8453	292.8096
315.8453	293.3215
314.8215	293.3215
314.8215	293.8334
313.7977	293.8334
313.7977	294.3453
313.2858	294.3453
313.2858	294.8572
312.7739	294.8572
312.7739	295.3691
312.2620	295.3691
312.2620	295.8810
311.7501	295.8810
311.7501	296.3929
311.2382	296.3929
311.2382	297.4167
310.7262	297.4167
310.7262	298.4405
310.2143	298.4405
310.2143	298.9524
309.1905	298.9524
309.1905	297.9286
309.7024	297.9286
309.7024	297.4167
310.2143	297.4167
310.2143	296.9048
310.7262	296.9048
310.7262	296.3929
311.2382	296.3929
311.2382	295.8810
311.7501	295.8810
311.7501	294.8572
312.2620	294.8572
312.2620	293.8334
312.7739	293.8334
312.7739	291.2739
313.2858	291.2739
313.2858	288.7143
312.7739	288.7143
312.7739	286.1548
312.2620	286.1548
312.2620	285.1310
311.7501	285.1310
311.7501	284.1072
311.2382	284.1072
311.2382	283.5953
310.7262	283.5953
310.7262	283.0834
310.2143	283.0834
310.2143	282.5715
309.7024	282.5715
309.7024	282.0596
309.1905	282.0596
309.1905	281.5477
308.1667	281.5477
308.1667	281.0358
307.1429	281.0358
307.1429	280.5239
305.0953	280.5239
305.0953	280.0120
302.5358	280.0120
302.5358	279.5001
301.5120	279.5001
301.5120	278.9881
301.0001	278.9881
301.0001	278.4762
300.4882	278.4762
300.4882	277.4524
301.0001	277.4524
301.0001	276.9405
302.0239	276.9405
302.0239	276.4286
303.0477	276.4286
303.0477	275.9167
303.5596	275.9167
303.5596	275.4048
304.0715	275.4048
304.0715	274.8929
304.5834	274.8929
304.5834	274.3810
305.0953	274.3810
305.0953	273.8691
305.6072	273.8691
305.6072	273.3572
306.1191	273.3572
306.1191	272.3334
306.6310	272.3334
306.6310	271.3096
307.1429	271.3096
307.1429	268.7501
307.6548	268.7501
307.6548	266.1905
307.1429	266.1905
307.1429	263.6310
306.6310	263.6310
306.6310	262.6072
306.1191	262.6072
306.1191	261.5834
305.6072	261.5834
305.6072	261.0715
305.0953	261.0715
305.0953	260.5596
304.5834	260.5596
304.5834	260.0477
305.0953	260.0477
305.0953	259.5358
305.6072	259.5358
305.6072	259.0239
306.1191	259.0239
306.1191	258.5120
306.6310	258.5120
306.6310	257.4881
307.1429	257.4881
307.1429	256.4643
307.6548	256.4643
307.6548	253.9048
308.1667	253.9048
308.1667	250.8334
307.6548	250.8334
307.6548	248.2739
307.1429	248.2739
307.1429	247.2500
306.6310	247.2500
306.6310	245.7143
308.1667	245.7143
308.1667	245.2024
309.1905	245.2024
309.1905	244.6905
310.2143	244.6905
310.2143	244.1786
310.7262	244.1786
310.7262	243.6667
311.2382	243.6667
311.2382	243.1548
312.2620	243.1548
312.2620	242.6429
312.7739	242.6429
312.7739	242.1310
313.2858	242.1310
313.2858	241.6191
313.7977	241.6191
313.7977	241.1072
314.3096	241.1072
314.3096	240.5953
315.3334	240.5953
315.3334	240.0834
315.8453	240.0834
315.8453	239.5715
316.3572	239.5715
316.3572	239.0596
316.8691	239.0596
316.8691	238.5477
317.3810	238.5477
317.3810	238.0358
317.8929	238.0358
317.8929	237.5239
318.4048	237.5239
318.4048	236.5000
318.9167	236.5000
318.9167	235.4762
319.9405	235.4762
319.9405	234.9643
320.9643	234.9643
320.9643	234.4524
321.4763	234.4524
321.4763	233.9405
322.5001	233.9405
322.5001	233.4286
323.0120	233.4286
323.0120	232.9167
323.5239	232.9167
323.5239	232.4048
324.0358	232.4048
324.0358	231.8929
324.5477	231.8929
324.5477	231.3810
325.0596	231.3810
325.0596	230.8691
325.5715	230.8691
325.5715	230.3572
326.0834	230.3572
326.0834	229.3334
326.5953	229.3334
326.5953	228.3096
327.1072	228.3096
327.1072	227.7977
327.6191	227.7977
327.6191	227.2858
328.1310	227.2858
328.1310	226.7739
329.1548	226.7739
329.1548	226.2619
330.1786	226.2619
330.1786	225.7500
332.7382	225.7500
332.7382	225.2381
334.2739	225.2381
334.2739	224.7262
336.3215	224.7262
336.3215	224.2143
338.3691	224.2143
338.3691	223.7024
343.4882	223.7024
343.4882	224.2143
347.0715	224.2143
347.0715	223.7024
349.6310	223.7024
349.6310	223.1905
350.6548	223.1905
350.6548	222.6786
351.6786	222.6786
351.6786	222.1667
352.7024	222.1667
