368.0596	215.0000
368.5715	215.0000
368.5715	215.5119
369.0834	215.5119
369.0834	216.0239
369.5953	216.0239
369.5953	216.5358
370.1072	216.5358
370.1072	219.0953
370.6191	219.0953
370.6191	220.6310
371.1310	220.6310
371.1310	221.6548
371.6429	221.6548
371.6429	222.6786
372.1548	222.6786
372.1548	223.1905
372.6667	223.1905
372.6667	223.7024
373.1786	223.7024
373.1786	224.2143
373.6905	224.2143
373.6905	224.7262
374.2025	224.7262
374.2025	225.2381
374.7144	225.2381
374.7144	225.7500
375.7382	225.7500
375.7382	226.2619
376.7620	226.2619
376.7620	226.7739
379.3215	226.7739
379.3215	227.2858
386.4882	227.2858
386.4882	227.7977
387.5120	227.7977
387.5120	228.3096
388.0239	228.3096
388.0239	228.8215
388.5358	228.8215
388.5358	229.8453
389.0477	229.8453
389.0477	230.3572
389.5596	230.3572
389.5596	230.8691
390.0715	230.8691
390.0715	231.3810
390.5834	231.3810
390.5834	231.8929
391.0953	231.8929
391.0953	232.9167
391.6072	232.9167
391.6072	234.4524
392.1191	234.4524
392.1191	235.4762
392.6310	235.4762
392.6310	236.5000
393.1429	236.5000
393.1429	237.0119
393.6548	237.0119
393.6548	237.5239
394.1667	237.5239
394.1667	238.0358
394.6786	238.0358
394.6786	239.0596
395.1906	239.0596
395.1906	241.6191
395.7025	241.6191
395.7025	244.1786
396.2144	244.1786
396.2144	248.2739
396.7263	248.2739
396.7263	250.8334
397.2382	250.8334
397.2382	251.8572
397.7501	251.8572
397.7501	252.8810
398.2620	252.8810
398.2620	255.9524
398.7739	255.9524
398.7739	258.5120
399.2858	258.5120
399.2858	259.5358
399.7977	259.5358
399.7977	260.5596
400.3096	260.5596
400.3096	261.0715
400.8215	261.0715
400.8215	261.5834
401.3334	261.5834
401.3334	262.0953
401.8453	262.0953
401.8453	262.6072
402.3572	262.6072
402.3572	263.1191
402.8691	263.1191
402.8691	264.1429
403.3810	264.1429
403.3810	265.1667
403.8929	265.1667
403.8929	265.6786
404.4048	265.6786
404.4048	266.1905
404.9167	266.1905
404.9167	266.7024
405.4286	266.7024
405.4286	267.2143
405.9406	267.2143
405.9406	268.2381
406.4525	268.2381
406.4525	270.2858
406.9644	270.2858
406.9644	272.8453
407.4763	272.8453
407.4763	275.4048
407.9882	275.4048
407.9882	276.4286
408.5001	276.4286
408.5001	277.9643
407.9882	277.9643
407.9882	280.5239
408.5001	280.5239
408.5001	283.5953
409.0120	283.5953
409.0120	286.1548
409.5239	286.1548
409.5239	287.6905
409.0120	287.6905
409.0120	295.3691
408.5001	295.3691
408.5001	295.8810
407.4763	295.8810
407.4763	296.3929
406.4525	296.3929
406.4525	296.9048
405.4286	296.9048
405.4286	297.4167
404.4048	297.4167
404.4048	297.9286
403.8929	297.9286
403.8929	298.4405
403.3810	298.4405
403.3810	298.9524
402.8691	298.9524
402.8691	299.4643
402.3572	299.4643
402.3572	299.9762
401.8453	299.9762
401.8453	300.4882
401.3334	300.4882
401.3334	301.0001
400.8215	301.0001
400.8215	301.5120
400.3096	301.5120
400.3096	302.0239
399.2858	302.0239
399.2858	302.5358
398.2620	302.5358
398.2620	303.0477
397.2382	303.0477
397.2382	303.5596
396.2144	303.5596
396.2144	304.0715
395.1906	304.0715
395.1906	304.5834
394.1667	304.5834
394.1667	305.0953
393.6548	305.0953
393.6548	305.6072
393.1429	305.6072
393.1429	306.1191
392.6310	306.1191
392.6310	306.6310
392.1191	306.6310
392.1191	307.1429
391.6072	307.1429
391.6072	308.1667
389.0477	308.1667
389.0477	308.6786
388.0239	308.6786
388.0239	309.1905
387.0001	309.1905
387.0001	309.7024
385.9763	309.7024
385.9763	310.2143
385.4644	310.2143
385.4644	310.7262
384.9525	310.7262
384.9525	311.2382
384.4405	311.2382
384.4405	311.7501
383.9286	311.7501
383.9286	312.2620
383.4167	312.2620
383.4167	312.7739
382.9048	312.7739
382.9048	313.2858
381.8810	313.2858
381.8810	312.7739
380.8572	312.7739
380.8572	312.2620
378.2977	312.2620
378.2977	311.7501
375.7382	311.7501
375.7382	312.2620
374.7144	312.2620
374.7144	311.7501
368.5715	311.7501
368.5715	311.2382
366.0120	311.2382
366.0120	310.7262
359.3572	310.7262
359.3572	311.2382
356.7977	311.2382
356.7977	311.7501
355.7739	311.7501
355.7739	312.2620
353.7263	312.2620
353.7263	311.7501
351.1667	311.7501
351.1667	311.2382
346.5596	311.2382
346.5596	311.7501
344.5120	311.7501
344.5120	311.2382
344.0001	311.2382
344.0001	310.7262
343.4882	310.7262
343.4882	310.2143
342.9763	310.2143
342.9763	309.7024
342.4644	309.7024
342.4644	309.1905
341.9524	309.1905
341.9524	308.6786
341.4405	308.6786
341.4405	308.1667
340.4167	308.1667
340.4167	307.6548
339.3929	307.6548
339.3929	307.1429
336.8334	307.1429
336.8334	306.6310
332.7382	306.6310
332.7382	307.1429
329.6667	307.1429
329.6667	306.6310
327.1072	306.6310
327.1072	307.1429
324.5477	307.1429
324.5477	307.6548
323.5239	307.6548
323.5239	308.1667
322.5001	308.1667
322.5001	308.6786
320.9643	308.6786
320.9643	309.1905
319.4286	309.1905
319.4286	308.6786
318.9167	308.6786
318.9167	308.1667
318.4048	308.1667
318.4048	307.6548
317.8929	307.6548
317.8929	307.1429
317.3810	307.1429
317.3810	306.6310
316.3572	306.6310
316.3572	306.1191
315.3334	306.1191
315.3334	305.6072
314.8215	305.6072
314.8215	305.0953
313.7977	305.0953
313.7977	304.5834
312.7739	304.5834
312.7739	303.0477
312.2620	303.0477
312.2620	298.9524
312.7739	298.9524
312.7739	297.9286
313.2858	297.9286
313.2858	295.3691
313.7977	295.3691
313.7977	292.8096
313.2858	292.8096
313.2858	290.2501
312.7739	290.2501
312.7739	289.2262
312.2620	289.2262
312.2620	288.2024
311.7501	288.2024
311.7501	287.6905
311.2382	287.6905
311.2382	287.1786
310.7262	287.1786
310.7262	286.1548
310.2143	286.1548
310.2143	285.6429
309.7024	285.6429
309.7024	285.1310
309.1905	285.1310
309.1905	284.6191
308.6786	284.6191
308.6786	284.1072
308.1667	284.1072
308.1667	283.5953
307.6548	283.5953
307.6548	283.0834
307.1429	283.0834
307.1429	282.5715
306.1191	282.5715
306.1191	282.0596
305.0953	282.0596
305.0953	281.5477
304.0715	281.5477
304.0715	274.3810
303.5596	274.3810
303.5596	273.3572
304.0715	273.3572
304.0715	270.2858
305.0953	270.2858
305.0953	269.7739
306.1191	269.7739
306.1191	269.2620
306.6310	269.2620
306.6310	268.7501
307.1429	268.7501
307.1429	268.2381
307.6548	268.2381
307.6548	267.7262
308.1667	267.7262
308.1667	267.2143
308.6786	267.2143
308.6786	266.1905
309.1905	266.1905
309.1905	265.1667
309.7024	265.1667
309.7024	262.6072
310.2143	262.6072
310.2143	260.0477
309.7024	260.0477
309.7024	257.4881
309.1905	257.4881
309.1905	254.9286
308.6786	254.9286
308.6786	253.9048
308.1667	253.9048
308.1667	252.8810
307.6548	252.8810
307.6548	251.8572
307.1429	251.8572
307.1429	251.3453
306.6310	251.3453
306.6310	250.8334
306.1191	250.8334
306.1191	250.3215
305.6072	250.3215
305.6072	249.8096
305.0953	249.8096
305.0953	249.2977
304.5834	249.2977
304.5834	248.7858
303.5596	248.7858
303.5596	246.7381
304.0715	246.7381
304.0715	246.2262
304.5834	246.2262
304.5834	245.7143
305.0953	245.7143
305.0953	245.2024
305.6072	245.2024
305.6072	244.1786
306.1191	244.1786
306.1191	243.1548
306.6310	243.1548
306.6310	242.6429
307.1429	242.6429
307.1429	241.6191
307.6548	241.6191
307.6548	241.1072
308.1667	241.1072
308.1667	240.5953
308.6786	240.5953
308.6786	240.0834
309.7024	240.0834
309.7024	239.5715
310.2143	239.5715
310.2143	239.0596
310.7262	239.0596
310.7262	238.5477
311.2382	238.5477
311.2382	238.0358
312.2620	238.0358
312.2620	237.5239
313.2858	237.5239
313.2858	237.0119
313.7977	237.0119
313.7977	236.5000
314.3096	236.5000
314.3096	235.9881
314.8215	235.9881
314.8215	235.4762
315.3334	235.4762
315.3334	234.9643
315.8453	234.9643
315.8453	234.4524
316.3572	234.4524
316.3572	233.9405
316.8691	233.9405
316.8691	232.9167
317.3810	232.9167
317.3810	231.8929
318.9167	231.8929
318.9167	232.4048
323.0120	232.4048
323.0120	231.8929
325.5715	231.8929
325.5715	231.3810
330.6905	231.3810
330.6905	230.8691
333.2501	230.8691
333.2501	230.3572
334.2739	230.3572
334.2739	229.8453
335.2977	229.8453
335.2977	229.3334
335.8096	229.3334
335.8096	228.8215
336.3215	228.8215
336.3215	228.3096
336.8334	228.3096
336.8334	227.7977
337.3453	227.7977
337.3453	227.2858
337.8572	227.2858
337.8572	226.7739
338.3691	226.7739
338.3691	226.2619
338.8810	226.2619
338.8810	225.2381
345.0239	225.2381
345.0239	224.7262
349.1191	224.7262
349.1191	225.2381
349.6310	225.2381
349.6310	225.7500
350.6548	225.7500
350.6548	226.2619
351.6786	226.2619
351.6786	226.7739
354.2382	226.7739
354.2382	227.2858
356.7977	227.2858
356.7977	226.7739
359.3572	226.7739
359.3572	226.2619
360.3810	226.2619
360.3810	225.7500
361.4048	225.7500
361.4048	225.2381
361.9167	225.2381
361.9167	224.7262
362.4286	224.7262
362.4286	224.2143
362.9405	224.2143
362.9405	223.7024
363.4525	223.7024
363.4525	223.1905
363.9644	223.1905
363.9644	222.1667
364.4763	222.1667
364.4763	221.1429
364.9882	221.1429
364.9882	218.5834
365.5001	218.5834
365.5001	215.5119
364.9882	215.5119
364.9882	214.4881
368.0596	214.4881
