366.0120	215.0000
367.0358	215.0000
367.0358	216.0239
367.5477	216.0239
367.5477	216.5358
368.0596	216.5358
368.0596	219.0953
368.5715	219.0953
368.5715	221.1429
369.0834	221.1429
369.0834	222.1667
369.5953	222.1667
369.5953	223.1905
370.1072	223.1905
370.1072	223.7024
370.6191	223.7024
370.6191	224.2143
371.1310	224.2143
371.1310	224.7262
371.6429	224.7262
371.6429	225.2381
372.1548	225.2381
372.1548	225.7500
373.1786	225.7500
373.1786	226.2619
374.2025	226.2619
374.2025	226.7739
376.7620	226.7739
376.7620	227.2858
382.3929	227.2858
382.3929	226.7739
383.9286	226.7739
383.9286	227.2858
384.9525	227.2858
384.9525	227.7977
385.9763	227.7977
385.9763	228.3096
386.4882	228.3096
386.4882	228.8215
387.0001	228.8215
387.0001	229.8453
387.5120	229.8453
387.5120	230.3572
388.0239	230.3572
388.0239	230.8691
388.5358	230.8691
388.5358	231.8929
389.0477	231.8929
389.0477	232.4048
389.5596	232.4048
389.5596	233.4286
390.0715	233.4286
390.0715	234.4524
390.5834	234.4524
390.5834	234.9643
391.0953	234.9643
391.0953	235.4762
391.6072	235.4762
391.6072	235.9881
392.1191	235.9881
392.1191	236.5000
392.6310	236.5000
392.6310	237.0119
393.1429	237.0119
393.1429	237.5239
393.6548	237.5239
393.6548	238.0358
394.1667	238.0358
394.1667	239.0596
394.6786	239.0596
394.6786	243.6667
395.1906	243.6667
395.1906	247.7620
395.7025	247.7620
395.7025	250.3215
396.2144	250.3215
396.2144	251.3453
396.7263	251.3453
396.7263	252.8810
397.2382	252.8810
397.2382	255.4405
397.7501	255.4405
397.7501	257.4881
398.2620	257.4881
398.2620	258.5120
398.7739	258.5120
398.7739	259.5358
399.2858	259.5358
399.2858	260.0477
399.7977	260.0477
399.7977	260.5596
400.3096	260.5596
400.3096	261.0715
400.8215	261.0715
400.8215	262.0953
401.3334	262.0953
401.3334	262.6072
401.8453	262.6072
401.8453	263.6310
402.3572	263.6310
402.3572	264.6548
402.8691	264.6548
402.8691	265.1667
403.3810	265.1667
403.3810	265.6786
403.8929	265.6786
403.8929	266.1905
404.4048	266.1905
404.4048	266.7024
404.9167	266.7024
404.9167	267.2143
405.4286	267.2143
405.4286	267.7262
405.9406	267.7262
405.9406	269.7739
406.4525	269.7739
406.4525	270.7977
406.9644	270.7977
406.9644	273.3572
407.4763	273.3572
407.4763	275.9167
407.9882	275.9167
407.9882	277.4524
408.5001	277.4524
408.5001	278.4762
407.9882	278.4762
407.9882	283.5953
408.5001	283.5953
408.5001	287.6905
407.9882	287.6905
407.9882	290.2501
407.4763	290.2501
407.4763	295.8810
406.9644	295.8810
406.9644	296.9048
405.9406	296.9048
405.9406	297.4167
405.4286	297.4167
405.4286	297.9286
404.4048	297.9286
404.4048	298.4405
403.8929	298.4405
403.8929	298.9524
403.3810	298.9524
403.3810	299.4643
402.8691	299.4643
402.8691	299.9762
402.3572	299.9762
402.3572	300.4882
401.8453	300.4882
401.8453	301.0001
401.3334	301.0001
401.3334	302.0239
400.8215	302.0239
400.8215	302.5358
400.3096	302.5358
400.3096	303.0477
399.7977	303.0477
399.7977	303.5596
397.7501	303.5596
397.7501	304.0715
396.7263	304.0715
396.7263	304.5834
394.1667	304.5834
394.1667	305.0953
393.1429	305.0953
393.1429	305.6072
391.0953	305.6072
391.0953	306.1191
390.0715	306.1191
390.0715	306.6310
389.0477	306.6310
389.0477	307.1429
387.5120	307.1429
387.5120	307.6548
385.4644	307.6548
385.4644	308.1667
383.9286	308.1667
383.9286	308.6786
382.9048	308.6786
382.9048	309.1905
381.8810	309.1905
381.8810	309.7024
381.3691	309.7024
381.3691	310.2143
380.8572	310.2143
380.8572	310.7262
380.3453	310.7262
380.3453	311.2382
378.8096	311.2382
378.8096	311.7501
377.7858	311.7501
377.7858	312.2620
376.7620	312.2620
376.7620	312.7739
376.2501	312.7739
376.2501	313.2858
369.5953	313.2858
369.5953	312.7739
368.5715	312.7739
368.5715	312.2620
368.0596	312.2620
368.0596	311.7501
367.0358	311.7501
367.0358	311.2382
366.0120	311.2382
366.0120	310.7262
363.4525	310.7262
363.4525	310.2143
359.8691	310.2143
359.8691	310.7262
357.3096	310.7262
357.3096	311.2382
356.2858	311.2382
356.2858	311.7501
355.2620	311.7501
355.2620	312.2620
354.2382	312.2620
354.2382	312.7739
350.1429	312.7739
350.1429	312.2620
347.5834	312.2620
347.5834	311.7501
345.0239	311.7501
345.0239	312.2620
344.0001	312.2620
344.0001	311.7501
343.4882	311.7501
343.4882	311.2382
342.4644	311.2382
342.4644	310.7262
341.9524	310.7262
341.9524	310.2143
341.4405	310.2143
341.4405	309.7024
340.9286	309.7024
340.9286	309.1905
340.4167	309.1905
340.4167	308.6786
339.3929	308.6786
339.3929	308.1667
338.3691	308.1667
338.3691	307.6548
335.8096	307.6548
335.8096	307.1429
332.2263	307.1429
332.2263	307.6548
331.7143	307.6548
331.7143	307.1429
325.0596	307.1429
325.0596	307.6548
322.5001	307.6548
322.5001	308.1667
321.4763	308.1667
321.4763	308.6786
320.4524	308.6786
320.4524	309.1905
319.4286	309.1905
319.4286	309.7024
318.9167	309.7024
318.9167	309.1905
318.4048	309.1905
318.4048	308.6786
317.8929	308.6786
317.8929	308.1667
317.3810	308.1667
317.3810	307.6548
316.3572	307.6548
316.3572	307.1429
315.3334	307.1429
315.3334	306.6310
314.8215	306.6310
314.8215	306.1191
313.7977	306.1191
313.7977	305.6072
312.7739	305.6072
312.7739	305.0953
312.2620	305.0953
312.2620	304.5834
311.7501	304.5834
311.7501	302.0239
311.2382	302.0239
311.2382	299.4643
311.7501	299.4643
311.7501	296.9048
312.2620	296.9048
312.2620	290.7620
311.7501	290.7620
311.7501	288.2024
311.2382	288.2024
311.2382	287.1786
310.7262	287.1786
310.7262	286.1548
310.2143	286.1548
310.2143	285.1310
309.7024	285.1310
309.7024	284.6191
309.1905	284.6191
309.1905	284.1072
308.6786	284.1072
308.6786	283.5953
308.1667	283.5953
308.1667	283.0834
307.6548	283.0834
307.6548	282.5715
307.1429	282.5715
307.1429	282.0596
306.6310	282.0596
306.6310	281.5477
306.1191	281.5477
306.1191	281.0358
305.6072	281.0358
305.6072	277.9643
305.0953	277.9643
305.0953	275.4048
304.5834	275.4048
304.5834	274.3810
304.0715	274.3810
304.0715	269.7739
304.5834	269.7739
304.5834	269.2620
305.0953	269.2620
305.0953	268.2381
305.6072	268.2381
305.6072	267.2143
306.1191	267.2143
306.1191	264.6548
306.6310	264.6548
306.6310	261.0715
306.1191	261.0715
306.1191	260.5596
306.6310	260.5596
306.6310	259.5358
307.1429	259.5358
307.1429	256.9762
307.6548	256.9762
307.6548	254.4167
307.1429	254.4167
307.1429	251.8572
306.6310	251.8572
306.6310	250.8334
306.1191	250.8334
306.1191	249.8096
305.6072	249.8096
305.6072	249.2977
305.0953	249.2977
305.0953	248.7858
304.5834	248.7858
304.5834	248.2739
304.0715	248.2739
304.0715	247.7620
303.5596	247.7620
303.5596	247.2500
303.0477	247.2500
303.0477	246.2262
303.5596	246.2262
303.5596	245.7143
304.0715	245.7143
304.0715	244.6905
304.5834	244.6905
304.5834	243.6667
305.0953	243.6667
305.0953	242.6429
305.6072	242.6429
305.6072	242.1310
306.1191	242.1310
306.1191	241.6191
306.6310	241.6191
306.6310	240.5953
307.1429	240.5953
307.1429	240.0834
307.6548	240.0834
307.6548	239.0596
308.6786	239.0596
308.6786	238.5477
309.7024	238.5477
309.7024	238.0358
310.2143	238.0358
310.2143	237.5239
311.2382	237.5239
311.2382	237.0119
311.7501	237.0119
311.7501	236.5000
312.2620	236.5000
312.2620	235.9881
312.7739	235.9881
312.7739	235.4762
313.2858	235.4762
313.2858	234.9643
313.7977	234.9643
313.7977	233.9405
314.3096	233.9405
314.3096	232.9167
314.8215	232.9167
314.8215	231.8929
319.9405	231.8929
319.9405	231.3810
322.5001	231.3810
322.5001	230.8691
323.5239	230.8691
323.5239	230.3572
324.5477	230.3572
324.5477	229.8453
325.5715	229.8453
325.5715	229.3334
326.0834	229.3334
326.0834	228.8215
329.6667	228.8215
329.6667	228.3096
332.2263	228.3096
332.2263	227.7977
333.2501	227.7977
333.2501	227.2858
334.2739	227.2858
334.2739	226.7739
335.2977	226.7739
335.2977	226.2619
336.3215	226.2619
336.3215	225.7500
337.3453	225.7500
337.3453	225.2381
338.3691	225.2381
338.3691	224.7262
340.9286	224.7262
340.9286	225.2381
346.5596	225.2381
346.5596	224.7262
348.6072	224.7262
348.6072	225.2381
351.1667	225.2381
351.1667	225.7500
353.7263	225.7500
353.7263	225.2381
356.2858	225.2381
356.2858	224.7262
357.3096	224.7262
357.3096	224.2143
358.3334	224.2143
358.3334	223.7024
358.8453	223.7024
358.8453	223.1905
359.3572	223.1905
359.3572	222.6786
359.8691	222.6786
359.8691	222.1667
360.3810	222.1667
360.3810	221.6548
360.8929	221.6548
360.8929	220.6310
361.4048	220.6310
361.4048	219.6072
361.9167	219.6072
361.9167	218.0715
362.4286	218.0715
362.4286	215.5119
363.4525	215.5119
363.4525	215.0000
363.9644	215.0000
363.9644	214.4881
366.0120	214.4881
