355.7739	229.8453
361.4048	229.8453
361.4048	229.3334
363.4525	229.3334
363.4525	229.8453
363.9644	229.8453
363.9644	230.3572
364.4763	230.3572
364.4763	230.8691
364.9882	230.8691
364.9882	231.3810
365.5001	231.3810
365.5001	231.8929
366.0120	231.8929
366.0120	232.4048
367.0358	232.4048
367.0358	232.9167
368.0596	232.9167
368.0596	233.4286
370.1072	233.4286
370.1072	233.9405
372.1548	233.9405
372.1548	234.4524
373.1786	234.4524
373.1786	234.9643
374.2025	234.9643
374.2025	235.4762
376.7620	235.4762
376.7620	235.9881
380.8572	235.9881
380.8572	236.5000
381.3691	236.5000
381.3691	237.0119
381.8810	237.0119
381.8810	237.5239
382.3929	237.5239
382.3929	238.0358
382.9048	238.0358
382.9048	238.5477
383.9286	238.5477
383.9286	239.0596
384.9525	239.0596
384.9525	239.5715
387.5120	239.5715
387.5120	240.0834
390.0715	240.0834
390.0715	239.5715
392.6310	239.5715
392.6310	239.0596
396.7263	239.0596
396.7263	239.5715
397.2382	239.5715
397.2382	240.0834
398.2620	240.0834
398.2620	240.5953
398.7739	240.5953
398.7739	241.6191
399.2858	241.6191
399.2858	243.6667
399.7977	243.6667
399.7977	244.6905
400.3096	244.6905
400.3096	245.7143
400.8215	245.7143
400.8215	250.8334
400.3096	250.8334
400.3096	253.3929
399.7977	253.3929
399.7977	258.0000
399.2858	258.0000
399.2858	265.1667
399.7977	265.1667
399.7977	267.7262
400.3096	267.7262
400.3096	268.7501
399.7977	268.7501
399.7977	271.3096
399.2858	271.3096
399.2858	274.3810
399.7977	274.3810
399.7977	280.5239
400.3096	280.5239
400.3096	281.5477
399.7977	281.5477
399.7977	286.6667
400.3096	286.6667
400.3096	290.7620
399.7977	290.7620
399.7977	291.7858
398.7739	291.7858
398.7739	292.2977
397.7501	292.2977
397.7501	292.8096
396.7263	292.8096
396.7263	293.3215
396.2144	293.3215
396.2144	293.8334
395.7025	293.8334
395.7025	294.3453
395.1906	294.3453
395.1906	294.8572
390.0715	294.8572
390.0715	295.3691
387.5120	295.3691
387.5120	295.8810
386.4882	295.8810
386.4882	296.3929
385.4644	296.3929
385.4644	296.9048
384.9525	296.9048
384.9525	296.3929
382.3929	296.3929
382.3929	295.8810
379.3215	295.8810
379.3215	295.3691
376.7620	295.3691
376.7620	294.8572
372.1548	294.8572
372.1548	295.3691
369.5953	295.3691
369.5953	295.8810
367.5477	295.8810
367.5477	296.3929
366.5239	296.3929
366.5239	296.9048
365.5001	296.9048
365.5001	297.4167
364.9882	297.4167
364.9882	296.9048
364.4763	296.9048
364.4763	296.3929
363.9644	296.3929
363.9644	295.8810
362.9405	295.8810
362.9405	295.3691
361.9167	295.3691
361.9167	294.8572
359.3572	294.8572
359.3572	294.3453
356.2858	294.3453
356.2858	294.8572
354.2382	294.8572
354.2382	294.3453
353.7263	294.3453
353.7263	293.8334
352.7024	293.8334
352.7024	293.3215
351.6786	293.3215
351.6786	292.8096
350.1429	292.8096
350.1429	292.2977
349.1191	292.2977
349.1191	291.7858
348.0953	291.7858
348.0953	291.2739
347.0715	291.2739
347.0715	290.7620
346.0477	290.7620
346.0477	290.2501
345.0239	290.2501
345.0239	289.7382
344.5120	289.7382
344.5120	287.6905
344.0001	287.6905
344.0001	286.6667
343.4882	286.6667
343.4882	285.6429
342.9763	285.6429
342.9763	285.1310
342.4644	285.1310
342.4644	284.6191
341.9524	284.6191
341.9524	284.1072
341.4405	284.1072
341.4405	283.5953
340.9286	283.5953
340.9286	283.0834
339.9048	283.0834
339.9048	282.5715
338.8810	282.5715
338.8810	282.0596
336.3215	282.0596
336.3215	281.5477
333.2501	281.5477
333.2501	281.0358
332.7382	281.0358
332.7382	280.5239
332.2263	280.5239
332.2263	280.0120
331.7143	280.0120
331.7143	279.5001
331.2024	279.5001
331.2024	278.9881
330.1786	278.9881
330.1786	278.4762
329.6667	278.4762
329.6667	277.9643
329.1548	277.9643
329.1548	276.9405
328.6429	276.9405
328.6429	276.4286
328.1310	276.4286
328.1310	275.9167
327.6191	275.9167
327.6191	274.3810
327.1072	274.3810
327.1072	272.8453
327.6191	272.8453
327.6191	272.3334
328.1310	272.3334
328.1310	271.8215
328.6429	271.8215
328.6429	271.3096
329.1548	271.3096
329.1548	270.2858
329.6667	270.2858
329.6667	269.2620
330.1786	269.2620
330.1786	266.7024
330.6905	266.7024
330.6905	263.6310
330.1786	263.6310
330.1786	261.0715
329.6667	261.0715
329.6667	260.0477
329.1548	260.0477
329.1548	259.0239
328.6429	259.0239
328.6429	258.5120
328.1310	258.5120
328.1310	258.0000
327.6191	258.0000
327.6191	257.4881
327.1072	257.4881
327.1072	256.9762
326.5953	256.9762
326.5953	256.4643
327.1072	256.4643
327.1072	255.4405
327.6191	255.4405
327.6191	254.4167
328.1310	254.4167
328.1310	253.3929
328.6429	253.3929
328.6429	252.3691
329.1548	252.3691
329.1548	251.3453
329.6667	251.3453
329.6667	248.7858
330.1786	248.7858
330.1786	245.2024
330.6905	245.2024
330.6905	244.1786
331.2024	244.1786
331.2024	243.1548
331.7143	243.1548
331.7143	241.1072
332.2263	241.1072
332.2263	240.5953
332.7382	240.5953
332.7382	239.5715
333.2501	239.5715
333.2501	239.0596
333.7620	239.0596
333.7620	238.5477
334.2739	238.5477
334.2739	237.5239
334.7858	237.5239
334.7858	236.5000
335.2977	236.5000
335.2977	235.9881
335.8096	235.9881
335.8096	235.4762
336.3215	235.4762
336.3215	234.9643
336.8334	234.9643
336.8334	233.9405
337.3453	233.9405
337.3453	232.9167
340.9286	232.9167
340.9286	232.4048
347.0715	232.4048
347.0715	231.8929
349.6310	231.8929
349.6310	231.3810
350.6548	231.3810
350.6548	230.8691
351.6786	230.8691
351.6786	230.3572
352.7024	230.3572
352.7024	229.8453
353.2144	229.8453
353.2144	229.3334
355.7739	229.3334
