338.8810	227.7977
339.9048	227.7977
339.9048	228.3096
342.4644	228.3096
342.4644	228.8215
347.0715	228.8215
347.0715	228.3096
351.6786	228.3096
351.6786	227.7977
354.2382	227.7977
354.2382	227.2858
358.3334	227.2858
358.3334	227.7977
359.3572	227.7977
359.3572	228.3096
361.9167	228.3096
361.9167	228.8215
367.0358	228.8215
367.0358	229.3334
370.1072	229.3334
370.1072	228.8215
371.1310	228.8215
371.1310	229.3334
371.6429	229.3334
371.6429	229.8453
372.6667	229.8453
372.6667	230.8691
373.1786	230.8691
373.1786	231.8929
373.6905	231.8929
373.6905	232.4048
374.2025	232.4048
374.2025	232.9167
374.7144	232.9167
374.7144	233.4286
375.2263	233.4286
375.2263	233.9405
375.7382	233.9405
375.7382	234.4524
376.7620	234.4524
376.7620	234.9643
377.7858	234.9643
377.7858	235.4762
380.3453	235.4762
380.3453	235.9881
382.9048	235.9881
382.9048	235.4762
383.4167	235.4762
383.4167	235.9881
383.9286	235.9881
383.9286	236.5000
384.4405	236.5000
384.4405	237.0119
384.9525	237.0119
384.9525	237.5239
385.9763	237.5239
385.9763	238.0358
387.0001	238.0358
387.0001	238.5477
389.5596	238.5477
389.5596	239.0596
394.6786	239.0596
394.6786	238.5477
395.7025	238.5477
395.7025	239.0596
396.2144	239.0596
396.2144	239.5715
397.2382	239.5715
397.2382	240.0834
397.7501	240.0834
397.7501	240.5953
398.2620	240.5953
398.2620	241.1072
398.7739	241.1072
398.7739	242.6429
399.2858	242.6429
399.2858	243.6667
399.7977	243.6667
399.7977	244.6905
400.3096	244.6905
400.3096	245.2024
400.8215	245.2024
400.8215	245.7143
401.3334	245.7143
401.3334	246.2262
401.8453	246.2262
401.8453	246.7381
402.3572	246.7381
402.3572	248.7858
401.8453	248.7858
401.8453	249.8096
401.3334	249.8096
401.3334	250.3215
400.8215	250.3215
400.8215	251.3453
400.3096	251.3453
400.3096	252.3691
399.7977	252.3691
399.7977	253.9048
399.2858	253.9048
399.2858	256.4643
398.7739	256.4643
398.7739	257.4881
398.2620	257.4881
398.2620	258.5120
397.7501	258.5120
397.7501	261.0715
397.2382	261.0715
397.2382	262.0953
396.7263	262.0953
396.7263	263.1191
396.2144	263.1191
396.2144	265.6786
395.7025	265.6786
395.7025	268.2381
396.2144	268.2381
396.2144	273.3572
396.7263	273.3572
396.7263	274.8929
396.2144	274.8929
396.2144	275.9167
395.7025	275.9167
395.7025	278.4762
395.1906	278.4762
395.1906	279.5001
394.6786	279.5001
394.6786	280.0120
394.1667	280.0120
394.1667	280.5239
393.6548	280.5239
393.6548	281.0358
393.1429	281.0358
393.1429	281.5477
392.6310	281.5477
392.6310	282.0596
392.1191	282.0596
392.1191	282.5715
391.6072	282.5715
391.6072	283.5953
391.0953	283.5953
391.0953	284.6191
390.5834	284.6191
390.5834	286.6667
390.0715	286.6667
390.0715	289.2262
389.5596	289.2262
389.5596	289.7382
389.0477	289.7382
389.0477	290.2501
388.5358	290.2501
388.5358	291.2739
388.0239	291.2739
388.0239	292.2977
387.5120	292.2977
387.5120	294.8572
387.0001	294.8572
387.0001	299.9762
387.5120	299.9762
387.5120	301.0001
385.9763	301.0001
385.9763	300.4882
385.4644	300.4882
385.4644	299.9762
384.9525	299.9762
384.9525	299.4643
384.4405	299.4643
384.4405	298.9524
383.9286	298.9524
383.9286	298.4405
382.9048	298.4405
382.9048	297.9286
381.8810	297.9286
381.8810	297.4167
379.3215	297.4167
379.3215	296.9048
376.7620	296.9048
376.7620	296.3929
375.2263	296.3929
375.2263	295.8810
374.2025	295.8810
374.2025	295.3691
373.1786	295.3691
373.1786	294.8572
370.6191	294.8572
370.6191	294.3453
367.5477	294.3453
367.5477	294.8572
364.9882	294.8572
364.9882	295.3691
363.9644	295.3691
363.9644	295.8810
362.9405	295.8810
362.9405	296.3929
362.4286	296.3929
362.4286	296.9048
361.9167	296.9048
361.9167	296.3929
361.4048	296.3929
361.4048	295.8810
360.8929	295.8810
360.8929	295.3691
360.3810	295.3691
360.3810	294.8572
359.3572	294.8572
359.3572	294.3453
358.3334	294.3453
358.3334	293.8334
356.7977	293.8334
356.7977	293.3215
354.2382	293.3215
354.2382	292.8096
351.6786	292.8096
351.6786	291.7858
351.1667	291.7858
351.1667	290.7620
350.6548	290.7620
350.6548	290.2501
350.1429	290.2501
350.1429	289.7382
349.6310	289.7382
349.6310	289.2262
349.1191	289.2262
349.1191	288.7143
348.6072	288.7143
348.6072	288.2024
347.5834	288.2024
347.5834	287.6905
346.5596	287.6905
346.5596	287.1786
344.0001	287.1786
344.0001	286.6667
340.4167	286.6667
340.4167	287.1786
339.3929	287.1786
339.3929	286.6667
338.8810	286.6667
338.8810	286.1548
338.3691	286.1548
338.3691	285.6429
337.8572	285.6429
337.8572	284.6191
337.3453	284.6191
337.3453	283.5953
336.8334	283.5953
336.8334	282.5715
336.3215	282.5715
336.3215	282.0596
335.8096	282.0596
335.8096	278.9881
335.2977	278.9881
335.2977	276.4286
334.7858	276.4286
334.7858	275.4048
334.2739	275.4048
334.2739	274.3810
333.7620	274.3810
333.7620	273.3572
333.2501	273.3572
333.2501	272.8453
332.7382	272.8453
332.7382	271.8215
332.2263	271.8215
332.2263	266.1905
331.7143	266.1905
331.7143	263.6310
331.2024	263.6310
331.2024	262.6072
330.6905	262.6072
330.6905	261.5834
330.1786	261.5834
330.1786	261.0715
329.6667	261.0715
329.6667	260.5596
329.1548	260.5596
329.1548	260.0477
328.6429	260.0477
328.6429	259.5358
328.1310	259.5358
328.1310	259.0239
327.1072	259.0239
327.1072	258.5120
326.5953	258.5120
326.5953	255.9524
326.0834	255.9524
326.0834	253.9048
325.5715	253.9048
325.5715	252.8810
325.0596	252.8810
325.0596	251.8572
324.5477	251.8572
324.5477	251.3453
324.0358	251.3453
324.0358	250.8334
323.5239	250.8334
323.5239	249.8096
326.0834	249.8096
326.0834	249.2977
327.1072	249.2977
327.1072	248.7858
328.1310	248.7858
328.1310	248.2739
328.6429	248.2739
328.6429	247.7620
329.1548	247.7620
329.1548	247.2500
329.6667	247.2500
329.6667	246.7381
330.1786	246.7381
330.1786	246.2262
330.6905	246.2262
330.6905	245.7143
331.2024	245.7143
331.2024	244.6905
331.7143	244.6905
331.7143	243.6667
332.2263	243.6667
332.2263	241.6191
332.7382	241.6191
332.7382	239.0596
333.2501	239.0596
333.2501	238.5477
333.7620	238.5477
333.7620	238.0358
334.2739	238.0358
334.2739	237.0119
334.7858	237.0119
334.7858	236.5000
335.2977	236.5000
335.2977	235.9881
335.8096	235.9881
335.8096	235.4762
336.3215	235.4762
336.3215	234.9643
336.8334	234.9643
336.8334	233.9405
337.3453	233.9405
337.3453	232.9167
337.8572	232.9167
337.8572	230.3572
338.3691	230.3572
338.3691	227.2858
338.8810	227.2858
