346.5596	230.8691
349.1191	230.8691
349.1191	231.3810
351.6786	231.3810
351.6786	230.8691
356.2858	230.8691
356.2858	230.3572
357.3096	230.3572
357.3096	230.8691
359.8691	230.8691
359.8691	231.3810
363.4525	231.3810
363.4525	230.8691
367.0358	230.8691
367.0358	231.3810
368.5715	231.3810
368.5715	231.8929
369.0834	231.8929
369.0834	232.4048
369.5953	232.4048
369.5953	232.9167
370.1072	232.9167
370.1072	233.4286
370.6191	233.4286
370.6191	233.9405
371.6429	233.9405
371.6429	234.4524
372.1548	234.4524
372.1548	234.9643
373.1786	234.9643
373.1786	235.4762
374.2025	235.4762
374.2025	235.9881
375.2263	235.9881
375.2263	236.5000
377.2739	236.5000
377.2739	237.0119
379.8334	237.0119
379.8334	237.5239
381.8810	237.5239
381.8810	238.0358
382.9048	238.0358
382.9048	238.5477
385.4644	238.5477
385.4644	239.0596
388.0239	239.0596
388.0239	238.5477
390.5834	238.5477
390.5834	238.0358
395.1906	238.0358
395.1906	238.5477
396.2144	238.5477
396.2144	239.0596
396.7263	239.0596
396.7263	239.5715
397.2382	239.5715
397.2382	240.0834
397.7501	240.0834
397.7501	240.5953
398.2620	240.5953
398.2620	241.1072
398.7739	241.1072
398.7739	242.1310
399.2858	242.1310
399.2858	243.1548
399.7977	243.1548
399.7977	244.1786
400.3096	244.1786
400.3096	244.6905
400.8215	244.6905
400.8215	245.2024
401.3334	245.2024
401.3334	245.7143
401.8453	245.7143
401.8453	246.7381
401.3334	246.7381
401.3334	250.8334
400.8215	250.8334
400.8215	251.3453
400.3096	251.3453
400.3096	251.8572
399.7977	251.8572
399.7977	252.3691
399.2858	252.3691
399.2858	253.3929
398.7739	253.3929
398.7739	254.4167
398.2620	254.4167
398.2620	256.9762
397.7501	256.9762
397.7501	258.0000
397.2382	258.0000
397.2382	259.0239
396.7263	259.0239
396.7263	261.5834
396.2144	261.5834
396.2144	264.6548
396.7263	264.6548
396.7263	267.2143
397.2382	267.2143
397.2382	268.2381
397.7501	268.2381
397.7501	268.7501
397.2382	268.7501
397.2382	271.3096
396.7263	271.3096
396.7263	274.3810
397.2382	274.3810
397.2382	275.4048
396.7263	275.4048
396.7263	275.9167
396.2144	275.9167
396.2144	276.9405
395.7025	276.9405
395.7025	277.9643
395.1906	277.9643
395.1906	279.5001
394.6786	279.5001
394.6786	280.0120
394.1667	280.0120
394.1667	280.5239
393.6548	280.5239
393.6548	281.0358
393.1429	281.0358
393.1429	281.5477
392.1191	281.5477
392.1191	282.0596
391.6072	282.0596
391.6072	282.5715
391.0953	282.5715
391.0953	283.0834
390.5834	283.0834
390.5834	283.5953
390.0715	283.5953
390.0715	284.1072
389.5596	284.1072
389.5596	285.1310
389.0477	285.1310
389.0477	286.1548
388.5358	286.1548
388.5358	288.7143
388.0239	288.7143
388.0239	289.2262
387.5120	289.2262
387.5120	290.2501
387.0001	290.2501
387.0001	291.2739
386.4882	291.2739
386.4882	293.8334
385.9763	293.8334
385.9763	297.4167
386.4882	297.4167
386.4882	299.9762
387.0001	299.9762
387.0001	300.4882
386.4882	300.4882
386.4882	301.0001
385.9763	301.0001
385.9763	300.4882
385.4644	300.4882
385.4644	299.9762
384.9525	299.9762
384.9525	299.4643
384.4405	299.4643
384.4405	298.9524
383.9286	298.9524
383.9286	298.4405
383.4167	298.4405
383.4167	297.9286
382.3929	297.9286
382.3929	297.4167
381.3691	297.4167
381.3691	296.9048
378.8096	296.9048
378.8096	296.3929
376.2501	296.3929
376.2501	295.8810
373.6905	295.8810
373.6905	295.3691
370.1072	295.3691
370.1072	295.8810
367.5477	295.8810
367.5477	296.3929
366.5239	296.3929
366.5239	296.9048
365.5001	296.9048
365.5001	296.3929
364.4763	296.3929
364.4763	295.8810
362.4286	295.8810
362.4286	295.3691
361.9167	295.3691
361.9167	294.8572
360.8929	294.8572
360.8929	294.3453
359.8691	294.3453
359.8691	293.8334
357.8215	293.8334
357.8215	293.3215
357.3096	293.3215
357.3096	292.8096
356.7977	292.8096
356.7977	292.2977
356.2858	292.2977
356.2858	291.7858
355.7739	291.7858
355.7739	291.2739
355.2620	291.2739
355.2620	290.7620
354.7501	290.7620
354.7501	290.2501
353.7263	290.2501
353.7263	289.7382
352.7024	289.7382
352.7024	289.2262
350.1429	289.2262
350.1429	288.7143
345.5358	288.7143
345.5358	289.2262
345.0239	289.2262
345.0239	288.7143
344.5120	288.7143
344.5120	286.6667
344.0001	286.6667
344.0001	285.6429
343.4882	285.6429
343.4882	284.6191
342.9763	284.6191
342.9763	284.1072
342.4644	284.1072
342.4644	283.5953
341.9524	283.5953
341.9524	283.0834
341.4405	283.0834
341.4405	282.5715
340.9286	282.5715
340.9286	282.0596
339.9048	282.0596
339.9048	281.5477
338.8810	281.5477
338.8810	281.0358
337.8572	281.0358
337.8572	280.5239
336.8334	280.5239
336.8334	278.4762
336.3215	278.4762
336.3215	277.4524
335.8096	277.4524
335.8096	276.4286
335.2977	276.4286
335.2977	275.9167
334.7858	275.9167
334.7858	274.8929
334.2739	274.8929
334.2739	272.3334
333.7620	272.3334
333.7620	271.3096
333.2501	271.3096
333.2501	267.7262
332.7382	267.7262
332.7382	265.1667
332.2263	265.1667
332.2263	264.1429
331.7143	264.1429
331.7143	258.5120
331.2024	258.5120
331.2024	255.9524
330.6905	255.9524
330.6905	254.9286
330.1786	254.9286
330.1786	253.9048
329.6667	253.9048
329.6667	253.3929
329.1548	253.3929
329.1548	252.8810
328.6429	252.8810
328.6429	252.3691
328.1310	252.3691
328.1310	251.8572
327.6191	251.8572
327.6191	251.3453
326.5953	251.3453
326.5953	250.8334
325.5715	250.8334
325.5715	250.3215
325.0596	250.3215
325.0596	249.8096
327.1072	249.8096
327.1072	249.2977
328.1310	249.2977
328.1310	248.7858
329.1548	248.7858
329.1548	248.2739
329.6667	248.2739
329.6667	247.7620
330.1786	247.7620
330.1786	247.2500
330.6905	247.2500
330.6905	246.7381
331.2024	246.7381
331.2024	246.2262
331.7143	246.2262
331.7143	245.2024
332.2263	245.2024
332.2263	244.1786
332.7382	244.1786
332.7382	242.1310
333.2501	242.1310
333.2501	239.5715
333.7620	239.5715
333.7620	239.0596
334.2739	239.0596
334.2739	238.0358
334.7858	238.0358
334.7858	237.0119
335.2977	237.0119
335.2977	234.9643
336.3215	234.9643
336.3215	234.4524
336.8334	234.4524
336.8334	233.9405
337.8572	233.9405
337.8572	233.4286
340.4167	233.4286
340.4167	232.9167
341.4405	232.9167
341.4405	232.4048
342.9763	232.4048
342.9763	231.8929
344.0001	231.8929
344.0001	231.3810
345.0239	231.3810
345.0239	230.8691
345.5358	230.8691
345.5358	230.3572
346.5596	230.3572
