347.0715	213.9762
347.5834	213.9762
347.5834	215.0000
348.0953	215.0000
348.0953	215.5119
348.6072	215.5119
348.6072	216.5358
349.1191	216.5358
349.1191	217.0477
349.6310	217.0477
349.6310	217.5596
350.1429	217.5596
350.1429	218.0715
350.6548	218.0715
350.6548	218.5834
351.1667	218.5834
351.1667	219.0953
351.6786	219.0953
351.6786	219.6072
352.7024	219.6072
352.7024	220.1191
353.2144	220.1191
353.2144	220.6310
353.7263	220.6310
353.7263	221.1429
354.2382	221.1429
354.2382	221.6548
355.2620	221.6548
355.2620	222.1667
356.2858	222.1667
356.2858	222.6786
357.3096	222.6786
357.3096	223.1905
359.8691	223.1905
359.8691	223.7024
366.5239	223.7024
366.5239	224.2143
367.5477	224.2143
367.5477	224.7262
369.0834	224.7262
369.0834	225.2381
371.6429	225.2381
371.6429	225.7500
372.6667	225.7500
372.6667	226.2619
373.6905	226.2619
373.6905	226.7739
374.7144	226.7739
374.7144	227.2858
376.7620	227.2858
376.7620	228.3096
377.2739	228.3096
377.2739	230.8691
377.7858	230.8691
377.7858	232.9167
378.2977	232.9167
378.2977	233.9405
378.8096	233.9405
378.8096	234.9643
379.3215	234.9643
379.3215	235.4762
379.8334	235.4762
379.8334	235.9881
380.3453	235.9881
380.3453	236.5000
380.8572	236.5000
380.8572	237.0119
381.3691	237.0119
381.3691	237.5239
382.3929	237.5239
382.3929	238.0358
383.4167	238.0358
383.4167	238.5477
385.4644	238.5477
385.4644	239.0596
387.0001	239.0596
387.0001	239.5715
388.0239	239.5715
388.0239	240.0834
389.5596	240.0834
389.5596	240.5953
392.1191	240.5953
392.1191	241.1072
394.6786	241.1072
394.6786	241.6191
397.7501	241.6191
397.7501	241.1072
401.3334	241.1072
401.3334	241.6191
403.3810	241.6191
403.3810	242.1310
403.8929	242.1310
403.8929	242.6429
404.4048	242.6429
404.4048	243.1548
404.9167	243.1548
404.9167	244.1786
405.4286	244.1786
405.4286	248.2739
405.9406	248.2739
405.9406	250.8334
406.4525	250.8334
406.4525	252.3691
405.4286	252.3691
405.4286	252.8810
404.4048	252.8810
404.4048	253.3929
403.8929	253.3929
403.8929	253.9048
403.3810	253.9048
403.3810	254.4167
402.8691	254.4167
402.8691	254.9286
402.3572	254.9286
402.3572	255.4405
401.8453	255.4405
401.8453	256.4643
401.3334	256.4643
401.3334	257.4881
400.8215	257.4881
400.8215	260.0477
400.3096	260.0477
400.3096	262.6072
399.7977	262.6072
399.7977	265.1667
399.2858	265.1667
399.2858	266.1905
398.7739	266.1905
398.7739	267.2143
398.2620	267.2143
398.2620	269.7739
397.7501	269.7739
397.7501	273.3572
398.2620	273.3572
398.2620	275.9167
398.7739	275.9167
398.7739	276.9405
399.2858	276.9405
399.2858	277.9643
399.7977	277.9643
399.7977	278.4762
400.3096	278.4762
400.3096	278.9881
400.8215	278.9881
400.8215	279.5001
401.3334	279.5001
401.3334	280.0120
401.8453	280.0120
401.8453	280.5239
402.3572	280.5239
402.3572	281.0358
402.8691	281.0358
402.8691	282.0596
402.3572	282.0596
402.3572	282.5715
401.8453	282.5715
401.8453	283.0834
401.3334	283.0834
401.3334	283.5953
400.8215	283.5953
400.8215	284.1072
400.3096	284.1072
400.3096	284.6191
399.7977	284.6191
399.7977	285.6429
399.2858	285.6429
399.2858	286.6667
398.7739	286.6667
398.7739	287.1786
396.2144	287.1786
396.2144	287.6905
395.1906	287.6905
395.1906	288.2024
394.1667	288.2024
394.1667	288.7143
393.1429	288.7143
393.1429	289.2262
392.6310	289.2262
392.6310	289.7382
392.1191	289.7382
392.1191	290.2501
391.6072	290.2501
391.6072	290.7620
391.0953	290.7620
391.0953	291.2739
390.5834	291.2739
390.5834	291.7858
390.0715	291.7858
390.0715	292.8096
389.5596	292.8096
389.5596	293.3215
389.0477	293.3215
389.0477	293.8334
386.4882	293.8334
386.4882	294.3453
385.4644	294.3453
385.4644	294.8572
384.4405	294.8572
384.4405	295.3691
383.4167	295.3691
383.4167	295.8810
382.9048	295.8810
382.9048	296.3929
382.3929	296.3929
382.3929	296.9048
381.8810	296.9048
381.8810	297.4167
381.3691	297.4167
381.3691	297.9286
380.8572	297.9286
380.8572	298.4405
380.3453	298.4405
380.3453	299.4643
379.8334	299.4643
379.8334	300.4882
379.3215	300.4882
379.3215	303.0477
378.8096	303.0477
378.8096	306.1191
372.1548	306.1191
372.1548	306.6310
369.5953	306.6310
369.5953	307.1429
364.4763	307.1429
364.4763	307.6548
361.9167	307.6548
361.9167	308.1667
359.3572	308.1667
359.3572	308.6786
357.3096	308.6786
357.3096	309.1905
354.7501	309.1905
354.7501	309.7024
353.2144	309.7024
353.2144	310.2143
352.1905	310.2143
352.1905	310.7262
351.1667	310.7262
351.1667	311.2382
350.6548	311.2382
350.6548	311.7501
349.6310	311.7501
349.6310	312.2620
348.6072	312.2620
348.6072	312.7739
347.5834	312.7739
347.5834	313.2858
347.0715	313.2858
347.0715	313.7977
346.5596	313.7977
346.5596	314.3096
342.4644	314.3096
342.4644	314.8215
340.4167	314.8215
340.4167	314.3096
339.9048	314.3096
339.9048	313.7977
339.3929	313.7977
339.3929	313.2858
338.8810	313.2858
338.8810	312.7739
338.3691	312.7739
338.3691	312.2620
337.3453	312.2620
337.3453	311.7501
336.3215	311.7501
336.3215	311.2382
333.7620	311.2382
333.7620	310.7262
329.1548	310.7262
329.1548	311.2382
327.6191	311.2382
327.6191	310.2143
328.1310	310.2143
328.1310	307.6548
328.6429	307.6548
328.6429	304.0715
328.1310	304.0715
328.1310	301.5120
327.6191	301.5120
327.6191	300.4882
327.1072	300.4882
327.1072	299.4643
326.5953	299.4643
326.5953	298.9524
326.0834	298.9524
326.0834	298.4405
325.5715	298.4405
325.5715	295.8810
325.0596	295.8810
325.0596	293.8334
324.5477	293.8334
324.5477	292.8096
324.0358	292.8096
324.0358	291.7858
323.5239	291.7858
323.5239	291.2739
323.0120	291.2739
323.0120	290.2501
322.5001	290.2501
322.5001	289.2262
321.9882	289.2262
321.9882	288.2024
321.4763	288.2024
321.4763	287.6905
320.9643	287.6905
320.9643	287.1786
320.4524	287.1786
320.4524	286.6667
319.9405	286.6667
319.9405	286.1548
319.4286	286.1548
319.4286	285.6429
318.4048	285.6429
318.4048	285.1310
317.3810	285.1310
317.3810	284.6191
316.3572	284.6191
316.3572	283.5953
315.8453	283.5953
315.8453	283.0834
315.3334	283.0834
315.3334	281.0358
315.8453	281.0358
315.8453	280.0120
316.3572	280.0120
316.3572	278.9881
316.8691	278.9881
316.8691	277.9643
317.3810	277.9643
317.3810	276.4286
317.8929	276.4286
317.8929	275.4048
318.4048	275.4048
318.4048	274.3810
318.9167	274.3810
318.9167	273.3572
319.4286	273.3572
319.4286	270.7977
319.9405	270.7977
319.9405	266.7024
319.4286	266.7024
319.4286	264.1429
318.9167	264.1429
318.9167	260.5596
318.4048	260.5596
318.4048	259.0239
318.9167	259.0239
318.9167	258.0000
319.4286	258.0000
319.4286	255.4405
319.9405	255.4405
319.9405	250.8334
319.4286	250.8334
319.4286	250.3215
319.9405	250.3215
319.9405	249.2977
320.4524	249.2977
320.4524	248.2739
320.9643	248.2739
320.9643	246.7381
321.4763	246.7381
321.4763	245.7143
321.9882	245.7143
321.9882	244.1786
322.5001	244.1786
322.5001	241.6191
323.0120	241.6191
323.0120	241.1072
324.0358	241.1072
324.0358	240.5953
324.5477	240.5953
324.5477	240.0834
325.0596	240.0834
325.0596	239.5715
325.5715	239.5715
325.5715	239.0596
326.0834	239.0596
326.0834	238.5477
326.5953	238.5477
326.5953	237.5239
327.1072	237.5239
327.1072	236.5000
327.6191	236.5000
327.6191	235.9881
328.1310	235.9881
328.1310	235.4762
328.6429	235.4762
328.6429	234.9643
329.1548	234.9643
329.1548	234.4524
329.6667	234.4524
329.6667	233.9405
330.1786	233.9405
330.1786	232.9167
330.6905	232.9167
330.6905	231.8929
331.2024	231.8929
331.2024	230.3572
331.7143	230.3572
331.7143	227.7977
332.2263	227.7977
332.2263	227.2858
332.7382	227.2858
332.7382	226.7739
333.2501	226.7739
333.2501	225.7500
333.7620	225.7500
333.7620	224.7262
334.2739	224.7262
334.2739	222.1667
334.7858	222.1667
334.7858	218.0715
334.2739	218.0715
334.2739	217.0477
337.8572	217.0477
337.8572	216.5358
340.4167	216.5358
340.4167	216.0239
341.4405	216.0239
341.4405	215.5119
342.4644	215.5119
342.4644	215.0000
342.9763	215.0000
342.9763	214.4881
343.4882	214.4881
343.4882	213.9762
344.5120	213.9762
344.5120	213.4643
347.0715	213.4643
