293.8334	204.2500
294.8572	204.2500
294.8572	204.7619
295.8810	204.7619
295.8810	205.2738
296.9048	205.2738
296.9048	205.7858
297.4167	205.7858
297.4167	206.8096
297.9286	206.8096
297.9286	208.8572
298.4405	208.8572
298.4405	209.3691
297.9286	209.3691
297.9286	209.8810
297.4167	209.8810
297.4167	210.3929
296.9048	210.3929
296.9048	211.4167
296.3929	211.4167
296.3929	212.4405
295.8810	212.4405
295.8810	215.0000
295.3691	215.0000
295.3691	217.5596
295.8810	217.5596
295.8810	220.1191
296.3929	220.1191
296.3929	221.1429
296.9048	221.1429
296.9048	222.1667
297.4167	222.1667
297.4167	222.6786
297.9286	222.6786
297.9286	223.1905
298.4405	223.1905
298.4405	223.7024
298.9524	223.7024
298.9524	224.2143
299.4643	224.2143
299.4643	224.7262
300.4882	224.7262
300.4882	225.2381
301.5120	225.2381
301.5120	225.7500
304.0715	225.7500
304.0715	226.2619
306.6310	226.2619
306.6310	225.7500
309.1905	225.7500
309.1905	225.2381
311.2382	225.2381
311.2382	224.7262
312.2620	224.7262
312.2620	224.2143
314.8215	224.2143
314.8215	223.7024
315.8453	223.7024
315.8453	223.1905
316.8691	223.1905
316.8691	222.6786
317.3810	222.6786
317.3810	222.1667
319.9405	222.1667
319.9405	221.6548
321.4763	221.6548
321.4763	221.1429
322.5001	221.1429
322.5001	220.6310
323.5239	220.6310
323.5239	220.1191
324.5477	220.1191
324.5477	219.6072
325.0596	219.6072
325.0596	219.0953
327.6191	219.0953
327.6191	218.5834
328.1310	218.5834
328.1310	219.0953
335.2977	219.0953
335.2977	218.5834
345.5358	218.5834
345.5358	218.0715
352.7024	218.0715
352.7024	218.5834
358.8453	218.5834
358.8453	218.0715
361.4048	218.0715
361.4048	217.5596
363.4525	217.5596
363.4525	217.0477
367.0358	217.0477
367.0358	217.5596
370.1072	217.5596
370.1072	218.0715
376.2501	218.0715
376.2501	217.5596
385.9763	217.5596
385.9763	217.0477
388.5358	217.0477
388.5358	216.5358
392.6310	216.5358
392.6310	216.0239
395.1906	216.0239
395.1906	215.5119
399.2858	215.5119
399.2858	215.0000
405.9406	215.0000
405.9406	215.5119
406.9644	215.5119
406.9644	216.0239
409.5239	216.0239
409.5239	216.5358
410.0358	216.5358
410.0358	217.0477
410.5477	217.0477
410.5477	217.5596
411.5715	217.5596
411.5715	218.0715
412.5953	218.0715
412.5953	218.5834
414.1310	218.5834
414.1310	219.0953
415.1548	219.0953
415.1548	219.6072
416.1787	219.6072
416.1787	220.1191
416.6906	220.1191
416.6906	220.6310
417.2025	220.6310
417.2025	221.1429
418.2263	221.1429
418.2263	221.6548
418.7382	221.6548
418.7382	222.1667
419.2501	222.1667
419.2501	222.6786
419.7620	222.6786
419.7620	223.1905
420.2739	223.1905
420.2739	223.7024
420.7858	223.7024
420.7858	224.7262
421.2977	224.7262
421.2977	225.2381
421.8096	225.2381
421.8096	225.7500
422.3215	225.7500
422.3215	226.7739
422.8334	226.7739
422.8334	227.2858
423.3453	227.2858
423.3453	228.3096
423.8572	228.3096
423.8572	229.8453
424.3691	229.8453
424.3691	230.8691
424.8810	230.8691
424.8810	231.8929
425.3929	231.8929
425.3929	232.4048
425.9048	232.4048
425.9048	234.9643
426.4167	234.9643
426.4167	243.1548
425.9048	243.1548
425.9048	246.2262
425.3929	246.2262
425.3929	248.2739
424.8810	248.2739
424.8810	250.3215
424.3691	250.3215
424.3691	251.3453
423.8572	251.3453
423.8572	252.8810
423.3453	252.8810
423.3453	253.9048
422.8334	253.9048
422.8334	255.4405
422.3215	255.4405
422.3215	255.9524
421.8096	255.9524
421.8096	256.9762
421.2977	256.9762
421.2977	257.4881
420.7858	257.4881
420.7858	258.0000
420.2739	258.0000
420.2739	259.0239
419.7620	259.0239
419.7620	260.0477
419.2501	260.0477
419.2501	261.0715
418.7382	261.0715
418.7382	262.0953
418.2263	262.0953
418.2263	263.1191
417.7144	263.1191
417.7144	264.1429
417.2025	264.1429
417.2025	265.6786
416.6906	265.6786
416.6906	266.1905
416.1787	266.1905
416.1787	267.2143
415.6667	267.2143
415.6667	267.7262
415.1548	267.7262
415.1548	268.7501
414.6429	268.7501
414.6429	269.2620
414.1310	269.2620
414.1310	269.7739
413.6191	269.7739
413.6191	270.2858
413.1072	270.2858
413.1072	271.3096
412.5953	271.3096
412.5953	271.8215
412.0834	271.8215
412.0834	272.3334
411.5715	272.3334
411.5715	272.8453
411.0596	272.8453
411.0596	273.3572
410.5477	273.3572
410.5477	274.3810
410.0358	274.3810
410.0358	274.8929
409.5239	274.8929
409.5239	275.4048
409.0120	275.4048
409.0120	276.4286
408.5001	276.4286
408.5001	276.9405
407.9882	276.9405
407.9882	277.9643
407.4763	277.9643
407.4763	278.4762
406.9644	278.4762
406.9644	278.9881
406.4525	278.9881
406.4525	279.5001
405.9406	279.5001
405.9406	280.0120
405.4286	280.0120
405.4286	280.5239
404.9167	280.5239
404.9167	281.5477
404.4048	281.5477
404.4048	282.5715
403.8929	282.5715
403.8929	283.5953
403.3810	283.5953
403.3810	284.1072
402.8691	284.1072
402.8691	284.6191
402.3572	284.6191
402.3572	285.1310
401.8453	285.1310
401.8453	286.1548
401.3334	286.1548
401.3334	286.6667
400.8215	286.6667
400.8215	287.1786
400.3096	287.1786
400.3096	287.6905
399.7977	287.6905
399.7977	288.2024
397.7501	288.2024
397.7501	288.7143
396.7263	288.7143
396.7263	289.2262
395.7025	289.2262
395.7025	289.7382
395.1906	289.7382
395.1906	290.2501
394.6786	290.2501
394.6786	290.7620
394.1667	290.7620
394.1667	291.2739
393.6548	291.2739
393.6548	291.7858
392.6310	291.7858
392.6310	292.2977
392.1191	292.2977
392.1191	292.8096
391.6072	292.8096
391.6072	293.3215
391.0953	293.3215
391.0953	293.8334
390.5834	293.8334
390.5834	294.3453
389.5596	294.3453
389.5596	294.8572
389.0477	294.8572
389.0477	295.3691
388.5358	295.3691
388.5358	295.8810
388.0239	295.8810
388.0239	296.3929
387.5120	296.3929
387.5120	296.9048
387.0001	296.9048
387.0001	297.4167
386.4882	297.4167
386.4882	297.9286
385.4644	297.9286
385.4644	298.4405
384.4405	298.4405
384.4405	298.9524
383.9286	298.9524
383.9286	299.4643
382.9048	299.4643
382.9048	299.9762
381.8810	299.9762
381.8810	300.4882
381.3691	300.4882
381.3691	301.0001
380.8572	301.0001
380.8572	301.5120
380.3453	301.5120
380.3453	302.0239
379.8334	302.0239
379.8334	302.5358
379.3215	302.5358
379.3215	303.0477
378.8096	303.0477
378.8096	303.5596
378.2977	303.5596
378.2977	304.5834
377.7858	304.5834
377.7858	305.0953
377.2739	305.0953
377.2739	305.6072
376.7620	305.6072
376.7620	306.1191
376.2501	306.1191
376.2501	307.1429
375.7382	307.1429
375.7382	307.6548
374.7144	307.6548
374.7144	308.1667
374.2025	308.1667
374.2025	308.6786
373.6905	308.6786
373.6905	309.1905
373.1786	309.1905
373.1786	309.7024
372.1548	309.7024
372.1548	310.2143
371.1310	310.2143
371.1310	310.7262
370.6191	310.7262
370.6191	311.2382
370.1072	311.2382
370.1072	311.7501
369.5953	311.7501
369.5953	312.2620
369.0834	312.2620
369.0834	312.7739
368.0596	312.7739
368.0596	313.2858
367.0358	313.2858
367.0358	313.7977
366.5239	313.7977
366.5239	314.3096
365.5001	314.3096
365.5001	314.8215
363.9644	314.8215
363.9644	315.3334
361.4048	315.3334
361.4048	315.8453
360.3810	315.8453
360.3810	316.3572
359.3572	316.3572
359.3572	316.8691
357.8215	316.8691
357.8215	317.3810
356.2858	317.3810
356.2858	317.8929
354.2382	317.8929
354.2382	318.4048
342.4644	318.4048
342.4644	317.8929
339.9048	317.8929
339.9048	317.3810
336.8334	317.3810
336.8334	316.8691
335.8096	316.8691
335.8096	316.3572
335.2977	316.3572
335.2977	315.8453
334.2739	315.8453
334.2739	315.3334
333.2501	315.3334
333.2501	314.8215
330.6905	314.8215
330.6905	314.3096
327.1072	314.3096
327.1072	314.8215
324.5477	314.8215
324.5477	315.3334
323.5239	315.3334
323.5239	314.8215
320.9643	314.8215
320.9643	315.3334
318.4048	315.3334
318.4048	315.8453
317.3810	315.8453
317.3810	315.3334
316.3572	315.3334
316.3572	314.8215
315.3334	314.8215
315.3334	314.3096
312.7739	314.3096
312.7739	313.7977
310.2143	313.7977
310.2143	314.3096
307.6548	314.3096
307.6548	314.8215
306.6310	314.8215
306.6310	315.3334
305.6072	315.3334
305.6072	315.8453
305.0953	315.8453
305.0953	316.3572
304.5834	316.3572
304.5834	316.8691
304.0715	316.8691
304.0715	317.3810
302.5358	317.3810
302.5358	316.8691
301.5120	316.8691
301.5120	316.3572
298.9524	316.3572
298.9524	315.3334
298.4405	315.3334
298.4405	314.8215
297.9286	314.8215
297.9286	314.3096
297.4167	314.3096
297.4167	313.7977
296.9048	313.7977
296.9048	313.2858
296.3929	313.2858
296.3929	311.7501
295.8810	311.7501
295.8810	311.2382
296.3929	311.2382
296.3929	304.0715
295.8810	304.0715
295.8810	301.5120
295.3691	301.5120
295.3691	300.4882
294.8572	300.4882
294.8572	299.4643
294.3453	299.4643
294.3453	298.9524
293.8334	298.9524
293.8334	298.4405
293.3215	298.4405
293.3215	297.9286
292.8096	297.9286
292.8096	297.4167
292.2977	297.4167
292.2977	296.9048
291.7858	296.9048
291.7858	296.3929
291.2739	296.3929
291.2739	295.8810
290.7620	295.8810
290.7620	295.3691
289.7382	295.3691
289.7382	294.8572
289.2262	294.8572
289.2262	294.3453
288.2024	294.3453
288.2024	293.8334
287.6905	293.8334
287.6905	293.3215
286.6667	293.3215
286.6667	292.8096
286.1548	292.8096
286.1548	290.2501
285.6429	290.2501
285.6429	288.7143
285.1310	288.7143
285.1310	287.6905
284.6191	287.6905
284.6191	286.6667
284.1072	286.6667
284.1072	286.1548
283.5953	286.1548
283.5953	285.6429
283.0834	285.6429
283.0834	285.1310
282.5715	285.1310
282.5715	284.6191
282.0596	284.6191
282.0596	284.1072
281.0358	284.1072
281.0358	283.5953
280.0120	283.5953
280.0120	283.0834
277.9643	283.0834
277.9643	282.5715
275.4048	282.5715
275.4048	282.0596
274.3810	282.0596
274.3810	281.5477
272.3334	281.5477
272.3334	280.5239
272.8453	280.5239
272.8453	280.0120
273.3572	280.0120
273.3572	279.5001
273.8691	279.5001
273.8691	278.9881
274.3810	278.9881
274.3810	278.4762
274.8929	278.4762
274.8929	277.4524
275.4048	277.4524
275.4048	276.4286
275.9167	276.4286
275.9167	274.8929
276.4286	274.8929
276.4286	273.8691
276.9405	273.8691
276.9405	271.3096
277.4524	271.3096
277.4524	267.7262
276.9405	267.7262
276.9405	265.1667
276.4286	265.1667
276.4286	264.1429
275.9167	264.1429
275.9167	263.6310
276.4286	263.6310
276.4286	263.1191
277.9643	263.1191
277.9643	262.6072
278.9881	262.6072
278.9881	262.0953
280.0120	262.0953
280.0120	261.5834
280.5239	261.5834
280.5239	261.0715
281.0358	261.0715
281.0358	260.5596
281.5477	260.5596
281.5477	260.0477
282.0596	260.0477
282.0596	259.5358
282.5715	259.5358
282.5715	258.5120
283.0834	258.5120
283.0834	257.4881
283.5953	257.4881
283.5953	254.9286
284.1072	254.9286
284.1072	248.7858
283.5953	248.7858
283.5953	246.2262
283.0834	246.2262
283.0834	244.6905
282.5715	244.6905
282.5715	243.6667
283.0834	243.6667
283.0834	241.1072
283.5953	241.1072
283.5953	238.0358
283.0834	238.0358
283.0834	237.5239
283.5953	237.5239
283.5953	234.9643
284.1072	234.9643
284.1072	229.8453
284.6191	229.8453
284.6191	227.7977
285.1310	227.7977
285.1310	226.2619
285.6429	226.2619
285.6429	225.2381
286.1548	225.2381
286.1548	223.1905
286.6667	223.1905
286.6667	220.6310
287.1786	220.6310
287.1786	219.6072
287.6905	219.6072
287.6905	219.0953
288.2024	219.0953
288.2024	218.0715
288.7143	218.0715
288.7143	217.0477
289.2262	217.0477
289.2262	216.0239
289.7382	216.0239
289.7382	215.5119
290.2501	215.5119
290.2501	214.4881
290.7620	214.4881
290.7620	213.4643
291.2739	213.4643
291.2739	210.9048
291.7858	210.9048
291.7858	208.3453
291.2739	208.3453
291.2739	206.8096
291.7858	206.8096
291.7858	205.7858
292.2977	205.7858
292.2977	204.2500
292.8096	204.2500
292.8096	203.7381
293.8334	203.7381
