425.3929	198.6191
427.9525	198.6191
427.9525	199.1310
429.4882	199.1310
429.4882	199.6429
431.0239	199.6429
431.0239	200.1548
431.5358	200.1548
431.5358	200.6667
432.5596	200.6667
432.5596	201.1786
433.5834	201.1786
433.5834	201.6905
434.6072	201.6905
434.6072	202.2024
435.1191	202.2024
435.1191	202.7143
435.6310	202.7143
435.6310	203.2262
436.1429	203.2262
436.1429	203.7381
436.6548	203.7381
436.6548	204.2500
437.1667	204.2500
437.1667	204.7619
437.6787	204.7619
437.6787	205.2738
438.1906	205.2738
438.1906	205.7858
438.7025	205.7858
438.7025	206.8096
439.2144	206.8096
439.2144	207.3215
439.7263	207.3215
439.7263	207.8334
440.2382	207.8334
440.2382	209.3691
440.7501	209.3691
440.7501	210.3929
441.2620	210.3929
441.2620	211.4167
441.7739	211.4167
441.7739	212.4405
442.2858	212.4405
442.2858	213.9762
442.7977	213.9762
442.7977	215.0000
443.3096	215.0000
443.3096	218.5834
443.8215	218.5834
443.8215	224.7262
444.3334	224.7262
444.3334	225.7500
443.8215	225.7500
443.8215	229.3334
443.3096	229.3334
443.3096	231.3810
442.7977	231.3810
442.7977	233.4286
442.2858	233.4286
442.2858	234.4524
441.7739	234.4524
441.7739	234.9643
441.2620	234.9643
441.2620	235.4762
440.7501	235.4762
440.7501	235.9881
440.2382	235.9881
440.2382	236.5000
439.2144	236.5000
439.2144	237.0119
438.1906	237.0119
438.1906	237.5239
437.6787	237.5239
437.6787	238.0358
437.1667	238.0358
437.1667	238.5477
436.6548	238.5477
436.6548	239.0596
436.1429	239.0596
436.1429	239.5715
435.6310	239.5715
435.6310	240.0834
435.1191	240.0834
435.1191	240.5953
434.6072	240.5953
434.6072	241.1072
434.0953	241.1072
434.0953	241.6191
433.5834	241.6191
433.5834	242.1310
433.0715	242.1310
433.0715	242.6429
432.5596	242.6429
432.5596	243.6667
432.0477	243.6667
432.0477	244.6905
431.5358	244.6905
431.5358	245.7143
431.0239	245.7143
431.0239	248.2739
430.5120	248.2739
430.5120	250.8334
430.0001	250.8334
430.0001	253.9048
429.4882	253.9048
429.4882	256.4643
428.9763	256.4643
428.9763	259.0239
428.4644	259.0239
428.4644	260.5596
427.9525	260.5596
427.9525	262.0953
427.4406	262.0953
427.4406	263.6310
426.9287	263.6310
426.9287	265.6786
426.4167	265.6786
426.4167	266.7024
425.9048	266.7024
425.9048	268.2381
425.3929	268.2381
425.3929	269.2620
424.8810	269.2620
424.8810	270.2858
424.3691	270.2858
424.3691	271.8215
423.8572	271.8215
423.8572	272.3334
423.3453	272.3334
423.3453	273.3572
422.8334	273.3572
422.8334	274.3810
422.3215	274.3810
422.3215	274.8929
421.8096	274.8929
421.8096	275.9167
421.2977	275.9167
421.2977	276.4286
420.7858	276.4286
420.7858	276.9405
420.2739	276.9405
420.2739	277.9643
419.7620	277.9643
419.7620	278.4762
419.2501	278.4762
419.2501	278.9881
418.7382	278.9881
418.7382	280.0120
418.2263	280.0120
418.2263	280.5239
417.7144	280.5239
417.7144	281.5477
417.2025	281.5477
417.2025	282.5715
416.6906	282.5715
416.6906	283.0834
416.1787	283.0834
416.1787	284.1072
415.6667	284.1072
415.6667	284.6191
415.1548	284.6191
415.1548	285.6429
414.6429	285.6429
414.6429	286.6667
414.1310	286.6667
414.1310	287.6905
413.6191	287.6905
413.6191	288.7143
413.1072	288.7143
413.1072	289.2262
412.5953	289.2262
412.5953	290.2501
412.0834	290.2501
412.0834	290.7620
411.5715	290.7620
411.5715	291.2739
411.0596	291.2739
411.0596	292.2977
410.5477	292.2977
410.5477	292.8096
410.0358	292.8096
410.0358	293.3215
409.5239	293.3215
409.5239	293.8334
409.0120	293.8334
409.0120	294.3453
408.5001	294.3453
408.5001	295.3691
407.9882	295.3691
407.9882	296.3929
407.4763	296.3929
407.4763	297.4167
406.9644	297.4167
406.9644	298.4405
406.4525	298.4405
406.4525	299.4643
405.9406	299.4643
405.9406	300.4882
405.4286	300.4882
405.4286	302.0239
404.9167	302.0239
404.9167	303.5596
404.4048	303.5596
404.4048	304.0715
403.8929	304.0715
403.8929	304.5834
403.3810	304.5834
403.3810	305.0953
402.8691	305.0953
402.8691	306.1191
402.3572	306.1191
402.3572	306.6310
401.8453	306.6310
401.8453	307.1429
401.3334	307.1429
401.3334	307.6548
400.8215	307.6548
400.8215	308.1667
400.3096	308.1667
400.3096	309.1905
399.7977	309.1905
399.7977	309.7024
399.2858	309.7024
399.2858	310.2143
398.7739	310.2143
398.7739	310.7262
398.2620	310.7262
398.2620	311.7501
397.7501	311.7501
397.7501	312.2620
397.2382	312.2620
397.2382	312.7739
396.2144	312.7739
396.2144	313.2858
395.7025	313.2858
395.7025	313.7977
395.1906	313.7977
395.1906	314.3096
394.6786	314.3096
394.6786	314.8215
394.1667	314.8215
394.1667	315.3334
393.6548	315.3334
393.6548	316.3572
392.6310	316.3572
392.6310	316.8691
390.5834	316.8691
390.5834	317.3810
389.5596	317.3810
389.5596	317.8929
388.5358	317.8929
388.5358	318.4048
387.5120	318.4048
387.5120	318.9167
386.4882	318.9167
386.4882	319.4286
385.4644	319.4286
385.4644	319.9405
384.9525	319.9405
384.9525	320.4524
384.4405	320.4524
384.4405	320.9643
383.9286	320.9643
383.9286	321.4763
383.4167	321.4763
383.4167	321.9882
382.9048	321.9882
382.9048	322.5001
382.3929	322.5001
382.3929	323.5239
381.8810	323.5239
381.8810	324.0358
380.8572	324.0358
380.8572	324.5477
379.8334	324.5477
379.8334	325.0596
378.8096	325.0596
378.8096	325.5715
377.7858	325.5715
377.7858	326.0834
376.2501	326.0834
376.2501	326.5953
375.2263	326.5953
375.2263	327.1072
374.2025	327.1072
374.2025	327.6191
373.1786	327.6191
373.1786	328.1310
371.6429	328.1310
371.6429	328.6429
370.1072	328.6429
370.1072	329.1548
369.0834	329.1548
369.0834	329.6667
368.0596	329.6667
368.0596	330.1786
367.5477	330.1786
367.5477	330.6905
367.0358	330.6905
367.0358	331.2024
366.5239	331.2024
366.5239	331.7143
366.0120	331.7143
366.0120	332.2263
365.5001	332.2263
365.5001	333.2501
364.9882	333.2501
364.9882	334.2739
363.9644	334.2739
363.9644	334.7858
363.4525	334.7858
363.4525	335.2977
362.4286	335.2977
362.4286	335.8096
361.9167	335.8096
361.9167	336.3215
360.8929	336.3215
360.8929	336.8334
360.3810	336.8334
360.3810	337.3453
357.8215	337.3453
357.8215	336.8334
357.3096	336.8334
357.3096	336.3215
356.7977	336.3215
356.7977	335.8096
355.7739	335.8096
355.7739	335.2977
354.7501	335.2977
354.7501	334.7858
352.1905	334.7858
352.1905	334.2739
348.6072	334.2739
348.6072	334.7858
346.0477	334.7858
346.0477	335.2977
345.0239	335.2977
345.0239	335.8096
343.4882	335.8096
343.4882	335.2977
338.8810	335.2977
338.8810	335.8096
337.8572	335.8096
337.8572	335.2977
335.2977	335.2977
335.2977	334.7858
331.2024	334.7858
331.2024	335.2977
329.1548	335.2977
329.1548	334.7858
327.1072	334.7858
327.1072	334.2739
325.5715	334.2739
325.5715	333.7620
324.5477	333.7620
324.5477	333.2501
323.5239	333.2501
323.5239	332.7382
323.0120	332.7382
323.0120	331.2024
322.5001	331.2024
322.5001	330.1786
321.9882	330.1786
321.9882	329.1548
321.4763	329.1548
321.4763	328.6429
320.9643	328.6429
320.9643	328.1310
320.4524	328.1310
320.4524	327.6191
319.9405	327.6191
319.9405	327.1072
319.4286	327.1072
319.4286	326.5953
318.4048	326.5953
318.4048	326.0834
317.3810	326.0834
317.3810	325.5715
314.8215	325.5715
314.8215	325.0596
312.2620	325.0596
312.2620	325.5715
309.7024	325.5715
309.7024	326.0834
308.6786	326.0834
308.6786	326.5953
307.6548	326.5953
307.6548	327.1072
307.1429	327.1072
307.1429	327.6191
306.6310	327.6191
306.6310	328.1310
306.1191	328.1310
306.1191	328.6429
305.6072	328.6429
305.6072	329.1548
304.5834	329.1548
304.5834	328.6429
304.0715	328.6429
304.0715	327.6191
303.5596	327.6191
303.5596	323.5239
303.0477	323.5239
303.0477	320.9643
302.5358	320.9643
302.5358	319.9405
302.0239	319.9405
302.0239	318.9167
303.0477	318.9167
303.0477	318.4048
303.5596	318.4048
303.5596	317.8929
304.0715	317.8929
304.0715	317.3810
304.5834	317.3810
304.5834	316.8691
305.0953	316.8691
305.0953	316.3572
305.6072	316.3572
305.6072	315.3334
306.1191	315.3334
306.1191	314.3096
306.6310	314.3096
306.6310	311.7501
307.1429	311.7501
307.1429	308.1667
306.6310	308.1667
306.6310	305.6072
306.1191	305.6072
306.1191	304.5834
305.6072	304.5834
305.6072	303.5596
305.0953	303.5596
305.0953	303.0477
304.5834	303.0477
304.5834	302.5358
304.0715	302.5358
304.0715	302.0239
303.5596	302.0239
303.5596	301.5120
303.0477	301.5120
303.0477	301.0001
302.0239	301.0001
302.0239	300.4882
301.0001	300.4882
301.0001	299.9762
299.4643	299.9762
299.4643	299.4643
296.9048	299.4643
296.9048	298.9524
296.3929	298.9524
296.3929	298.4405
295.8810	298.4405
295.8810	297.9286
295.3691	297.9286
295.3691	297.4167
294.3453	297.4167
294.3453	296.9048
293.3215	296.9048
293.3215	296.3929
290.7620	296.3929
290.7620	295.8810
288.2024	295.8810
288.2024	296.3929
286.6667	296.3929
286.6667	295.8810
286.1548	295.8810
286.1548	295.3691
285.1310	295.3691
285.1310	294.8572
284.1072	294.8572
284.1072	294.3453
283.5953	294.3453
283.5953	293.8334
283.0834	293.8334
283.0834	293.3215
282.5715	293.3215
282.5715	292.8096
282.0596	292.8096
282.0596	292.2977
281.5477	292.2977
281.5477	291.7858
280.5239	291.7858
280.5239	291.2739
280.0120	291.2739
280.0120	290.7620
279.5001	290.7620
279.5001	290.2501
278.9881	290.2501
278.9881	289.7382
278.4762	289.7382
278.4762	289.2262
277.9643	289.2262
277.9643	288.7143
276.9405	288.7143
276.9405	288.2024
275.9167	288.2024
275.9167	286.6667
276.4286	286.6667
276.4286	285.6429
276.9405	285.6429
276.9405	284.6191
277.4524	284.6191
277.4524	283.5953
277.9643	283.5953
277.9643	281.0358
278.4762	281.0358
278.4762	278.4762
278.9881	278.4762
278.9881	274.8929
279.5001	274.8929
279.5001	273.8691
280.0120	273.8691
280.0120	273.3572
280.5239	273.3572
280.5239	272.3334
281.0358	272.3334
281.0358	271.3096
281.5477	271.3096
281.5477	268.7501
282.0596	268.7501
282.0596	265.6786
281.5477	265.6786
281.5477	263.1191
281.0358	263.1191
281.0358	261.5834
281.5477	261.5834
281.5477	261.0715
282.0596	261.0715
282.0596	260.5596
282.5715	260.5596
282.5715	259.5358
283.0834	259.5358
283.0834	258.5120
283.5953	258.5120
283.5953	255.9524
284.1072	255.9524
284.1072	253.3929
284.6191	253.3929
284.6191	252.3691
285.1310	252.3691
285.1310	249.8096
285.6429	249.8096
285.6429	247.2500
286.1548	247.2500
286.1548	244.6905
286.6667	244.6905
286.6667	236.5000
286.1548	236.5000
286.1548	233.9405
285.6429	233.9405
285.6429	232.9167
285.1310	232.9167
285.1310	231.8929
284.6191	231.8929
284.6191	231.3810
284.1072	231.3810
284.1072	230.8691
283.5953	230.8691
283.5953	230.3572
283.0834	230.3572
283.0834	229.8453
282.5715	229.8453
282.5715	229.3334
282.0596	229.3334
282.0596	228.8215
282.5715	228.8215
282.5715	226.2619
283.0834	226.2619
283.0834	224.7262
283.5953	224.7262
283.5953	223.1905
284.1072	223.1905
284.1072	222.1667
284.6191	222.1667
284.6191	220.6310
285.1310	220.6310
285.1310	219.0953
285.6429	219.0953
285.6429	218.5834
286.1548	218.5834
286.1548	218.0715
286.6667	218.0715
286.6667	217.0477
287.1786	217.0477
287.1786	216.0239
287.6905	216.0239
287.6905	213.4643
288.2024	213.4643
288.2024	209.8810
287.6905	209.8810
287.6905	208.3453
288.2024	208.3453
288.2024	207.8334
290.7620	207.8334
290.7620	208.3453
291.7858	208.3453
291.7858	208.8572
293.3215	208.8572
293.3215	209.8810
293.8334	209.8810
293.8334	211.4167
293.3215	211.4167
293.3215	213.9762
292.8096	213.9762
292.8096	217.0477
293.3215	217.0477
293.3215	219.6072
293.8334	219.6072
293.8334	220.6310
294.3453	220.6310
294.3453	221.6548
294.8572	221.6548
294.8572	222.1667
295.3691	222.1667
295.3691	222.6786
295.8810	222.6786
295.8810	223.1905
296.3929	223.1905
296.3929	223.7024
296.9048	223.7024
296.9048	224.2143
297.9286	224.2143
297.9286	224.7262
298.9524	224.7262
298.9524	225.2381
301.5120	225.2381
301.5120	225.7500
305.6072	225.7500
305.6072	225.2381
306.6310	225.2381
306.6310	225.7500
307.6548	225.7500
307.6548	226.2619
310.2143	226.2619
310.2143	226.7739
315.8453	226.7739
315.8453	226.2619
317.8929	226.2619
317.8929	226.7739
323.0120	226.7739
323.0120	226.2619
325.5715	226.2619
325.5715	225.7500
327.6191	225.7500
327.6191	225.2381
329.1548	225.2381
329.1548	224.7262
331.7143	224.7262
331.7143	224.2143
334.2739	224.2143
334.2739	223.7024
336.8334	223.7024
336.8334	223.1905
339.3929	223.1905
339.3929	222.6786
340.4167	222.6786
340.4167	222.1667
341.4405	222.1667
341.4405	221.6548
341.9524	221.6548
341.9524	221.1429
342.4644	221.1429
342.4644	220.6310
343.4882	220.6310
343.4882	220.1191
344.5120	220.1191
344.5120	219.6072
345.5358	219.6072
345.5358	219.0953
346.5596	219.0953
346.5596	218.5834
347.0715	218.5834
347.0715	218.0715
347.5834	218.0715
347.5834	217.5596
348.6072	217.5596
348.6072	217.0477
349.6310	217.0477
349.6310	216.5358
350.6548	216.5358
350.6548	216.0239
351.6786	216.0239
351.6786	215.5119
352.7024	215.5119
352.7024	215.0000
353.7263	215.0000
353.7263	214.4881
354.7501	214.4881
354.7501	213.9762
356.2858	213.9762
356.2858	213.4643
360.3810	213.4643
360.3810	212.9524
366.0120	212.9524
366.0120	212.4405
368.5715	212.4405
368.5715	211.9286
371.1310	211.9286
371.1310	211.4167
373.1786	211.4167
373.1786	210.9048
374.7144	210.9048
374.7144	210.3929
378.8096	210.3929
378.8096	209.8810
381.3691	209.8810
381.3691	209.3691
383.4167	209.3691
383.4167	208.8572
384.9525	208.8572
384.9525	208.3453
386.4882	208.3453
386.4882	207.8334
389.0477	207.8334
389.0477	207.3215
392.1191	207.3215
392.1191	206.8096
396.2144	206.8096
396.2144	206.2977
398.7739	206.2977
398.7739	205.7858
399.7977	205.7858
399.7977	205.2738
400.8215	205.2738
400.8215	204.7619
401.8453	204.7619
401.8453	204.2500
402.3572	204.2500
402.3572	203.7381
402.8691	203.7381
402.8691	203.2262
403.3810	203.2262
403.3810	202.7143
403.8929	202.7143
403.8929	202.2024
404.9167	202.2024
404.9167	201.6905
405.9406	201.6905
405.9406	201.1786
406.9644	201.1786
406.9644	200.6667
407.4763	200.6667
407.4763	200.1548
408.5001	200.1548
408.5001	199.6429
409.5239	199.6429
409.5239	199.1310
412.5953	199.1310
412.5953	198.6191
415.6667	198.6191
415.6667	198.1072
425.3929	198.1072
