432.5596	166.3691
434.6072	166.3691
434.6072	166.8810
437.1667	166.8810
437.1667	167.3929
439.2144	167.3929
439.2144	167.9048
439.7263	167.9048
439.7263	168.4167
440.2382	168.4167
440.2382	168.9286
441.2620	168.9286
441.2620	169.4405
441.7739	169.4405
441.7739	169.9524
442.2858	169.9524
442.2858	170.4643
442.7977	170.4643
442.7977	170.9762
443.3096	170.9762
443.3096	171.4881
444.3334	171.4881
444.3334	172.0000
445.3572	172.0000
445.3572	172.5119
445.8691	172.5119
445.8691	173.0238
446.3810	173.0238
446.3810	173.5357
446.8929	173.5357
446.8929	174.0477
447.4048	174.0477
447.4048	174.5596
447.9168	174.5596
447.9168	175.0715
448.4287	175.0715
448.4287	175.5834
448.9406	175.5834
448.9406	176.0953
449.4525	176.0953
449.4525	176.6072
450.4763	176.6072
450.4763	177.6310
450.9882	177.6310
450.9882	178.1429
451.5001	178.1429
451.5001	179.1667
452.0120	179.1667
452.0120	179.6786
452.5239	179.6786
452.5239	180.1905
453.0358	180.1905
453.0358	181.2143
453.5477	181.2143
453.5477	181.7262
454.0596	181.7262
454.0596	182.7500
454.5715	182.7500
454.5715	183.7738
455.0834	183.7738
455.0834	185.3096
455.5953	185.3096
455.5953	186.3334
456.1072	186.3334
456.1072	187.3572
456.6191	187.3572
456.6191	188.8929
457.1310	188.8929
457.1310	190.4286
457.6429	190.4286
457.6429	194.5238
458.1548	194.5238
458.1548	198.1072
457.6429	198.1072
457.6429	201.6905
457.1310	201.6905
457.1310	203.2262
456.6191	203.2262
456.6191	205.7858
456.1072	205.7858
456.1072	208.3453
455.5953	208.3453
455.5953	211.4167
455.0834	211.4167
455.0834	212.9524
454.5715	212.9524
454.5715	213.9762
454.0596	213.9762
454.0596	215.0000
453.5477	215.0000
453.5477	217.0477
453.0358	217.0477
453.0358	218.0715
452.5239	218.0715
452.5239	220.1191
449.9644	220.1191
449.9644	220.6310
448.9406	220.6310
448.9406	221.1429
447.9168	221.1429
447.9168	221.6548
446.3810	221.6548
446.3810	221.1429
445.3572	221.1429
445.3572	220.6310
442.7977	220.6310
442.7977	220.1191
440.2382	220.1191
440.2382	220.6310
437.6787	220.6310
437.6787	221.1429
436.6548	221.1429
436.6548	221.6548
435.6310	221.6548
435.6310	222.1667
435.1191	222.1667
435.1191	222.6786
434.6072	222.6786
434.6072	223.1905
434.0953	223.1905
434.0953	223.7024
433.5834	223.7024
433.5834	224.2143
433.0715	224.2143
433.0715	225.2381
432.5596	225.2381
432.5596	226.2619
432.0477	226.2619
432.0477	228.3096
431.5358	228.3096
431.5358	228.8215
431.0239	228.8215
431.0239	229.3334
430.5120	229.3334
430.5120	229.8453
430.0001	229.8453
430.0001	230.3572
429.4882	230.3572
429.4882	231.3810
428.9763	231.3810
428.9763	232.4048
428.4644	232.4048
428.4644	233.4286
427.9525	233.4286
427.9525	235.9881
427.4406	235.9881
427.4406	238.5477
426.9287	238.5477
426.9287	241.1072
426.4167	241.1072
426.4167	243.1548
425.9048	243.1548
425.9048	245.7143
425.3929	245.7143
425.3929	249.2977
424.8810	249.2977
424.8810	258.0000
424.3691	258.0000
424.3691	262.6072
423.8572	262.6072
423.8572	271.3096
423.3453	271.3096
423.3453	273.8691
422.8334	273.8691
422.8334	277.4524
422.3215	277.4524
422.3215	281.0358
421.8096	281.0358
421.8096	283.0834
421.2977	283.0834
421.2977	285.6429
420.7858	285.6429
420.7858	287.1786
420.2739	287.1786
420.2739	289.7382
419.7620	289.7382
419.7620	292.2977
419.2501	292.2977
419.2501	293.8334
418.7382	293.8334
418.7382	294.8572
418.2263	294.8572
418.2263	295.8810
417.7144	295.8810
417.7144	297.4167
417.2025	297.4167
417.2025	297.9286
416.6906	297.9286
416.6906	298.4405
416.1787	298.4405
416.1787	298.9524
415.6667	298.9524
415.6667	299.9762
415.1548	299.9762
415.1548	301.0001
414.6429	301.0001
414.6429	302.5358
414.1310	302.5358
414.1310	303.0477
413.6191	303.0477
413.6191	303.5596
413.1072	303.5596
413.1072	304.5834
412.5953	304.5834
412.5953	305.6072
412.0834	305.6072
412.0834	306.1191
411.5715	306.1191
411.5715	307.1429
411.0596	307.1429
411.0596	308.1667
410.5477	308.1667
410.5477	308.6786
410.0358	308.6786
410.0358	309.7024
409.5239	309.7024
409.5239	310.2143
409.0120	310.2143
409.0120	311.2382
408.5001	311.2382
408.5001	312.2620
407.9882	312.2620
407.9882	313.2858
407.4763	313.2858
407.4763	314.8215
406.9644	314.8215
406.9644	315.3334
406.4525	315.3334
406.4525	316.3572
405.9406	316.3572
405.9406	316.8691
405.4286	316.8691
405.4286	317.8929
404.9167	317.8929
404.9167	318.9167
404.4048	318.9167
404.4048	319.9405
403.8929	319.9405
403.8929	320.4524
403.3810	320.4524
403.3810	320.9643
402.8691	320.9643
402.8691	321.4763
402.3572	321.4763
402.3572	321.9882
401.8453	321.9882
401.8453	322.5001
401.3334	322.5001
401.3334	323.0120
400.8215	323.0120
400.8215	323.5239
400.3096	323.5239
400.3096	324.5477
399.7977	324.5477
399.7977	325.0596
399.2858	325.0596
399.2858	325.5715
398.7739	325.5715
398.7739	326.0834
397.7501	326.0834
397.7501	326.5953
396.7263	326.5953
396.7263	327.1072
396.2144	327.1072
396.2144	327.6191
395.7025	327.6191
395.7025	328.1310
394.6786	328.1310
394.6786	328.6429
393.6548	328.6429
393.6548	329.1548
393.1429	329.1548
393.1429	329.6667
392.6310	329.6667
392.6310	330.1786
392.1191	330.1786
392.1191	330.6905
391.0953	330.6905
391.0953	331.2024
390.5834	331.2024
390.5834	331.7143
390.0715	331.7143
390.0715	332.2263
389.0477	332.2263
389.0477	332.7382
388.0239	332.7382
388.0239	333.2501
387.0001	333.2501
387.0001	333.7620
386.4882	333.7620
386.4882	334.2739
384.4405	334.2739
384.4405	334.7858
383.4167	334.7858
383.4167	335.2977
382.3929	335.2977
382.3929	335.8096
381.8810	335.8096
381.8810	336.3215
380.3453	336.3215
380.3453	336.8334
379.3215	336.8334
379.3215	337.3453
377.2739	337.3453
377.2739	337.8572
375.7382	337.8572
375.7382	338.3691
374.2025	338.3691
374.2025	338.8810
373.1786	338.8810
373.1786	339.3929
371.6429	339.3929
371.6429	339.9048
370.6191	339.9048
370.6191	340.4167
369.5953	340.4167
369.5953	340.9286
368.5715	340.9286
368.5715	341.4405
366.0120	341.4405
366.0120	341.9524
364.4763	341.9524
364.4763	342.4644
362.4286	342.4644
362.4286	342.9763
361.4048	342.9763
361.4048	343.4882
355.7739	343.4882
355.7739	342.9763
352.1905	342.9763
352.1905	342.4644
348.6072	342.4644
348.6072	341.9524
344.5120	341.9524
344.5120	342.4644
340.4167	342.4644
340.4167	341.9524
339.3929	341.9524
339.3929	339.3929
338.8810	339.3929
338.8810	337.3453
338.3691	337.3453
338.3691	336.3215
337.8572	336.3215
337.8572	335.2977
337.3453	335.2977
337.3453	334.7858
336.8334	334.7858
336.8334	334.2739
336.3215	334.2739
336.3215	333.7620
335.8096	333.7620
335.8096	333.2501
335.2977	333.2501
335.2977	332.7382
334.2739	332.7382
334.2739	332.2263
333.2501	332.2263
333.2501	331.7143
330.6905	331.7143
330.6905	331.2024
326.5953	331.2024
326.5953	331.7143
325.5715	331.7143
325.5715	331.2024
324.5477	331.2024
324.5477	330.6905
323.5239	330.6905
323.5239	330.1786
321.4763	330.1786
321.4763	329.6667
318.9167	329.6667
318.9167	329.1548
318.4048	329.1548
318.4048	328.6429
317.3810	328.6429
317.3810	328.1310
316.3572	328.1310
316.3572	327.6191
313.7977	327.6191
313.7977	327.1072
309.7024	327.1072
309.7024	327.6191
307.1429	327.6191
307.1429	328.1310
304.5834	328.1310
304.5834	328.6429
303.5596	328.6429
303.5596	329.1548
302.5358	329.1548
302.5358	329.6667
302.0239	329.6667
302.0239	330.1786
301.5120	330.1786
301.5120	330.6905
301.0001	330.6905
301.0001	331.2024
300.4882	331.2024
300.4882	331.7143
299.9762	331.7143
299.9762	332.7382
299.4643	332.7382
299.4643	333.7620
298.9524	333.7620
298.9524	335.8096
298.4405	335.8096
298.4405	336.3215
297.9286	336.3215
297.9286	335.8096
297.4167	335.8096
297.4167	335.2977
296.3929	335.2977
296.3929	334.7858
295.3691	334.7858
295.3691	334.2739
294.8572	334.2739
294.8572	333.7620
294.3453	333.7620
294.3453	333.2501
293.8334	333.2501
293.8334	332.7382
292.8096	332.7382
292.8096	332.2263
291.7858	332.2263
291.7858	331.7143
289.7382	331.7143
289.7382	331.2024
287.1786	331.2024
287.1786	330.6905
286.1548	330.6905
286.1548	330.1786
284.6191	330.1786
284.6191	328.6429
285.1310	328.6429
285.1310	328.1310
285.6429	328.1310
285.6429	327.6191
286.1548	327.6191
286.1548	327.1072
286.6667	327.1072
286.6667	326.5953
287.1786	326.5953
287.1786	325.5715
287.6905	325.5715
287.6905	324.5477
288.2024	324.5477
288.2024	323.0120
288.7143	323.0120
288.7143	320.4524
289.2262	320.4524
289.2262	317.3810
288.7143	317.3810
288.7143	314.8215
288.2024	314.8215
288.2024	313.7977
287.6905	313.7977
287.6905	312.7739
287.1786	312.7739
287.1786	312.2620
286.6667	312.2620
286.6667	311.7501
286.1548	311.7501
286.1548	311.2382
285.6429	311.2382
285.6429	310.7262
285.1310	310.7262
285.1310	310.2143
284.6191	310.2143
284.6191	309.7024
283.5953	309.7024
283.5953	309.1905
283.0834	309.1905
283.0834	308.6786
282.5715	308.6786
282.5715	306.1191
282.0596	306.1191
282.0596	304.0715
281.5477	304.0715
281.5477	303.0477
281.0358	303.0477
281.0358	302.0239
280.5239	302.0239
280.5239	301.5120
280.0120	301.5120
280.0120	301.0001
279.5001	301.0001
279.5001	300.4882
278.9881	300.4882
278.9881	299.9762
278.4762	299.9762
278.4762	299.4643
277.4524	299.4643
277.4524	298.9524
276.4286	298.9524
276.4286	298.4405
273.8691	298.4405
273.8691	297.4167
273.3572	297.4167
273.3572	296.3929
272.8453	296.3929
272.8453	295.8810
272.3334	295.8810
272.3334	295.3691
271.8215	295.3691
271.8215	293.8334
271.3096	293.8334
271.3096	292.8096
270.7977	292.8096
270.7977	291.2739
270.2858	291.2739
270.2858	290.2501
269.7739	290.2501
269.7739	289.2262
269.2620	289.2262
269.2620	288.7143
268.7501	288.7143
268.7501	288.2024
268.2381	288.2024
268.2381	287.6905
267.7262	287.6905
267.7262	287.1786
267.2143	287.1786
267.2143	286.6667
266.1905	286.6667
266.1905	286.1548
265.6786	286.1548
265.6786	285.6429
265.1667	285.6429
265.1667	284.6191
265.6786	284.6191
265.6786	284.1072
266.1905	284.1072
266.1905	283.5953
266.7024	283.5953
266.7024	282.5715
267.2143	282.5715
267.2143	281.5477
267.7262	281.5477
267.7262	278.9881
268.2381	278.9881
268.2381	276.4286
268.7501	276.4286
268.7501	273.3572
269.2620	273.3572
269.2620	272.8453
269.7739	272.8453
269.7739	272.3334
270.2858	272.3334
270.2858	271.8215
270.7977	271.8215
270.7977	270.7977
271.3096	270.7977
271.3096	269.7739
271.8215	269.7739
271.8215	267.2143
272.3334	267.2143
272.3334	264.6548
271.8215	264.6548
271.8215	261.0715
272.8453	261.0715
272.8453	260.5596
273.8691	260.5596
273.8691	260.0477
274.8929	260.0477
274.8929	259.5358
275.4048	259.5358
275.4048	259.0239
275.9167	259.0239
275.9167	258.5120
276.4286	258.5120
276.4286	258.0000
276.9405	258.0000
276.9405	257.4881
277.4524	257.4881
277.4524	256.4643
277.9643	256.4643
277.9643	255.4405
278.4762	255.4405
278.4762	254.9286
278.9881	254.9286
278.9881	254.4167
279.5001	254.4167
279.5001	253.9048
280.0120	253.9048
280.0120	253.3929
280.5239	253.3929
280.5239	252.3691
281.0358	252.3691
281.0358	251.3453
281.5477	251.3453
281.5477	249.8096
282.0596	249.8096
282.0596	248.7858
282.5715	248.7858
282.5715	246.2262
283.0834	246.2262
283.0834	242.1310
284.1072	242.1310
284.1072	241.6191
284.6191	241.6191
284.6191	241.1072
285.6429	241.1072
285.6429	240.5953
286.1548	240.5953
286.1548	240.0834
286.6667	240.0834
286.6667	239.5715
287.1786	239.5715
287.1786	239.0596
287.6905	239.0596
287.6905	238.5477
288.2024	238.5477
288.2024	237.5239
288.7143	237.5239
288.7143	237.0119
289.7382	237.0119
289.7382	236.5000
290.7620	236.5000
290.7620	235.9881
291.2739	235.9881
291.2739	235.4762
291.7858	235.4762
291.7858	234.9643
292.2977	234.9643
292.2977	234.4524
292.8096	234.4524
292.8096	233.9405
293.3215	233.9405
293.3215	232.9167
293.8334	232.9167
293.8334	231.8929
294.3453	231.8929
294.3453	230.8691
294.8572	230.8691
294.8572	228.3096
295.3691	228.3096
295.3691	227.7977
295.8810	227.7977
295.8810	228.3096
301.0001	228.3096
301.0001	227.7977
303.5596	227.7977
303.5596	227.2858
304.5834	227.2858
304.5834	226.7739
305.6072	226.7739
305.6072	226.2619
306.6310	226.2619
306.6310	225.7500
307.6548	225.7500
307.6548	225.2381
309.1905	225.2381
309.1905	224.7262
310.7262	224.7262
310.7262	224.2143
312.2620	224.2143
312.2620	223.7024
313.2858	223.7024
313.2858	223.1905
318.4048	223.1905
318.4048	222.6786
320.9643	222.6786
320.9643	222.1667
325.5715	222.1667
325.5715	221.6548
328.1310	221.6548
328.1310	221.1429
329.1548	221.1429
329.1548	220.6310
330.1786	220.6310
330.1786	220.1191
331.2024	220.1191
331.2024	219.6072
332.7382	219.6072
332.7382	219.0953
333.7620	219.0953
333.7620	218.5834
334.7858	218.5834
334.7858	218.0715
335.8096	218.0715
335.8096	217.5596
336.8334	217.5596
336.8334	217.0477
337.3453	217.0477
337.3453	216.5358
337.8572	216.5358
337.8572	216.0239
338.3691	216.0239
338.3691	215.5119
338.8810	215.5119
338.8810	215.0000
339.9048	215.0000
339.9048	214.4881
340.9286	214.4881
340.9286	213.9762
341.4405	213.9762
341.4405	213.4643
341.9524	213.4643
341.9524	212.9524
342.9763	212.9524
342.9763	212.4405
344.0001	212.4405
344.0001	211.9286
344.5120	211.9286
344.5120	211.4167
345.0239	211.4167
345.0239	210.9048
345.5358	210.9048
345.5358	210.3929
346.0477	210.3929
346.0477	209.8810
346.5596	209.8810
346.5596	209.3691
347.0715	209.3691
347.0715	208.8572
347.5834	208.8572
347.5834	208.3453
348.0953	208.3453
348.0953	207.8334
349.1191	207.8334
349.1191	207.3215
350.1429	207.3215
350.1429	206.8096
351.1667	206.8096
351.1667	206.2977
351.6786	206.2977
351.6786	205.7858
352.1905	205.7858
352.1905	205.2738
352.7024	205.2738
352.7024	204.7619
353.2144	204.7619
353.2144	204.2500
353.7263	204.2500
353.7263	203.2262
354.2382	203.2262
354.2382	202.2024
354.7501	202.2024
354.7501	201.1786
355.2620	201.1786
355.2620	200.1548
355.7739	200.1548
355.7739	199.1310
356.2858	199.1310
356.2858	198.6191
356.7977	198.6191
356.7977	197.5953
357.3096	197.5953
357.3096	196.5715
357.8215	196.5715
357.8215	195.5477
358.3334	195.5477
358.3334	195.0358
358.8453	195.0358
358.8453	194.5238
359.3572	194.5238
359.3572	194.0119
359.8691	194.0119
359.8691	193.5000
360.3810	193.5000
360.3810	192.9881
360.8929	192.9881
360.8929	192.4762
361.4048	192.4762
361.4048	191.9643
361.9167	191.9643
361.9167	191.4524
362.4286	191.4524
362.4286	190.9405
362.9405	190.9405
362.9405	190.4286
363.4525	190.4286
363.4525	189.9167
363.9644	189.9167
363.9644	189.4048
364.4763	189.4048
364.4763	188.8929
364.9882	188.8929
364.9882	188.3810
365.5001	188.3810
365.5001	187.8691
366.5239	187.8691
366.5239	187.3572
367.0358	187.3572
367.0358	186.8453
368.0596	186.8453
368.0596	186.3334
368.5715	186.3334
368.5715	185.8215
369.5953	185.8215
369.5953	185.3096
370.1072	185.3096
370.1072	184.7977
371.1310	184.7977
371.1310	184.2857
372.1548	184.2857
372.1548	183.7738
374.2025	183.7738
374.2025	183.2619
375.7382	183.2619
375.7382	182.7500
379.8334	182.7500
379.8334	182.2381
381.3691	182.2381
381.3691	182.7500
384.9525	182.7500
384.9525	183.2619
387.5120	183.2619
387.5120	183.7738
392.1191	183.7738
392.1191	183.2619
394.6786	183.2619
394.6786	182.7500
395.7025	182.7500
395.7025	182.2381
396.7263	182.2381
396.7263	181.7262
398.2620	181.7262
398.2620	181.2143
399.2858	181.2143
399.2858	180.7024
400.3096	180.7024
400.3096	180.1905
400.8215	180.1905
400.8215	179.6786
401.3334	179.6786
401.3334	179.1667
402.3572	179.1667
402.3572	178.6548
402.8691	178.6548
402.8691	178.1429
403.3810	178.1429
403.3810	177.6310
403.8929	177.6310
403.8929	177.1191
404.4048	177.1191
404.4048	176.6072
404.9167	176.6072
404.9167	176.0953
405.9406	176.0953
405.9406	175.5834
406.4525	175.5834
406.4525	175.0715
406.9644	175.0715
406.9644	174.5596
407.9882	174.5596
407.9882	174.0477
408.5001	174.0477
408.5001	173.5357
409.0120	173.5357
409.0120	173.0238
409.5239	173.0238
409.5239	172.5119
410.0358	172.5119
410.0358	172.0000
411.0596	172.0000
411.0596	171.4881
412.0834	171.4881
412.0834	170.9762
412.5953	170.9762
412.5953	170.4643
413.1072	170.4643
413.1072	169.9524
414.1310	169.9524
414.1310	169.4405
415.1548	169.4405
415.1548	168.9286
415.6667	168.9286
415.6667	168.4167
416.1787	168.4167
416.1787	167.9048
418.7382	167.9048
418.7382	167.3929
420.7858	167.3929
420.7858	166.8810
424.3691	166.8810
424.3691	166.3691
427.9525	166.3691
427.9525	165.8572
432.5596	165.8572
