432.5596	165.3453
436.1429	165.3453
436.1429	165.8572
438.1906	165.8572
438.1906	166.3691
439.2144	166.3691
439.2144	166.8810
440.2382	166.8810
440.2382	167.3929
441.2620	167.3929
441.2620	167.9048
441.7739	167.9048
441.7739	168.4167
442.7977	168.4167
442.7977	168.9286
443.8215	168.9286
443.8215	169.4405
444.8453	169.4405
444.8453	169.9524
445.8691	169.9524
445.8691	170.4643
446.8929	170.4643
446.8929	170.9762
447.4048	170.9762
447.4048	171.4881
447.9168	171.4881
447.9168	172.0000
448.4287	172.0000
448.4287	172.5119
448.9406	172.5119
448.9406	173.0238
449.9644	173.0238
449.9644	173.5357
450.4763	173.5357
450.4763	174.0477
450.9882	174.0477
450.9882	174.5596
451.5001	174.5596
451.5001	175.0715
452.0120	175.0715
452.0120	175.5834
452.5239	175.5834
452.5239	176.0953
453.0358	176.0953
453.0358	176.6072
453.5477	176.6072
453.5477	177.1191
454.0596	177.1191
454.0596	177.6310
454.5715	177.6310
454.5715	178.1429
455.5953	178.1429
455.5953	178.6548
456.1072	178.6548
456.1072	179.6786
456.6191	179.6786
456.6191	180.1905
457.1310	180.1905
457.1310	180.7024
457.6429	180.7024
457.6429	181.2143
458.1548	181.2143
458.1548	182.2381
458.6668	182.2381
458.6668	183.2619
459.1787	183.2619
459.1787	184.2857
459.6906	184.2857
459.6906	185.8215
460.2025	185.8215
460.2025	186.8453
460.7144	186.8453
460.7144	188.8929
461.2263	188.8929
461.2263	189.9167
461.7382	189.9167
461.7382	193.5000
462.2501	193.5000
462.2501	195.5477
461.7382	195.5477
461.7382	198.6191
461.2263	198.6191
461.2263	199.6429
460.7144	199.6429
460.7144	201.1786
460.2025	201.1786
460.2025	203.2262
459.6906	203.2262
459.6906	204.2500
459.1787	204.2500
459.1787	205.2738
458.6668	205.2738
458.6668	206.8096
458.1548	206.8096
458.1548	207.8334
457.6429	207.8334
457.6429	208.8572
457.1310	208.8572
457.1310	209.3691
456.6191	209.3691
456.6191	210.3929
456.1072	210.3929
456.1072	211.4167
455.5953	211.4167
455.5953	211.9286
455.0834	211.9286
455.0834	212.9524
454.5715	212.9524
454.5715	213.4643
454.0596	213.4643
454.0596	213.9762
453.5477	213.9762
453.5477	214.4881
453.0358	214.4881
453.0358	215.0000
452.5239	215.0000
452.5239	216.0239
452.0120	216.0239
452.0120	216.5358
451.5001	216.5358
451.5001	217.0477
450.9882	217.0477
450.9882	218.0715
450.4763	218.0715
450.4763	219.0953
449.9644	219.0953
449.9644	220.6310
449.4525	220.6310
449.4525	221.1429
448.9406	221.1429
448.9406	221.6548
448.4287	221.6548
448.4287	222.1667
447.9168	222.1667
447.9168	222.6786
447.4048	222.6786
447.4048	223.1905
446.8929	223.1905
446.8929	223.7024
445.8691	223.7024
445.8691	224.2143
444.8453	224.2143
444.8453	224.7262
443.8215	224.7262
443.8215	225.2381
443.3096	225.2381
443.3096	225.7500
442.7977	225.7500
442.7977	226.2619
442.2858	226.2619
442.2858	226.7739
441.7739	226.7739
441.7739	227.2858
441.2620	227.2858
441.2620	227.7977
440.7501	227.7977
440.7501	228.3096
439.7263	228.3096
439.7263	228.8215
437.1667	228.8215
437.1667	229.3334
435.6310	229.3334
435.6310	229.8453
434.6072	229.8453
434.6072	230.3572
433.5834	230.3572
433.5834	230.8691
432.5596	230.8691
432.5596	231.3810
431.5358	231.3810
431.5358	231.8929
431.0239	231.8929
431.0239	232.4048
430.5120	232.4048
430.5120	232.9167
430.0001	232.9167
430.0001	233.4286
429.4882	233.4286
429.4882	233.9405
428.9763	233.9405
428.9763	234.9643
428.4644	234.9643
428.4644	235.9881
427.9525	235.9881
427.9525	237.0119
427.4406	237.0119
427.4406	238.0358
426.9287	238.0358
426.9287	239.0596
426.4167	239.0596
426.4167	240.5953
425.9048	240.5953
425.9048	241.6191
425.3929	241.6191
425.3929	242.6429
424.8810	242.6429
424.8810	245.2024
424.3691	245.2024
424.3691	248.7858
423.8572	248.7858
423.8572	257.4881
424.3691	257.4881
424.3691	261.5834
424.8810	261.5834
424.8810	264.1429
425.3929	264.1429
425.3929	267.7262
425.9048	267.7262
425.9048	268.7501
425.3929	268.7501
425.3929	273.3572
424.8810	273.3572
424.8810	274.8929
424.3691	274.8929
424.3691	277.4524
423.8572	277.4524
423.8572	279.5001
423.3453	279.5001
423.3453	281.5477
422.8334	281.5477
422.8334	284.1072
422.3215	284.1072
422.3215	285.1310
421.8096	285.1310
421.8096	286.6667
421.2977	286.6667
421.2977	288.2024
420.7858	288.2024
420.7858	290.7620
420.2739	290.7620
420.2739	293.3215
419.7620	293.3215
419.7620	294.3453
419.2501	294.3453
419.2501	295.8810
418.7382	295.8810
418.7382	296.9048
418.2263	296.9048
418.2263	297.4167
417.7144	297.4167
417.7144	297.9286
417.2025	297.9286
417.2025	298.9524
416.6906	298.9524
416.6906	299.9762
416.1787	299.9762
416.1787	301.5120
415.6667	301.5120
415.6667	302.5358
415.1548	302.5358
415.1548	303.5596
414.6429	303.5596
414.6429	304.5834
414.1310	304.5834
414.1310	305.0953
413.6191	305.0953
413.6191	305.6072
413.1072	305.6072
413.1072	306.1191
412.5953	306.1191
412.5953	306.6310
412.0834	306.6310
412.0834	307.6548
411.5715	307.6548
411.5715	308.6786
411.0596	308.6786
411.0596	309.7024
410.5477	309.7024
410.5477	310.2143
410.0358	310.2143
410.0358	311.2382
409.5239	311.2382
409.5239	312.2620
409.0120	312.2620
409.0120	313.7977
408.5001	313.7977
408.5001	314.8215
407.9882	314.8215
407.9882	315.8453
407.4763	315.8453
407.4763	316.8691
406.9644	316.8691
406.9644	317.8929
406.4525	317.8929
406.4525	318.4048
405.9406	318.4048
405.9406	319.4286
405.4286	319.4286
405.4286	319.9405
404.9167	319.9405
404.9167	320.4524
404.4048	320.4524
404.4048	321.4763
403.8929	321.4763
403.8929	321.9882
403.3810	321.9882
403.3810	322.5001
402.8691	322.5001
402.8691	323.0120
401.8453	323.0120
401.8453	323.5239
401.3334	323.5239
401.3334	324.0358
400.8215	324.0358
400.8215	324.5477
400.3096	324.5477
400.3096	325.0596
399.7977	325.0596
399.7977	325.5715
399.2858	325.5715
399.2858	326.0834
398.7739	326.0834
398.7739	326.5953
398.2620	326.5953
398.2620	327.1072
397.7501	327.1072
397.7501	327.6191
397.2382	327.6191
397.2382	328.1310
396.7263	328.1310
396.7263	328.6429
396.2144	328.6429
396.2144	329.1548
395.7025	329.1548
395.7025	329.6667
395.1906	329.6667
395.1906	330.1786
394.6786	330.1786
394.6786	330.6905
394.1667	330.6905
394.1667	331.7143
393.1429	331.7143
393.1429	332.2263
392.6310	332.2263
392.6310	332.7382
391.6072	332.7382
391.6072	333.2501
390.5834	333.2501
390.5834	333.7620
390.0715	333.7620
390.0715	334.2739
389.0477	334.2739
389.0477	334.7858
388.5358	334.7858
388.5358	335.2977
387.0001	335.2977
387.0001	335.8096
385.9763	335.8096
385.9763	336.3215
384.9525	336.3215
384.9525	336.8334
383.9286	336.8334
383.9286	337.3453
382.9048	337.3453
382.9048	337.8572
381.8810	337.8572
381.8810	338.3691
380.3453	338.3691
380.3453	338.8810
378.8096	338.8810
378.8096	339.3929
377.2739	339.3929
377.2739	339.9048
374.7144	339.9048
374.7144	340.4167
372.6667	340.4167
372.6667	340.9286
371.6429	340.9286
371.6429	341.4405
370.1072	341.4405
370.1072	341.9524
368.0596	341.9524
368.0596	342.4644
367.5477	342.4644
367.5477	341.9524
364.9882	341.9524
364.9882	342.4644
362.4286	342.4644
362.4286	342.9763
359.8691	342.9763
359.8691	343.4882
357.3096	343.4882
357.3096	342.9763
349.1191	342.9763
349.1191	342.4644
346.5596	342.4644
346.5596	341.9524
340.4167	341.9524
340.4167	341.4405
339.3929	341.4405
339.3929	340.9286
338.3691	340.9286
338.3691	340.4167
337.3453	340.4167
337.3453	339.9048
335.2977	339.9048
335.2977	339.3929
332.7382	339.3929
332.7382	338.8810
332.2263	338.8810
332.2263	337.8572
331.7143	337.8572
331.7143	337.3453
331.2024	337.3453
331.2024	336.8334
330.6905	336.8334
330.6905	336.3215
330.1786	336.3215
330.1786	335.8096
329.6667	335.8096
329.6667	335.2977
328.6429	335.2977
328.6429	334.7858
327.6191	334.7858
327.6191	334.2739
325.0596	334.2739
325.0596	333.7620
324.5477	333.7620
324.5477	333.2501
324.0358	333.2501
324.0358	332.7382
323.0120	332.7382
323.0120	332.2263
321.9882	332.2263
321.9882	331.7143
320.4524	331.7143
320.4524	331.2024
319.9405	331.2024
319.9405	330.6905
318.9167	330.6905
318.9167	329.6667
318.4048	329.6667
318.4048	329.1548
317.8929	329.1548
317.8929	328.6429
317.3810	328.6429
317.3810	328.1310
316.8691	328.1310
316.8691	327.6191
316.3572	327.6191
316.3572	327.1072
315.3334	327.1072
315.3334	326.5953
314.3096	326.5953
314.3096	326.0834
311.7501	326.0834
311.7501	325.5715
309.1905	325.5715
309.1905	326.0834
306.6310	326.0834
306.6310	326.5953
305.6072	326.5953
305.6072	327.1072
304.5834	327.1072
304.5834	327.6191
304.0715	327.6191
304.0715	328.1310
303.5596	328.1310
303.5596	328.6429
303.0477	328.6429
303.0477	329.1548
302.5358	329.1548
302.5358	329.6667
302.0239	329.6667
302.0239	330.1786
301.5120	330.1786
301.5120	331.2024
301.0001	331.2024
301.0001	332.2263
300.4882	332.2263
300.4882	334.2739
299.4643	334.2739
299.4643	334.7858
298.9524	334.7858
298.9524	335.2977
297.4167	335.2977
297.4167	334.7858
296.3929	334.7858
296.3929	334.2739
293.8334	334.2739
293.8334	333.7620
290.7620	333.7620
290.7620	334.2739
288.2024	334.2739
288.2024	334.7858
287.1786	334.7858
287.1786	334.2739
286.6667	334.2739
286.6667	330.6905
286.1548	330.6905
286.1548	327.1072
285.6429	327.1072
285.6429	324.5477
285.1310	324.5477
285.1310	323.5239
284.6191	323.5239
284.6191	322.5001
284.1072	322.5001
284.1072	321.9882
283.5953	321.9882
283.5953	321.4763
283.0834	321.4763
283.0834	320.9643
282.5715	320.9643
282.5715	320.4524
282.0596	320.4524
282.0596	319.9405
281.0358	319.9405
281.0358	319.4286
280.5239	319.4286
280.5239	318.9167
280.0120	318.9167
280.0120	318.4048
279.5001	318.4048
279.5001	317.8929
278.9881	317.8929
278.9881	317.3810
277.9643	317.3810
277.9643	316.8691
276.9405	316.8691
276.9405	316.3572
274.3810	316.3572
274.3810	315.8453
270.7977	315.8453
270.7977	316.3572
268.2381	316.3572
268.2381	316.8691
267.2143	316.8691
267.2143	317.3810
266.1905	317.3810
266.1905	316.8691
266.7024	316.8691
266.7024	312.7739
266.1905	312.7739
266.1905	312.2620
267.2143	312.2620
267.2143	311.7501
268.2381	311.7501
268.2381	311.2382
268.7501	311.2382
268.7501	310.7262
269.2620	310.7262
269.2620	310.2143
269.7739	310.2143
269.7739	309.7024
270.2858	309.7024
270.2858	309.1905
270.7977	309.1905
270.7977	308.1667
271.3096	308.1667
271.3096	307.1429
271.8215	307.1429
271.8215	304.5834
272.3334	304.5834
272.3334	299.9762
271.8215	299.9762
271.8215	297.4167
271.3096	297.4167
271.3096	296.3929
270.7977	296.3929
270.7977	295.3691
270.2858	295.3691
270.2858	294.3453
269.7739	294.3453
269.7739	293.8334
269.2620	293.8334
269.2620	291.2739
268.7501	291.2739
268.7501	289.2262
268.2381	289.2262
268.2381	288.2024
267.7262	288.2024
267.7262	287.1786
267.2143	287.1786
267.2143	286.6667
266.7024	286.6667
266.7024	285.1310
267.2143	285.1310
267.2143	284.1072
267.7262	284.1072
267.7262	282.0596
268.2381	282.0596
268.2381	279.5001
268.7501	279.5001
268.7501	278.9881
269.2620	278.9881
269.2620	278.4762
269.7739	278.4762
269.7739	277.4524
270.2858	277.4524
270.2858	276.4286
270.7977	276.4286
270.7977	273.8691
271.3096	273.8691
271.3096	272.8453
271.8215	272.8453
271.8215	271.8215
272.3334	271.8215
272.3334	269.2620
272.8453	269.2620
272.8453	266.7024
272.3334	266.7024
272.3334	265.1667
272.8453	265.1667
272.8453	262.0953
273.3572	262.0953
273.3572	261.5834
273.8691	261.5834
273.8691	261.0715
274.3810	261.0715
274.3810	260.5596
274.8929	260.5596
274.8929	260.0477
275.4048	260.0477
275.4048	259.5358
275.9167	259.5358
275.9167	259.0239
276.4286	259.0239
276.4286	258.5120
276.9405	258.5120
276.9405	257.4881
277.4524	257.4881
277.4524	256.4643
277.9643	256.4643
277.9643	255.9524
278.4762	255.9524
278.4762	255.4405
278.9881	255.4405
278.9881	254.9286
279.5001	254.9286
279.5001	254.4167
280.0120	254.4167
280.0120	253.9048
280.5239	253.9048
280.5239	252.8810
281.0358	252.8810
281.0358	251.8572
281.5477	251.8572
281.5477	249.2977
282.0596	249.2977
282.0596	246.7381
282.5715	246.7381
282.5715	245.7143
283.0834	245.7143
283.0834	244.6905
283.5953	244.6905
283.5953	244.1786
284.6191	244.1786
284.6191	243.6667
285.6429	243.6667
285.6429	243.1548
286.1548	243.1548
286.1548	242.6429
286.6667	242.6429
286.6667	242.1310
287.1786	242.1310
287.1786	241.6191
287.6905	241.6191
287.6905	241.1072
288.2024	241.1072
288.2024	240.5953
288.7143	240.5953
288.7143	239.5715
289.7382	239.5715
289.7382	239.0596
290.7620	239.0596
290.7620	238.5477
291.2739	238.5477
291.2739	238.0358
291.7858	238.0358
291.7858	237.5239
292.2977	237.5239
292.2977	237.0119
292.8096	237.0119
292.8096	236.5000
293.3215	236.5000
293.3215	235.9881
293.8334	235.9881
293.8334	235.4762
294.3453	235.4762
294.3453	234.4524
294.8572	234.4524
294.8572	233.4286
295.3691	233.4286
295.3691	231.3810
295.8810	231.3810
295.8810	230.8691
296.3929	230.8691
296.3929	230.3572
297.4167	230.3572
297.4167	229.8453
297.9286	229.8453
297.9286	229.3334
298.4405	229.3334
298.4405	228.8215
301.0001	228.8215
301.0001	228.3096
302.5358	228.3096
302.5358	227.7977
303.5596	227.7977
303.5596	227.2858
304.5834	227.2858
304.5834	226.7739
305.0953	226.7739
305.0953	226.2619
305.6072	226.2619
305.6072	225.7500
307.1429	225.7500
307.1429	225.2381
308.1667	225.2381
308.1667	224.7262
310.7262	224.7262
310.7262	224.2143
311.7501	224.2143
311.7501	223.7024
314.8215	223.7024
314.8215	223.1905
317.3810	223.1905
317.3810	222.6786
318.9167	222.6786
318.9167	222.1667
324.5477	222.1667
324.5477	221.6548
327.1072	221.6548
327.1072	221.1429
329.6667	221.1429
329.6667	220.6310
331.2024	220.6310
331.2024	220.1191
332.2263	220.1191
332.2263	219.6072
333.2501	219.6072
333.2501	219.0953
333.7620	219.0953
333.7620	218.5834
334.2739	218.5834
334.2739	218.0715
334.7858	218.0715
334.7858	217.5596
335.2977	217.5596
335.2977	217.0477
335.8096	217.0477
335.8096	216.5358
336.3215	216.5358
336.3215	216.0239
336.8334	216.0239
336.8334	215.5119
337.3453	215.5119
337.3453	215.0000
337.8572	215.0000
337.8572	214.4881
338.8810	214.4881
338.8810	213.9762
339.9048	213.9762
339.9048	213.4643
340.4167	213.4643
340.4167	212.9524
340.9286	212.9524
340.9286	212.4405
341.4405	212.4405
341.4405	211.9286
341.9524	211.9286
341.9524	211.4167
342.4644	211.4167
342.4644	210.9048
342.9763	210.9048
342.9763	210.3929
343.4882	210.3929
343.4882	209.8810
344.0001	209.8810
344.0001	209.3691
344.5120	209.3691
344.5120	208.8572
345.0239	208.8572
345.0239	208.3453
345.5358	208.3453
345.5358	207.8334
346.5596	207.8334
346.5596	207.3215
347.0715	207.3215
347.0715	206.8096
347.5834	206.8096
347.5834	206.2977
348.0953	206.2977
348.0953	205.7858
348.6072	205.7858
348.6072	205.2738
349.6310	205.2738
349.6310	204.7619
350.6548	204.7619
350.6548	204.2500
351.1667	204.2500
351.1667	203.7381
351.6786	203.7381
351.6786	203.2262
352.1905	203.2262
352.1905	202.7143
352.7024	202.7143
352.7024	202.2024
353.2144	202.2024
353.2144	201.6905
353.7263	201.6905
353.7263	201.1786
354.2382	201.1786
354.2382	200.6667
354.7501	200.6667
354.7501	200.1548
355.2620	200.1548
355.2620	199.6429
355.7739	199.6429
355.7739	198.6191
356.2858	198.6191
356.2858	198.1072
356.7977	198.1072
356.7977	197.5953
357.3096	197.5953
357.3096	197.0834
357.8215	197.0834
357.8215	196.5715
358.3334	196.5715
358.3334	195.5477
358.8453	195.5477
358.8453	194.5238
359.3572	194.5238
359.3572	192.9881
359.8691	192.9881
359.8691	190.4286
360.3810	190.4286
360.3810	188.8929
360.8929	188.8929
360.8929	187.8691
361.4048	187.8691
361.4048	187.3572
361.9167	187.3572
361.9167	186.8453
362.4286	186.8453
362.4286	186.3334
362.9405	186.3334
362.9405	185.8215
363.4525	185.8215
363.4525	185.3096
363.9644	185.3096
363.9644	184.7977
364.4763	184.7977
364.4763	184.2857
365.5001	184.2857
365.5001	183.7738
366.5239	183.7738
366.5239	183.2619
368.0596	183.2619
368.0596	182.7500
369.0834	182.7500
369.0834	182.2381
370.6191	182.2381
370.6191	181.7262
371.6429	181.7262
371.6429	181.2143
374.2025	181.2143
374.2025	180.7024
375.2263	180.7024
375.2263	181.2143
382.3929	181.2143
382.3929	181.7262
383.4167	181.7262
383.4167	182.2381
384.4405	182.2381
384.4405	182.7500
387.0001	182.7500
387.0001	183.2619
393.6548	183.2619
393.6548	182.7500
396.2144	182.7500
396.2144	182.2381
397.2382	182.2381
397.2382	181.7262
399.2858	181.7262
399.2858	181.2143
400.3096	181.2143
400.3096	180.7024
401.3334	180.7024
401.3334	180.1905
402.8691	180.1905
402.8691	179.6786
403.8929	179.6786
403.8929	179.1667
404.9167	179.1667
404.9167	178.6548
405.4286	178.6548
405.4286	178.1429
405.9406	178.1429
405.9406	177.6310
406.4525	177.6310
406.4525	177.1191
407.4763	177.1191
407.4763	176.6072
408.5001	176.6072
408.5001	176.0953
409.0120	176.0953
409.0120	175.5834
410.0358	175.5834
410.0358	175.0715
410.5477	175.0715
410.5477	174.5596
411.0596	174.5596
411.0596	174.0477
411.5715	174.0477
411.5715	173.5357
412.0834	173.5357
412.0834	173.0238
412.5953	173.0238
412.5953	172.0000
413.1072	172.0000
413.1072	171.4881
413.6191	171.4881
413.6191	170.9762
414.6429	170.9762
414.6429	170.4643
415.1548	170.4643
415.1548	169.9524
415.6667	169.9524
415.6667	169.4405
416.1787	169.4405
416.1787	168.9286
417.2025	168.9286
417.2025	168.4167
418.2263	168.4167
418.2263	167.9048
418.7382	167.9048
418.7382	167.3929
420.2739	167.3929
420.2739	166.8810
421.2977	166.8810
421.2977	166.3691
423.3453	166.3691
423.3453	165.8572
424.3691	165.8572
424.3691	165.3453
425.9048	165.3453
425.9048	164.8334
432.5596	164.8334
