336.8334	217.5596
340.9286	217.5596
340.9286	218.0715
341.4405	218.0715
341.4405	218.5834
341.9524	218.5834
341.9524	219.0953
342.4644	219.0953
342.4644	219.6072
342.9763	219.6072
342.9763	220.1191
344.0001	220.1191
344.0001	220.6310
345.0239	220.6310
345.0239	221.1429
347.5834	221.1429
347.5834	221.6548
350.6548	221.6548
350.6548	222.1667
355.7739	222.1667
355.7739	221.6548
358.8453	221.6548
358.8453	221.1429
361.4048	221.1429
361.4048	220.6310
362.9405	220.6310
362.9405	221.1429
371.6429	221.1429
371.6429	221.6548
374.2025	221.6548
374.2025	222.1667
376.7620	222.1667
376.7620	222.6786
379.3215	222.6786
379.3215	223.1905
380.3453	223.1905
380.3453	223.7024
381.3691	223.7024
381.3691	224.2143
382.3929	224.2143
382.3929	224.7262
383.4167	224.7262
383.4167	225.2381
384.4405	225.2381
384.4405	225.7500
385.4644	225.7500
385.4644	226.2619
387.0001	226.2619
387.0001	226.7739
387.5120	226.7739
387.5120	227.2858
388.5358	227.2858
388.5358	227.7977
389.5596	227.7977
389.5596	228.3096
390.5834	228.3096
390.5834	228.8215
391.6072	228.8215
391.6072	229.3334
392.1191	229.3334
392.1191	229.8453
392.6310	229.8453
392.6310	230.3572
393.1429	230.3572
393.1429	230.8691
394.1667	230.8691
394.1667	231.3810
395.1906	231.3810
395.1906	231.8929
395.7025	231.8929
395.7025	232.4048
396.2144	232.4048
396.2144	232.9167
396.7263	232.9167
396.7263	233.4286
397.7501	233.4286
397.7501	233.9405
398.7739	233.9405
398.7739	234.4524
399.2858	234.4524
399.2858	234.9643
400.3096	234.9643
400.3096	235.4762
400.8215	235.4762
400.8215	235.9881
401.3334	235.9881
401.3334	237.0119
401.8453	237.0119
401.8453	237.5239
402.3572	237.5239
402.3572	238.0358
402.8691	238.0358
402.8691	238.5477
403.3810	238.5477
403.3810	239.0596
403.8929	239.0596
403.8929	240.5953
404.4048	240.5953
404.4048	241.6191
404.9167	241.6191
404.9167	242.6429
405.4286	242.6429
405.4286	243.6667
405.9406	243.6667
405.9406	244.1786
406.4525	244.1786
406.4525	245.7143
406.9644	245.7143
406.9644	246.7381
407.4763	246.7381
407.4763	250.3215
407.9882	250.3215
407.9882	254.9286
407.4763	254.9286
407.4763	256.4643
406.9644	256.4643
406.9644	256.9762
406.4525	256.9762
406.4525	257.4881
405.9406	257.4881
405.9406	258.5120
405.4286	258.5120
405.4286	259.5358
404.4048	259.5358
404.4048	260.0477
403.8929	260.0477
403.8929	260.5596
403.3810	260.5596
403.3810	261.0715
402.8691	261.0715
402.8691	261.5834
402.3572	261.5834
402.3572	262.0953
401.8453	262.0953
401.8453	262.6072
401.3334	262.6072
401.3334	263.1191
400.8215	263.1191
400.8215	264.1429
400.3096	264.1429
400.3096	265.1667
399.7977	265.1667
399.7977	266.1905
399.2858	266.1905
399.2858	267.2143
398.7739	267.2143
398.7739	268.2381
398.2620	268.2381
398.2620	270.7977
397.7501	270.7977
397.7501	273.8691
397.2382	273.8691
397.2382	275.4048
396.7263	275.4048
396.7263	276.4286
396.2144	276.4286
396.2144	277.4524
395.7025	277.4524
395.7025	278.9881
395.1906	278.9881
395.1906	280.0120
394.6786	280.0120
394.6786	281.0358
394.1667	281.0358
394.1667	282.5715
393.6548	282.5715
393.6548	283.5953
393.1429	283.5953
393.1429	285.6429
392.6310	285.6429
392.6310	286.1548
392.1191	286.1548
392.1191	286.6667
391.6072	286.6667
391.6072	287.1786
391.0953	287.1786
391.0953	288.2024
390.5834	288.2024
390.5834	288.7143
390.0715	288.7143
390.0715	289.2262
389.5596	289.2262
389.5596	289.7382
389.0477	289.7382
389.0477	290.2501
388.5358	290.2501
388.5358	290.7620
388.0239	290.7620
388.0239	291.2739
387.5120	291.2739
387.5120	291.7858
387.0001	291.7858
387.0001	292.2977
386.4882	292.2977
386.4882	293.3215
385.9763	293.3215
385.9763	293.8334
385.4644	293.8334
385.4644	294.8572
384.4405	294.8572
384.4405	295.3691
383.4167	295.3691
383.4167	295.8810
382.3929	295.8810
382.3929	296.3929
381.8810	296.3929
381.8810	296.9048
381.3691	296.9048
381.3691	297.4167
380.3453	297.4167
380.3453	297.9286
379.3215	297.9286
379.3215	298.4405
378.8096	298.4405
378.8096	298.9524
378.2977	298.9524
378.2977	299.4643
377.7858	299.4643
377.7858	299.9762
377.2739	299.9762
377.2739	300.4882
376.7620	300.4882
376.7620	301.0001
376.2501	301.0001
376.2501	302.0239
374.2025	302.0239
374.2025	301.5120
371.6429	301.5120
371.6429	301.0001
368.0596	301.0001
368.0596	301.5120
361.9167	301.5120
361.9167	301.0001
360.8929	301.0001
360.8929	300.4882
358.8453	300.4882
358.8453	299.9762
356.2858	299.9762
356.2858	299.4643
353.2144	299.4643
353.2144	299.9762
350.6548	299.9762
350.6548	300.4882
348.0953	300.4882
348.0953	299.9762
345.0239	299.9762
345.0239	300.4882
342.4644	300.4882
342.4644	301.0001
341.4405	301.0001
341.4405	301.5120
340.4167	301.5120
340.4167	302.0239
339.9048	302.0239
339.9048	302.5358
339.3929	302.5358
339.3929	303.0477
338.8810	303.0477
338.8810	303.5596
338.3691	303.5596
338.3691	304.0715
337.8572	304.0715
337.8572	304.5834
337.3453	304.5834
337.3453	305.0953
336.8334	305.0953
336.8334	306.1191
336.3215	306.1191
336.3215	307.1429
335.8096	307.1429
335.8096	309.7024
335.2977	309.7024
335.2977	312.7739
335.8096	312.7739
335.8096	315.3334
336.3215	315.3334
336.3215	316.3572
336.8334	316.3572
336.8334	317.3810
337.3453	317.3810
337.3453	317.8929
337.8572	317.8929
337.8572	318.4048
338.3691	318.4048
338.3691	318.9167
338.8810	318.9167
338.8810	319.4286
339.3929	319.4286
339.3929	319.9405
340.4167	319.9405
340.4167	320.4524
340.9286	320.4524
340.9286	321.4763
339.9048	321.4763
339.9048	320.9643
337.3453	320.9643
337.3453	320.4524
334.2739	320.4524
334.2739	320.9643
331.7143	320.9643
331.7143	321.4763
330.6905	321.4763
330.6905	321.9882
329.6667	321.9882
329.6667	320.9643
330.1786	320.9643
330.1786	318.4048
330.6905	318.4048
330.6905	315.3334
330.1786	315.3334
330.1786	312.7739
329.6667	312.7739
329.6667	311.7501
329.1548	311.7501
329.1548	310.7262
328.6429	310.7262
328.6429	310.2143
328.1310	310.2143
328.1310	309.1905
327.6191	309.1905
327.6191	308.6786
328.1310	308.6786
328.1310	305.6072
327.6191	305.6072
327.6191	303.0477
327.1072	303.0477
327.1072	302.0239
326.5953	302.0239
326.5953	301.0001
326.0834	301.0001
326.0834	300.4882
325.5715	300.4882
325.5715	299.9762
325.0596	299.9762
325.0596	299.4643
324.5477	299.4643
324.5477	298.9524
324.0358	298.9524
324.0358	298.4405
323.5239	298.4405
323.5239	297.4167
323.0120	297.4167
323.0120	296.9048
322.5001	296.9048
322.5001	296.3929
321.9882	296.3929
321.9882	295.8810
321.4763	295.8810
321.4763	295.3691
320.9643	295.3691
320.9643	294.8572
320.4524	294.8572
320.4524	294.3453
319.4286	294.3453
319.4286	293.8334
318.4048	293.8334
318.4048	293.3215
317.8929	293.3215
317.8929	292.2977
317.3810	292.2977
317.3810	291.7858
316.8691	291.7858
316.8691	291.2739
316.3572	291.2739
316.3572	290.7620
315.8453	290.7620
315.8453	290.2501
315.3334	290.2501
315.3334	289.7382
314.8215	289.7382
314.8215	289.2262
314.3096	289.2262
314.3096	288.7143
313.7977	288.7143
313.7977	287.6905
313.2858	287.6905
313.2858	286.6667
312.7739	286.6667
312.7739	285.6429
312.2620	285.6429
312.2620	284.6191
311.7501	284.6191
311.7501	284.1072
311.2382	284.1072
311.2382	283.5953
310.7262	283.5953
310.7262	283.0834
310.2143	283.0834
310.2143	282.5715
309.7024	282.5715
309.7024	282.0596
309.1905	282.0596
309.1905	279.5001
308.6786	279.5001
308.6786	276.9405
308.1667	276.9405
308.1667	275.9167
307.6548	275.9167
307.6548	274.8929
307.1429	274.8929
307.1429	274.3810
306.6310	274.3810
306.6310	273.8691
306.1191	273.8691
306.1191	273.3572
305.6072	273.3572
305.6072	272.8453
305.0953	272.8453
305.0953	272.3334
304.0715	272.3334
304.0715	271.8215
303.0477	271.8215
303.0477	271.3096
301.5120	271.3096
301.5120	270.7977
301.0001	270.7977
301.0001	270.2858
300.4882	270.2858
300.4882	269.7739
299.9762	269.7739
299.9762	269.2620
299.4643	269.2620
299.4643	268.7501
298.9524	268.7501
298.9524	268.2381
297.9286	268.2381
297.9286	267.7262
296.9048	267.7262
296.9048	267.2143
295.8810	267.2143
295.8810	266.7024
294.8572	266.7024
294.8572	265.6786
295.8810	265.6786
295.8810	266.1905
298.4405	266.1905
298.4405	265.6786
301.0001	265.6786
301.0001	265.1667
302.0239	265.1667
302.0239	264.6548
303.0477	264.6548
303.0477	264.1429
303.5596	264.1429
303.5596	263.6310
304.0715	263.6310
304.0715	263.1191
304.5834	263.1191
304.5834	262.6072
305.0953	262.6072
305.0953	262.0953
305.6072	262.0953
305.6072	261.0715
306.1191	261.0715
306.1191	260.0477
306.6310	260.0477
306.6310	257.4881
307.1429	257.4881
307.1429	254.9286
307.6548	254.9286
307.6548	253.9048
308.1667	253.9048
308.1667	251.8572
308.6786	251.8572
308.6786	250.3215
309.1905	250.3215
309.1905	247.7620
309.7024	247.7620
309.7024	247.2500
310.2143	247.2500
310.2143	246.7381
310.7262	246.7381
310.7262	246.2262
311.2382	246.2262
311.2382	245.7143
311.7501	245.7143
311.7501	244.6905
312.2620	244.6905
312.2620	243.6667
312.7739	243.6667
312.7739	242.1310
313.2858	242.1310
313.2858	239.5715
313.7977	239.5715
313.7977	235.4762
315.3334	235.4762
315.3334	234.9643
317.3810	234.9643
317.3810	235.4762
319.9405	235.4762
319.9405	235.9881
322.5001	235.9881
322.5001	235.4762
325.0596	235.4762
325.0596	234.9643
326.0834	234.9643
326.0834	234.4524
327.1072	234.4524
327.1072	233.9405
327.6191	233.9405
327.6191	233.4286
328.1310	233.4286
328.1310	232.9167
328.6429	232.9167
328.6429	232.4048
329.1548	232.4048
329.1548	231.8929
329.6667	231.8929
329.6667	231.3810
330.1786	231.3810
330.1786	230.3572
330.6905	230.3572
330.6905	229.3334
331.2024	229.3334
331.2024	228.3096
331.7143	228.3096
331.7143	225.7500
332.2263	225.7500
332.2263	223.1905
331.7143	223.1905
331.7143	220.6310
331.2024	220.6310
331.2024	219.6072
330.6905	219.6072
330.6905	219.0953
331.2024	219.0953
331.2024	218.5834
332.2263	218.5834
332.2263	218.0715
332.7382	218.0715
332.7382	217.5596
333.7620	217.5596
333.7620	217.0477
336.8334	217.0477
