333.7620	215.5119
335.8096	215.5119
335.8096	216.0239
337.8572	216.0239
337.8572	216.5358
339.9048	216.5358
339.9048	217.0477
340.4167	217.0477
340.4167	217.5596
340.9286	217.5596
340.9286	218.0715
341.4405	218.0715
341.4405	218.5834
342.4644	218.5834
342.4644	219.0953
343.4882	219.0953
343.4882	219.6072
346.0477	219.6072
346.0477	220.1191
350.6548	220.1191
350.6548	220.6310
352.7024	220.6310
352.7024	221.1429
353.7263	221.1429
353.7263	221.6548
354.7501	221.6548
354.7501	222.1667
357.3096	222.1667
357.3096	222.6786
367.5477	222.6786
367.5477	223.1905
373.1786	223.1905
373.1786	223.7024
375.2263	223.7024
375.2263	224.2143
377.2739	224.2143
377.2739	224.7262
377.7858	224.7262
377.7858	225.2381
378.2977	225.2381
378.2977	225.7500
379.3215	225.7500
379.3215	226.2619
379.8334	226.2619
379.8334	226.7739
380.8572	226.7739
380.8572	227.2858
381.8810	227.2858
381.8810	227.7977
382.9048	227.7977
382.9048	228.3096
383.9286	228.3096
383.9286	228.8215
384.9525	228.8215
384.9525	229.3334
385.9763	229.3334
385.9763	229.8453
386.4882	229.8453
386.4882	230.3572
387.0001	230.3572
387.0001	230.8691
388.0239	230.8691
388.0239	231.3810
389.0477	231.3810
389.0477	231.8929
390.5834	231.8929
390.5834	232.4048
391.6072	232.4048
391.6072	232.9167
392.6310	232.9167
392.6310	233.4286
393.1429	233.4286
393.1429	233.9405
394.1667	233.9405
394.1667	234.4524
394.6786	234.4524
394.6786	234.9643
395.1906	234.9643
395.1906	235.4762
395.7025	235.4762
395.7025	235.9881
396.2144	235.9881
396.2144	236.5000
396.7263	236.5000
396.7263	237.0119
397.2382	237.0119
397.2382	237.5239
397.7501	237.5239
397.7501	238.0358
398.2620	238.0358
398.2620	238.5477
398.7739	238.5477
398.7739	239.0596
399.2858	239.0596
399.2858	239.5715
400.3096	239.5715
400.3096	240.5953
400.8215	240.5953
400.8215	241.1072
401.3334	241.1072
401.3334	242.1310
401.8453	242.1310
401.8453	242.6429
402.3572	242.6429
402.3572	243.6667
402.8691	243.6667
402.8691	244.1786
403.3810	244.1786
403.3810	244.6905
403.8929	244.6905
403.8929	245.7143
404.4048	245.7143
404.4048	247.2500
404.9167	247.2500
404.9167	248.2739
405.4286	248.2739
405.4286	249.8096
405.9406	249.8096
405.9406	250.8334
406.4525	250.8334
406.4525	255.4405
406.9644	255.4405
406.9644	256.4643
406.4525	256.4643
406.4525	262.0953
405.9406	262.0953
405.9406	262.6072
405.4286	262.6072
405.4286	263.6310
404.9167	263.6310
404.9167	264.6548
404.4048	264.6548
404.4048	265.1667
403.8929	265.1667
403.8929	265.6786
403.3810	265.6786
403.3810	266.7024
402.8691	266.7024
402.8691	267.7262
402.3572	267.7262
402.3572	268.7501
401.8453	268.7501
401.8453	269.2620
401.3334	269.2620
401.3334	269.7739
400.8215	269.7739
400.8215	270.7977
400.3096	270.7977
400.3096	271.8215
399.7977	271.8215
399.7977	272.3334
399.2858	272.3334
399.2858	273.3572
398.7739	273.3572
398.7739	274.3810
398.2620	274.3810
398.2620	275.9167
397.7501	275.9167
397.7501	276.9405
397.2382	276.9405
397.2382	277.9643
396.7263	277.9643
396.7263	279.5001
395.7025	279.5001
395.7025	280.0120
394.6786	280.0120
394.6786	280.5239
393.6548	280.5239
393.6548	281.0358
393.1429	281.0358
393.1429	281.5477
392.6310	281.5477
392.6310	282.0596
392.1191	282.0596
392.1191	282.5715
391.6072	282.5715
391.6072	283.0834
391.0953	283.0834
391.0953	283.5953
390.5834	283.5953
390.5834	284.6191
390.0715	284.6191
390.0715	285.6429
389.5596	285.6429
389.5596	288.2024
389.0477	288.2024
389.0477	289.2262
388.5358	289.2262
388.5358	289.7382
385.4644	289.7382
385.4644	290.2501
382.9048	290.2501
382.9048	290.7620
381.8810	290.7620
381.8810	291.2739
380.8572	291.2739
380.8572	291.7858
380.3453	291.7858
380.3453	292.2977
379.8334	292.2977
379.8334	292.8096
379.3215	292.8096
379.3215	293.3215
378.8096	293.3215
378.8096	293.8334
378.2977	293.8334
378.2977	294.3453
377.7858	294.3453
377.7858	294.8572
377.2739	294.8572
377.2739	295.3691
376.7620	295.3691
376.7620	296.3929
376.2501	296.3929
376.2501	297.4167
375.2263	297.4167
375.2263	297.9286
374.2025	297.9286
374.2025	298.4405
373.1786	298.4405
373.1786	298.9524
372.1548	298.9524
372.1548	299.4643
370.6191	299.4643
370.6191	298.9524
367.0358	298.9524
367.0358	299.4643
364.4763	299.4643
364.4763	299.9762
363.4525	299.9762
363.4525	300.4882
362.4286	300.4882
362.4286	299.9762
361.4048	299.9762
361.4048	299.4643
360.3810	299.4643
360.3810	298.9524
359.3572	298.9524
359.3572	298.4405
356.7977	298.4405
356.7977	297.9286
351.1667	297.9286
351.1667	298.4405
348.0953	298.4405
348.0953	298.9524
347.0715	298.9524
347.0715	298.4405
341.4405	298.4405
341.4405	298.9524
338.8810	298.9524
338.8810	299.4643
337.8572	299.4643
337.8572	299.9762
334.7858	299.9762
334.7858	300.4882
332.2263	300.4882
332.2263	301.0001
331.2024	301.0001
331.2024	301.5120
330.1786	301.5120
330.1786	302.0239
329.6667	302.0239
329.6667	302.5358
329.1548	302.5358
329.1548	303.0477
327.1072	303.0477
327.1072	302.5358
326.5953	302.5358
326.5953	302.0239
326.0834	302.0239
326.0834	301.5120
325.5715	301.5120
325.5715	301.0001
325.0596	301.0001
325.0596	300.4882
324.5477	300.4882
324.5477	299.9762
323.5239	299.9762
323.5239	299.4643
322.5001	299.4643
322.5001	297.4167
321.9882	297.4167
321.9882	296.3929
321.4763	296.3929
321.4763	294.8572
320.9643	294.8572
320.9643	293.8334
320.4524	293.8334
320.4524	292.8096
320.9643	292.8096
320.9643	291.7858
321.4763	291.7858
321.4763	289.2262
321.9882	289.2262
321.9882	286.1548
321.4763	286.1548
321.4763	283.5953
320.9643	283.5953
320.9643	282.5715
320.4524	282.5715
320.4524	281.5477
319.9405	281.5477
319.9405	281.0358
319.4286	281.0358
319.4286	280.5239
318.9167	280.5239
318.9167	280.0120
318.4048	280.0120
318.4048	279.5001
317.8929	279.5001
317.8929	278.9881
317.3810	278.9881
317.3810	278.4762
316.3572	278.4762
316.3572	277.9643
315.3334	277.9643
315.3334	277.4524
314.3096	277.4524
314.3096	276.9405
311.7501	276.9405
311.7501	276.4286
307.6548	276.4286
307.6548	275.9167
307.1429	275.9167
307.1429	275.4048
307.6548	275.4048
307.6548	274.3810
308.1667	274.3810
308.1667	271.8215
308.6786	271.8215
308.6786	268.7501
308.1667	268.7501
308.1667	266.1905
307.6548	266.1905
307.6548	265.1667
307.1429	265.1667
307.1429	264.1429
306.6310	264.1429
306.6310	263.6310
306.1191	263.6310
306.1191	261.0715
305.6072	261.0715
305.6072	260.0477
305.0953	260.0477
305.0953	259.0239
305.6072	259.0239
305.6072	258.0000
306.1191	258.0000
306.1191	257.4881
306.6310	257.4881
306.6310	256.4643
307.1429	256.4643
307.1429	255.4405
307.6548	255.4405
307.6548	253.3929
308.1667	253.3929
308.1667	252.3691
308.6786	252.3691
308.6786	250.3215
309.1905	250.3215
309.1905	248.7858
309.7024	248.7858
309.7024	247.7620
310.2143	247.7620
310.2143	246.7381
310.7262	246.7381
310.7262	245.7143
311.2382	245.7143
311.2382	243.1548
311.7501	243.1548
311.7501	242.1310
312.2620	242.1310
312.2620	239.5715
312.7739	239.5715
312.7739	237.0119
313.2858	237.0119
313.2858	236.5000
313.7977	236.5000
313.7977	235.9881
318.9167	235.9881
318.9167	235.4762
321.4763	235.4762
321.4763	234.9643
322.5001	234.9643
322.5001	234.4524
323.5239	234.4524
323.5239	233.9405
324.0358	233.9405
324.0358	233.4286
324.5477	233.4286
324.5477	232.9167
325.0596	232.9167
325.0596	232.4048
325.5715	232.4048
325.5715	231.8929
326.0834	231.8929
326.0834	230.8691
326.5953	230.8691
326.5953	229.8453
327.1072	229.8453
327.1072	229.3334
327.6191	229.3334
327.6191	228.8215
328.1310	228.8215
328.1310	228.3096
328.6429	228.3096
328.6429	227.2858
329.1548	227.2858
329.1548	226.2619
329.6667	226.2619
329.6667	223.7024
330.1786	223.7024
330.1786	218.5834
329.6667	218.5834
329.6667	216.5358
330.1786	216.5358
330.1786	216.0239
330.6905	216.0239
330.6905	215.5119
331.7143	215.5119
331.7143	215.0000
333.7620	215.0000
