336.3215	210.9048
337.8572	210.9048
337.8572	211.4167
338.8810	211.4167
338.8810	211.9286
340.4167	211.9286
340.4167	212.4405
340.9286	212.4405
340.9286	213.4643
341.4405	213.4643
341.4405	213.9762
341.9524	213.9762
341.9524	214.4881
342.4644	214.4881
342.4644	215.0000
342.9763	215.0000
342.9763	215.5119
343.4882	215.5119
343.4882	216.0239
344.0001	216.0239
344.0001	216.5358
344.5120	216.5358
344.5120	217.0477
345.5358	217.0477
345.5358	217.5596
346.0477	217.5596
346.0477	218.0715
346.5596	218.0715
346.5596	218.5834
347.0715	218.5834
347.0715	219.0953
347.5834	219.0953
347.5834	219.6072
348.6072	219.6072
348.6072	220.1191
349.6310	220.1191
349.6310	220.6310
351.1667	220.6310
351.1667	221.1429
352.1905	221.1429
352.1905	221.6548
353.7263	221.6548
353.7263	222.1667
356.2858	222.1667
356.2858	222.6786
358.8453	222.6786
358.8453	222.1667
361.4048	222.1667
361.4048	221.6548
367.0358	221.6548
367.0358	222.1667
370.1072	222.1667
370.1072	222.6786
378.8096	222.6786
378.8096	223.1905
379.8334	223.1905
379.8334	223.7024
381.3691	223.7024
381.3691	224.2143
382.3929	224.2143
382.3929	224.7262
383.4167	224.7262
383.4167	225.2381
384.4405	225.2381
384.4405	225.7500
386.4882	225.7500
386.4882	226.2619
387.0001	226.2619
387.0001	226.7739
388.0239	226.7739
388.0239	227.2858
389.0477	227.2858
389.0477	227.7977
389.5596	227.7977
389.5596	228.3096
390.5834	228.3096
390.5834	228.8215
391.0953	228.8215
391.0953	229.3334
392.1191	229.3334
392.1191	229.8453
393.1429	229.8453
393.1429	230.3572
393.6548	230.3572
393.6548	230.8691
394.1667	230.8691
394.1667	231.3810
394.6786	231.3810
394.6786	231.8929
395.7025	231.8929
395.7025	232.4048
396.2144	232.4048
396.2144	232.9167
397.2382	232.9167
397.2382	233.4286
398.2620	233.4286
398.2620	233.9405
399.2858	233.9405
399.2858	234.4524
399.7977	234.4524
399.7977	234.9643
400.3096	234.9643
400.3096	235.4762
401.3334	235.4762
401.3334	235.9881
401.8453	235.9881
401.8453	236.5000
402.8691	236.5000
402.8691	237.0119
403.3810	237.0119
403.3810	237.5239
404.4048	237.5239
404.4048	238.0358
404.9167	238.0358
404.9167	238.5477
405.9406	238.5477
405.9406	239.0596
406.9644	239.0596
406.9644	239.5715
407.4763	239.5715
407.4763	240.0834
407.9882	240.0834
407.9882	240.5953
408.5001	240.5953
408.5001	241.1072
409.0120	241.1072
409.0120	241.6191
409.5239	241.6191
409.5239	242.1310
410.0358	242.1310
410.0358	242.6429
410.5477	242.6429
410.5477	243.1548
411.0596	243.1548
411.0596	243.6667
411.5715	243.6667
411.5715	244.6905
412.0834	244.6905
412.0834	245.7143
412.5953	245.7143
412.5953	246.7381
413.1072	246.7381
413.1072	247.2500
413.6191	247.2500
413.6191	247.7620
414.1310	247.7620
414.1310	248.2739
414.6429	248.2739
414.6429	250.8334
415.1548	250.8334
415.1548	252.3691
415.6667	252.3691
415.6667	253.3929
416.1787	253.3929
416.1787	255.4405
416.6906	255.4405
416.6906	258.5120
417.2025	258.5120
417.2025	263.6310
416.6906	263.6310
416.6906	265.6786
416.1787	265.6786
416.1787	266.7024
415.6667	266.7024
415.6667	268.2381
415.1548	268.2381
415.1548	269.7739
414.6429	269.7739
414.6429	270.7977
414.1310	270.7977
414.1310	271.8215
413.6191	271.8215
413.6191	272.8453
413.1072	272.8453
413.1072	273.8691
412.5953	273.8691
412.5953	274.3810
412.0834	274.3810
412.0834	274.8929
411.5715	274.8929
411.5715	275.4048
411.0596	275.4048
411.0596	276.4286
410.5477	276.4286
410.5477	276.9405
410.0358	276.9405
410.0358	277.4524
409.5239	277.4524
409.5239	277.9643
409.0120	277.9643
409.0120	278.9881
408.5001	278.9881
408.5001	279.5001
407.4763	279.5001
407.4763	280.0120
406.9644	280.0120
406.9644	280.5239
406.4525	280.5239
406.4525	281.0358
405.9406	281.0358
405.9406	281.5477
405.4286	281.5477
405.4286	282.0596
404.9167	282.0596
404.9167	282.5715
403.8929	282.5715
403.8929	283.0834
403.3810	283.0834
403.3810	283.5953
402.8691	283.5953
402.8691	284.1072
401.8453	284.1072
401.8453	284.6191
400.8215	284.6191
400.8215	285.1310
399.7977	285.1310
399.7977	285.6429
399.2858	285.6429
399.2858	286.1548
398.7739	286.1548
398.7739	286.6667
398.2620	286.6667
398.2620	287.1786
397.2382	287.1786
397.2382	287.6905
396.7263	287.6905
396.7263	288.2024
395.7025	288.2024
395.7025	288.7143
395.1906	288.7143
395.1906	289.2262
394.6786	289.2262
394.6786	289.7382
393.6548	289.7382
393.6548	290.2501
392.6310	290.2501
392.6310	290.7620
392.1191	290.7620
392.1191	291.2739
391.6072	291.2739
391.6072	291.7858
391.0953	291.7858
391.0953	292.2977
390.5834	292.2977
390.5834	292.8096
389.5596	292.8096
389.5596	293.3215
389.0477	293.3215
389.0477	293.8334
388.5358	293.8334
388.5358	294.3453
388.0239	294.3453
388.0239	294.8572
387.0001	294.8572
387.0001	295.3691
385.9763	295.3691
385.9763	295.8810
384.9525	295.8810
384.9525	296.3929
383.9286	296.3929
383.9286	296.9048
382.9048	296.9048
382.9048	297.4167
382.3929	297.4167
382.3929	297.9286
381.8810	297.9286
381.8810	298.4405
381.3691	298.4405
381.3691	298.9524
379.3215	298.9524
379.3215	299.4643
378.2977	299.4643
378.2977	299.9762
377.2739	299.9762
377.2739	300.4882
376.7620	300.4882
376.7620	301.0001
376.2501	301.0001
376.2501	301.5120
373.6905	301.5120
373.6905	302.0239
371.6429	302.0239
371.6429	302.5358
370.6191	302.5358
370.6191	303.0477
369.5953	303.0477
369.5953	303.5596
369.0834	303.5596
369.0834	304.0715
368.5715	304.0715
368.5715	304.5834
368.0596	304.5834
368.0596	305.0953
367.5477	305.0953
367.5477	304.5834
360.8929	304.5834
360.8929	305.0953
360.3810	305.0953
360.3810	304.5834
358.8453	304.5834
358.8453	304.0715
356.2858	304.0715
356.2858	303.5596
355.7739	303.5596
355.7739	303.0477
355.2620	303.0477
355.2620	302.5358
354.2382	302.5358
354.2382	302.0239
353.2144	302.0239
353.2144	301.5120
350.6548	301.5120
350.6548	301.0001
347.5834	301.0001
347.5834	301.5120
345.0239	301.5120
345.0239	302.0239
344.0001	302.0239
344.0001	302.5358
342.9763	302.5358
342.9763	303.0477
342.4644	303.0477
342.4644	303.5596
341.9524	303.5596
341.9524	304.0715
341.4405	304.0715
341.4405	304.5834
340.9286	304.5834
340.9286	305.0953
340.4167	305.0953
340.4167	305.6072
339.9048	305.6072
339.9048	306.1191
339.3929	306.1191
339.3929	306.6310
338.8810	306.6310
338.8810	307.6548
338.3691	307.6548
338.3691	308.6786
337.8572	308.6786
337.8572	309.7024
337.3453	309.7024
337.3453	308.6786
336.8334	308.6786
336.8334	307.6548
336.3215	307.6548
336.3215	307.1429
335.8096	307.1429
335.8096	306.6310
335.2977	306.6310
335.2977	306.1191
334.7858	306.1191
334.7858	305.6072
334.2739	305.6072
334.2739	305.0953
333.2501	305.0953
333.2501	304.5834
332.2263	304.5834
332.2263	304.0715
330.6905	304.0715
330.6905	303.5596
330.1786	303.5596
330.1786	303.0477
329.1548	303.0477
329.1548	302.5358
328.1310	302.5358
328.1310	302.0239
327.6191	302.0239
327.6191	301.5120
327.1072	301.5120
327.1072	301.0001
326.0834	301.0001
326.0834	300.4882
325.0596	300.4882
325.0596	299.9762
322.5001	299.9762
322.5001	299.4643
319.4286	299.4643
319.4286	299.9762
316.8691	299.9762
316.8691	300.4882
315.8453	300.4882
315.8453	301.0001
314.8215	301.0001
314.8215	301.5120
314.3096	301.5120
314.3096	301.0001
313.2858	301.0001
313.2858	299.9762
313.7977	299.9762
313.7977	299.4643
314.3096	299.4643
314.3096	298.9524
314.8215	298.9524
314.8215	297.9286
315.3334	297.9286
315.3334	296.9048
315.8453	296.9048
315.8453	294.3453
316.3572	294.3453
316.3572	291.7858
315.8453	291.7858
315.8453	289.2262
315.3334	289.2262
315.3334	288.2024
314.8215	288.2024
314.8215	287.1786
314.3096	287.1786
314.3096	286.6667
313.7977	286.6667
313.7977	286.1548
313.2858	286.1548
313.2858	285.6429
312.7739	285.6429
312.7739	285.1310
312.2620	285.1310
312.2620	284.6191
311.2382	284.6191
311.2382	284.1072
310.2143	284.1072
310.2143	283.5953
307.6548	283.5953
307.6548	282.5715
308.1667	282.5715
308.1667	282.0596
308.6786	282.0596
308.6786	281.0358
309.1905	281.0358
309.1905	280.0120
309.7024	280.0120
309.7024	277.4524
310.2143	277.4524
310.2143	273.8691
309.7024	273.8691
309.7024	271.3096
309.1905	271.3096
309.1905	270.2858
308.6786	270.2858
308.6786	267.7262
308.1667	267.7262
308.1667	265.1667
308.6786	265.1667
308.6786	260.0477
308.1667	260.0477
308.1667	256.9762
308.6786	256.9762
308.6786	253.9048
309.1905	253.9048
309.1905	252.8810
309.7024	252.8810
309.7024	251.8572
310.2143	251.8572
310.2143	250.3215
310.7262	250.3215
310.7262	249.2977
311.2382	249.2977
311.2382	248.2739
311.7501	248.2739
311.7501	247.2500
312.2620	247.2500
312.2620	246.2262
312.7739	246.2262
312.7739	245.7143
313.2858	245.7143
313.2858	245.2024
313.7977	245.2024
313.7977	244.6905
314.3096	244.6905
314.3096	243.6667
314.8215	243.6667
314.8215	242.6429
315.3334	242.6429
315.3334	241.6191
315.8453	241.6191
315.8453	240.5953
316.3572	240.5953
316.3572	239.5715
316.8691	239.5715
316.8691	238.0358
317.3810	238.0358
317.3810	235.4762
317.8929	235.4762
317.8929	234.9643
318.9167	234.9643
318.9167	234.4524
319.4286	234.4524
319.4286	233.9405
323.5239	233.9405
323.5239	233.4286
326.0834	233.4286
326.0834	232.9167
327.1072	232.9167
327.1072	232.4048
328.1310	232.4048
328.1310	231.8929
328.6429	231.8929
328.6429	231.3810
329.1548	231.3810
329.1548	230.8691
329.6667	230.8691
329.6667	230.3572
330.1786	230.3572
330.1786	229.8453
330.6905	229.8453
330.6905	228.8215
331.2024	228.8215
331.2024	227.7977
331.7143	227.7977
331.7143	225.2381
332.2263	225.2381
332.2263	222.6786
331.7143	222.6786
331.7143	221.1429
332.2263	221.1429
332.2263	219.6072
332.7382	219.6072
332.7382	218.5834
333.2501	218.5834
333.2501	216.0239
333.7620	216.0239
333.7620	212.4405
333.2501	212.4405
333.2501	211.4167
333.7620	211.4167
333.7620	210.3929
336.3215	210.3929
