325.5715	200.6667
327.1072	200.6667
327.1072	201.1786
327.6191	201.1786
327.6191	201.6905
328.1310	201.6905
328.1310	202.2024
328.6429	202.2024
328.6429	202.7143
329.1548	202.7143
329.1548	207.3215
329.6667	207.3215
329.6667	209.8810
330.1786	209.8810
330.1786	210.9048
330.6905	210.9048
330.6905	211.9286
331.2024	211.9286
331.2024	212.4405
331.7143	212.4405
331.7143	212.9524
332.2263	212.9524
332.2263	213.4643
332.7382	213.4643
332.7382	213.9762
333.2501	213.9762
333.2501	214.4881
334.2739	214.4881
334.2739	215.0000
335.2977	215.0000
335.2977	215.5119
337.3453	215.5119
337.3453	216.0239
339.9048	216.0239
339.9048	216.5358
340.9286	216.5358
340.9286	217.0477
341.9524	217.0477
341.9524	217.5596
342.4644	217.5596
342.4644	218.0715
342.9763	218.0715
342.9763	218.5834
344.0001	218.5834
344.0001	219.0953
344.5120	219.0953
344.5120	219.6072
345.5358	219.6072
345.5358	220.1191
346.5596	220.1191
346.5596	220.6310
349.1191	220.6310
349.1191	221.1429
353.2144	221.1429
353.2144	220.6310
366.0120	220.6310
366.0120	221.1429
371.6429	221.1429
371.6429	221.6548
385.4644	221.6548
385.4644	222.1667
387.5120	222.1667
387.5120	222.6786
389.5596	222.6786
389.5596	223.1905
392.1191	223.1905
392.1191	223.7024
394.6786	223.7024
394.6786	224.2143
400.8215	224.2143
400.8215	224.7262
403.3810	224.7262
403.3810	225.2381
408.5001	225.2381
408.5001	225.7500
411.0596	225.7500
411.0596	226.2619
412.0834	226.2619
412.0834	226.7739
413.1072	226.7739
413.1072	227.2858
413.6191	227.2858
413.6191	227.7977
414.6429	227.7977
414.6429	228.3096
415.1548	228.3096
415.1548	228.8215
415.6667	228.8215
415.6667	229.3334
416.1787	229.3334
416.1787	230.3572
416.6906	230.3572
416.6906	230.8691
417.2025	230.8691
417.2025	231.8929
417.7144	231.8929
417.7144	233.9405
418.2263	233.9405
418.2263	235.9881
418.7382	235.9881
418.7382	239.0596
419.2501	239.0596
419.2501	243.6667
419.7620	243.6667
419.7620	246.7381
420.2739	246.7381
420.2739	252.3691
419.7620	252.3691
419.7620	253.9048
419.2501	253.9048
419.2501	255.4405
418.7382	255.4405
418.7382	256.9762
418.2263	256.9762
418.2263	258.0000
417.7144	258.0000
417.7144	259.0239
417.2025	259.0239
417.2025	260.0477
416.6906	260.0477
416.6906	261.0715
416.1787	261.0715
416.1787	262.0953
415.6667	262.0953
415.6667	264.1429
415.1548	264.1429
415.1548	265.1667
414.6429	265.1667
414.6429	265.6786
414.1310	265.6786
414.1310	266.7024
413.6191	266.7024
413.6191	267.2143
413.1072	267.2143
413.1072	267.7262
412.5953	267.7262
412.5953	268.2381
412.0834	268.2381
412.0834	269.2620
411.5715	269.2620
411.5715	269.7739
411.0596	269.7739
411.0596	270.7977
410.5477	270.7977
410.5477	271.3096
410.0358	271.3096
410.0358	272.3334
409.5239	272.3334
409.5239	272.8453
409.0120	272.8453
409.0120	273.3572
408.5001	273.3572
408.5001	273.8691
407.9882	273.8691
407.9882	274.3810
407.4763	274.3810
407.4763	274.8929
406.9644	274.8929
406.9644	275.4048
406.4525	275.4048
406.4525	276.4286
405.4286	276.4286
405.4286	276.9405
404.9167	276.9405
404.9167	277.4524
404.4048	277.4524
404.4048	277.9643
403.3810	277.9643
403.3810	278.4762
402.8691	278.4762
402.8691	278.9881
401.8453	278.9881
401.8453	279.5001
401.3334	279.5001
401.3334	280.0120
400.8215	280.0120
400.8215	280.5239
400.3096	280.5239
400.3096	281.0358
399.2858	281.0358
399.2858	281.5477
398.2620	281.5477
398.2620	282.0596
397.2382	282.0596
397.2382	282.5715
396.7263	282.5715
396.7263	283.0834
396.2144	283.0834
396.2144	283.5953
393.6548	283.5953
393.6548	284.1072
392.6310	284.1072
392.6310	284.6191
391.6072	284.6191
391.6072	285.1310
390.5834	285.1310
390.5834	285.6429
390.0715	285.6429
390.0715	286.1548
389.0477	286.1548
389.0477	286.6667
388.5358	286.6667
388.5358	287.1786
388.0239	287.1786
388.0239	287.6905
387.0001	287.6905
387.0001	288.2024
385.9763	288.2024
385.9763	288.7143
385.4644	288.7143
385.4644	289.2262
384.4405	289.2262
384.4405	289.7382
383.9286	289.7382
383.9286	290.2501
383.4167	290.2501
383.4167	290.7620
382.3929	290.7620
382.3929	291.2739
381.3691	291.2739
381.3691	291.7858
380.8572	291.7858
380.8572	292.2977
379.8334	292.2977
379.8334	292.8096
379.3215	292.8096
379.3215	293.3215
376.7620	293.3215
376.7620	293.8334
375.7382	293.8334
375.7382	294.3453
374.7144	294.3453
374.7144	294.8572
374.2025	294.8572
374.2025	295.3691
373.6905	295.3691
373.6905	295.8810
373.1786	295.8810
373.1786	296.3929
372.6667	296.3929
372.6667	296.9048
372.1548	296.9048
372.1548	297.9286
371.6429	297.9286
371.6429	298.9524
371.1310	298.9524
371.1310	300.4882
369.5953	300.4882
369.5953	299.9762
364.4763	299.9762
364.4763	300.4882
361.9167	300.4882
361.9167	301.0001
360.8929	301.0001
360.8929	301.5120
359.8691	301.5120
359.8691	302.0239
358.8453	302.0239
358.8453	301.5120
355.7739	301.5120
355.7739	302.0239
353.2144	302.0239
353.2144	302.5358
352.1905	302.5358
352.1905	303.0477
351.1667	303.0477
351.1667	303.5596
350.6548	303.5596
350.6548	304.0715
350.1429	304.0715
350.1429	304.5834
349.6310	304.5834
349.6310	305.0953
349.1191	305.0953
349.1191	305.6072
347.0715	305.6072
347.0715	305.0953
346.0477	305.0953
346.0477	304.0715
345.5358	304.0715
345.5358	302.0239
345.0239	302.0239
345.0239	301.0001
344.5120	301.0001
344.5120	299.9762
344.0001	299.9762
344.0001	299.4643
343.4882	299.4643
343.4882	298.9524
342.9763	298.9524
342.9763	298.4405
342.4644	298.4405
342.4644	297.9286
341.9524	297.9286
341.9524	297.4167
340.9286	297.4167
340.9286	296.9048
339.9048	296.9048
339.9048	296.3929
337.3453	296.3929
337.3453	295.8810
334.7858	295.8810
334.7858	296.3929
332.2263	296.3929
332.2263	296.9048
331.2024	296.9048
331.2024	297.4167
330.1786	297.4167
330.1786	297.9286
329.6667	297.9286
329.6667	297.4167
327.6191	297.4167
327.6191	296.9048
325.0596	296.9048
325.0596	296.3929
320.9643	296.3929
320.9643	295.8810
319.9405	295.8810
319.9405	295.3691
319.4286	295.3691
319.4286	294.8572
318.9167	294.8572
318.9167	294.3453
317.8929	294.3453
317.8929	293.8334
316.8691	293.8334
316.8691	293.3215
316.3572	293.3215
316.3572	291.7858
315.8453	291.7858
315.8453	290.7620
315.3334	290.7620
315.3334	289.7382
314.8215	289.7382
314.8215	289.2262
314.3096	289.2262
314.3096	288.7143
313.7977	288.7143
313.7977	288.2024
313.2858	288.2024
313.2858	287.1786
312.7739	287.1786
312.7739	286.6667
312.2620	286.6667
312.2620	286.1548
311.7501	286.1548
311.7501	283.5953
312.2620	283.5953
312.2620	280.5239
311.7501	280.5239
311.7501	277.9643
311.2382	277.9643
311.2382	275.9167
310.7262	275.9167
310.7262	274.8929
310.2143	274.8929
310.2143	273.8691
309.7024	273.8691
309.7024	273.3572
309.1905	273.3572
309.1905	272.8453
308.6786	272.8453
308.6786	272.3334
308.1667	272.3334
308.1667	271.8215
307.6548	271.8215
307.6548	271.3096
307.1429	271.3096
307.1429	270.7977
306.6310	270.7977
306.6310	270.2858
305.6072	270.2858
305.6072	269.7739
305.0953	269.7739
305.0953	269.2620
304.5834	269.2620
304.5834	268.7501
304.0715	268.7501
304.0715	267.2143
304.5834	267.2143
304.5834	263.6310
304.0715	263.6310
304.0715	261.0715
303.5596	261.0715
303.5596	260.0477
303.0477	260.0477
303.0477	259.0239
302.5358	259.0239
302.5358	258.5120
302.0239	258.5120
302.0239	257.4881
301.5120	257.4881
301.5120	256.9762
301.0001	256.9762
301.0001	256.4643
300.4882	256.4643
300.4882	255.4405
301.0001	255.4405
301.0001	254.9286
301.5120	254.9286
301.5120	254.4167
302.0239	254.4167
302.0239	253.9048
302.5358	253.9048
302.5358	252.8810
303.0477	252.8810
303.0477	251.8572
303.5596	251.8572
303.5596	249.2977
304.0715	249.2977
304.0715	246.2262
303.5596	246.2262
303.5596	243.6667
303.0477	243.6667
303.0477	243.1548
303.5596	243.1548
303.5596	242.6429
304.0715	242.6429
304.0715	242.1310
305.0953	242.1310
305.0953	241.6191
305.6072	241.6191
305.6072	241.1072
306.1191	241.1072
306.1191	240.5953
306.6310	240.5953
306.6310	240.0834
307.1429	240.0834
307.1429	239.5715
307.6548	239.5715
307.6548	239.0596
308.1667	239.0596
308.1667	238.0358
308.6786	238.0358
308.6786	237.0119
309.1905	237.0119
309.1905	235.4762
309.7024	235.4762
309.7024	232.9167
310.2143	232.9167
310.2143	232.4048
310.7262	232.4048
310.7262	231.8929
311.2382	231.8929
311.2382	231.3810
311.7501	231.3810
311.7501	230.8691
312.2620	230.8691
312.2620	229.8453
312.7739	229.8453
312.7739	228.8215
313.2858	228.8215
313.2858	226.2619
313.7977	226.2619
313.7977	223.1905
313.2858	223.1905
313.2858	221.6548
313.7977	221.6548
313.7977	220.6310
314.3096	220.6310
314.3096	219.6072
314.8215	219.6072
314.8215	218.5834
315.3334	218.5834
315.3334	216.0239
315.8453	216.0239
315.8453	212.9524
315.3334	212.9524
315.3334	210.9048
315.8453	210.9048
315.8453	210.3929
316.8691	210.3929
316.8691	209.8810
317.3810	209.8810
317.3810	209.3691
317.8929	209.3691
317.8929	208.8572
318.4048	208.8572
318.4048	208.3453
318.9167	208.3453
318.9167	207.8334
319.4286	207.8334
319.4286	207.3215
319.9405	207.3215
319.9405	206.2977
320.4524	206.2977
320.4524	205.2738
320.9643	205.2738
320.9643	204.2500
321.4763	204.2500
321.4763	201.6905
321.9882	201.6905
321.9882	200.6667
324.5477	200.6667
324.5477	200.1548
325.5715	200.1548
