382.9048	220.1191
383.4167	220.1191
383.4167	222.1667
383.9286	222.1667
383.9286	223.1905
384.4405	223.1905
384.4405	224.2143
384.9525	224.2143
384.9525	224.7262
385.4644	224.7262
385.4644	225.2381
385.9763	225.2381
385.9763	226.2619
385.4644	226.2619
385.4644	230.3572
385.9763	230.3572
385.9763	232.9167
386.4882	232.9167
386.4882	233.9405
387.0001	233.9405
387.0001	234.9643
387.5120	234.9643
387.5120	235.4762
388.0239	235.4762
388.0239	235.9881
388.5358	235.9881
388.5358	236.5000
389.0477	236.5000
389.0477	237.0119
389.5596	237.0119
389.5596	237.5239
390.5834	237.5239
390.5834	238.0358
391.6072	238.0358
391.6072	238.5477
394.1667	238.5477
394.1667	239.0596
398.7739	239.0596
398.7739	238.5477
400.3096	238.5477
400.3096	239.0596
401.8453	239.0596
401.8453	239.5715
402.3572	239.5715
402.3572	240.5953
402.8691	240.5953
402.8691	241.6191
402.3572	241.6191
402.3572	242.1310
401.8453	242.1310
401.8453	242.6429
401.3334	242.6429
401.3334	243.6667
400.8215	243.6667
400.8215	244.6905
400.3096	244.6905
400.3096	246.7381
399.7977	246.7381
399.7977	247.2500
399.2858	247.2500
399.2858	247.7620
398.7739	247.7620
398.7739	248.2739
398.2620	248.2739
398.2620	248.7858
397.7501	248.7858
397.7501	249.2977
397.2382	249.2977
397.2382	250.3215
396.7263	250.3215
396.7263	251.3453
396.2144	251.3453
396.2144	253.9048
395.7025	253.9048
395.7025	258.5120
395.1906	258.5120
395.1906	265.6786
395.7025	265.6786
395.7025	268.2381
395.1906	268.2381
395.1906	272.3334
395.7025	272.3334
395.7025	272.8453
395.1906	272.8453
395.1906	275.4048
394.6786	275.4048
394.6786	280.0120
394.1667	280.0120
394.1667	280.5239
393.6548	280.5239
393.6548	281.0358
393.1429	281.0358
393.1429	281.5477
392.6310	281.5477
392.6310	282.5715
392.1191	282.5715
392.1191	283.5953
391.6072	283.5953
391.6072	285.6429
391.0953	285.6429
391.0953	286.6667
390.5834	286.6667
390.5834	289.2262
390.0715	289.2262
390.0715	291.7858
389.5596	291.7858
389.5596	292.8096
389.0477	292.8096
389.0477	293.3215
388.0239	293.3215
388.0239	293.8334
387.0001	293.8334
387.0001	294.3453
386.4882	294.3453
386.4882	294.8572
385.9763	294.8572
385.9763	295.3691
385.4644	295.3691
385.4644	295.8810
383.9286	295.8810
383.9286	296.3929
382.9048	296.3929
382.9048	296.9048
380.8572	296.9048
380.8572	297.4167
379.8334	297.4167
379.8334	296.9048
375.7382	296.9048
375.7382	297.4167
373.1786	297.4167
373.1786	297.9286
372.1548	297.9286
372.1548	298.4405
371.1310	298.4405
371.1310	298.9524
370.6191	298.9524
370.6191	299.4643
370.1072	299.4643
370.1072	299.9762
369.5953	299.9762
369.5953	300.4882
369.0834	300.4882
369.0834	301.0001
368.5715	301.0001
368.5715	301.5120
366.5239	301.5120
366.5239	302.0239
365.5001	302.0239
365.5001	302.5358
364.4763	302.5358
364.4763	303.0477
363.4525	303.0477
363.4525	303.5596
362.9405	303.5596
362.9405	304.0715
362.4286	304.0715
362.4286	304.5834
361.9167	304.5834
361.9167	305.0953
361.4048	305.0953
361.4048	305.6072
360.8929	305.6072
360.8929	306.1191
360.3810	306.1191
360.3810	307.1429
359.8691	307.1429
359.8691	308.1667
359.3572	308.1667
359.3572	310.2143
358.8453	310.2143
358.8453	311.2382
358.3334	311.2382
358.3334	313.7977
357.8215	313.7977
357.8215	317.3810
358.3334	317.3810
358.3334	319.9405
358.8453	319.9405
358.8453	321.4763
359.3572	321.4763
359.3572	322.5001
359.8691	322.5001
359.8691	323.5239
360.3810	323.5239
360.3810	324.5477
360.8929	324.5477
360.8929	325.5715
361.4048	325.5715
361.4048	332.2263
361.9167	332.2263
361.9167	334.7858
362.4286	334.7858
362.4286	336.8334
361.9167	336.8334
361.9167	337.3453
361.4048	337.3453
361.4048	338.3691
360.8929	338.3691
360.8929	339.3929
360.3810	339.3929
360.3810	341.4405
359.8691	341.4405
359.8691	344.0001
358.3334	344.0001
358.3334	342.9763
357.8215	342.9763
357.8215	341.9524
357.3096	341.9524
357.3096	341.4405
356.7977	341.4405
356.7977	340.9286
356.2858	340.9286
356.2858	340.4167
355.7739	340.4167
355.7739	339.9048
355.2620	339.9048
355.2620	339.3929
354.7501	339.3929
354.7501	338.8810
354.2382	338.8810
354.2382	337.8572
353.7263	337.8572
353.7263	336.8334
353.2144	336.8334
353.2144	336.3215
352.7024	336.3215
352.7024	333.7620
352.1905	333.7620
352.1905	332.2263
351.6786	332.2263
351.6786	331.2024
351.1667	331.2024
351.1667	330.1786
350.6548	330.1786
350.6548	329.6667
350.1429	329.6667
350.1429	328.6429
349.6310	328.6429
349.6310	328.1310
349.1191	328.1310
349.1191	327.6191
348.6072	327.6191
348.6072	327.1072
348.0953	327.1072
348.0953	314.8215
348.6072	314.8215
348.6072	310.2143
348.0953	310.2143
348.0953	305.6072
347.5834	305.6072
347.5834	303.0477
347.0715	303.0477
347.0715	302.0239
346.5596	302.0239
346.5596	301.0001
346.0477	301.0001
346.0477	300.4882
345.5358	300.4882
345.5358	299.9762
345.0239	299.9762
345.0239	299.4643
344.5120	299.4643
344.5120	298.9524
344.0001	298.9524
344.0001	298.4405
342.9763	298.4405
342.9763	297.9286
341.9524	297.9286
341.9524	297.4167
340.4167	297.4167
340.4167	296.9048
339.3929	296.9048
339.3929	296.3929
338.8810	296.3929
338.8810	295.8810
338.3691	295.8810
338.3691	295.3691
337.3453	295.3691
337.3453	294.8572
336.8334	294.8572
336.8334	294.3453
336.3215	294.3453
336.3215	293.8334
335.8096	293.8334
335.8096	293.3215
335.2977	293.3215
335.2977	292.8096
334.7858	292.8096
334.7858	292.2977
334.2739	292.2977
334.2739	291.7858
333.7620	291.7858
333.7620	291.2739
333.2501	291.2739
333.2501	290.2501
332.7382	290.2501
332.7382	289.7382
332.2263	289.7382
332.2263	288.7143
331.7143	288.7143
331.7143	287.6905
331.2024	287.6905
331.2024	287.1786
330.6905	287.1786
330.6905	286.6667
330.1786	286.6667
330.1786	286.1548
329.6667	286.1548
329.6667	285.6429
329.1548	285.6429
329.1548	285.1310
328.1310	285.1310
328.1310	284.6191
327.6191	284.6191
327.6191	282.0596
327.1072	282.0596
327.1072	281.0358
326.5953	281.0358
326.5953	280.0120
326.0834	280.0120
326.0834	278.9881
325.5715	278.9881
325.5715	278.4762
325.0596	278.4762
325.0596	277.9643
324.5477	277.9643
324.5477	277.4524
324.0358	277.4524
324.0358	276.9405
324.5477	276.9405
324.5477	273.8691
324.0358	273.8691
324.0358	271.3096
323.5239	271.3096
323.5239	269.7739
323.0120	269.7739
323.0120	268.7501
322.5001	268.7501
322.5001	267.7262
321.9882	267.7262
321.9882	266.7024
321.4763	266.7024
321.4763	266.1905
320.9643	266.1905
320.9643	265.1667
320.4524	265.1667
320.4524	264.1429
319.9405	264.1429
319.9405	263.6310
319.4286	263.6310
319.4286	263.1191
318.9167	263.1191
318.9167	262.0953
318.4048	262.0953
318.4048	261.0715
317.8929	261.0715
317.8929	260.0477
317.3810	260.0477
317.3810	256.9762
317.8929	256.9762
317.8929	255.9524
318.4048	255.9524
318.4048	253.3929
318.9167	253.3929
318.9167	249.2977
318.4048	249.2977
318.4048	248.2739
318.9167	248.2739
318.9167	245.2024
319.4286	245.2024
319.4286	244.1786
319.9405	244.1786
319.9405	242.6429
320.4524	242.6429
320.4524	240.0834
320.9643	240.0834
320.9643	234.9643
320.4524	234.9643
320.4524	233.9405
323.5239	233.9405
323.5239	233.4286
326.0834	233.4286
326.0834	232.9167
327.1072	232.9167
327.1072	232.4048
328.1310	232.4048
328.1310	231.8929
328.6429	231.8929
328.6429	231.3810
329.1548	231.3810
329.1548	230.8691
329.6667	230.8691
329.6667	230.3572
330.1786	230.3572
330.1786	229.8453
330.6905	229.8453
330.6905	229.3334
331.2024	229.3334
331.2024	228.8215
331.7143	228.8215
331.7143	228.3096
332.2263	228.3096
332.2263	227.2858
333.7620	227.2858
333.7620	226.7739
334.7858	226.7739
334.7858	226.2619
335.8096	226.2619
335.8096	225.7500
336.8334	225.7500
336.8334	225.2381
337.3453	225.2381
337.3453	224.7262
337.8572	224.7262
337.8572	224.2143
338.3691	224.2143
338.3691	223.7024
338.8810	223.7024
338.8810	223.1905
339.3929	223.1905
339.3929	222.6786
339.9048	222.6786
339.9048	222.1667
340.4167	222.1667
340.4167	221.6548
341.4405	221.6548
341.4405	221.1429
344.0001	221.1429
344.0001	220.6310
348.6072	220.6310
348.6072	221.1429
349.6310	221.1429
349.6310	221.6548
350.6548	221.6548
350.6548	222.1667
353.2144	222.1667
353.2144	222.6786
355.7739	222.6786
355.7739	223.1905
356.7977	223.1905
356.7977	223.7024
357.3096	223.7024
357.3096	224.2143
358.3334	224.2143
358.3334	224.7262
359.3572	224.7262
359.3572	225.2381
361.9167	225.2381
361.9167	225.7500
366.0120	225.7500
366.0120	225.2381
368.5715	225.2381
368.5715	224.7262
369.5953	224.7262
369.5953	224.2143
370.6191	224.2143
370.6191	223.7024
371.1310	223.7024
371.1310	223.1905
371.6429	223.1905
371.6429	222.6786
372.1548	222.6786
372.1548	222.1667
372.6667	222.1667
372.6667	221.6548
373.1786	221.6548
373.1786	221.1429
373.6905	221.1429
373.6905	220.6310
374.2025	220.6310
374.2025	220.1191
375.2263	220.1191
375.2263	219.6072
375.7382	219.6072
375.7382	219.0953
377.2739	219.0953
377.2739	218.5834
378.2977	218.5834
378.2977	218.0715
379.8334	218.0715
379.8334	217.5596
382.9048	217.5596
