347.0715	220.6310
348.0953	220.6310
348.0953	221.1429
349.1191	221.1429
349.1191	221.6548
351.6786	221.6548
351.6786	222.1667
355.7739	222.1667
355.7739	221.6548
357.8215	221.6548
357.8215	222.1667
358.8453	222.1667
358.8453	222.6786
359.8691	222.6786
359.8691	223.1905
362.4286	223.1905
362.4286	223.7024
367.0358	223.7024
367.0358	223.1905
369.5953	223.1905
369.5953	222.6786
370.6191	222.6786
370.6191	222.1667
371.6429	222.1667
371.6429	221.6548
373.6905	221.6548
373.6905	221.1429
374.7144	221.1429
374.7144	220.6310
375.7382	220.6310
375.7382	221.1429
379.8334	221.1429
379.8334	220.6310
382.3929	220.6310
382.3929	221.1429
384.4405	221.1429
384.4405	221.6548
386.4882	221.6548
386.4882	222.1667
387.0001	222.1667
387.0001	222.6786
387.5120	222.6786
387.5120	223.1905
388.0239	223.1905
388.0239	224.2143
388.5358	224.2143
388.5358	228.3096
389.0477	228.3096
389.0477	230.8691
389.5596	230.8691
389.5596	231.8929
390.0715	231.8929
390.0715	232.9167
390.5834	232.9167
390.5834	233.4286
391.0953	233.4286
391.0953	233.9405
391.6072	233.9405
391.6072	234.4524
392.1191	234.4524
392.1191	234.9643
392.6310	234.9643
392.6310	235.4762
393.6548	235.4762
393.6548	235.9881
394.6786	235.9881
394.6786	236.5000
396.2144	236.5000
396.2144	237.0119
398.7739	237.0119
398.7739	237.5239
400.3096	237.5239
400.3096	238.0358
401.3334	238.0358
401.3334	239.0596
401.8453	239.0596
401.8453	240.5953
401.3334	240.5953
401.3334	244.6905
400.3096	244.6905
400.3096	245.2024
399.2858	245.2024
399.2858	245.7143
398.2620	245.7143
398.2620	246.2262
397.7501	246.2262
397.7501	246.7381
397.2382	246.7381
397.2382	247.2500
396.7263	247.2500
396.7263	247.7620
396.2144	247.7620
396.2144	248.2739
395.7025	248.2739
395.7025	248.7858
395.1906	248.7858
395.1906	249.8096
394.6786	249.8096
394.6786	250.8334
394.1667	250.8334
394.1667	253.3929
393.6548	253.3929
393.6548	263.1191
394.1667	263.1191
394.1667	266.1905
394.6786	266.1905
394.6786	268.7501
395.1906	268.7501
395.1906	270.7977
394.6786	270.7977
394.6786	271.8215
394.1667	271.8215
394.1667	273.8691
393.6548	273.8691
393.6548	276.4286
393.1429	276.4286
393.1429	277.4524
392.6310	277.4524
392.6310	278.9881
392.1191	278.9881
392.1191	279.5001
391.6072	279.5001
391.6072	280.0120
391.0953	280.0120
391.0953	281.0358
390.5834	281.0358
390.5834	282.0596
390.0715	282.0596
390.0715	283.0834
389.5596	283.0834
389.5596	284.6191
389.0477	284.6191
389.0477	287.1786
388.5358	287.1786
388.5358	288.2024
388.0239	288.2024
388.0239	289.2262
387.5120	289.2262
387.5120	290.2501
387.0001	290.2501
387.0001	290.7620
384.9525	290.7620
384.9525	291.2739
383.9286	291.2739
383.9286	291.7858
382.9048	291.7858
382.9048	292.2977
382.3929	292.2977
382.3929	292.8096
380.8572	292.8096
380.8572	293.3215
375.7382	293.3215
375.7382	293.8334
372.6667	293.8334
372.6667	294.3453
371.6429	294.3453
371.6429	293.8334
368.5715	293.8334
368.5715	294.3453
366.0120	294.3453
366.0120	294.8572
363.4525	294.8572
363.4525	295.3691
362.4286	295.3691
362.4286	295.8810
361.4048	295.8810
361.4048	296.3929
360.8929	296.3929
360.8929	296.9048
360.3810	296.9048
360.3810	297.4167
359.8691	297.4167
359.8691	297.9286
359.3572	297.9286
359.3572	298.4405
358.8453	298.4405
358.8453	299.4643
358.3334	299.4643
358.3334	300.4882
357.8215	300.4882
357.8215	303.0477
357.3096	303.0477
357.3096	307.1429
357.8215	307.1429
357.8215	309.1905
357.3096	309.1905
357.3096	312.7739
357.8215	312.7739
357.8215	315.3334
358.3334	315.3334
358.3334	316.3572
358.8453	316.3572
358.8453	317.3810
359.3572	317.3810
359.3572	317.8929
359.8691	317.8929
359.8691	320.4524
360.3810	320.4524
360.3810	321.4763
360.8929	321.4763
360.8929	327.6191
361.4048	327.6191
361.4048	330.6905
361.9167	330.6905
361.9167	333.2501
362.4286	333.2501
362.4286	334.2739
362.9405	334.2739
362.9405	335.2977
363.4525	335.2977
363.4525	335.8096
363.9644	335.8096
363.9644	336.3215
364.4763	336.3215
364.4763	336.8334
364.9882	336.8334
364.9882	337.3453
365.5001	337.3453
365.5001	338.8810
364.9882	338.8810
364.9882	339.3929
364.4763	339.3929
364.4763	339.9048
363.4525	339.9048
363.4525	338.8810
362.9405	338.8810
362.9405	338.3691
362.4286	338.3691
362.4286	337.8572
361.9167	337.8572
361.9167	337.3453
361.4048	337.3453
361.4048	336.8334
360.8929	336.8334
360.8929	336.3215
360.3810	336.3215
360.3810	335.8096
359.8691	335.8096
359.8691	335.2977
359.3572	335.2977
359.3572	334.7858
358.3334	334.7858
358.3334	334.2739
357.3096	334.2739
357.3096	333.7620
356.2858	333.7620
356.2858	333.2501
355.2620	333.2501
355.2620	332.7382
354.7501	332.7382
354.7501	332.2263
354.2382	332.2263
354.2382	331.2024
353.7263	331.2024
353.7263	330.6905
353.2144	330.6905
353.2144	330.1786
352.7024	330.1786
352.7024	329.6667
352.1905	329.6667
352.1905	329.1548
351.6786	329.1548
351.6786	328.6429
350.6548	328.6429
350.6548	328.1310
349.6310	328.1310
349.6310	327.6191
348.6072	327.6191
348.6072	327.1072
346.0477	327.1072
346.0477	326.5953
345.0239	326.5953
345.0239	326.0834
344.5120	326.0834
344.5120	322.5001
345.0239	322.5001
345.0239	319.9405
345.5358	319.9405
345.5358	317.3810
346.0477	317.3810
346.0477	312.7739
345.5358	312.7739
345.5358	311.7501
346.0477	311.7501
346.0477	301.0001
345.5358	301.0001
345.5358	298.4405
345.0239	298.4405
345.0239	297.4167
344.5120	297.4167
344.5120	296.3929
344.0001	296.3929
344.0001	295.8810
343.4882	295.8810
343.4882	295.3691
342.9763	295.3691
342.9763	294.8572
342.4644	294.8572
342.4644	294.3453
341.9524	294.3453
341.9524	293.8334
340.9286	293.8334
340.9286	293.3215
339.9048	293.3215
339.9048	292.8096
339.3929	292.8096
339.3929	292.2977
338.3691	292.2977
338.3691	291.7858
337.3453	291.7858
337.3453	291.2739
335.8096	291.2739
335.8096	290.7620
335.2977	290.7620
335.2977	290.2501
334.7858	290.2501
334.7858	289.7382
333.7620	289.7382
333.7620	289.2262
332.7382	289.2262
332.7382	288.7143
332.2263	288.7143
332.2263	288.2024
331.7143	288.2024
331.7143	287.1786
331.2024	287.1786
331.2024	286.6667
330.6905	286.6667
330.6905	286.1548
330.1786	286.1548
330.1786	285.6429
329.6667	285.6429
329.6667	283.0834
329.1548	283.0834
329.1548	280.5239
328.6429	280.5239
328.6429	279.5001
328.1310	279.5001
328.1310	278.4762
327.6191	278.4762
327.6191	275.9167
327.1072	275.9167
327.1072	274.8929
326.5953	274.8929
326.5953	273.8691
326.0834	273.8691
326.0834	273.3572
325.5715	273.3572
325.5715	272.8453
325.0596	272.8453
325.0596	270.2858
324.5477	270.2858
324.5477	269.2620
324.0358	269.2620
324.0358	268.2381
323.5239	268.2381
323.5239	267.2143
323.0120	267.2143
323.0120	266.7024
322.5001	266.7024
322.5001	265.6786
321.9882	265.6786
321.9882	264.6548
321.4763	264.6548
321.4763	263.1191
320.9643	263.1191
320.9643	262.0953
320.4524	262.0953
320.4524	261.0715
319.9405	261.0715
319.9405	260.5596
319.4286	260.5596
319.4286	260.0477
318.9167	260.0477
318.9167	259.5358
318.4048	259.5358
318.4048	259.0239
317.8929	259.0239
317.8929	258.5120
317.3810	258.5120
317.3810	256.4643
317.8929	256.4643
317.8929	249.2977
317.3810	249.2977
317.3810	248.2739
317.8929	248.2739
317.8929	241.6191
318.4048	241.6191
318.4048	240.5953
318.9167	240.5953
318.9167	240.0834
319.4286	240.0834
319.4286	239.5715
319.9405	239.5715
319.9405	238.5477
320.4524	238.5477
320.4524	237.5239
320.9643	237.5239
320.9643	235.9881
321.4763	235.9881
321.4763	234.9643
321.9882	234.9643
321.9882	234.4524
324.5477	234.4524
324.5477	233.9405
325.5715	233.9405
325.5715	233.4286
326.5953	233.4286
326.5953	232.9167
327.1072	232.9167
327.1072	232.4048
327.6191	232.4048
327.6191	231.8929
328.1310	231.8929
328.1310	231.3810
328.6429	231.3810
328.6429	230.8691
329.1548	230.8691
329.1548	229.8453
329.6667	229.8453
329.6667	228.8215
330.1786	228.8215
330.1786	227.7977
330.6905	227.7977
330.6905	227.2858
331.7143	227.2858
331.7143	226.7739
332.7382	226.7739
332.7382	226.2619
333.2501	226.2619
333.2501	225.7500
335.8096	225.7500
335.8096	225.2381
336.8334	225.2381
336.8334	224.7262
337.8572	224.7262
337.8572	224.2143
338.3691	224.2143
338.3691	223.7024
338.8810	223.7024
338.8810	223.1905
339.3929	223.1905
339.3929	222.6786
340.4167	222.6786
340.4167	222.1667
341.4405	222.1667
341.4405	221.6548
342.4644	221.6548
342.4644	221.1429
345.0239	221.1429
345.0239	220.6310
346.0477	220.6310
346.0477	220.1191
347.0715	220.1191
