353.7263	231.8929
354.7501	231.8929
354.7501	232.4048
356.7977	232.4048
356.7977	232.9167
358.3334	232.9167
358.3334	233.4286
358.8453	233.4286
358.8453	233.9405
359.8691	233.9405
359.8691	234.4524
360.3810	234.4524
360.3810	234.9643
360.8929	234.9643
360.8929	235.4762
361.9167	235.4762
361.9167	235.9881
362.9405	235.9881
362.9405	236.5000
363.9644	236.5000
363.9644	237.0119
366.5239	237.0119
366.5239	237.5239
370.1072	237.5239
370.1072	237.0119
372.6667	237.0119
372.6667	236.5000
373.6905	236.5000
373.6905	235.9881
374.7144	235.9881
374.7144	235.4762
375.2263	235.4762
375.2263	234.9643
375.7382	234.9643
375.7382	234.4524
376.2501	234.4524
376.2501	233.9405
376.7620	233.9405
376.7620	233.4286
377.2739	233.4286
377.2739	232.9167
377.7858	232.9167
377.7858	232.4048
378.2977	232.4048
378.2977	231.8929
379.3215	231.8929
379.3215	232.4048
380.3453	232.4048
380.3453	234.9643
380.8572	234.9643
380.8572	235.9881
381.3691	235.9881
381.3691	237.5239
381.8810	237.5239
381.8810	238.5477
382.3929	238.5477
382.3929	239.5715
382.9048	239.5715
382.9048	240.0834
383.4167	240.0834
383.4167	240.5953
383.9286	240.5953
383.9286	241.1072
384.4405	241.1072
384.4405	241.6191
384.9525	241.6191
384.9525	242.1310
385.9763	242.1310
385.9763	242.6429
387.0001	242.6429
387.0001	243.1548
389.5596	243.1548
389.5596	243.6667
392.1191	243.6667
392.1191	243.1548
394.6786	243.1548
394.6786	242.6429
395.7025	242.6429
395.7025	242.1310
396.7263	242.1310
396.7263	241.6191
397.2382	241.6191
397.2382	241.1072
399.2858	241.1072
399.2858	241.6191
399.7977	241.6191
399.7977	242.1310
400.3096	242.1310
400.3096	243.6667
399.7977	243.6667
399.7977	244.1786
399.2858	244.1786
399.2858	245.2024
398.7739	245.2024
398.7739	246.2262
398.2620	246.2262
398.2620	248.7858
397.7501	248.7858
397.7501	251.8572
398.2620	251.8572
398.2620	254.4167
398.7739	254.4167
398.7739	255.4405
399.2858	255.4405
399.2858	256.4643
399.7977	256.4643
399.7977	256.9762
400.3096	256.9762
400.3096	257.4881
400.8215	257.4881
400.8215	258.0000
401.3334	258.0000
401.3334	258.5120
401.8453	258.5120
401.8453	259.5358
402.3572	259.5358
402.3572	260.5596
402.8691	260.5596
402.8691	261.0715
403.3810	261.0715
403.3810	261.5834
403.8929	261.5834
403.8929	265.6786
404.4048	265.6786
404.4048	271.8215
404.9167	271.8215
404.9167	274.3810
404.4048	274.3810
404.4048	275.9167
403.8929	275.9167
403.8929	278.4762
403.3810	278.4762
403.3810	281.5477
402.8691	281.5477
402.8691	282.5715
402.3572	282.5715
402.3572	285.1310
401.8453	285.1310
401.8453	286.1548
401.3334	286.1548
401.3334	286.6667
400.8215	286.6667
400.8215	287.1786
400.3096	287.1786
400.3096	287.6905
399.7977	287.6905
399.7977	288.2024
399.2858	288.2024
399.2858	289.2262
398.7739	289.2262
398.7739	289.7382
398.2620	289.7382
398.2620	290.2501
397.7501	290.2501
397.7501	290.7620
397.2382	290.7620
397.2382	291.2739
396.7263	291.2739
396.7263	291.7858
396.2144	291.7858
396.2144	292.2977
395.7025	292.2977
395.7025	292.8096
395.1906	292.8096
395.1906	293.3215
394.6786	293.3215
394.6786	293.8334
394.1667	293.8334
394.1667	294.3453
393.6548	294.3453
393.6548	294.8572
393.1429	294.8572
393.1429	295.3691
392.6310	295.3691
392.6310	296.3929
392.1191	296.3929
392.1191	297.4167
391.6072	297.4167
391.6072	298.4405
391.0953	298.4405
391.0953	298.9524
390.5834	298.9524
390.5834	299.4643
390.0715	299.4643
390.0715	299.9762
389.5596	299.9762
389.5596	300.4882
387.0001	300.4882
387.0001	301.0001
385.4644	301.0001
385.4644	301.5120
384.4405	301.5120
384.4405	302.0239
383.4167	302.0239
383.4167	302.5358
382.9048	302.5358
382.9048	303.0477
382.3929	303.0477
382.3929	303.5596
381.8810	303.5596
381.8810	304.0715
375.7382	304.0715
375.7382	304.5834
374.7144	304.5834
374.7144	304.0715
372.1548	304.0715
372.1548	304.5834
369.5953	304.5834
369.5953	305.0953
368.5715	305.0953
368.5715	305.6072
364.4763	305.6072
364.4763	306.1191
361.9167	306.1191
361.9167	306.6310
360.8929	306.6310
360.8929	307.1429
359.8691	307.1429
359.8691	307.6548
359.3572	307.6548
359.3572	308.1667
358.8453	308.1667
358.8453	308.6786
358.3334	308.6786
358.3334	309.1905
357.8215	309.1905
357.8215	309.7024
357.3096	309.7024
357.3096	310.7262
356.7977	310.7262
356.7977	311.7501
356.2858	311.7501
356.2858	314.3096
355.7739	314.3096
355.7739	320.4524
356.2858	320.4524
356.2858	323.0120
356.7977	323.0120
356.7977	324.5477
357.3096	324.5477
357.3096	325.5715
357.8215	325.5715
357.8215	326.5953
357.3096	326.5953
357.3096	327.1072
356.7977	327.1072
356.7977	327.6191
356.2858	327.6191
356.2858	328.1310
355.7739	328.1310
355.7739	329.1548
355.2620	329.1548
355.2620	330.1786
354.7501	330.1786
354.7501	332.2263
354.2382	332.2263
354.2382	332.7382
353.2144	332.7382
353.2144	332.2263
352.1905	332.2263
352.1905	331.7143
351.6786	331.7143
351.6786	331.2024
351.1667	331.2024
351.1667	330.6905
350.6548	330.6905
350.6548	330.1786
350.1429	330.1786
350.1429	329.6667
349.6310	329.6667
349.6310	328.6429
349.1191	328.6429
349.1191	327.6191
348.6072	327.6191
348.6072	326.5953
348.0953	326.5953
348.0953	325.5715
347.5834	325.5715
347.5834	323.5239
348.0953	323.5239
348.0953	320.9643
348.6072	320.9643
348.6072	316.8691
349.1191	316.8691
349.1191	310.7262
348.6072	310.7262
348.6072	307.1429
348.0953	307.1429
348.0953	304.5834
347.5834	304.5834
347.5834	303.5596
347.0715	303.5596
347.0715	302.5358
346.5596	302.5358
346.5596	302.0239
346.0477	302.0239
346.0477	301.5120
345.5358	301.5120
345.5358	301.0001
345.0239	301.0001
345.0239	300.4882
344.5120	300.4882
344.5120	299.9762
344.0001	299.9762
344.0001	299.4643
342.9763	299.4643
342.9763	298.9524
341.9524	298.9524
341.9524	298.4405
340.4167	298.4405
340.4167	297.9286
337.8572	297.9286
337.8572	297.4167
333.7620	297.4167
333.7620	296.9048
333.2501	296.9048
333.2501	296.3929
332.2263	296.3929
332.2263	295.8810
331.2024	295.8810
331.2024	295.3691
329.1548	295.3691
329.1548	294.8572
328.6429	294.8572
328.6429	294.3453
328.1310	294.3453
328.1310	293.8334
327.6191	293.8334
327.6191	293.3215
327.1072	293.3215
327.1072	292.2977
326.5953	292.2977
326.5953	291.7858
326.0834	291.7858
326.0834	291.2739
325.5715	291.2739
325.5715	290.7620
325.0596	290.7620
325.0596	290.2501
324.5477	290.2501
324.5477	289.7382
324.0358	289.7382
324.0358	289.2262
323.0120	289.2262
323.0120	288.7143
322.5001	288.7143
322.5001	288.2024
321.9882	288.2024
321.9882	287.6905
321.4763	287.6905
321.4763	286.1548
320.9643	286.1548
320.9643	285.1310
320.4524	285.1310
320.4524	284.1072
319.9405	284.1072
319.9405	283.5953
319.4286	283.5953
319.4286	283.0834
318.9167	283.0834
318.9167	282.5715
318.4048	282.5715
318.4048	282.0596
317.8929	282.0596
317.8929	281.5477
316.8691	281.5477
316.8691	281.0358
316.3572	281.0358
316.3572	280.5239
315.8453	280.5239
315.8453	278.9881
315.3334	278.9881
315.3334	277.9643
314.8215	277.9643
314.8215	276.9405
314.3096	276.9405
314.3096	275.9167
313.7977	275.9167
313.7977	275.4048
313.2858	275.4048
313.2858	274.8929
312.7739	274.8929
312.7739	273.8691
312.2620	273.8691
312.2620	272.8453
311.7501	272.8453
311.7501	272.3334
311.2382	272.3334
311.2382	271.8215
310.7262	271.8215
310.7262	271.3096
310.2143	271.3096
310.2143	270.7977
309.7024	270.7977
309.7024	270.2858
309.1905	270.2858
309.1905	269.7739
308.6786	269.7739
308.6786	268.7501
309.1905	268.7501
309.1905	264.6548
308.6786	264.6548
308.6786	261.5834
308.1667	261.5834
308.1667	254.4167
308.6786	254.4167
308.6786	253.9048
309.1905	253.9048
309.1905	253.3929
309.7024	253.3929
309.7024	252.8810
310.2143	252.8810
310.2143	251.8572
310.7262	251.8572
310.7262	250.8334
311.2382	250.8334
311.2382	250.3215
311.7501	250.3215
311.7501	249.8096
312.2620	249.8096
312.2620	249.2977
312.7739	249.2977
312.7739	248.7858
313.2858	248.7858
313.2858	247.7620
313.7977	247.7620
313.7977	246.7381
314.3096	246.7381
314.3096	246.2262
314.8215	246.2262
314.8215	245.2024
315.3334	245.2024
315.3334	244.6905
315.8453	244.6905
315.8453	244.1786
316.3572	244.1786
316.3572	243.6667
316.8691	243.6667
316.8691	243.1548
317.3810	243.1548
317.3810	242.6429
317.8929	242.6429
317.8929	242.1310
318.4048	242.1310
318.4048	241.6191
318.9167	241.6191
318.9167	240.5953
319.4286	240.5953
319.4286	240.0834
319.9405	240.0834
319.9405	239.5715
320.4524	239.5715
320.4524	239.0596
320.9643	239.0596
320.9643	238.5477
321.4763	238.5477
321.4763	238.0358
321.9882	238.0358
321.9882	237.5239
322.5001	237.5239
322.5001	237.0119
323.0120	237.0119
323.0120	236.5000
323.5239	236.5000
323.5239	235.9881
324.0358	235.9881
324.0358	235.4762
324.5477	235.4762
324.5477	234.9643
325.5715	234.9643
325.5715	234.4524
328.6429	234.4524
328.6429	233.9405
331.2024	233.9405
331.2024	233.4286
338.3691	233.4286
338.3691	232.9167
340.9286	232.9167
340.9286	232.4048
342.4644	232.4048
342.4644	231.8929
349.1191	231.8929
349.1191	231.3810
353.7263	231.3810
