351.1667	218.0715
351.6786	218.0715
351.6786	218.5834
352.1905	218.5834
352.1905	219.0953
352.7024	219.0953
352.7024	219.6072
353.2144	219.6072
353.2144	220.1191
354.2382	220.1191
354.2382	220.6310
355.2620	220.6310
355.2620	221.1429
357.3096	221.1429
357.3096	221.6548
359.8691	221.6548
359.8691	222.1667
362.4286	222.1667
362.4286	222.6786
368.5715	222.6786
368.5715	223.1905
369.5953	223.1905
369.5953	223.7024
370.1072	223.7024
370.1072	224.2143
370.6191	224.2143
370.6191	224.7262
371.6429	224.7262
371.6429	225.2381
372.1548	225.2381
372.1548	226.2619
372.6667	226.2619
372.6667	227.2858
373.1786	227.2858
373.1786	227.7977
373.6905	227.7977
373.6905	228.3096
374.2025	228.3096
374.2025	228.8215
374.7144	228.8215
374.7144	229.3334
375.2263	229.3334
375.2263	229.8453
375.7382	229.8453
375.7382	230.3572
376.2501	230.3572
376.2501	230.8691
377.2739	230.8691
377.2739	231.3810
378.2977	231.3810
378.2977	231.8929
380.8572	231.8929
380.8572	232.4048
383.4167	232.4048
383.4167	232.9167
386.4882	232.9167
386.4882	232.4048
389.0477	232.4048
389.0477	231.8929
390.0715	231.8929
390.0715	231.3810
391.0953	231.3810
391.0953	230.8691
391.6072	230.8691
391.6072	230.3572
392.1191	230.3572
392.1191	229.8453
393.1429	229.8453
393.1429	229.3334
393.6548	229.3334
393.6548	228.8215
394.6786	228.8215
394.6786	228.3096
395.1906	228.3096
395.1906	230.8691
394.6786	230.8691
394.6786	234.4524
395.1906	234.4524
395.1906	235.4762
394.6786	235.4762
394.6786	239.0596
394.1667	239.0596
394.1667	239.5715
393.1429	239.5715
393.1429	240.0834
392.1191	240.0834
392.1191	240.5953
391.6072	240.5953
391.6072	241.1072
391.0953	241.1072
391.0953	241.6191
390.5834	241.6191
390.5834	242.1310
390.0715	242.1310
390.0715	242.6429
389.5596	242.6429
389.5596	243.1548
389.0477	243.1548
389.0477	244.1786
388.5358	244.1786
388.5358	245.2024
388.0239	245.2024
388.0239	247.7620
387.5120	247.7620
387.5120	250.3215
388.0239	250.3215
388.0239	252.8810
388.5358	252.8810
388.5358	253.9048
389.0477	253.9048
389.0477	254.9286
389.5596	254.9286
389.5596	255.4405
390.0715	255.4405
390.0715	255.9524
390.5834	255.9524
390.5834	256.4643
391.0953	256.4643
391.0953	256.9762
391.6072	256.9762
391.6072	257.4881
392.6310	257.4881
392.6310	258.0000
393.1429	258.0000
393.1429	258.5120
393.6548	258.5120
393.6548	259.0239
393.1429	259.0239
393.1429	259.5358
392.6310	259.5358
392.6310	260.0477
392.1191	260.0477
392.1191	261.0715
391.6072	261.0715
391.6072	262.0953
391.0953	262.0953
391.0953	264.1429
390.5834	264.1429
390.5834	266.7024
390.0715	266.7024
390.0715	267.2143
389.5596	267.2143
389.5596	267.7262
389.0477	267.7262
389.0477	268.7501
388.5358	268.7501
388.5358	269.7739
388.0239	269.7739
388.0239	270.7977
387.5120	270.7977
387.5120	271.8215
387.0001	271.8215
387.0001	274.3810
386.4882	274.3810
386.4882	274.8929
385.9763	274.8929
385.9763	275.4048
385.4644	275.4048
385.4644	275.9167
384.9525	275.9167
384.9525	276.4286
384.4405	276.4286
384.4405	276.9405
383.9286	276.9405
383.9286	277.9643
383.4167	277.9643
383.4167	278.9881
382.9048	278.9881
382.9048	281.5477
382.3929	281.5477
382.3929	282.0596
381.8810	282.0596
381.8810	283.0834
381.3691	283.0834
381.3691	284.1072
380.8572	284.1072
380.8572	285.1310
379.8334	285.1310
379.8334	285.6429
378.8096	285.6429
378.8096	286.1548
378.2977	286.1548
378.2977	286.6667
373.1786	286.6667
373.1786	287.1786
370.6191	287.1786
370.6191	287.6905
369.5953	287.6905
369.5953	287.1786
365.5001	287.1786
365.5001	287.6905
357.8215	287.6905
357.8215	288.2024
355.2620	288.2024
355.2620	288.7143
354.2382	288.7143
354.2382	289.2262
353.2144	289.2262
353.2144	289.7382
352.7024	289.7382
352.7024	290.2501
352.1905	290.2501
352.1905	290.7620
351.6786	290.7620
351.6786	291.2739
351.1667	291.2739
351.1667	291.7858
350.6548	291.7858
350.6548	292.8096
350.1429	292.8096
350.1429	293.8334
349.6310	293.8334
349.6310	296.3929
349.1191	296.3929
349.1191	299.9762
349.6310	299.9762
349.6310	302.5358
350.1429	302.5358
350.1429	303.5596
350.6548	303.5596
350.6548	304.5834
351.1667	304.5834
351.1667	307.6548
350.6548	307.6548
350.6548	308.1667
349.6310	308.1667
349.6310	308.6786
348.6072	308.6786
348.6072	309.1905
347.5834	309.1905
347.5834	309.7024
347.0715	309.7024
347.0715	310.2143
345.5358	310.2143
345.5358	310.7262
343.4882	310.7262
343.4882	311.2382
342.4644	311.2382
342.4644	310.7262
341.9524	310.7262
341.9524	308.6786
341.4405	308.6786
341.4405	299.9762
341.9524	299.9762
341.9524	297.4167
341.4405	297.4167
341.4405	291.7858
340.9286	291.7858
340.9286	289.2262
340.4167	289.2262
340.4167	288.2024
339.9048	288.2024
339.9048	287.1786
339.3929	287.1786
339.3929	286.6667
338.8810	286.6667
338.8810	286.1548
338.3691	286.1548
338.3691	285.6429
337.8572	285.6429
337.8572	285.1310
337.3453	285.1310
337.3453	284.6191
336.3215	284.6191
336.3215	284.1072
335.2977	284.1072
335.2977	283.5953
332.7382	283.5953
332.7382	283.0834
329.1548	283.0834
329.1548	282.5715
326.5953	282.5715
326.5953	282.0596
326.0834	282.0596
326.0834	281.5477
325.5715	281.5477
325.5715	281.0358
325.0596	281.0358
325.0596	280.5239
324.5477	280.5239
324.5477	279.5001
324.0358	279.5001
324.0358	277.9643
324.5477	277.9643
324.5477	275.4048
324.0358	275.4048
324.0358	272.8453
323.5239	272.8453
323.5239	270.2858
323.0120	270.2858
323.0120	269.2620
322.5001	269.2620
322.5001	268.2381
323.0120	268.2381
323.0120	267.2143
323.5239	267.2143
323.5239	264.6548
324.0358	264.6548
324.0358	261.5834
323.5239	261.5834
323.5239	258.5120
323.0120	258.5120
323.0120	250.8334
323.5239	250.8334
323.5239	245.7143
323.0120	245.7143
323.0120	244.6905
323.5239	244.6905
323.5239	235.9881
323.0120	235.9881
323.0120	234.9643
323.5239	234.9643
323.5239	233.9405
324.0358	233.9405
324.0358	233.4286
325.0596	233.4286
325.0596	232.9167
325.5715	232.9167
325.5715	232.4048
327.1072	232.4048
327.1072	231.8929
328.1310	231.8929
328.1310	231.3810
329.1548	231.3810
329.1548	230.8691
329.6667	230.8691
329.6667	230.3572
330.1786	230.3572
330.1786	229.8453
330.6905	229.8453
330.6905	229.3334
331.2024	229.3334
331.2024	228.8215
331.7143	228.8215
331.7143	228.3096
332.2263	228.3096
332.2263	227.2858
332.7382	227.2858
332.7382	226.2619
333.2501	226.2619
333.2501	225.7500
333.7620	225.7500
333.7620	225.2381
334.2739	225.2381
334.2739	224.7262
334.7858	224.7262
334.7858	224.2143
335.2977	224.2143
335.2977	223.1905
337.3453	223.1905
337.3453	222.6786
339.3929	222.6786
339.3929	222.1667
342.9763	222.1667
342.9763	221.6548
345.5358	221.6548
345.5358	221.1429
346.5596	221.1429
346.5596	220.6310
347.5834	220.6310
347.5834	220.1191
348.0953	220.1191
348.0953	219.6072
348.6072	219.6072
348.6072	219.0953
349.1191	219.0953
349.1191	218.5834
349.6310	218.5834
349.6310	218.0715
350.1429	218.0715
350.1429	217.5596
351.1667	217.5596
