371.1310	211.4167
371.6429	211.4167
371.6429	212.4405
372.1548	212.4405
372.1548	213.4643
372.6667	213.4643
372.6667	213.9762
373.1786	213.9762
373.1786	214.4881
373.6905	214.4881
373.6905	215.0000
374.2025	215.0000
374.2025	215.5119
374.7144	215.5119
374.7144	216.0239
375.2263	216.0239
375.2263	216.5358
376.2501	216.5358
376.2501	217.0477
377.2739	217.0477
377.2739	217.5596
377.7858	217.5596
377.7858	218.0715
378.2977	218.0715
378.2977	218.5834
378.8096	218.5834
378.8096	219.0953
379.3215	219.0953
379.3215	219.6072
379.8334	219.6072
379.8334	220.1191
380.3453	220.1191
380.3453	220.6310
380.8572	220.6310
380.8572	221.1429
381.3691	221.1429
381.3691	221.6548
382.3929	221.6548
382.3929	222.1667
383.4167	222.1667
383.4167	222.6786
385.9763	222.6786
385.9763	223.1905
389.0477	223.1905
389.0477	223.7024
389.5596	223.7024
389.5596	224.2143
390.5834	224.2143
390.5834	224.7262
391.6072	224.7262
391.6072	225.2381
392.1191	225.2381
392.1191	225.7500
393.1429	225.7500
393.1429	226.2619
394.1667	226.2619
394.1667	226.7739
395.1906	226.7739
395.1906	227.2858
395.7025	227.2858
395.7025	227.7977
396.2144	227.7977
396.2144	228.3096
396.7263	228.3096
396.7263	228.8215
397.2382	228.8215
397.2382	229.3334
397.7501	229.3334
397.7501	229.8453
398.2620	229.8453
398.2620	230.3572
398.7739	230.3572
398.7739	230.8691
399.7977	230.8691
399.7977	231.3810
400.8215	231.3810
400.8215	231.8929
402.8691	231.8929
402.8691	232.4048
405.4286	232.4048
405.4286	232.9167
405.9406	232.9167
405.9406	233.9405
405.4286	233.9405
405.4286	237.5239
405.9406	237.5239
405.9406	240.0834
406.4525	240.0834
406.4525	241.1072
406.9644	241.1072
406.9644	242.1310
407.4763	242.1310
407.4763	242.6429
407.9882	242.6429
407.9882	243.1548
408.5001	243.1548
408.5001	243.6667
409.0120	243.6667
409.0120	244.1786
408.5001	244.1786
408.5001	244.6905
407.9882	244.6905
407.9882	245.7143
407.4763	245.7143
407.4763	246.7381
406.9644	246.7381
406.9644	247.7620
406.4525	247.7620
406.4525	248.2739
404.4048	248.2739
404.4048	248.7858
403.3810	248.7858
403.3810	249.2977
402.3572	249.2977
402.3572	249.8096
401.8453	249.8096
401.8453	250.3215
401.3334	250.3215
401.3334	250.8334
400.8215	250.8334
400.8215	251.3453
400.3096	251.3453
400.3096	251.8572
399.7977	251.8572
399.7977	252.8810
399.2858	252.8810
399.2858	253.9048
398.7739	253.9048
398.7739	256.4643
398.2620	256.4643
398.2620	260.0477
397.7501	260.0477
397.7501	260.5596
397.2382	260.5596
397.2382	261.0715
396.7263	261.0715
396.7263	261.5834
396.2144	261.5834
396.2144	262.6072
395.7025	262.6072
395.7025	263.6310
395.1906	263.6310
395.1906	265.1667
394.6786	265.1667
394.6786	267.7262
394.1667	267.7262
394.1667	268.2381
393.6548	268.2381
393.6548	268.7501
393.1429	268.7501
393.1429	269.2620
392.6310	269.2620
392.6310	270.2858
392.1191	270.2858
392.1191	271.3096
391.6072	271.3096
391.6072	273.3572
391.0953	273.3572
391.0953	275.9167
390.5834	275.9167
390.5834	276.9405
390.0715	276.9405
390.0715	277.4524
389.5596	277.4524
389.5596	277.9643
389.0477	277.9643
389.0477	278.4762
388.5358	278.4762
388.5358	278.9881
388.0239	278.9881
388.0239	279.5001
387.5120	279.5001
387.5120	280.5239
387.0001	280.5239
387.0001	281.5477
386.4882	281.5477
386.4882	284.1072
385.9763	284.1072
385.9763	287.1786
385.4644	287.1786
385.4644	287.6905
384.9525	287.6905
384.9525	288.2024
384.4405	288.2024
384.4405	288.7143
383.9286	288.7143
383.9286	289.2262
383.4167	289.2262
383.4167	289.7382
382.9048	289.7382
382.9048	290.2501
382.3929	290.2501
382.3929	291.2739
381.8810	291.2739
381.8810	292.2977
381.3691	292.2977
381.3691	293.3215
380.8572	293.3215
380.8572	293.8334
380.3453	293.8334
380.3453	294.3453
379.8334	294.3453
379.8334	294.8572
379.3215	294.8572
379.3215	295.3691
378.8096	295.3691
378.8096	295.8810
378.2977	295.8810
378.2977	296.3929
377.7858	296.3929
377.7858	296.9048
377.2739	296.9048
377.2739	297.4167
376.7620	297.4167
376.7620	297.9286
375.7382	297.9286
375.7382	298.4405
374.7144	298.4405
374.7144	298.9524
374.2025	298.9524
374.2025	299.4643
373.6905	299.4643
373.6905	299.9762
373.1786	299.9762
373.1786	300.4882
372.6667	300.4882
372.6667	301.0001
372.1548	301.0001
372.1548	301.5120
371.1310	301.5120
371.1310	302.0239
370.6191	302.0239
370.6191	302.5358
370.1072	302.5358
370.1072	303.0477
369.5953	303.0477
369.5953	303.5596
369.0834	303.5596
369.0834	304.0715
368.5715	304.0715
368.5715	305.0953
368.0596	305.0953
368.0596	305.6072
367.5477	305.6072
367.5477	306.1191
367.0358	306.1191
367.0358	306.6310
366.5239	306.6310
366.5239	307.1429
363.9644	307.1429
363.9644	307.6548
361.9167	307.6548
361.9167	308.1667
360.8929	308.1667
360.8929	308.6786
359.8691	308.6786
359.8691	309.1905
358.8453	309.1905
358.8453	309.7024
357.8215	309.7024
357.8215	310.2143
356.7977	310.2143
356.7977	310.7262
355.7739	310.7262
355.7739	311.2382
354.7501	311.2382
354.7501	310.7262
354.2382	310.7262
354.2382	310.2143
353.7263	310.2143
353.7263	309.7024
353.2144	309.7024
353.2144	309.1905
352.1905	309.1905
352.1905	308.6786
351.1667	308.6786
351.1667	308.1667
350.1429	308.1667
350.1429	307.6548
347.5834	307.6548
347.5834	307.1429
343.4882	307.1429
343.4882	307.6548
340.9286	307.6548
340.9286	308.1667
339.9048	308.1667
339.9048	308.6786
338.8810	308.6786
338.8810	309.1905
338.3691	309.1905
338.3691	309.7024
337.8572	309.7024
337.8572	310.2143
337.3453	310.2143
337.3453	310.7262
336.8334	310.7262
336.8334	311.2382
336.3215	311.2382
336.3215	311.7501
335.8096	311.7501
335.8096	312.7739
335.2977	312.7739
335.2977	313.2858
334.7858	313.2858
334.7858	312.7739
333.2501	312.7739
333.2501	312.2620
330.6905	312.2620
330.6905	311.7501
330.1786	311.7501
330.1786	311.2382
329.6667	311.2382
329.6667	310.7262
329.1548	310.7262
329.1548	310.2143
328.1310	310.2143
328.1310	309.7024
327.1072	309.7024
327.1072	309.1905
324.5477	309.1905
324.5477	308.6786
320.9643	308.6786
320.9643	309.1905
318.4048	309.1905
318.4048	309.7024
316.8691	309.7024
316.8691	310.2143
315.8453	310.2143
315.8453	310.7262
314.8215	310.7262
314.8215	311.2382
314.3096	311.2382
314.3096	310.7262
313.7977	310.7262
313.7977	308.1667
313.2858	308.1667
313.2858	307.1429
312.7739	307.1429
312.7739	306.1191
312.2620	306.1191
312.2620	305.6072
311.7501	305.6072
311.7501	305.0953
311.2382	305.0953
311.2382	304.5834
310.7262	304.5834
310.7262	304.0715
310.2143	304.0715
310.2143	303.5596
309.7024	303.5596
309.7024	303.0477
308.6786	303.0477
308.6786	302.5358
307.6548	302.5358
307.6548	302.0239
305.0953	302.0239
305.0953	301.5120
301.0001	301.5120
301.0001	302.0239
299.4643	302.0239
299.4643	301.5120
298.4405	301.5120
298.4405	300.4882
298.9524	300.4882
298.9524	299.9762
299.4643	299.9762
299.4643	299.4643
299.9762	299.4643
299.9762	298.4405
300.4882	298.4405
300.4882	297.9286
301.0001	297.9286
301.0001	297.4167
302.0239	297.4167
302.0239	297.9286
304.5834	297.9286
304.5834	298.4405
307.1429	298.4405
307.1429	297.9286
309.7024	297.9286
309.7024	297.4167
310.7262	297.4167
310.7262	296.9048
311.7501	296.9048
311.7501	296.3929
312.2620	296.3929
312.2620	295.8810
312.7739	295.8810
312.7739	295.3691
313.2858	295.3691
313.2858	294.8572
313.7977	294.8572
313.7977	294.3453
314.3096	294.3453
314.3096	293.3215
314.8215	293.3215
314.8215	292.2977
315.3334	292.2977
315.3334	289.7382
315.8453	289.7382
315.8453	286.6667
315.3334	286.6667
315.3334	284.1072
314.8215	284.1072
314.8215	283.0834
314.3096	283.0834
314.3096	282.0596
313.7977	282.0596
313.7977	281.5477
313.2858	281.5477
313.2858	281.0358
312.7739	281.0358
312.7739	280.5239
312.2620	280.5239
312.2620	280.0120
311.7501	280.0120
311.7501	279.5001
311.2382	279.5001
311.2382	278.9881
310.7262	278.9881
310.7262	278.4762
309.7024	278.4762
309.7024	277.9643
308.6786	277.9643
308.6786	277.4524
308.1667	277.4524
308.1667	276.9405
308.6786	276.9405
308.6786	273.8691
309.1905	273.8691
309.1905	272.8453
309.7024	272.8453
309.7024	271.8215
310.2143	271.8215
310.2143	270.2858
310.7262	270.2858
310.7262	267.7262
311.2382	267.7262
311.2382	265.1667
310.7262	265.1667
310.7262	262.6072
310.2143	262.6072
310.2143	261.5834
310.7262	261.5834
310.7262	260.5596
311.2382	260.5596
311.2382	258.0000
311.7501	258.0000
311.7501	254.9286
311.2382	254.9286
311.2382	253.9048
311.7501	253.9048
311.7501	253.3929
312.2620	253.3929
312.2620	252.8810
312.7739	252.8810
312.7739	252.3691
313.2858	252.3691
313.2858	251.8572
313.7977	251.8572
313.7977	251.3453
314.3096	251.3453
314.3096	250.3215
314.8215	250.3215
314.8215	249.2977
315.3334	249.2977
315.3334	247.2500
315.8453	247.2500
315.8453	244.6905
316.3572	244.6905
316.3572	244.1786
316.8691	244.1786
316.8691	243.6667
318.4048	243.6667
318.4048	244.1786
323.5239	244.1786
323.5239	243.6667
326.0834	243.6667
326.0834	243.1548
327.1072	243.1548
327.1072	242.6429
328.1310	242.6429
328.1310	242.1310
328.6429	242.1310
328.6429	241.6191
329.1548	241.6191
329.1548	241.1072
329.6667	241.1072
329.6667	240.5953
330.1786	240.5953
330.1786	240.0834
330.6905	240.0834
330.6905	239.0596
331.2024	239.0596
331.2024	238.5477
331.7143	238.5477
331.7143	238.0358
332.2263	238.0358
332.2263	237.5239
332.7382	237.5239
332.7382	237.0119
333.2501	237.0119
333.2501	235.9881
333.7620	235.9881
333.7620	234.9643
334.2739	234.9643
334.2739	233.9405
334.7858	233.9405
334.7858	231.3810
335.8096	231.3810
335.8096	230.8691
336.3215	230.8691
336.3215	231.3810
339.3929	231.3810
339.3929	230.8691
341.9524	230.8691
341.9524	230.3572
342.9763	230.3572
342.9763	229.8453
344.0001	229.8453
344.0001	229.3334
344.5120	229.3334
344.5120	228.8215
345.0239	228.8215
345.0239	228.3096
345.5358	228.3096
345.5358	227.7977
346.5596	227.7977
346.5596	227.2858
347.0715	227.2858
347.0715	226.7739
348.0953	226.7739
348.0953	226.2619
348.6072	226.2619
348.6072	225.7500
349.1191	225.7500
349.1191	225.2381
349.6310	225.2381
349.6310	224.7262
350.1429	224.7262
350.1429	224.2143
350.6548	224.2143
350.6548	223.1905
351.1667	223.1905
351.1667	222.1667
351.6786	222.1667
351.6786	219.6072
352.1905	219.6072
352.1905	216.5358
352.7024	216.5358
352.7024	215.5119
353.2144	215.5119
353.2144	215.0000
354.2382	215.0000
354.2382	215.5119
355.2620	215.5119
355.2620	216.0239
357.8215	216.0239
357.8215	216.5358
360.8929	216.5358
360.8929	216.0239
363.4525	216.0239
363.4525	215.5119
364.4763	215.5119
364.4763	215.0000
365.5001	215.0000
365.5001	214.4881
366.0120	214.4881
366.0120	213.9762
366.5239	213.9762
366.5239	213.4643
367.0358	213.4643
367.0358	212.9524
367.5477	212.9524
367.5477	212.4405
368.0596	212.4405
368.0596	211.9286
369.0834	211.9286
369.0834	211.4167
370.1072	211.4167
370.1072	210.9048
371.1310	210.9048
