355.7739	214.4881
357.3096	214.4881
357.3096	215.0000
359.3572	215.0000
359.3572	215.5119
361.9167	215.5119
361.9167	216.0239
363.4525	216.0239
363.4525	216.5358
363.9644	216.5358
363.9644	217.0477
364.4763	217.0477
364.4763	217.5596
364.9882	217.5596
364.9882	218.0715
365.5001	218.0715
365.5001	218.5834
366.0120	218.5834
366.0120	219.0953
366.5239	219.0953
366.5239	219.6072
367.5477	219.6072
367.5477	220.1191
368.5715	220.1191
368.5715	220.6310
370.1072	220.6310
370.1072	221.1429
372.6667	221.1429
372.6667	221.6548
374.2025	221.6548
374.2025	222.1667
375.2263	222.1667
375.2263	222.6786
377.7858	222.6786
377.7858	223.1905
381.8810	223.1905
381.8810	222.6786
384.4405	222.6786
384.4405	222.1667
385.4644	222.1667
385.4644	221.6548
387.5120	221.6548
387.5120	221.1429
388.5358	221.1429
388.5358	220.6310
389.5596	220.6310
389.5596	221.1429
390.5834	221.1429
390.5834	221.6548
391.0953	221.6548
391.0953	222.1667
391.6072	222.1667
391.6072	223.1905
392.1191	223.1905
392.1191	223.7024
392.6310	223.7024
392.6310	224.2143
393.1429	224.2143
393.1429	224.7262
393.6548	224.7262
393.6548	225.2381
394.1667	225.2381
394.1667	225.7500
394.6786	225.7500
394.6786	226.2619
395.1906	226.2619
395.1906	226.7739
396.2144	226.7739
396.2144	227.2858
397.2382	227.2858
397.2382	227.7977
397.7501	227.7977
397.7501	229.8453
398.2620	229.8453
398.2620	230.8691
398.7739	230.8691
398.7739	231.8929
399.2858	231.8929
399.2858	232.4048
399.7977	232.4048
399.7977	232.9167
400.3096	232.9167
400.3096	233.4286
400.8215	233.4286
400.8215	235.9881
401.3334	235.9881
401.3334	237.0119
401.8453	237.0119
401.8453	238.0358
402.3572	238.0358
402.3572	238.5477
402.8691	238.5477
402.8691	239.0596
403.3810	239.0596
403.3810	239.5715
402.8691	239.5715
402.8691	240.0834
402.3572	240.0834
402.3572	240.5953
401.8453	240.5953
401.8453	241.1072
401.3334	241.1072
401.3334	242.1310
400.8215	242.1310
400.8215	243.1548
400.3096	243.1548
400.3096	244.1786
399.7977	244.1786
399.7977	244.6905
399.2858	244.6905
399.2858	245.2024
398.7739	245.2024
398.7739	246.2262
398.2620	246.2262
398.2620	247.2500
397.7501	247.2500
397.7501	248.2739
397.2382	248.2739
397.2382	250.8334
396.7263	250.8334
396.7263	251.3453
396.2144	251.3453
396.2144	251.8572
395.7025	251.8572
395.7025	252.8810
395.1906	252.8810
395.1906	253.9048
394.6786	253.9048
394.6786	256.4643
394.1667	256.4643
394.1667	256.9762
393.6548	256.9762
393.6548	258.0000
393.1429	258.0000
393.1429	259.0239
392.6310	259.0239
392.6310	260.0477
392.1191	260.0477
392.1191	262.6072
391.6072	262.6072
391.6072	265.1667
392.1191	265.1667
392.1191	268.7501
392.6310	268.7501
392.6310	270.7977
392.1191	270.7977
392.1191	271.8215
391.6072	271.8215
391.6072	272.3334
390.5834	272.3334
390.5834	272.8453
390.0715	272.8453
390.0715	273.3572
389.5596	273.3572
389.5596	273.8691
389.0477	273.8691
389.0477	274.3810
388.5358	274.3810
388.5358	274.8929
388.0239	274.8929
388.0239	275.9167
387.5120	275.9167
387.5120	276.9405
387.0001	276.9405
387.0001	277.4524
386.4882	277.4524
386.4882	277.9643
385.9763	277.9643
385.9763	278.4762
385.4644	278.4762
385.4644	278.9881
384.9525	278.9881
384.9525	280.0120
384.4405	280.0120
384.4405	281.0358
383.9286	281.0358
383.9286	282.5715
383.4167	282.5715
383.4167	283.0834
382.3929	283.0834
382.3929	283.5953
381.8810	283.5953
381.8810	284.1072
381.3691	284.1072
381.3691	284.6191
380.8572	284.6191
380.8572	285.1310
380.3453	285.1310
380.3453	285.6429
379.8334	285.6429
379.8334	286.1548
379.3215	286.1548
379.3215	286.6667
378.8096	286.6667
378.8096	287.6905
378.2977	287.6905
378.2977	288.7143
377.7858	288.7143
377.7858	289.7382
377.2739	289.7382
377.2739	290.2501
376.7620	290.2501
376.7620	290.7620
376.2501	290.7620
376.2501	291.2739
375.2263	291.2739
375.2263	291.7858
374.7144	291.7858
374.7144	292.2977
374.2025	292.2977
374.2025	292.8096
373.6905	292.8096
373.6905	293.3215
373.1786	293.3215
373.1786	293.8334
372.6667	293.8334
372.6667	294.8572
372.1548	294.8572
372.1548	295.3691
371.6429	295.3691
371.6429	296.3929
371.1310	296.3929
371.1310	296.9048
370.6191	296.9048
370.6191	297.4167
370.1072	297.4167
370.1072	297.9286
369.5953	297.9286
369.5953	298.4405
369.0834	298.4405
369.0834	298.9524
368.5715	298.9524
368.5715	299.4643
368.0596	299.4643
368.0596	299.9762
367.5477	299.9762
367.5477	300.4882
367.0358	300.4882
367.0358	301.0001
366.0120	301.0001
366.0120	301.5120
365.5001	301.5120
365.5001	302.0239
364.9882	302.0239
364.9882	302.5358
364.4763	302.5358
364.4763	303.0477
363.9644	303.0477
363.9644	303.5596
363.4525	303.5596
363.4525	304.0715
362.9405	304.0715
362.9405	305.0953
360.8929	305.0953
360.8929	305.6072
359.8691	305.6072
359.8691	306.1191
358.8453	306.1191
358.8453	306.6310
358.3334	306.6310
358.3334	307.1429
357.8215	307.1429
357.8215	307.6548
357.3096	307.6548
357.3096	308.1667
356.7977	308.1667
356.7977	308.6786
356.2858	308.6786
356.2858	309.1905
355.7739	309.1905
355.7739	309.7024
355.2620	309.7024
355.2620	310.7262
354.7501	310.7262
354.7501	311.7501
354.2382	311.7501
354.2382	314.3096
352.7024	314.3096
352.7024	313.7977
352.1905	313.7977
352.1905	313.2858
351.6786	313.2858
351.6786	312.7739
351.1667	312.7739
351.1667	312.2620
350.6548	312.2620
350.6548	311.7501
350.1429	311.7501
350.1429	311.2382
349.6310	311.2382
349.6310	310.7262
349.1191	310.7262
349.1191	310.2143
348.0953	310.2143
348.0953	309.7024
347.0715	309.7024
347.0715	309.1905
345.0239	309.1905
345.0239	308.6786
343.4882	308.6786
343.4882	308.1667
341.9524	308.1667
341.9524	307.6548
339.3929	307.6548
339.3929	307.1429
335.8096	307.1429
335.8096	307.6548
333.2501	307.6548
333.2501	308.1667
332.2263	308.1667
332.2263	308.6786
331.2024	308.6786
331.2024	308.1667
330.6905	308.1667
330.6905	307.6548
330.1786	307.6548
330.1786	307.1429
329.6667	307.1429
329.6667	306.6310
329.1548	306.6310
329.1548	306.1191
328.6429	306.1191
328.6429	305.6072
328.1310	305.6072
328.1310	305.0953
327.1072	305.0953
327.1072	304.5834
326.0834	304.5834
326.0834	304.0715
323.5239	304.0715
323.5239	303.5596
320.4524	303.5596
320.4524	304.0715
317.8929	304.0715
317.8929	304.5834
316.8691	304.5834
316.8691	305.0953
315.8453	305.0953
315.8453	305.6072
314.8215	305.6072
314.8215	306.1191
314.3096	306.1191
314.3096	306.6310
313.7977	306.6310
313.7977	307.1429
313.2858	307.1429
313.2858	307.6548
312.7739	307.6548
312.7739	308.1667
311.2382	308.1667
311.2382	307.6548
310.7262	307.6548
310.7262	305.6072
310.2143	305.6072
310.2143	304.5834
309.7024	304.5834
309.7024	303.5596
309.1905	303.5596
309.1905	302.5358
308.6786	302.5358
308.6786	302.0239
308.1667	302.0239
308.1667	301.5120
307.6548	301.5120
307.6548	301.0001
307.1429	301.0001
307.1429	300.4882
306.6310	300.4882
306.6310	299.9762
305.6072	299.9762
305.6072	299.4643
304.5834	299.4643
304.5834	298.9524
302.0239	298.9524
302.0239	298.4405
298.9524	298.4405
298.9524	298.9524
297.9286	298.9524
297.9286	298.4405
294.3453	298.4405
294.3453	296.9048
294.8572	296.9048
294.8572	296.3929
295.3691	296.3929
295.3691	295.3691
295.8810	295.3691
295.8810	294.8572
296.3929	294.8572
296.3929	294.3453
296.9048	294.3453
296.9048	293.8334
297.9286	293.8334
297.9286	293.3215
300.4882	293.3215
300.4882	293.8334
304.5834	293.8334
304.5834	293.3215
307.1429	293.3215
307.1429	292.8096
308.1667	292.8096
308.1667	292.2977
309.1905	292.2977
309.1905	291.7858
309.7024	291.7858
309.7024	291.2739
310.2143	291.2739
310.2143	290.7620
310.7262	290.7620
310.7262	290.2501
311.2382	290.2501
311.2382	289.7382
311.7501	289.7382
311.7501	288.7143
312.2620	288.7143
312.2620	287.6905
312.7739	287.6905
312.7739	285.1310
313.2858	285.1310
313.2858	282.5715
312.7739	282.5715
312.7739	280.0120
312.2620	280.0120
312.2620	278.9881
311.7501	278.9881
311.7501	277.9643
311.2382	277.9643
311.2382	277.4524
310.7262	277.4524
310.7262	276.9405
310.2143	276.9405
310.2143	276.4286
309.7024	276.4286
309.7024	275.9167
309.1905	275.9167
309.1905	275.4048
308.6786	275.4048
308.6786	274.8929
308.1667	274.8929
308.1667	274.3810
307.6548	274.3810
307.6548	273.8691
307.1429	273.8691
307.1429	272.3334
306.6310	272.3334
306.6310	271.3096
306.1191	271.3096
306.1191	269.2620
306.6310	269.2620
306.6310	268.7501
307.1429	268.7501
307.1429	267.7262
307.6548	267.7262
307.6548	266.7024
308.1667	266.7024
308.1667	264.1429
308.6786	264.1429
308.6786	259.5358
308.1667	259.5358
308.1667	257.4881
308.6786	257.4881
308.6786	251.3453
308.1667	251.3453
308.1667	250.8334
308.6786	250.8334
308.6786	250.3215
309.1905	250.3215
309.1905	249.8096
309.7024	249.8096
309.7024	249.2977
310.2143	249.2977
310.2143	248.2739
310.7262	248.2739
310.7262	247.2500
311.2382	247.2500
311.2382	244.6905
311.7501	244.6905
311.7501	241.1072
312.7739	241.1072
312.7739	240.5953
313.7977	240.5953
313.7977	240.0834
314.8215	240.0834
314.8215	240.5953
317.3810	240.5953
317.3810	241.1072
319.9405	241.1072
319.9405	240.5953
322.5001	240.5953
322.5001	240.0834
323.5239	240.0834
323.5239	239.5715
324.5477	239.5715
324.5477	239.0596
325.0596	239.0596
325.0596	238.5477
325.5715	238.5477
325.5715	238.0358
326.0834	238.0358
326.0834	237.5239
326.5953	237.5239
326.5953	237.0119
327.1072	237.0119
327.1072	235.9881
327.6191	235.9881
327.6191	234.9643
328.1310	234.9643
328.1310	232.9167
328.6429	232.9167
328.6429	232.4048
329.1548	232.4048
329.1548	231.8929
329.6667	231.8929
329.6667	231.3810
330.6905	231.3810
330.6905	230.8691
331.7143	230.8691
331.7143	230.3572
332.2263	230.3572
332.2263	229.8453
332.7382	229.8453
332.7382	229.3334
333.2501	229.3334
333.2501	228.8215
333.7620	228.8215
333.7620	228.3096
334.2739	228.3096
334.2739	227.7977
334.7858	227.7977
334.7858	227.2858
335.2977	227.2858
335.2977	226.2619
335.8096	226.2619
335.8096	225.2381
339.3929	225.2381
339.3929	224.7262
341.9524	224.7262
341.9524	224.2143
342.9763	224.2143
342.9763	223.7024
344.0001	223.7024
344.0001	223.1905
344.5120	223.1905
344.5120	222.6786
345.0239	222.6786
345.0239	222.1667
345.5358	222.1667
345.5358	221.6548
346.0477	221.6548
346.0477	221.1429
346.5596	221.1429
346.5596	220.1191
347.0715	220.1191
347.0715	219.0953
347.5834	219.0953
347.5834	216.5358
348.0953	216.5358
348.0953	216.0239
348.6072	216.0239
348.6072	215.5119
349.1191	215.5119
349.1191	215.0000
350.1429	215.0000
350.1429	214.4881
351.1667	214.4881
351.1667	213.9762
355.7739	213.9762
