323.0120	207.8334
323.5239	207.8334
323.5239	208.3453
324.0358	208.3453
324.0358	208.8572
324.5477	208.8572
324.5477	209.3691
325.0596	209.3691
325.0596	209.8810
326.0834	209.8810
326.0834	210.3929
326.5953	210.3929
326.5953	210.9048
327.6191	210.9048
327.6191	211.9286
328.1310	211.9286
328.1310	212.4405
328.6429	212.4405
328.6429	212.9524
329.1548	212.9524
329.1548	213.4643
329.6667	213.4643
329.6667	213.9762
330.1786	213.9762
330.1786	214.4881
330.6905	214.4881
330.6905	215.0000
331.2024	215.0000
331.2024	215.5119
331.7143	215.5119
331.7143	216.0239
332.7382	216.0239
332.7382	216.5358
333.7620	216.5358
333.7620	217.0477
336.3215	217.0477
336.3215	217.5596
339.3929	217.5596
339.3929	217.0477
341.9524	217.0477
341.9524	216.5358
342.9763	216.5358
342.9763	216.0239
344.0001	216.0239
344.0001	215.5119
344.5120	215.5119
344.5120	215.0000
345.0239	215.0000
345.0239	214.4881
345.5358	214.4881
345.5358	213.9762
346.5596	213.9762
346.5596	213.4643
347.5834	213.4643
347.5834	212.9524
349.6310	212.9524
349.6310	213.4643
350.6548	213.4643
350.6548	213.9762
351.1667	213.9762
351.1667	214.4881
351.6786	214.4881
351.6786	215.0000
352.1905	215.0000
352.1905	215.5119
353.2144	215.5119
353.2144	216.0239
354.2382	216.0239
354.2382	216.5358
356.7977	216.5358
356.7977	217.0477
359.8691	217.0477
359.8691	216.5358
361.9167	216.5358
361.9167	217.0477
362.9405	217.0477
362.9405	217.5596
363.9644	217.5596
363.9644	218.0715
364.9882	218.0715
364.9882	218.5834
366.5239	218.5834
366.5239	219.0953
369.0834	219.0953
369.0834	219.6072
375.2263	219.6072
375.2263	219.0953
379.3215	219.0953
379.3215	218.5834
381.8810	218.5834
381.8810	218.0715
384.4405	218.0715
384.4405	217.5596
385.4644	217.5596
385.4644	217.0477
386.4882	217.0477
386.4882	216.5358
387.5120	216.5358
387.5120	217.0477
388.5358	217.0477
388.5358	217.5596
389.0477	217.5596
389.0477	218.0715
390.0715	218.0715
390.0715	218.5834
391.0953	218.5834
391.0953	219.0953
392.6310	219.0953
392.6310	219.6072
393.6548	219.6072
393.6548	220.1191
394.6786	220.1191
394.6786	220.6310
397.2382	220.6310
397.2382	221.1429
399.7977	221.1429
399.7977	220.6310
402.3572	220.6310
402.3572	220.1191
403.3810	220.1191
403.3810	219.6072
403.8929	219.6072
403.8929	220.1191
404.4048	220.1191
404.4048	221.1429
402.8691	221.1429
402.8691	221.6548
401.8453	221.6548
401.8453	222.1667
400.8215	222.1667
400.8215	222.6786
400.3096	222.6786
400.3096	223.1905
399.7977	223.1905
399.7977	223.7024
399.2858	223.7024
399.2858	224.2143
398.7739	224.2143
398.7739	224.7262
398.2620	224.7262
398.2620	225.7500
397.7501	225.7500
397.7501	226.7739
397.2382	226.7739
397.2382	229.3334
396.7263	229.3334
396.7263	231.8929
397.2382	231.8929
397.2382	234.4524
397.7501	234.4524
397.7501	235.4762
398.2620	235.4762
398.2620	236.5000
397.2382	236.5000
397.2382	237.0119
396.7263	237.0119
396.7263	237.5239
396.2144	237.5239
396.2144	238.0358
395.7025	238.0358
395.7025	238.5477
395.1906	238.5477
395.1906	239.0596
394.6786	239.0596
394.6786	239.5715
394.1667	239.5715
394.1667	240.5953
393.6548	240.5953
393.6548	241.6191
393.1429	241.6191
393.1429	243.6667
392.6310	243.6667
392.6310	244.1786
392.1191	244.1786
392.1191	244.6905
391.6072	244.6905
391.6072	245.7143
391.0953	245.7143
391.0953	246.7381
390.5834	246.7381
390.5834	249.2977
390.0715	249.2977
390.0715	252.3691
389.5596	252.3691
389.5596	254.9286
389.0477	254.9286
389.0477	258.0000
389.5596	258.0000
389.5596	260.5596
390.0715	260.5596
390.0715	265.6786
389.0477	265.6786
389.0477	266.1905
388.0239	266.1905
388.0239	266.7024
387.5120	266.7024
387.5120	267.2143
387.0001	267.2143
387.0001	267.7262
386.4882	267.7262
386.4882	268.2381
385.9763	268.2381
385.9763	268.7501
385.4644	268.7501
385.4644	269.2620
384.9525	269.2620
384.9525	270.2858
384.4405	270.2858
384.4405	270.7977
383.9286	270.7977
383.9286	271.8215
383.4167	271.8215
383.4167	272.8453
382.9048	272.8453
382.9048	273.8691
382.3929	273.8691
382.3929	276.4286
381.8810	276.4286
381.8810	279.5001
382.3929	279.5001
382.3929	280.5239
379.8334	280.5239
379.8334	281.0358
378.2977	281.0358
378.2977	281.5477
377.2739	281.5477
377.2739	282.0596
376.2501	282.0596
376.2501	282.5715
375.7382	282.5715
375.7382	283.0834
375.2263	283.0834
375.2263	283.5953
374.7144	283.5953
374.7144	284.1072
374.2025	284.1072
374.2025	284.6191
373.6905	284.6191
373.6905	285.1310
373.1786	285.1310
373.1786	286.1548
372.6667	286.1548
372.6667	287.1786
370.1072	287.1786
370.1072	287.6905
368.0596	287.6905
368.0596	288.2024
367.0358	288.2024
367.0358	288.7143
366.0120	288.7143
366.0120	289.2262
365.5001	289.2262
365.5001	289.7382
364.9882	289.7382
364.9882	290.2501
364.4763	290.2501
364.4763	290.7620
363.9644	290.7620
363.9644	291.2739
363.4525	291.2739
363.4525	291.7858
361.4048	291.7858
361.4048	292.2977
360.3810	292.2977
360.3810	292.8096
359.3572	292.8096
359.3572	293.3215
358.3334	293.3215
358.3334	293.8334
357.8215	293.8334
357.8215	294.3453
357.3096	294.3453
357.3096	294.8572
356.7977	294.8572
356.7977	295.3691
356.2858	295.3691
356.2858	295.8810
355.7739	295.8810
355.7739	296.3929
355.2620	296.3929
355.2620	297.4167
354.7501	297.4167
354.7501	298.4405
354.2382	298.4405
354.2382	299.4643
353.2144	299.4643
353.2144	299.9762
352.1905	299.9762
352.1905	300.4882
351.1667	300.4882
351.1667	301.0001
350.6548	301.0001
350.6548	301.5120
349.6310	301.5120
349.6310	302.0239
348.6072	302.0239
348.6072	302.5358
348.0953	302.5358
348.0953	303.0477
347.5834	303.0477
347.5834	303.5596
347.0715	303.5596
347.0715	304.0715
346.5596	304.0715
346.5596	304.5834
346.0477	304.5834
346.0477	305.0953
345.0239	305.0953
345.0239	304.0715
344.5120	304.0715
344.5120	303.0477
344.0001	303.0477
344.0001	302.5358
343.4882	302.5358
343.4882	302.0239
342.9763	302.0239
342.9763	301.5120
342.4644	301.5120
342.4644	301.0001
341.9524	301.0001
341.9524	300.4882
340.9286	300.4882
340.9286	299.9762
339.9048	299.9762
339.9048	299.4643
337.3453	299.4643
337.3453	298.9524
334.7858	298.9524
334.7858	299.4643
332.2263	299.4643
332.2263	299.9762
331.2024	299.9762
331.2024	300.4882
330.6905	300.4882
330.6905	299.9762
329.6667	299.9762
329.6667	298.9524
329.1548	298.9524
329.1548	298.4405
328.6429	298.4405
328.6429	297.9286
328.1310	297.9286
328.1310	297.4167
327.6191	297.4167
327.6191	296.9048
327.1072	296.9048
327.1072	296.3929
326.0834	296.3929
326.0834	295.8810
325.0596	295.8810
325.0596	295.3691
322.5001	295.3691
322.5001	294.8572
319.4286	294.8572
319.4286	295.3691
316.8691	295.3691
316.8691	295.8810
315.8453	295.8810
315.8453	296.3929
314.8215	296.3929
314.8215	296.9048
314.3096	296.9048
314.3096	297.4167
313.7977	297.4167
313.7977	297.9286
313.2858	297.9286
313.2858	298.4405
312.2620	298.4405
312.2620	298.9524
311.7501	298.9524
311.7501	299.4643
311.2382	299.4643
311.2382	299.9762
310.7262	299.9762
310.7262	300.4882
310.2143	300.4882
310.2143	301.0001
309.1905	301.0001
309.1905	300.4882
308.6786	300.4882
308.6786	297.9286
308.1667	297.9286
308.1667	296.9048
307.6548	296.9048
307.6548	295.8810
307.1429	295.8810
307.1429	294.8572
306.6310	294.8572
306.6310	294.3453
306.1191	294.3453
306.1191	293.8334
305.6072	293.8334
305.6072	293.3215
305.0953	293.3215
305.0953	292.8096
304.5834	292.8096
304.5834	292.2977
303.5596	292.2977
303.5596	291.7858
302.5358	291.7858
302.5358	291.2739
299.9762	291.2739
299.9762	290.7620
297.4167	290.7620
297.4167	291.2739
295.8810	291.2739
295.8810	290.7620
295.3691	290.7620
295.3691	290.2501
294.3453	290.2501
294.3453	289.7382
293.8334	289.7382
293.8334	289.2262
294.3453	289.2262
294.3453	288.2024
294.8572	288.2024
294.8572	287.1786
295.8810	287.1786
295.8810	286.6667
296.3929	286.6667
296.3929	286.1548
297.4167	286.1548
297.4167	285.6429
297.9286	285.6429
297.9286	286.1548
301.0001	286.1548
301.0001	285.6429
303.5596	285.6429
303.5596	285.1310
304.5834	285.1310
304.5834	284.6191
305.6072	284.6191
305.6072	284.1072
306.1191	284.1072
306.1191	283.5953
306.6310	283.5953
306.6310	283.0834
307.1429	283.0834
307.1429	282.5715
307.6548	282.5715
307.6548	282.0596
308.1667	282.0596
308.1667	281.0358
308.6786	281.0358
308.6786	280.0120
309.1905	280.0120
309.1905	277.4524
309.7024	277.4524
309.7024	274.8929
309.1905	274.8929
309.1905	272.3334
308.6786	272.3334
308.6786	271.3096
308.1667	271.3096
308.1667	270.2858
307.6548	270.2858
307.6548	269.7739
307.1429	269.7739
307.1429	269.2620
306.6310	269.2620
306.6310	268.7501
306.1191	268.7501
306.1191	268.2381
305.6072	268.2381
305.6072	267.7262
305.0953	267.7262
305.0953	267.2143
304.5834	267.2143
304.5834	266.7024
304.0715	266.7024
304.0715	266.1905
303.5596	266.1905
303.5596	265.6786
302.5358	265.6786
302.5358	265.1667
301.5120	265.1667
301.5120	264.6548
298.9524	264.6548
298.9524	264.1429
295.3691	264.1429
295.3691	264.6548
293.3215	264.6548
293.3215	264.1429
294.8572	264.1429
294.8572	263.6310
295.8810	263.6310
295.8810	263.1191
296.9048	263.1191
296.9048	262.6072
297.4167	262.6072
297.4167	262.0953
297.9286	262.0953
297.9286	261.5834
298.4405	261.5834
298.4405	261.0715
298.9524	261.0715
298.9524	260.5596
299.4643	260.5596
299.4643	260.0477
299.9762	260.0477
299.9762	259.0239
300.4882	259.0239
300.4882	258.0000
301.0001	258.0000
301.0001	255.4405
302.0239	255.4405
302.0239	254.9286
303.0477	254.9286
303.0477	254.4167
303.5596	254.4167
303.5596	253.9048
304.0715	253.9048
304.0715	253.3929
304.5834	253.3929
304.5834	252.8810
305.0953	252.8810
305.0953	252.3691
305.6072	252.3691
305.6072	251.3453
306.1191	251.3453
306.1191	250.3215
306.6310	250.3215
306.6310	249.2977
307.1429	249.2977
307.1429	246.7381
307.6548	246.7381
307.6548	246.2262
308.1667	246.2262
308.1667	245.2024
308.6786	245.2024
308.6786	244.1786
309.1905	244.1786
309.1905	241.6191
309.7024	241.6191
309.7024	239.0596
309.1905	239.0596
309.1905	237.5239
309.7024	237.5239
309.7024	236.5000
315.3334	236.5000
315.3334	235.9881
317.8929	235.9881
317.8929	235.4762
318.9167	235.4762
318.9167	234.9643
319.9405	234.9643
319.9405	234.4524
321.4763	234.4524
321.4763	233.9405
322.5001	233.9405
322.5001	233.4286
323.5239	233.4286
323.5239	232.9167
324.0358	232.9167
324.0358	232.4048
324.5477	232.4048
324.5477	231.8929
325.0596	231.8929
325.0596	231.3810
325.5715	231.3810
325.5715	230.8691
326.0834	230.8691
326.0834	230.3572
326.5953	230.3572
326.5953	229.3334
327.1072	229.3334
327.1072	228.8215
327.6191	228.8215
327.6191	227.7977
328.1310	227.7977
328.1310	226.7739
328.6429	226.7739
328.6429	224.2143
329.1548	224.2143
329.1548	221.6548
328.6429	221.6548
328.6429	219.0953
328.1310	219.0953
328.1310	217.5596
327.6191	217.5596
327.6191	216.5358
327.1072	216.5358
327.1072	215.5119
326.5953	215.5119
326.5953	214.4881
326.0834	214.4881
326.0834	213.4643
325.5715	213.4643
325.5715	212.9524
325.0596	212.9524
325.0596	211.9286
324.5477	211.9286
324.5477	211.4167
324.0358	211.4167
324.0358	210.9048
323.5239	210.9048
323.5239	210.3929
323.0120	210.3929
323.0120	209.3691
322.5001	209.3691
322.5001	208.3453
321.9882	208.3453
321.9882	207.8334
322.5001	207.8334
322.5001	207.3215
323.0120	207.3215
