321.9882	204.7619
322.5001	204.7619
322.5001	205.7858
323.0120	205.7858
323.0120	206.2977
323.5239	206.2977
323.5239	206.8096
324.0358	206.8096
324.0358	207.3215
324.5477	207.3215
324.5477	207.8334
325.0596	207.8334
325.0596	208.3453
325.5715	208.3453
325.5715	208.8572
326.0834	208.8572
326.0834	209.3691
326.5953	209.3691
326.5953	209.8810
327.1072	209.8810
327.1072	210.9048
327.6191	210.9048
327.6191	211.9286
328.1310	211.9286
328.1310	212.4405
328.6429	212.4405
328.6429	212.9524
329.1548	212.9524
329.1548	213.4643
329.6667	213.4643
329.6667	213.9762
330.1786	213.9762
330.1786	215.0000
330.6905	215.0000
330.6905	215.5119
331.2024	215.5119
331.2024	216.0239
331.7143	216.0239
331.7143	216.5358
332.2263	216.5358
332.2263	217.0477
332.7382	217.0477
332.7382	217.5596
333.7620	217.5596
333.7620	218.0715
334.7858	218.0715
334.7858	218.5834
337.3453	218.5834
337.3453	219.0953
339.9048	219.0953
339.9048	218.5834
342.4644	218.5834
342.4644	218.0715
343.4882	218.0715
343.4882	217.5596
344.5120	217.5596
344.5120	217.0477
345.0239	217.0477
345.0239	216.5358
345.5358	216.5358
345.5358	216.0239
346.0477	216.0239
346.0477	215.5119
346.5596	215.5119
346.5596	215.0000
347.0715	215.0000
347.0715	214.4881
347.5834	214.4881
347.5834	213.4643
351.6786	213.4643
351.6786	213.9762
352.1905	213.9762
352.1905	214.4881
352.7024	214.4881
352.7024	215.0000
353.2144	215.0000
353.2144	215.5119
353.7263	215.5119
353.7263	216.0239
354.2382	216.0239
354.2382	216.5358
354.7501	216.5358
354.7501	217.0477
355.7739	217.0477
355.7739	217.5596
356.7977	217.5596
356.7977	218.0715
359.3572	218.0715
359.3572	218.5834
361.9167	218.5834
361.9167	219.0953
362.9405	219.0953
362.9405	219.6072
363.9644	219.6072
363.9644	220.1191
366.5239	220.1191
366.5239	220.6310
369.0834	220.6310
369.0834	221.1429
371.6429	221.1429
371.6429	220.6310
374.2025	220.6310
374.2025	220.1191
375.2263	220.1191
375.2263	219.6072
376.2501	219.6072
376.2501	219.0953
376.7620	219.0953
376.7620	218.5834
380.3453	218.5834
380.3453	218.0715
382.9048	218.0715
382.9048	217.5596
383.9286	217.5596
383.9286	217.0477
386.4882	217.0477
386.4882	217.5596
387.5120	217.5596
387.5120	218.0715
389.5596	218.0715
389.5596	218.5834
390.0715	218.5834
390.0715	219.0953
390.5834	219.0953
390.5834	219.6072
391.6072	219.6072
391.6072	220.1191
392.6310	220.1191
392.6310	220.6310
395.1906	220.6310
395.1906	221.1429
399.7977	221.1429
399.7977	220.6310
403.8929	220.6310
403.8929	220.1191
404.9167	220.1191
404.9167	221.1429
404.4048	221.1429
404.4048	222.1667
403.8929	222.1667
403.8929	223.7024
403.3810	223.7024
403.3810	224.2143
402.3572	224.2143
402.3572	224.7262
401.3334	224.7262
401.3334	225.2381
400.8215	225.2381
400.8215	225.7500
400.3096	225.7500
400.3096	226.2619
399.7977	226.2619
399.7977	226.7739
399.2858	226.7739
399.2858	227.2858
398.7739	227.2858
398.7739	227.7977
398.2620	227.7977
398.2620	228.8215
397.7501	228.8215
397.7501	229.8453
397.2382	229.8453
397.2382	232.4048
396.7263	232.4048
396.7263	237.0119
397.2382	237.0119
397.2382	238.0358
396.2144	238.0358
396.2144	238.5477
395.7025	238.5477
395.7025	239.0596
395.1906	239.0596
395.1906	239.5715
394.6786	239.5715
394.6786	240.0834
394.1667	240.0834
394.1667	240.5953
393.6548	240.5953
393.6548	241.1072
393.1429	241.1072
393.1429	242.1310
392.6310	242.1310
392.6310	243.1548
392.1191	243.1548
392.1191	245.2024
391.6072	245.2024
391.6072	247.7620
391.0953	247.7620
391.0953	248.2739
390.5834	248.2739
390.5834	248.7858
390.0715	248.7858
390.0715	249.8096
389.5596	249.8096
389.5596	250.8334
389.0477	250.8334
389.0477	252.3691
388.5358	252.3691
388.5358	254.9286
388.0239	254.9286
388.0239	260.0477
388.5358	260.0477
388.5358	261.0715
388.0239	261.0715
388.0239	262.0953
387.5120	262.0953
387.5120	263.1191
387.0001	263.1191
387.0001	264.1429
386.4882	264.1429
386.4882	265.1667
385.9763	265.1667
385.9763	267.2143
385.4644	267.2143
385.4644	267.7262
384.9525	267.7262
384.9525	268.2381
384.4405	268.2381
384.4405	268.7501
383.9286	268.7501
383.9286	269.2620
383.4167	269.2620
383.4167	269.7739
382.9048	269.7739
382.9048	270.2858
382.3929	270.2858
382.3929	270.7977
381.8810	270.7977
381.8810	271.8215
381.3691	271.8215
381.3691	272.8453
380.8572	272.8453
380.8572	275.4048
380.3453	275.4048
380.3453	279.5001
380.8572	279.5001
380.8572	281.0358
380.3453	281.0358
380.3453	281.5477
379.8334	281.5477
379.8334	282.0596
379.3215	282.0596
379.3215	282.5715
378.8096	282.5715
378.8096	283.0834
378.2977	283.0834
378.2977	283.5953
377.7858	283.5953
377.7858	284.1072
376.7620	284.1072
376.7620	284.6191
375.7382	284.6191
375.7382	285.1310
375.2263	285.1310
375.2263	285.6429
374.7144	285.6429
374.7144	286.1548
374.2025	286.1548
374.2025	286.6667
373.6905	286.6667
373.6905	287.1786
372.1548	287.1786
372.1548	286.6667
369.5953	286.6667
369.5953	287.1786
367.0358	287.1786
367.0358	287.6905
366.0120	287.6905
366.0120	288.2024
364.9882	288.2024
364.9882	288.7143
363.9644	288.7143
363.9644	289.2262
363.4525	289.2262
363.4525	289.7382
362.9405	289.7382
362.9405	290.2501
362.4286	290.2501
362.4286	290.7620
361.9167	290.7620
361.9167	291.2739
361.4048	291.2739
361.4048	291.7858
358.8453	291.7858
358.8453	292.2977
357.3096	292.2977
357.3096	292.8096
356.2858	292.8096
356.2858	293.3215
355.2620	293.3215
355.2620	293.8334
354.2382	293.8334
354.2382	294.3453
353.7263	294.3453
353.7263	294.8572
353.2144	294.8572
353.2144	295.3691
352.7024	295.3691
352.7024	295.8810
349.1191	295.8810
349.1191	296.3929
346.5596	296.3929
346.5596	296.9048
346.0477	296.9048
346.0477	296.3929
345.5358	296.3929
345.5358	295.8810
344.5120	295.8810
344.5120	295.3691
343.4882	295.3691
343.4882	294.8572
340.9286	294.8572
340.9286	294.3453
337.8572	294.3453
337.8572	294.8572
335.2977	294.8572
335.2977	295.3691
334.2739	295.3691
334.2739	295.8810
333.2501	295.8810
333.2501	296.3929
332.7382	296.3929
332.7382	296.9048
332.2263	296.9048
332.2263	297.4167
331.2024	297.4167
331.2024	296.9048
330.6905	296.9048
330.6905	296.3929
330.1786	296.3929
330.1786	295.8810
329.6667	295.8810
329.6667	295.3691
329.1548	295.3691
329.1548	294.8572
328.6429	294.8572
328.6429	294.3453
327.6191	294.3453
327.6191	293.8334
326.5953	293.8334
326.5953	293.3215
324.0358	293.3215
324.0358	292.8096
320.9643	292.8096
320.9643	293.3215
318.4048	293.3215
318.4048	293.8334
317.3810	293.8334
317.3810	294.3453
316.3572	294.3453
316.3572	294.8572
315.8453	294.8572
315.8453	295.3691
315.3334	295.3691
315.3334	295.8810
314.8215	295.8810
314.8215	296.3929
314.3096	296.3929
314.3096	296.9048
313.7977	296.9048
313.7977	297.9286
313.2858	297.9286
313.2858	298.4405
312.7739	298.4405
312.7739	298.9524
311.7501	298.9524
311.7501	299.4643
311.2382	299.4643
311.2382	299.9762
310.7262	299.9762
310.7262	300.4882
310.2143	300.4882
310.2143	301.0001
309.7024	301.0001
309.7024	301.5120
308.6786	301.5120
308.6786	301.0001
308.1667	301.0001
308.1667	298.4405
307.6548	298.4405
307.6548	297.4167
307.1429	297.4167
307.1429	296.3929
306.6310	296.3929
306.6310	295.8810
306.1191	295.8810
306.1191	295.3691
305.6072	295.3691
305.6072	294.8572
305.0953	294.8572
305.0953	294.3453
304.5834	294.3453
304.5834	293.8334
304.0715	293.8334
304.0715	293.3215
303.0477	293.3215
303.0477	292.8096
302.0239	292.8096
302.0239	292.2977
299.4643	292.2977
299.4643	291.7858
296.9048	291.7858
296.9048	292.2977
296.3929	292.2977
296.3929	291.7858
295.8810	291.7858
295.8810	291.2739
295.3691	291.2739
295.3691	290.7620
294.3453	290.7620
294.3453	289.2262
294.8572	289.2262
294.8572	288.7143
295.3691	288.7143
295.3691	287.6905
295.8810	287.6905
295.8810	287.1786
296.3929	287.1786
296.3929	286.6667
299.9762	286.6667
299.9762	286.1548
302.5358	286.1548
302.5358	285.6429
303.5596	285.6429
303.5596	285.1310
304.5834	285.1310
304.5834	284.6191
305.0953	284.6191
305.0953	284.1072
305.6072	284.1072
305.6072	283.5953
306.1191	283.5953
306.1191	283.0834
306.6310	283.0834
306.6310	282.5715
307.1429	282.5715
307.1429	281.5477
307.6548	281.5477
307.6548	280.5239
308.1667	280.5239
308.1667	277.9643
308.6786	277.9643
308.6786	275.4048
308.1667	275.4048
308.1667	272.8453
307.6548	272.8453
307.6548	271.8215
307.1429	271.8215
307.1429	270.7977
306.6310	270.7977
306.6310	270.2858
306.1191	270.2858
306.1191	269.2620
305.6072	269.2620
305.6072	268.7501
305.0953	268.7501
305.0953	268.2381
304.5834	268.2381
304.5834	267.7262
304.0715	267.7262
304.0715	267.2143
303.5596	267.2143
303.5596	266.7024
302.5358	266.7024
302.5358	265.6786
303.0477	265.6786
303.0477	263.1191
302.5358	263.1191
302.5358	260.5596
302.0239	260.5596
302.0239	259.5358
301.5120	259.5358
301.5120	258.5120
301.0001	258.5120
301.0001	258.0000
300.4882	258.0000
300.4882	257.4881
299.9762	257.4881
299.9762	256.9762
302.5358	256.9762
302.5358	256.4643
303.5596	256.4643
303.5596	255.9524
304.5834	255.9524
304.5834	255.4405
305.0953	255.4405
305.0953	254.9286
305.6072	254.9286
305.6072	254.4167
306.1191	254.4167
306.1191	253.9048
306.6310	253.9048
306.6310	253.3929
307.1429	253.3929
307.1429	252.3691
307.6548	252.3691
307.6548	251.3453
308.1667	251.3453
308.1667	249.2977
308.6786	249.2977
308.6786	246.7381
309.1905	246.7381
309.1905	244.1786
309.7024	244.1786
309.7024	241.6191
309.1905	241.6191
309.1905	238.5477
309.7024	238.5477
309.7024	238.0358
312.7739	238.0358
312.7739	237.5239
315.3334	237.5239
315.3334	237.0119
317.3810	237.0119
317.3810	236.5000
318.4048	236.5000
318.4048	235.9881
319.4286	235.9881
319.4286	235.4762
319.9405	235.4762
319.9405	234.9643
320.4524	234.9643
320.4524	234.4524
320.9643	234.4524
320.9643	233.9405
323.0120	233.9405
323.0120	233.4286
324.0358	233.4286
324.0358	232.9167
325.0596	232.9167
325.0596	232.4048
325.5715	232.4048
325.5715	231.8929
326.0834	231.8929
326.0834	231.3810
326.5953	231.3810
326.5953	230.8691
327.1072	230.8691
327.1072	230.3572
327.6191	230.3572
327.6191	229.3334
328.1310	229.3334
328.1310	228.3096
328.6429	228.3096
328.6429	225.7500
329.1548	225.7500
329.1548	222.6786
328.6429	222.6786
328.6429	220.1191
328.1310	220.1191
328.1310	219.0953
327.6191	219.0953
327.6191	218.0715
327.1072	218.0715
327.1072	217.0477
326.5953	217.0477
326.5953	216.0239
326.0834	216.0239
326.0834	214.4881
325.5715	214.4881
325.5715	213.4643
325.0596	213.4643
325.0596	212.4405
324.5477	212.4405
324.5477	211.4167
324.0358	211.4167
324.0358	210.9048
323.5239	210.9048
323.5239	209.8810
323.0120	209.8810
323.0120	209.3691
322.5001	209.3691
322.5001	208.3453
321.9882	208.3453
321.9882	206.8096
321.4763	206.8096
321.4763	205.2738
320.9643	205.2738
320.9643	204.7619
321.4763	204.7619
321.4763	204.2500
321.9882	204.2500
