329.1548	218.5834
329.6667	218.5834
329.6667	219.0953
330.1786	219.0953
330.1786	219.6072
330.6905	219.6072
330.6905	220.1191
331.2024	220.1191
331.2024	220.6310
332.2263	220.6310
332.2263	221.1429
333.2501	221.1429
333.2501	221.6548
333.7620	221.6548
333.7620	222.1667
334.7858	222.1667
334.7858	222.6786
335.8096	222.6786
335.8096	223.1905
337.3453	223.1905
337.3453	223.7024
339.9048	223.7024
339.9048	224.2143
343.4882	224.2143
343.4882	224.7262
348.0953	224.7262
348.0953	224.2143
350.6548	224.2143
350.6548	223.7024
351.6786	223.7024
351.6786	223.1905
352.7024	223.1905
352.7024	222.6786
353.2144	222.6786
353.2144	222.1667
354.2382	222.1667
354.2382	222.6786
355.2620	222.6786
355.2620	223.1905
356.7977	223.1905
356.7977	223.7024
357.3096	223.7024
357.3096	224.2143
357.8215	224.2143
357.8215	224.7262
358.8453	224.7262
358.8453	225.2381
359.3572	225.2381
359.3572	225.7500
360.3810	225.7500
360.3810	226.2619
361.4048	226.2619
361.4048	226.7739
363.9644	226.7739
363.9644	227.2858
367.0358	227.2858
367.0358	226.7739
368.5715	226.7739
368.5715	227.2858
371.1310	227.2858
371.1310	227.7977
377.7858	227.7977
377.7858	227.2858
380.3453	227.2858
380.3453	226.7739
381.3691	226.7739
381.3691	226.2619
382.3929	226.2619
382.3929	225.7500
382.9048	225.7500
382.9048	225.2381
383.9286	225.2381
383.9286	225.7500
390.0715	225.7500
390.0715	225.2381
391.6072	225.2381
391.6072	225.7500
396.7263	225.7500
396.7263	226.2619
397.7501	226.2619
397.7501	226.7739
400.3096	226.7739
400.3096	227.2858
405.4286	227.2858
405.4286	226.7739
407.9882	226.7739
407.9882	226.2619
410.5477	226.2619
410.5477	225.7500
412.5953	225.7500
412.5953	225.2381
413.6191	225.2381
413.6191	224.7262
414.6429	224.7262
414.6429	224.2143
415.6667	224.2143
415.6667	223.7024
416.6906	223.7024
416.6906	223.1905
417.2025	223.1905
417.2025	222.6786
418.2263	222.6786
418.2263	222.1667
418.7382	222.1667
418.7382	221.6548
419.2501	221.6548
419.2501	221.1429
419.7620	221.1429
419.7620	220.6310
420.2739	220.6310
420.2739	220.1191
420.7858	220.1191
420.7858	220.6310
420.2739	220.6310
420.2739	223.1905
420.7858	223.1905
420.7858	225.7500
421.2977	225.7500
421.2977	226.2619
419.7620	226.2619
419.7620	226.7739
418.7382	226.7739
418.7382	227.2858
417.7144	227.2858
417.7144	227.7977
417.2025	227.7977
417.2025	228.3096
416.6906	228.3096
416.6906	228.8215
416.1787	228.8215
416.1787	229.3334
415.6667	229.3334
415.6667	229.8453
415.1548	229.8453
415.1548	230.8691
414.6429	230.8691
414.6429	231.8929
414.1310	231.8929
414.1310	233.9405
411.5715	233.9405
411.5715	234.4524
410.5477	234.4524
410.5477	234.9643
409.5239	234.9643
409.5239	235.4762
408.5001	235.4762
408.5001	235.9881
407.9882	235.9881
407.9882	236.5000
407.4763	236.5000
407.4763	237.0119
406.9644	237.0119
406.9644	237.5239
406.4525	237.5239
406.4525	238.0358
405.9406	238.0358
405.9406	239.0596
405.4286	239.0596
405.4286	240.0834
404.9167	240.0834
404.9167	241.6191
404.4048	241.6191
404.4048	244.1786
403.8929	244.1786
403.8929	244.6905
403.3810	244.6905
403.3810	245.2024
402.8691	245.2024
402.8691	245.7143
402.3572	245.7143
402.3572	246.2262
401.8453	246.2262
401.8453	246.7381
401.3334	246.7381
401.3334	247.2500
400.8215	247.2500
400.8215	248.2739
400.3096	248.2739
400.3096	249.2977
399.7977	249.2977
399.7977	251.8572
399.2858	251.8572
399.2858	253.9048
398.7739	253.9048
398.7739	254.4167
398.2620	254.4167
398.2620	254.9286
397.7501	254.9286
397.7501	255.4405
397.2382	255.4405
397.2382	256.4643
396.7263	256.4643
396.7263	257.4881
396.2144	257.4881
396.2144	259.5358
395.7025	259.5358
395.7025	260.0477
395.1906	260.0477
395.1906	260.5596
394.6786	260.5596
394.6786	261.0715
394.1667	261.0715
394.1667	261.5834
393.6548	261.5834
393.6548	262.0953
393.1429	262.0953
393.1429	262.6072
392.6310	262.6072
392.6310	263.6310
392.1191	263.6310
392.1191	264.6548
391.6072	264.6548
391.6072	267.2143
391.0953	267.2143
391.0953	268.2381
390.5834	268.2381
390.5834	270.7977
390.0715	270.7977
390.0715	273.3572
389.5596	273.3572
389.5596	275.9167
389.0477	275.9167
389.0477	276.4286
388.5358	276.4286
388.5358	276.9405
388.0239	276.9405
388.0239	277.9643
387.5120	277.9643
387.5120	278.9881
387.0001	278.9881
387.0001	281.0358
386.4882	281.0358
386.4882	283.5953
385.9763	283.5953
385.9763	284.6191
385.4644	284.6191
385.4644	285.6429
384.9525	285.6429
384.9525	287.1786
384.4405	287.1786
384.4405	289.7382
381.8810	289.7382
381.8810	290.2501
380.8572	290.2501
380.8572	290.7620
379.8334	290.7620
379.8334	291.2739
377.2739	291.2739
377.2739	291.7858
375.2263	291.7858
375.2263	292.2977
374.2025	292.2977
374.2025	292.8096
373.1786	292.8096
373.1786	293.3215
372.6667	293.3215
372.6667	293.8334
372.1548	293.8334
372.1548	294.3453
371.6429	294.3453
371.6429	294.8572
371.1310	294.8572
371.1310	295.3691
370.6191	295.3691
370.6191	295.8810
370.1072	295.8810
370.1072	296.3929
369.0834	296.3929
369.0834	296.9048
368.5715	296.9048
368.5715	297.4167
368.0596	297.4167
368.0596	297.9286
367.5477	297.9286
367.5477	298.4405
367.0358	298.4405
367.0358	298.9524
366.5239	298.9524
366.5239	299.4643
366.0120	299.4643
366.0120	298.9524
362.9405	298.9524
362.9405	299.4643
360.3810	299.4643
360.3810	299.9762
359.3572	299.9762
359.3572	300.4882
358.3334	300.4882
358.3334	301.0001
353.2144	301.0001
353.2144	301.5120
352.1905	301.5120
352.1905	301.0001
351.1667	301.0001
351.1667	300.4882
348.6072	300.4882
348.6072	299.9762
345.0239	299.9762
345.0239	299.4643
344.0001	299.4643
344.0001	298.9524
343.4882	298.9524
343.4882	298.4405
342.9763	298.4405
342.9763	297.4167
342.4644	297.4167
342.4644	296.3929
341.9524	296.3929
341.9524	295.8810
341.4405	295.8810
341.4405	295.3691
340.9286	295.3691
340.9286	294.8572
340.4167	294.8572
340.4167	294.3453
339.9048	294.3453
339.9048	293.8334
338.8810	293.8334
338.8810	293.3215
337.8572	293.3215
337.8572	292.8096
335.2977	292.8096
335.2977	292.2977
332.7382	292.2977
332.7382	292.8096
330.1786	292.8096
330.1786	293.3215
329.1548	293.3215
329.1548	293.8334
328.1310	293.8334
328.1310	294.3453
327.6191	294.3453
327.6191	294.8572
327.1072	294.8572
327.1072	295.3691
326.5953	295.3691
326.5953	295.8810
326.0834	295.8810
326.0834	296.3929
325.5715	296.3929
325.5715	297.4167
325.0596	297.4167
325.0596	298.4405
324.5477	298.4405
324.5477	299.9762
324.0358	299.9762
324.0358	302.5358
323.5239	302.5358
323.5239	303.0477
323.0120	303.0477
323.0120	303.5596
321.9882	303.5596
321.9882	304.0715
321.4763	304.0715
321.4763	304.5834
320.9643	304.5834
320.9643	305.0953
320.4524	305.0953
320.4524	305.6072
319.9405	305.6072
319.9405	306.1191
318.9167	306.1191
318.9167	305.6072
318.4048	305.6072
318.4048	303.5596
317.8929	303.5596
317.8929	302.5358
317.3810	302.5358
317.3810	301.5120
316.8691	301.5120
316.8691	301.0001
316.3572	301.0001
316.3572	300.4882
315.8453	300.4882
315.8453	299.9762
315.3334	299.9762
315.3334	299.4643
314.8215	299.4643
314.8215	298.9524
313.7977	298.9524
313.7977	298.4405
312.7739	298.4405
312.7739	297.9286
310.2143	297.9286
310.2143	297.4167
306.6310	297.4167
306.6310	297.9286
302.5358	297.9286
302.5358	297.4167
302.0239	297.4167
302.0239	295.8810
302.5358	295.8810
302.5358	295.3691
303.0477	295.3691
303.0477	294.3453
303.5596	294.3453
303.5596	293.8334
304.0715	293.8334
304.0715	293.3215
304.5834	293.3215
304.5834	292.8096
305.0953	292.8096
305.0953	292.2977
306.6310	292.2977
306.6310	291.7858
309.1905	291.7858
309.1905	291.2739
311.7501	291.2739
311.7501	290.7620
312.7739	290.7620
312.7739	290.2501
313.7977	290.2501
313.7977	289.7382
314.3096	289.7382
314.3096	289.2262
314.8215	289.2262
314.8215	288.7143
315.3334	288.7143
315.3334	288.2024
315.8453	288.2024
315.8453	287.6905
316.3572	287.6905
316.3572	286.6667
316.8691	286.6667
316.8691	285.6429
317.3810	285.6429
317.3810	283.0834
317.8929	283.0834
317.8929	280.0120
317.3810	280.0120
317.3810	277.4524
316.8691	277.4524
316.8691	276.4286
316.3572	276.4286
316.3572	275.4048
315.8453	275.4048
315.8453	274.8929
315.3334	274.8929
315.3334	273.8691
314.8215	273.8691
314.8215	273.3572
314.3096	273.3572
314.3096	270.7977
313.7977	270.7977
313.7977	269.2620
313.2858	269.2620
313.2858	268.2381
312.7739	268.2381
312.7739	267.2143
312.2620	267.2143
312.2620	266.7024
311.7501	266.7024
311.7501	266.1905
311.2382	266.1905
311.2382	265.6786
310.7262	265.6786
310.7262	265.1667
310.2143	265.1667
310.2143	264.6548
309.1905	264.6548
309.1905	264.1429
308.1667	264.1429
308.1667	263.1191
310.2143	263.1191
310.2143	262.6072
311.2382	262.6072
311.2382	262.0953
312.2620	262.0953
312.2620	261.5834
312.7739	261.5834
312.7739	261.0715
313.2858	261.0715
313.2858	260.5596
313.7977	260.5596
313.7977	260.0477
314.3096	260.0477
314.3096	259.5358
314.8215	259.5358
314.8215	259.0239
315.3334	259.0239
315.3334	258.0000
315.8453	258.0000
315.8453	256.9762
316.3572	256.9762
316.3572	254.4167
316.8691	254.4167
316.8691	253.9048
317.3810	253.9048
317.3810	253.3929
317.8929	253.3929
317.8929	252.8810
318.4048	252.8810
318.4048	251.8572
318.9167	251.8572
318.9167	250.8334
319.4286	250.8334
319.4286	248.2739
319.9405	248.2739
319.9405	245.7143
319.4286	245.7143
319.4286	244.1786
320.4524	244.1786
320.4524	243.6667
323.0120	243.6667
323.0120	243.1548
324.5477	243.1548
324.5477	242.6429
325.5715	242.6429
325.5715	242.1310
326.5953	242.1310
326.5953	241.6191
327.1072	241.6191
327.1072	241.1072
327.6191	241.1072
327.6191	240.5953
328.1310	240.5953
328.1310	240.0834
328.6429	240.0834
328.6429	239.5715
329.1548	239.5715
329.1548	238.5477
329.6667	238.5477
329.6667	237.5239
330.1786	237.5239
330.1786	234.9643
330.6905	234.9643
330.6905	231.3810
330.1786	231.3810
330.1786	228.8215
329.6667	228.8215
329.6667	225.7500
329.1548	225.7500
329.1548	223.1905
328.6429	223.1905
328.6429	222.1667
328.1310	222.1667
328.1310	220.1191
327.6191	220.1191
327.6191	219.0953
327.1072	219.0953
327.1072	218.5834
327.6191	218.5834
327.6191	218.0715
329.1548	218.0715
