402.3572	223.1905
404.9167	223.1905
404.9167	223.7024
411.0596	223.7024
411.0596	223.1905
413.1072	223.1905
413.1072	223.7024
413.6191	223.7024
413.6191	224.2143
414.1310	224.2143
414.1310	224.7262
415.1548	224.7262
415.1548	225.2381
415.6667	225.2381
415.6667	226.2619
415.1548	226.2619
415.1548	226.7739
414.6429	226.7739
414.6429	227.2858
414.1310	227.2858
414.1310	227.7977
413.6191	227.7977
413.6191	228.8215
413.1072	228.8215
413.1072	229.8453
412.5953	229.8453
412.5953	231.3810
412.0834	231.3810
412.0834	233.9405
411.5715	233.9405
411.5715	234.4524
411.0596	234.4524
411.0596	234.9643
410.5477	234.9643
410.5477	235.4762
410.0358	235.4762
410.0358	235.9881
409.5239	235.9881
409.5239	236.5000
409.0120	236.5000
409.0120	237.0119
408.5001	237.0119
408.5001	237.5239
407.9882	237.5239
407.9882	238.5477
407.4763	238.5477
407.4763	239.5715
406.9644	239.5715
406.9644	241.6191
406.4525	241.6191
406.4525	244.1786
405.9406	244.1786
405.9406	244.6905
405.4286	244.6905
405.4286	245.2024
404.9167	245.2024
404.9167	245.7143
404.4048	245.7143
404.4048	246.2262
403.8929	246.2262
403.8929	246.7381
403.3810	246.7381
403.3810	247.7620
402.8691	247.7620
402.8691	248.7858
402.3572	248.7858
402.3572	251.3453
401.8453	251.3453
401.8453	253.9048
401.3334	253.9048
401.3334	254.4167
400.8215	254.4167
400.8215	254.9286
400.3096	254.9286
400.3096	255.4405
399.7977	255.4405
399.7977	255.9524
399.2858	255.9524
399.2858	256.4643
398.7739	256.4643
398.7739	256.9762
398.2620	256.9762
398.2620	258.0000
397.7501	258.0000
397.7501	259.0239
397.2382	259.0239
397.2382	259.5358
396.7263	259.5358
396.7263	260.0477
396.2144	260.0477
396.2144	260.5596
395.7025	260.5596
395.7025	261.5834
395.1906	261.5834
395.1906	262.6072
394.6786	262.6072
394.6786	265.1667
394.1667	265.1667
394.1667	269.7739
393.6548	269.7739
393.6548	270.2858
393.1429	270.2858
393.1429	270.7977
392.6310	270.7977
392.6310	271.3096
392.1191	271.3096
392.1191	272.3334
391.6072	272.3334
391.6072	273.3572
391.0953	273.3572
391.0953	274.3810
390.5834	274.3810
390.5834	276.4286
390.0715	276.4286
390.0715	276.9405
389.5596	276.9405
389.5596	277.4524
389.0477	277.4524
389.0477	277.9643
388.5358	277.9643
388.5358	278.4762
388.0239	278.4762
388.0239	278.9881
387.5120	278.9881
387.5120	280.0120
387.0001	280.0120
387.0001	281.0358
386.4882	281.0358
386.4882	281.5477
385.9763	281.5477
385.9763	282.5715
385.4644	282.5715
385.4644	283.5953
384.9525	283.5953
384.9525	284.6191
384.4405	284.6191
384.4405	287.1786
383.4167	287.1786
383.4167	287.6905
382.9048	287.6905
382.9048	288.2024
382.3929	288.2024
382.3929	288.7143
381.8810	288.7143
381.8810	289.2262
381.3691	289.2262
381.3691	289.7382
380.8572	289.7382
380.8572	290.2501
380.3453	290.2501
380.3453	291.2739
379.8334	291.2739
379.8334	292.2977
379.3215	292.2977
379.3215	293.8334
378.8096	293.8334
378.8096	296.3929
378.2977	296.3929
378.2977	296.9048
377.7858	296.9048
377.7858	297.4167
376.2501	297.4167
376.2501	296.9048
375.7382	296.9048
375.7382	296.3929
375.2263	296.3929
375.2263	295.8810
374.2025	295.8810
374.2025	295.3691
373.1786	295.3691
373.1786	294.8572
370.6191	294.8572
370.6191	294.3453
368.0596	294.3453
368.0596	294.8572
365.5001	294.8572
365.5001	295.3691
364.4763	295.3691
364.4763	295.8810
363.4525	295.8810
363.4525	296.3929
361.4048	296.3929
361.4048	296.9048
356.7977	296.9048
356.7977	297.4167
356.2858	297.4167
356.2858	296.9048
355.7739	296.9048
355.7739	296.3929
355.2620	296.3929
355.2620	295.8810
354.7501	295.8810
354.7501	295.3691
353.7263	295.3691
353.7263	294.8572
352.7024	294.8572
352.7024	294.3453
350.1429	294.3453
350.1429	293.8334
347.5834	293.8334
347.5834	294.3453
346.5596	294.3453
346.5596	291.7858
346.0477	291.7858
346.0477	290.7620
345.5358	290.7620
345.5358	289.7382
345.0239	289.7382
345.0239	289.2262
344.5120	289.2262
344.5120	288.7143
344.0001	288.7143
344.0001	288.2024
343.4882	288.2024
343.4882	287.6905
342.9763	287.6905
342.9763	287.1786
341.9524	287.1786
341.9524	286.6667
341.4405	286.6667
341.4405	286.1548
340.4167	286.1548
340.4167	285.6429
339.3929	285.6429
339.3929	285.1310
336.8334	285.1310
336.8334	284.6191
333.7620	284.6191
333.7620	285.1310
331.2024	285.1310
331.2024	285.6429
330.1786	285.6429
330.1786	286.1548
329.1548	286.1548
329.1548	286.6667
328.6429	286.6667
328.6429	287.1786
328.1310	287.1786
328.1310	287.6905
327.6191	287.6905
327.6191	288.2024
327.1072	288.2024
327.1072	288.7143
326.5953	288.7143
326.5953	289.7382
326.0834	289.7382
326.0834	290.7620
325.5715	290.7620
325.5715	293.3215
325.0596	293.3215
325.0596	295.8810
325.5715	295.8810
325.5715	298.4405
325.0596	298.4405
325.0596	298.9524
324.5477	298.9524
324.5477	299.4643
324.0358	299.4643
324.0358	299.9762
323.5239	299.9762
323.5239	300.4882
323.0120	300.4882
323.0120	301.0001
322.5001	301.0001
322.5001	301.5120
321.9882	301.5120
321.9882	302.5358
321.4763	302.5358
321.4763	303.5596
320.4524	303.5596
320.4524	303.0477
319.9405	303.0477
319.9405	302.5358
318.9167	302.5358
318.9167	302.0239
317.8929	302.0239
317.8929	299.9762
317.3810	299.9762
317.3810	298.9524
316.8691	298.9524
316.8691	297.9286
316.3572	297.9286
316.3572	297.4167
315.8453	297.4167
315.8453	296.9048
315.3334	296.9048
315.3334	296.3929
314.8215	296.3929
314.8215	295.8810
314.3096	295.8810
314.3096	295.3691
313.2858	295.3691
313.2858	294.8572
312.2620	294.8572
312.2620	294.3453
309.7024	294.3453
309.7024	293.8334
304.5834	293.8334
304.5834	293.3215
304.0715	293.3215
304.0715	292.8096
304.5834	292.8096
304.5834	291.2739
305.0953	291.2739
305.0953	290.2501
305.6072	290.2501
305.6072	289.7382
306.1191	289.7382
306.1191	288.7143
309.7024	288.7143
309.7024	288.2024
312.2620	288.2024
312.2620	287.6905
313.2858	287.6905
313.2858	287.1786
314.3096	287.1786
314.3096	286.6667
314.8215	286.6667
314.8215	286.1548
315.3334	286.1548
315.3334	285.6429
315.8453	285.6429
315.8453	285.1310
316.3572	285.1310
316.3572	284.6191
316.8691	284.6191
316.8691	283.5953
317.3810	283.5953
317.3810	282.5715
317.8929	282.5715
317.8929	280.0120
318.4048	280.0120
318.4048	277.4524
317.8929	277.4524
317.8929	274.8929
317.3810	274.8929
317.3810	273.8691
316.8691	273.8691
316.8691	272.8453
316.3572	272.8453
316.3572	270.2858
315.8453	270.2858
315.8453	268.2381
315.3334	268.2381
315.3334	267.2143
314.8215	267.2143
314.8215	266.1905
314.3096	266.1905
314.3096	265.6786
313.7977	265.6786
313.7977	265.1667
313.2858	265.1667
313.2858	264.6548
312.7739	264.6548
312.7739	264.1429
312.2620	264.1429
312.2620	263.6310
311.7501	263.6310
311.7501	263.1191
310.7262	263.1191
310.7262	262.6072
310.2143	262.6072
310.2143	262.0953
311.2382	262.0953
311.2382	261.5834
312.2620	261.5834
312.2620	261.0715
313.2858	261.0715
313.2858	260.5596
313.7977	260.5596
313.7977	260.0477
314.3096	260.0477
314.3096	259.5358
314.8215	259.5358
314.8215	259.0239
315.3334	259.0239
315.3334	258.5120
315.8453	258.5120
315.8453	257.4881
316.3572	257.4881
316.3572	256.4643
316.8691	256.4643
316.8691	255.4405
317.3810	255.4405
317.3810	252.8810
317.8929	252.8810
317.8929	251.8572
318.4048	251.8572
318.4048	250.8334
318.9167	250.8334
318.9167	248.2739
319.4286	248.2739
319.4286	244.6905
318.9167	244.6905
318.9167	243.6667
319.9405	243.6667
319.9405	243.1548
320.4524	243.1548
320.4524	242.6429
320.9643	242.6429
320.9643	242.1310
323.0120	242.1310
323.0120	241.6191
325.5715	241.6191
325.5715	241.1072
326.5953	241.1072
326.5953	240.5953
327.6191	240.5953
327.6191	240.0834
328.6429	240.0834
328.6429	239.5715
329.1548	239.5715
329.1548	239.0596
329.6667	239.0596
329.6667	238.5477
330.1786	238.5477
330.1786	238.0358
330.6905	238.0358
330.6905	237.5239
331.2024	237.5239
331.2024	237.0119
331.7143	237.0119
331.7143	235.9881
332.2263	235.9881
332.2263	234.9643
332.7382	234.9643
332.7382	232.4048
333.2501	232.4048
333.2501	227.2858
332.7382	227.2858
332.7382	226.7739
333.2501	226.7739
333.2501	225.7500
333.7620	225.7500
333.7620	224.2143
336.3215	224.2143
336.3215	223.7024
338.8810	223.7024
338.8810	223.1905
340.4167	223.1905
340.4167	223.7024
345.0239	223.7024
345.0239	224.2143
346.0477	224.2143
346.0477	224.7262
347.0715	224.7262
347.0715	225.2381
349.6310	225.2381
349.6310	225.7500
352.7024	225.7500
352.7024	225.2381
355.2620	225.2381
355.2620	224.7262
358.3334	224.7262
358.3334	224.2143
359.3572	224.2143
359.3572	224.7262
360.3810	224.7262
360.3810	225.2381
361.9167	225.2381
361.9167	225.7500
362.9405	225.7500
362.9405	226.2619
363.9644	226.2619
363.9644	226.7739
366.5239	226.7739
366.5239	227.2858
370.1072	227.2858
370.1072	226.7739
371.6429	226.7739
371.6429	227.2858
377.2739	227.2858
377.2739	226.7739
379.8334	226.7739
379.8334	226.2619
382.3929	226.2619
382.3929	225.7500
383.4167	225.7500
383.4167	225.2381
384.4405	225.2381
384.4405	224.7262
385.4644	224.7262
385.4644	224.2143
385.9763	224.2143
385.9763	223.7024
386.4882	223.7024
386.4882	223.1905
387.5120	223.1905
387.5120	223.7024
390.0715	223.7024
390.0715	224.2143
395.1906	224.2143
395.1906	223.7024
397.7501	223.7024
397.7501	223.1905
401.8453	223.1905
401.8453	222.6786
402.3572	222.6786
