373.1786	206.2977
374.2025	206.2977
374.2025	207.3215
374.7144	207.3215
374.7144	209.8810
375.2263	209.8810
375.2263	210.9048
375.7382	210.9048
375.7382	211.9286
376.2501	211.9286
376.2501	212.4405
376.7620	212.4405
376.7620	212.9524
377.2739	212.9524
377.2739	213.4643
377.7858	213.4643
377.7858	213.9762
378.2977	213.9762
378.2977	214.4881
379.3215	214.4881
379.3215	215.0000
380.3453	215.0000
380.3453	215.5119
381.3691	215.5119
381.3691	216.0239
382.3929	216.0239
382.3929	216.5358
383.4167	216.5358
383.4167	217.0477
384.9525	217.0477
384.9525	217.5596
385.4644	217.5596
385.4644	218.0715
385.9763	218.0715
385.9763	218.5834
387.0001	218.5834
387.0001	219.0953
388.0239	219.0953
388.0239	219.6072
389.0477	219.6072
389.0477	220.1191
391.6072	220.1191
391.6072	220.6310
397.7501	220.6310
397.7501	220.1191
400.3096	220.1191
400.3096	219.6072
402.8691	219.6072
402.8691	219.0953
404.9167	219.0953
404.9167	218.5834
406.4525	218.5834
406.4525	218.0715
407.9882	218.0715
407.9882	218.5834
408.5001	218.5834
408.5001	219.6072
409.0120	219.6072
409.0120	220.1191
409.5239	220.1191
409.5239	220.6310
410.0358	220.6310
410.0358	221.6548
410.5477	221.6548
410.5477	222.6786
411.0596	222.6786
411.0596	225.2381
411.5715	225.2381
411.5715	226.2619
412.0834	226.2619
412.0834	227.2858
412.5953	227.2858
412.5953	228.3096
413.1072	228.3096
413.1072	229.8453
412.5953	229.8453
412.5953	230.3572
411.5715	230.3572
411.5715	230.8691
411.0596	230.8691
411.0596	231.3810
410.5477	231.3810
410.5477	231.8929
410.0358	231.8929
410.0358	232.4048
409.5239	232.4048
409.5239	232.9167
409.0120	232.9167
409.0120	233.4286
408.5001	233.4286
408.5001	234.4524
407.9882	234.4524
407.9882	235.4762
407.4763	235.4762
407.4763	237.0119
406.9644	237.0119
406.9644	237.5239
406.4525	237.5239
406.4525	238.0358
405.9406	238.0358
405.9406	238.5477
405.4286	238.5477
405.4286	239.5715
404.9167	239.5715
404.9167	240.5953
404.4048	240.5953
404.4048	243.1548
403.8929	243.1548
403.8929	246.7381
404.4048	246.7381
404.4048	249.2977
404.9167	249.2977
404.9167	249.8096
404.4048	249.8096
404.4048	250.8334
403.8929	250.8334
403.8929	253.3929
403.3810	253.3929
403.3810	257.4881
403.8929	257.4881
403.8929	260.0477
404.4048	260.0477
404.4048	261.0715
404.9167	261.0715
404.9167	262.6072
405.4286	262.6072
405.4286	263.6310
404.9167	263.6310
404.9167	264.1429
404.4048	264.1429
404.4048	264.6548
403.8929	264.6548
403.8929	265.1667
403.3810	265.1667
403.3810	265.6786
402.8691	265.6786
402.8691	266.1905
402.3572	266.1905
402.3572	266.7024
401.8453	266.7024
401.8453	267.7262
401.3334	267.7262
401.3334	268.7501
400.8215	268.7501
400.8215	269.7739
400.3096	269.7739
400.3096	272.3334
399.7977	272.3334
399.7977	272.8453
399.2858	272.8453
399.2858	273.3572
398.7739	273.3572
398.7739	273.8691
398.2620	273.8691
398.2620	274.3810
397.7501	274.3810
397.7501	275.4048
397.2382	275.4048
397.2382	276.4286
396.7263	276.4286
396.7263	277.9643
396.2144	277.9643
396.2144	280.5239
395.7025	280.5239
395.7025	281.0358
394.6786	281.0358
394.6786	281.5477
393.6548	281.5477
393.6548	282.0596
393.1429	282.0596
393.1429	282.5715
392.6310	282.5715
392.6310	283.0834
392.1191	283.0834
392.1191	283.5953
391.6072	283.5953
391.6072	284.1072
391.0953	284.1072
391.0953	284.6191
390.5834	284.6191
390.5834	285.1310
390.0715	285.1310
390.0715	285.6429
389.5596	285.6429
389.5596	286.6667
389.0477	286.6667
389.0477	287.6905
388.5358	287.6905
388.5358	288.7143
388.0239	288.7143
388.0239	291.2739
387.5120	291.2739
387.5120	292.2977
387.0001	292.2977
387.0001	292.8096
386.4882	292.8096
386.4882	293.3215
385.9763	293.3215
385.9763	294.3453
385.4644	294.3453
385.4644	294.8572
384.9525	294.8572
384.9525	295.8810
384.4405	295.8810
384.4405	296.3929
383.9286	296.3929
383.9286	296.9048
383.4167	296.9048
383.4167	297.4167
382.9048	297.4167
382.9048	298.4405
382.3929	298.4405
382.3929	299.4643
381.8810	299.4643
381.8810	299.9762
381.3691	299.9762
381.3691	300.4882
380.8572	300.4882
380.8572	301.5120
380.3453	301.5120
380.3453	302.5358
379.8334	302.5358
379.8334	303.0477
379.3215	303.0477
379.3215	303.5596
378.2977	303.5596
378.2977	304.0715
377.7858	304.0715
377.7858	304.5834
377.2739	304.5834
377.2739	305.0953
376.2501	305.0953
376.2501	305.6072
375.7382	305.6072
375.7382	306.1191
375.2263	306.1191
375.2263	306.6310
374.7144	306.6310
374.7144	307.1429
374.2025	307.1429
374.2025	307.6548
372.6667	307.6548
372.6667	308.1667
371.6429	308.1667
371.6429	308.6786
370.6191	308.6786
370.6191	309.1905
370.1072	309.1905
370.1072	309.7024
369.5953	309.7024
369.5953	310.2143
369.0834	310.2143
369.0834	310.7262
368.0596	310.7262
368.0596	311.2382
367.0358	311.2382
367.0358	311.7501
366.0120	311.7501
366.0120	312.2620
364.9882	312.2620
364.9882	312.7739
363.9644	312.7739
363.9644	313.2858
361.9167	313.2858
361.9167	313.7977
358.8453	313.7977
358.8453	313.2858
357.8215	313.2858
357.8215	312.7739
355.2620	312.7739
355.2620	312.2620
352.7024	312.2620
352.7024	312.7739
350.1429	312.7739
350.1429	313.2858
349.1191	313.2858
349.1191	313.7977
348.0953	313.7977
348.0953	314.3096
347.5834	314.3096
347.5834	314.8215
347.0715	314.8215
347.0715	315.3334
346.5596	315.3334
346.5596	315.8453
346.0477	315.8453
346.0477	316.3572
345.5358	316.3572
345.5358	316.8691
345.0239	316.8691
345.0239	317.3810
344.5120	317.3810
344.5120	317.8929
344.0001	317.8929
344.0001	318.9167
343.4882	318.9167
343.4882	319.9405
342.9763	319.9405
342.9763	320.9643
342.4644	320.9643
342.4644	321.4763
341.9524	321.4763
341.9524	320.9643
341.4405	320.9643
341.4405	320.4524
340.9286	320.4524
340.9286	319.9405
339.9048	319.9405
339.9048	319.4286
338.8810	319.4286
338.8810	318.9167
338.3691	318.9167
338.3691	316.3572
337.8572	316.3572
337.8572	315.3334
337.3453	315.3334
337.3453	314.3096
336.8334	314.3096
336.8334	313.7977
336.3215	313.7977
336.3215	313.2858
335.8096	313.2858
335.8096	312.7739
335.2977	312.7739
335.2977	312.2620
334.7858	312.2620
334.7858	311.7501
333.7620	311.7501
333.7620	311.2382
332.7382	311.2382
332.7382	310.7262
330.1786	310.7262
330.1786	310.2143
327.6191	310.2143
327.6191	310.7262
325.0596	310.7262
325.0596	311.2382
324.0358	311.2382
324.0358	311.7501
323.0120	311.7501
323.0120	312.2620
322.5001	312.2620
322.5001	312.7739
321.9882	312.7739
321.9882	313.2858
320.4524	313.2858
320.4524	312.7739
319.4286	312.7739
319.4286	312.2620
318.4048	312.2620
318.4048	309.7024
317.8929	309.7024
317.8929	308.1667
317.3810	308.1667
317.3810	307.1429
316.8691	307.1429
316.8691	306.1191
316.3572	306.1191
316.3572	305.6072
315.8453	305.6072
315.8453	305.0953
315.3334	305.0953
315.3334	304.5834
314.8215	304.5834
314.8215	304.0715
314.3096	304.0715
314.3096	303.5596
313.2858	303.5596
313.2858	303.0477
312.2620	303.0477
312.2620	302.5358
309.7024	302.5358
309.7024	302.0239
306.1191	302.0239
306.1191	302.5358
302.5358	302.5358
302.5358	302.0239
302.0239	302.0239
302.0239	299.9762
302.5358	299.9762
302.5358	299.4643
303.0477	299.4643
303.0477	298.4405
304.0715	298.4405
304.0715	297.9286
305.0953	297.9286
305.0953	297.4167
305.6072	297.4167
305.6072	296.9048
308.6786	296.9048
308.6786	296.3929
311.2382	296.3929
311.2382	295.8810
312.2620	295.8810
312.2620	295.3691
313.2858	295.3691
313.2858	294.8572
313.7977	294.8572
313.7977	294.3453
314.3096	294.3453
314.3096	293.8334
314.8215	293.8334
314.8215	293.3215
315.3334	293.3215
315.3334	292.8096
315.8453	292.8096
315.8453	291.7858
316.3572	291.7858
316.3572	290.7620
316.8691	290.7620
316.8691	288.2024
317.3810	288.2024
317.3810	281.5477
316.8691	281.5477
316.8691	278.9881
316.3572	278.9881
316.3572	277.9643
315.8453	277.9643
315.8453	276.9405
315.3334	276.9405
315.3334	276.4286
314.8215	276.4286
314.8215	275.9167
314.3096	275.9167
314.3096	275.4048
313.7977	275.4048
313.7977	274.8929
313.2858	274.8929
313.2858	274.3810
312.2620	274.3810
312.2620	273.8691
311.2382	273.8691
311.2382	273.3572
310.2143	273.3572
310.2143	272.3334
309.7024	272.3334
309.7024	271.8215
309.1905	271.8215
309.1905	271.3096
308.6786	271.3096
308.6786	270.7977
308.1667	270.7977
308.1667	270.2858
307.6548	270.2858
307.6548	269.7739
306.6310	269.7739
306.6310	269.2620
305.6072	269.2620
305.6072	268.7501
303.0477	268.7501
303.0477	268.2381
300.4882	268.2381
300.4882	267.7262
299.9762	267.7262
299.9762	267.2143
299.4643	267.2143
299.4643	262.0953
298.9524	262.0953
298.9524	259.5358
298.4405	259.5358
298.4405	258.5120
297.9286	258.5120
297.9286	258.0000
298.9524	258.0000
298.9524	257.4881
299.9762	257.4881
299.9762	256.9762
301.0001	256.9762
301.0001	256.4643
301.5120	256.4643
301.5120	255.9524
302.0239	255.9524
302.0239	255.4405
302.5358	255.4405
302.5358	254.9286
303.5596	254.9286
303.5596	255.4405
307.6548	255.4405
307.6548	254.9286
310.2143	254.9286
310.2143	254.4167
311.2382	254.4167
311.2382	253.9048
312.2620	253.9048
312.2620	253.3929
312.7739	253.3929
312.7739	252.8810
313.2858	252.8810
313.2858	252.3691
313.7977	252.3691
313.7977	251.8572
314.3096	251.8572
314.3096	251.3453
314.8215	251.3453
314.8215	250.3215
315.3334	250.3215
315.3334	249.2977
315.8453	249.2977
315.8453	246.7381
316.3572	246.7381
316.3572	246.2262
316.8691	246.2262
316.8691	245.7143
317.3810	245.7143
317.3810	245.2024
317.8929	245.2024
317.8929	244.6905
318.4048	244.6905
318.4048	244.1786
318.9167	244.1786
318.9167	243.6667
319.4286	243.6667
319.4286	242.6429
319.9405	242.6429
319.9405	241.6191
320.4524	241.6191
320.4524	239.0596
320.9643	239.0596
320.9643	235.9881
321.4763	235.9881
321.4763	234.9643
321.9882	234.9643
321.9882	234.4524
322.5001	234.4524
322.5001	233.9405
325.5715	233.9405
325.5715	234.4524
330.1786	234.4524
330.1786	233.9405
332.7382	233.9405
332.7382	233.4286
333.7620	233.4286
333.7620	232.9167
334.7858	232.9167
334.7858	232.4048
335.2977	232.4048
335.2977	231.8929
335.8096	231.8929
335.8096	231.3810
336.3215	231.3810
336.3215	230.8691
336.8334	230.8691
336.8334	230.3572
337.3453	230.3572
337.3453	229.8453
337.8572	229.8453
337.8572	229.3334
338.3691	229.3334
338.3691	228.8215
338.8810	228.8215
338.8810	227.7977
339.3929	227.7977
339.3929	226.7739
339.9048	226.7739
339.9048	225.7500
340.4167	225.7500
340.4167	223.7024
340.9286	223.7024
340.9286	223.1905
341.4405	223.1905
341.4405	222.6786
341.9524	222.6786
341.9524	222.1667
342.9763	222.1667
342.9763	221.6548
344.0001	221.6548
344.0001	221.1429
344.5120	221.1429
344.5120	220.6310
345.0239	220.6310
345.0239	220.1191
345.5358	220.1191
345.5358	219.6072
346.0477	219.6072
346.0477	219.0953
347.0715	219.0953
347.0715	218.5834
348.0953	218.5834
348.0953	218.0715
348.6072	218.0715
348.6072	217.5596
349.1191	217.5596
349.1191	217.0477
349.6310	217.0477
349.6310	216.5358
350.1429	216.5358
350.1429	216.0239
352.1905	216.0239
352.1905	215.5119
353.2144	215.5119
353.2144	215.0000
354.2382	215.0000
354.2382	214.4881
354.7501	214.4881
354.7501	213.9762
355.2620	213.9762
355.2620	213.4643
355.7739	213.4643
355.7739	212.9524
356.2858	212.9524
356.2858	212.4405
356.7977	212.4405
356.7977	211.9286
357.3096	211.9286
357.3096	210.9048
357.8215	210.9048
357.8215	210.3929
359.8691	210.3929
359.8691	209.8810
364.9882	209.8810
364.9882	209.3691
367.5477	209.3691
367.5477	208.8572
368.5715	208.8572
368.5715	208.3453
369.5953	208.3453
369.5953	207.8334
370.6191	207.8334
370.6191	207.3215
371.1310	207.3215
371.1310	206.8096
371.6429	206.8096
371.6429	206.2977
372.1548	206.2977
372.1548	205.7858
373.1786	205.7858
