320.9643	210.9048
323.0120	210.9048
323.0120	211.4167
323.5239	211.4167
323.5239	212.4405
324.0358	212.4405
324.0358	212.9524
324.5477	212.9524
324.5477	213.4643
325.0596	213.4643
325.0596	216.5358
324.5477	216.5358
324.5477	217.0477
324.0358	217.0477
324.0358	217.5596
323.5239	217.5596
323.5239	218.5834
323.0120	218.5834
323.0120	219.6072
322.5001	219.6072
322.5001	222.1667
321.9882	222.1667
321.9882	225.2381
322.5001	225.2381
322.5001	227.7977
323.0120	227.7977
323.0120	229.3334
323.5239	229.3334
323.5239	230.3572
324.0358	230.3572
324.0358	231.3810
324.5477	231.3810
324.5477	231.8929
325.0596	231.8929
325.0596	232.4048
325.5715	232.4048
325.5715	232.9167
326.0834	232.9167
326.0834	233.4286
326.5953	233.4286
326.5953	233.9405
327.6191	233.9405
327.6191	234.4524
328.6429	234.4524
328.6429	234.9643
329.6667	234.9643
329.6667	235.4762
332.2263	235.4762
332.2263	235.9881
335.2977	235.9881
335.2977	236.5000
339.3929	236.5000
339.3929	235.9881
341.9524	235.9881
341.9524	235.4762
347.0715	235.4762
347.0715	234.9643
349.1191	234.9643
349.1191	235.4762
351.6786	235.4762
351.6786	235.9881
357.3096	235.9881
357.3096	235.4762
359.8691	235.4762
359.8691	234.9643
361.4048	234.9643
361.4048	234.4524
362.4286	234.4524
362.4286	233.9405
363.4525	233.9405
363.4525	233.4286
365.5001	233.4286
365.5001	232.9167
366.5239	232.9167
366.5239	232.4048
367.5477	232.4048
367.5477	231.8929
368.0596	231.8929
368.0596	231.3810
368.5715	231.3810
368.5715	230.8691
369.0834	230.8691
369.0834	230.3572
369.5953	230.3572
369.5953	229.8453
372.1548	229.8453
372.1548	230.3572
372.6667	230.3572
372.6667	231.3810
373.1786	231.3810
373.1786	233.9405
373.6905	233.9405
373.6905	235.4762
374.2025	235.4762
374.2025	236.5000
374.7144	236.5000
374.7144	237.5239
375.2263	237.5239
375.2263	238.5477
375.7382	238.5477
375.7382	239.0596
376.2501	239.0596
376.2501	239.5715
376.7620	239.5715
376.7620	240.0834
377.2739	240.0834
377.2739	240.5953
377.7858	240.5953
377.7858	241.1072
378.8096	241.1072
378.8096	241.6191
379.3215	241.6191
379.3215	242.1310
379.8334	242.1310
379.8334	242.6429
380.8572	242.6429
380.8572	243.1548
381.8810	243.1548
381.8810	243.6667
382.9048	243.6667
382.9048	244.1786
383.4167	244.1786
383.4167	244.6905
383.9286	244.6905
383.9286	245.2024
384.4405	245.2024
384.4405	245.7143
384.9525	245.7143
384.9525	246.2262
385.4644	246.2262
385.4644	246.7381
385.9763	246.7381
385.9763	247.7620
386.4882	247.7620
386.4882	248.2739
387.0001	248.2739
387.0001	248.7858
387.5120	248.7858
387.5120	249.2977
388.0239	249.2977
388.0239	249.8096
388.5358	249.8096
388.5358	250.3215
389.5596	250.3215
389.5596	250.8334
390.5834	250.8334
390.5834	251.3453
393.1429	251.3453
393.1429	251.8572
397.7501	251.8572
397.7501	252.3691
398.2620	252.3691
398.2620	253.3929
398.7739	253.3929
398.7739	253.9048
399.2858	253.9048
399.2858	254.9286
399.7977	254.9286
399.7977	255.9524
400.3096	255.9524
400.3096	256.9762
400.8215	256.9762
400.8215	257.4881
401.3334	257.4881
401.3334	258.5120
400.8215	258.5120
400.8215	259.0239
400.3096	259.0239
400.3096	259.5358
399.7977	259.5358
399.7977	260.0477
399.2858	260.0477
399.2858	260.5596
398.7739	260.5596
398.7739	261.0715
398.2620	261.0715
398.2620	261.5834
397.2382	261.5834
397.2382	262.0953
396.7263	262.0953
396.7263	262.6072
396.2144	262.6072
396.2144	263.1191
395.7025	263.1191
395.7025	263.6310
395.1906	263.6310
395.1906	264.1429
394.6786	264.1429
394.6786	265.1667
394.1667	265.1667
394.1667	266.1905
393.6548	266.1905
393.6548	268.2381
393.1429	268.2381
393.1429	270.7977
392.6310	270.7977
392.6310	271.8215
392.1191	271.8215
392.1191	272.3334
391.6072	272.3334
391.6072	272.8453
391.0953	272.8453
391.0953	273.8691
390.5834	273.8691
390.5834	274.8929
390.0715	274.8929
390.0715	275.4048
389.5596	275.4048
389.5596	275.9167
389.0477	275.9167
389.0477	276.4286
388.5358	276.4286
388.5358	276.9405
388.0239	276.9405
388.0239	277.4524
387.5120	277.4524
387.5120	277.9643
387.0001	277.9643
387.0001	278.4762
386.4882	278.4762
386.4882	278.9881
385.9763	278.9881
385.9763	279.5001
385.4644	279.5001
385.4644	280.5239
384.9525	280.5239
384.9525	281.5477
384.4405	281.5477
384.4405	283.0834
383.9286	283.0834
383.9286	285.6429
383.4167	285.6429
383.4167	286.1548
382.9048	286.1548
382.9048	286.6667
382.3929	286.6667
382.3929	287.1786
381.8810	287.1786
381.8810	287.6905
381.3691	287.6905
381.3691	288.2024
380.8572	288.2024
380.8572	289.2262
380.3453	289.2262
380.3453	290.2501
377.7858	290.2501
377.7858	290.7620
376.7620	290.7620
376.7620	291.2739
375.7382	291.2739
375.7382	291.7858
375.2263	291.7858
375.2263	292.2977
374.2025	292.2977
374.2025	292.8096
373.1786	292.8096
373.1786	293.3215
372.1548	293.3215
372.1548	293.8334
371.6429	293.8334
371.6429	294.3453
371.1310	294.3453
371.1310	294.8572
370.6191	294.8572
370.6191	295.3691
370.1072	295.3691
370.1072	295.8810
369.5953	295.8810
369.5953	296.9048
369.0834	296.9048
369.0834	297.9286
368.5715	297.9286
368.5715	298.9524
366.0120	298.9524
366.0120	299.4643
363.9644	299.4643
363.9644	299.9762
362.9405	299.9762
362.9405	300.4882
361.9167	300.4882
361.9167	301.0001
360.8929	301.0001
360.8929	301.5120
360.3810	301.5120
360.3810	302.0239
359.3572	302.0239
359.3572	302.5358
358.8453	302.5358
358.8453	303.0477
358.3334	303.0477
358.3334	303.5596
357.8215	303.5596
357.8215	303.0477
354.7501	303.0477
354.7501	302.5358
352.1905	302.5358
352.1905	302.0239
348.6072	302.0239
348.6072	302.5358
346.0477	302.5358
346.0477	303.0477
345.0239	303.0477
345.0239	303.5596
344.0001	303.5596
344.0001	304.0715
343.4882	304.0715
343.4882	304.5834
342.9763	304.5834
342.9763	305.0953
342.4644	305.0953
342.4644	305.6072
341.9524	305.6072
341.9524	306.1191
341.4405	306.1191
341.4405	306.6310
340.4167	306.6310
340.4167	306.1191
339.9048	306.1191
339.9048	305.6072
339.3929	305.6072
339.3929	304.5834
338.8810	304.5834
338.8810	304.0715
338.3691	304.0715
338.3691	303.5596
337.8572	303.5596
337.8572	303.0477
337.3453	303.0477
337.3453	302.5358
336.8334	302.5358
336.8334	302.0239
336.3215	302.0239
336.3215	301.5120
335.8096	301.5120
335.8096	301.0001
334.7858	301.0001
334.7858	300.4882
333.7620	300.4882
333.7620	299.9762
333.2501	299.9762
333.2501	299.4643
332.7382	299.4643
332.7382	298.9524
332.2263	298.9524
332.2263	298.4405
331.2024	298.4405
331.2024	297.9286
330.1786	297.9286
330.1786	297.4167
328.6429	297.4167
328.6429	296.9048
327.6191	296.9048
327.6191	296.3929
326.5953	296.3929
326.5953	295.8810
324.5477	295.8810
324.5477	295.3691
321.9882	295.3691
321.9882	292.8096
321.4763	292.8096
321.4763	291.2739
320.9643	291.2739
320.9643	290.2501
320.4524	290.2501
320.4524	289.2262
319.9405	289.2262
319.9405	288.7143
319.4286	288.7143
319.4286	288.2024
318.9167	288.2024
318.9167	287.6905
318.4048	287.6905
318.4048	287.1786
317.8929	287.1786
317.8929	286.6667
317.3810	286.6667
317.3810	286.1548
316.8691	286.1548
316.8691	285.6429
316.3572	285.6429
316.3572	284.6191
315.8453	284.6191
315.8453	282.0596
315.3334	282.0596
315.3334	280.5239
314.8215	280.5239
314.8215	279.5001
314.3096	279.5001
314.3096	278.4762
313.7977	278.4762
313.7977	275.9167
313.2858	275.9167
313.2858	273.8691
312.7739	273.8691
312.7739	272.8453
312.2620	272.8453
312.2620	271.8215
311.7501	271.8215
311.7501	271.3096
311.2382	271.3096
311.2382	270.7977
310.7262	270.7977
310.7262	270.2858
311.2382	270.2858
311.2382	267.7262
311.7501	267.7262
311.7501	265.1667
311.2382	265.1667
311.2382	263.6310
311.7501	263.6310
311.7501	258.5120
312.2620	258.5120
312.2620	257.4881
312.7739	257.4881
312.7739	254.9286
313.2858	254.9286
313.2858	252.3691
314.3096	252.3691
314.3096	251.8572
314.8215	251.8572
314.8215	251.3453
315.3334	251.3453
315.3334	250.8334
315.8453	250.8334
315.8453	250.3215
316.3572	250.3215
316.3572	249.8096
316.8691	249.8096
316.8691	248.7858
317.3810	248.7858
317.3810	247.7620
317.8929	247.7620
317.8929	245.2024
318.4048	245.2024
318.4048	242.1310
318.9167	242.1310
318.9167	241.1072
319.4286	241.1072
319.4286	240.5953
319.9405	240.5953
319.9405	239.5715
320.4524	239.5715
320.4524	238.5477
320.9643	238.5477
320.9643	235.9881
321.4763	235.9881
321.4763	232.9167
320.9643	232.9167
320.9643	230.3572
320.4524	230.3572
320.4524	229.3334
319.9405	229.3334
319.9405	228.3096
319.4286	228.3096
319.4286	227.7977
318.9167	227.7977
318.9167	227.2858
318.4048	227.2858
318.4048	226.7739
317.8929	226.7739
317.8929	225.2381
318.4048	225.2381
318.4048	224.2143
318.9167	224.2143
318.9167	221.6548
319.4286	221.6548
319.4286	218.0715
318.9167	218.0715
318.9167	215.5119
318.4048	215.5119
318.4048	214.4881
317.8929	214.4881
317.8929	213.4643
317.3810	213.4643
317.3810	212.9524
316.8691	212.9524
316.8691	211.9286
317.8929	211.9286
317.8929	211.4167
318.4048	211.4167
318.4048	210.9048
319.4286	210.9048
319.4286	210.3929
320.9643	210.3929
