375.2263	198.1072
378.8096	198.1072
378.8096	198.6191
379.8334	198.6191
379.8334	199.1310
380.8572	199.1310
380.8572	199.6429
382.9048	199.6429
382.9048	200.1548
383.9286	200.1548
383.9286	200.6667
384.9525	200.6667
384.9525	201.1786
385.4644	201.1786
385.4644	201.6905
385.9763	201.6905
385.9763	202.2024
386.4882	202.2024
386.4882	202.7143
387.0001	202.7143
387.0001	203.2262
387.5120	203.2262
387.5120	203.7381
388.5358	203.7381
388.5358	204.2500
389.5596	204.2500
389.5596	204.7619
390.0715	204.7619
390.0715	205.2738
390.5834	205.2738
390.5834	205.7858
391.0953	205.7858
391.0953	206.2977
392.1191	206.2977
392.1191	206.8096
393.1429	206.8096
393.1429	207.3215
395.1906	207.3215
395.1906	207.8334
396.2144	207.8334
396.2144	208.3453
397.2382	208.3453
397.2382	208.8572
398.7739	208.8572
398.7739	209.3691
401.3334	209.3691
401.3334	209.8810
401.8453	209.8810
401.8453	210.9048
402.3572	210.9048
402.3572	211.4167
402.8691	211.4167
402.8691	211.9286
403.3810	211.9286
403.3810	212.4405
403.8929	212.4405
403.8929	212.9524
404.4048	212.9524
404.4048	213.4643
404.9167	213.4643
404.9167	213.9762
405.4286	213.9762
405.4286	214.4881
405.9406	214.4881
405.9406	215.0000
406.4525	215.0000
406.4525	215.5119
406.9644	215.5119
406.9644	216.0239
407.4763	216.0239
407.4763	216.5358
407.9882	216.5358
407.9882	217.0477
409.0120	217.0477
409.0120	217.5596
409.5239	217.5596
409.5239	218.0715
410.0358	218.0715
410.0358	218.5834
410.5477	218.5834
410.5477	219.0953
411.0596	219.0953
411.0596	219.6072
412.0834	219.6072
412.0834	220.1191
413.1072	220.1191
413.1072	220.6310
413.6191	220.6310
413.6191	221.1429
414.1310	221.1429
414.1310	221.6548
414.6429	221.6548
414.6429	222.1667
415.1548	222.1667
415.1548	222.6786
415.6667	222.6786
415.6667	223.1905
416.1787	223.1905
416.1787	223.7024
416.6906	223.7024
416.6906	224.2143
417.2025	224.2143
417.2025	224.7262
418.2263	224.7262
418.2263	225.2381
419.2501	225.2381
419.2501	225.7500
419.7620	225.7500
419.7620	226.2619
420.7858	226.2619
420.7858	226.7739
421.8096	226.7739
421.8096	227.2858
422.8334	227.2858
422.8334	227.7977
423.8572	227.7977
423.8572	228.3096
424.8810	228.3096
424.8810	228.8215
425.9048	228.8215
425.9048	229.3334
426.4167	229.3334
426.4167	229.8453
427.4406	229.8453
427.4406	230.3572
427.9525	230.3572
427.9525	230.8691
428.4644	230.8691
428.4644	231.3810
428.9763	231.3810
428.9763	231.8929
429.4882	231.8929
429.4882	232.4048
430.0001	232.4048
430.0001	232.9167
430.5120	232.9167
430.5120	233.4286
431.0239	233.4286
431.0239	233.9405
431.5358	233.9405
431.5358	234.4524
432.0477	234.4524
432.0477	234.9643
432.5596	234.9643
432.5596	235.4762
433.0715	235.4762
433.0715	235.9881
434.0953	235.9881
434.0953	236.5000
434.6072	236.5000
434.6072	237.0119
435.1191	237.0119
435.1191	238.0358
435.6310	238.0358
435.6310	238.5477
436.1429	238.5477
436.1429	239.0596
436.6548	239.0596
436.6548	240.5953
437.1667	240.5953
437.1667	241.6191
437.6787	241.6191
437.6787	242.6429
438.1906	242.6429
438.1906	243.1548
438.7025	243.1548
438.7025	243.6667
439.2144	243.6667
439.2144	244.1786
439.7263	244.1786
439.7263	245.7143
440.2382	245.7143
440.2382	246.7381
440.7501	246.7381
440.7501	247.7620
441.2620	247.7620
441.2620	248.2739
441.7739	248.2739
441.7739	248.7858
442.2858	248.7858
442.2858	249.2977
442.7977	249.2977
442.7977	249.8096
443.3096	249.8096
443.3096	250.3215
443.8215	250.3215
443.8215	250.8334
444.8453	250.8334
444.8453	251.3453
445.3572	251.3453
445.3572	251.8572
445.8691	251.8572
445.8691	252.3691
446.3810	252.3691
446.3810	252.8810
446.8929	252.8810
446.8929	253.3929
447.9168	253.3929
447.9168	253.9048
448.4287	253.9048
448.4287	254.4167
448.9406	254.4167
448.9406	254.9286
449.9644	254.9286
449.9644	255.4405
450.9882	255.4405
450.9882	255.9524
451.5001	255.9524
451.5001	256.4643
452.5239	256.4643
452.5239	256.9762
453.0358	256.9762
453.0358	257.4881
453.5477	257.4881
453.5477	258.0000
454.0596	258.0000
454.0596	258.5120
455.0834	258.5120
455.0834	259.0239
456.1072	259.0239
456.1072	259.5358
456.6191	259.5358
456.6191	260.0477
457.6429	260.0477
457.6429	260.5596
458.1548	260.5596
458.1548	261.0715
458.6668	261.0715
458.6668	261.5834
459.1787	261.5834
459.1787	262.0953
460.2025	262.0953
460.2025	263.1191
460.7144	263.1191
460.7144	263.6310
461.2263	263.6310
461.2263	264.6548
461.7382	264.6548
461.7382	265.1667
462.2501	265.1667
462.2501	266.1905
462.7620	266.1905
462.7620	266.7024
463.2739	266.7024
463.2739	267.7262
463.7858	267.7262
463.7858	268.7501
464.2977	268.7501
464.2977	269.2620
464.8096	269.2620
464.8096	270.2858
465.3215	270.2858
465.3215	271.3096
465.8334	271.3096
465.8334	272.3334
466.3453	272.3334
466.3453	272.8453
466.8572	272.8453
466.8572	282.0596
467.3691	282.0596
467.3691	287.6905
466.8572	287.6905
466.8572	289.2262
466.3453	289.2262
466.3453	290.7620
465.8334	290.7620
465.8334	291.7858
465.3215	291.7858
465.3215	292.8096
464.8096	292.8096
464.8096	293.8334
464.2977	293.8334
464.2977	294.3453
463.7858	294.3453
463.7858	295.3691
463.2739	295.3691
463.2739	295.8810
462.7620	295.8810
462.7620	296.3929
462.2501	296.3929
462.2501	296.9048
461.7382	296.9048
461.7382	297.9286
461.2263	297.9286
461.2263	298.9524
460.7144	298.9524
460.7144	299.4643
460.2025	299.4643
460.2025	299.9762
459.6906	299.9762
459.6906	300.4882
458.6668	300.4882
458.6668	301.0001
457.6429	301.0001
457.6429	301.5120
456.6191	301.5120
456.6191	302.0239
456.1072	302.0239
456.1072	302.5358
455.0834	302.5358
455.0834	303.0477
454.0596	303.0477
454.0596	303.5596
453.0358	303.5596
453.0358	304.0715
452.5239	304.0715
452.5239	304.5834
451.5001	304.5834
451.5001	305.0953
450.4763	305.0953
450.4763	305.6072
448.9406	305.6072
448.9406	306.1191
447.4048	306.1191
447.4048	306.6310
443.8215	306.6310
443.8215	307.1429
439.2144	307.1429
439.2144	307.6548
435.1191	307.6548
435.1191	307.1429
434.0953	307.1429
434.0953	306.6310
433.0715	306.6310
433.0715	306.1191
431.0239	306.1191
431.0239	305.6072
428.4644	305.6072
428.4644	305.0953
423.8572	305.0953
423.8572	305.6072
421.2977	305.6072
421.2977	306.1191
420.2739	306.1191
420.2739	306.6310
419.2501	306.6310
419.2501	307.1429
418.7382	307.1429
418.7382	307.6548
418.2263	307.6548
418.2263	308.1667
417.7144	308.1667
417.7144	308.6786
417.2025	308.6786
417.2025	309.1905
416.1787	309.1905
416.1787	308.6786
411.0596	308.6786
411.0596	309.1905
408.5001	309.1905
408.5001	308.6786
406.9644	308.6786
406.9644	308.1667
406.4525	308.1667
406.4525	307.6548
405.4286	307.6548
405.4286	307.1429
404.4048	307.1429
404.4048	306.6310
401.8453	306.6310
401.8453	306.1191
396.7263	306.1191
396.7263	306.6310
394.1667	306.6310
394.1667	307.1429
393.1429	307.1429
393.1429	307.6548
392.1191	307.6548
392.1191	307.1429
389.5596	307.1429
389.5596	306.6310
384.9525	306.6310
384.9525	307.1429
382.3929	307.1429
382.3929	307.6548
381.3691	307.6548
381.3691	308.1667
380.3453	308.1667
380.3453	308.6786
379.8334	308.6786
379.8334	309.1905
376.7620	309.1905
376.7620	309.7024
374.2025	309.7024
374.2025	310.2143
372.1548	310.2143
372.1548	310.7262
370.6191	310.7262
370.6191	311.2382
369.5953	311.2382
369.5953	311.7501
368.5715	311.7501
368.5715	312.2620
368.0596	312.2620
368.0596	312.7739
367.5477	312.7739
367.5477	313.2858
367.0358	313.2858
367.0358	313.7977
366.5239	313.7977
366.5239	314.3096
366.0120	314.3096
366.0120	314.8215
365.5001	314.8215
365.5001	315.3334
364.9882	315.3334
364.9882	315.8453
363.9644	315.8453
363.9644	316.3572
363.4525	316.3572
363.4525	316.8691
362.9405	316.8691
362.9405	317.3810
362.4286	317.3810
362.4286	317.8929
361.9167	317.8929
361.9167	318.4048
361.4048	318.4048
361.4048	318.9167
360.8929	318.9167
360.8929	319.9405
360.3810	319.9405
360.3810	320.4524
359.8691	320.4524
359.8691	321.4763
359.3572	321.4763
359.3572	322.5001
358.8453	322.5001
358.8453	324.0358
358.3334	324.0358
358.3334	324.5477
357.8215	324.5477
357.8215	325.0596
357.3096	325.0596
357.3096	326.0834
356.7977	326.0834
356.7977	327.1072
356.2858	327.1072
356.2858	329.1548
355.7739	329.1548
355.7739	330.1786
355.2620	330.1786
355.2620	331.7143
354.7501	331.7143
354.7501	333.2501
354.2382	333.2501
354.2382	334.7858
353.7263	334.7858
353.7263	335.8096
353.2144	335.8096
353.2144	336.8334
352.7024	336.8334
352.7024	337.8572
352.1905	337.8572
352.1905	338.8810
351.6786	338.8810
351.6786	339.9048
351.1667	339.9048
351.1667	340.4167
350.1429	340.4167
350.1429	340.9286
349.1191	340.9286
349.1191	341.4405
348.0953	341.4405
348.0953	341.9524
347.0715	341.9524
347.0715	342.4644
346.5596	342.4644
346.5596	342.9763
346.0477	342.9763
346.0477	343.4882
344.0001	343.4882
344.0001	344.0001
341.4405	344.0001
341.4405	344.5120
340.4167	344.5120
340.4167	345.0239
339.3929	345.0239
339.3929	345.5358
338.3691	345.5358
338.3691	346.0477
337.8572	346.0477
337.8572	346.5596
337.3453	346.5596
337.3453	347.0715
336.8334	347.0715
336.8334	347.5834
336.3215	347.5834
336.3215	348.0953
335.8096	348.0953
335.8096	348.6072
335.2977	348.6072
335.2977	349.1191
334.7858	349.1191
334.7858	348.6072
333.7620	348.6072
333.7620	348.0953
332.7382	348.0953
332.7382	347.5834
330.1786	347.5834
330.1786	347.0715
326.0834	347.0715
326.0834	347.5834
323.5239	347.5834
323.5239	348.0953
322.5001	348.0953
322.5001	348.6072
319.9405	348.6072
319.9405	348.0953
319.4286	348.0953
319.4286	347.5834
318.9167	347.5834
318.9167	347.0715
318.4048	347.0715
318.4048	346.5596
317.8929	346.5596
317.8929	346.0477
316.8691	346.0477
316.8691	345.5358
315.8453	345.5358
315.8453	345.0239
314.3096	345.0239
314.3096	344.5120
311.7501	344.5120
311.7501	344.0001
311.2382	344.0001
311.2382	343.4882
310.7262	343.4882
310.7262	342.9763
310.2143	342.9763
310.2143	342.4644
309.7024	342.4644
309.7024	341.9524
309.1905	341.9524
309.1905	340.9286
308.6786	340.9286
308.6786	339.9048
308.1667	339.9048
308.1667	338.8810
307.6548	338.8810
307.6548	338.3691
307.1429	338.3691
307.1429	337.8572
306.6310	337.8572
306.6310	336.8334
306.1191	336.8334
306.1191	335.8096
305.6072	335.8096
305.6072	335.2977
305.0953	335.2977
305.0953	334.7858
304.5834	334.7858
304.5834	334.2739
304.0715	334.2739
304.0715	333.7620
303.5596	333.7620
303.5596	333.2501
303.0477	333.2501
303.0477	332.7382
302.0239	332.7382
302.0239	332.2263
301.0001	332.2263
301.0001	331.2024
300.4882	331.2024
300.4882	330.1786
299.9762	330.1786
299.9762	329.6667
299.4643	329.6667
299.4643	329.1548
298.9524	329.1548
298.9524	328.6429
298.4405	328.6429
298.4405	328.1310
297.9286	328.1310
297.9286	327.6191
297.4167	327.6191
297.4167	327.1072
296.9048	327.1072
296.9048	326.5953
295.8810	326.5953
295.8810	326.0834
294.8572	326.0834
294.8572	325.5715
293.3215	325.5715
293.3215	325.0596
292.8096	325.0596
292.8096	324.5477
292.2977	324.5477
292.2977	324.0358
291.7858	324.0358
291.7858	323.5239
291.2739	323.5239
291.2739	323.0120
290.7620	323.0120
290.7620	322.5001
289.7382	322.5001
289.7382	320.9643
289.2262	320.9643
289.2262	319.9405
288.7143	319.9405
288.7143	318.9167
288.2024	318.9167
288.2024	317.8929
287.6905	317.8929
287.6905	316.8691
287.1786	316.8691
287.1786	316.3572
286.6667	316.3572
286.6667	315.8453
286.1548	315.8453
286.1548	315.3334
285.6429	315.3334
285.6429	314.8215
285.1310	314.8215
285.1310	314.3096
284.1072	314.3096
284.1072	313.7977
283.0834	313.7977
283.0834	313.2858
281.0358	313.2858
281.0358	312.7739
280.5239	312.7739
280.5239	312.2620
280.0120	312.2620
280.0120	311.2382
279.5001	311.2382
279.5001	310.7262
278.9881	310.7262
278.9881	310.2143
278.4762	310.2143
278.4762	309.7024
277.9643	309.7024
277.9643	309.1905
277.4524	309.1905
277.4524	308.6786
276.4286	308.6786
276.4286	308.1667
275.9167	308.1667
275.9167	307.6548
274.8929	307.6548
274.8929	307.1429
274.3810	307.1429
274.3810	306.6310
273.3572	306.6310
273.3572	304.0715
272.8453	304.0715
272.8453	303.0477
272.3334	303.0477
272.3334	302.0239
271.8215	302.0239
271.8215	301.5120
271.3096	301.5120
271.3096	299.9762
270.7977	299.9762
270.7977	298.9524
270.2858	298.9524
270.2858	294.8572
269.7739	294.8572
269.7739	292.2977
269.2620	292.2977
269.2620	291.2739
268.7501	291.2739
268.7501	289.7382
269.2620	289.7382
269.2620	288.7143
269.7739	288.7143
269.7739	286.1548
270.2858	286.1548
270.2858	283.5953
269.7739	283.5953
269.7739	281.0358
269.2620	281.0358
269.2620	280.0120
268.7501	280.0120
268.7501	278.9881
268.2381	278.9881
268.2381	278.4762
267.7262	278.4762
267.7262	276.9405
268.2381	276.9405
268.2381	275.9167
268.7501	275.9167
268.7501	275.4048
269.7739	275.4048
269.7739	274.8929
270.2858	274.8929
270.2858	274.3810
270.7977	274.3810
270.7977	273.8691
271.3096	273.8691
271.3096	273.3572
271.8215	273.3572
271.8215	272.8453
272.3334	272.8453
272.3334	272.3334
273.3572	272.3334
273.3572	271.8215
273.8691	271.8215
273.8691	271.3096
274.3810	271.3096
274.3810	270.7977
274.8929	270.7977
274.8929	270.2858
275.4048	270.2858
275.4048	269.7739
275.9167	269.7739
275.9167	269.2620
276.4286	269.2620
276.4286	268.7501
276.9405	268.7501
276.9405	268.2381
277.4524	268.2381
277.4524	267.7262
277.9643	267.7262
277.9643	267.2143
278.4762	267.2143
278.4762	266.7024
278.9881	266.7024
278.9881	266.1905
280.0120	266.1905
280.0120	265.6786
280.5239	265.6786
280.5239	265.1667
281.0358	265.1667
281.0358	264.6548
281.5477	264.6548
281.5477	264.1429
282.0596	264.1429
282.0596	263.6310
282.5715	263.6310
282.5715	263.1191
283.0834	263.1191
283.0834	262.6072
283.5953	262.6072
283.5953	262.0953
284.1072	262.0953
284.1072	261.5834
286.1548	261.5834
286.1548	261.0715
287.1786	261.0715
287.1786	260.5596
288.2024	260.5596
288.2024	260.0477
288.7143	260.0477
288.7143	259.5358
289.2262	259.5358
289.2262	259.0239
289.7382	259.0239
289.7382	258.5120
290.2501	258.5120
290.2501	258.0000
290.7620	258.0000
290.7620	257.4881
291.2739	257.4881
291.2739	256.9762
291.7858	256.9762
291.7858	256.4643
292.8096	256.4643
292.8096	255.9524
293.3215	255.9524
293.3215	255.4405
293.8334	255.4405
293.8334	254.9286
294.3453	254.9286
294.3453	254.4167
294.8572	254.4167
294.8572	253.9048
295.3691	253.9048
295.3691	253.3929
295.8810	253.3929
295.8810	252.3691
296.3929	252.3691
296.3929	251.3453
296.9048	251.3453
296.9048	250.8334
297.4167	250.8334
297.4167	250.3215
297.9286	250.3215
297.9286	249.8096
298.4405	249.8096
298.4405	248.7858
298.9524	248.7858
298.9524	247.7620
299.4643	247.7620
299.4643	247.2500
300.4882	247.2500
300.4882	246.7381
301.5120	246.7381
301.5120	246.2262
302.0239	246.2262
302.0239	245.7143
302.5358	245.7143
302.5358	245.2024
303.0477	245.2024
303.0477	244.6905
303.5596	244.6905
303.5596	244.1786
304.0715	244.1786
304.0715	243.6667
304.5834	243.6667
304.5834	243.1548
305.0953	243.1548
305.0953	242.6429
306.1191	242.6429
306.1191	242.1310
306.6310	242.1310
306.6310	241.6191
307.1429	241.6191
307.1429	241.1072
307.6548	241.1072
307.6548	240.5953
308.1667	240.5953
308.1667	240.0834
308.6786	240.0834
308.6786	239.5715
309.1905	239.5715
309.1905	239.0596
309.7024	239.0596
309.7024	238.5477
310.2143	238.5477
310.2143	237.5239
311.2382	237.5239
311.2382	237.0119
312.2620	237.0119
312.2620	236.5000
312.7739	236.5000
312.7739	235.9881
313.2858	235.9881
313.2858	235.4762
313.7977	235.4762
313.7977	234.9643
314.3096	234.9643
314.3096	234.4524
314.8215	234.4524
314.8215	233.4286
315.3334	233.4286
315.3334	232.4048
315.8453	232.4048
315.8453	231.3810
316.3572	231.3810
316.3572	230.8691
317.3810	230.8691
317.3810	230.3572
318.4048	230.3572
318.4048	229.8453
319.4286	229.8453
319.4286	229.3334
319.9405	229.3334
319.9405	228.8215
320.4524	228.8215
320.4524	228.3096
320.9643	228.3096
320.9643	227.7977
321.4763	227.7977
321.4763	227.2858
321.9882	227.2858
321.9882	226.2619
322.5001	226.2619
322.5001	225.2381
323.0120	225.2381
323.0120	222.6786
323.5239	222.6786
323.5239	219.0953
324.0358	219.0953
324.0358	218.0715
324.5477	218.0715
324.5477	216.5358
325.0596	216.5358
325.0596	213.9762
325.5715	213.9762
325.5715	212.9524
326.0834	212.9524
326.0834	210.3929
326.5953	210.3929
326.5953	206.2977
327.1072	206.2977
327.1072	205.7858
328.1310	205.7858
328.1310	205.2738
329.1548	205.2738
329.1548	204.7619
330.6905	204.7619
330.6905	204.2500
331.7143	204.2500
331.7143	203.7381
332.7382	203.7381
332.7382	203.2262
334.7858	203.2262
334.7858	203.7381
337.3453	203.7381
337.3453	204.2500
339.9048	204.2500
339.9048	203.7381
342.4644	203.7381
342.4644	203.2262
343.4882	203.2262
343.4882	202.7143
344.5120	202.7143
344.5120	202.2024
346.5596	202.2024
346.5596	201.6905
350.6548	201.6905
350.6548	201.1786
355.2620	201.1786
355.2620	200.6667
357.8215	200.6667
357.8215	200.1548
362.9405	200.1548
362.9405	199.6429
365.5001	199.6429
365.5001	199.1310
368.0596	199.1310
368.0596	198.6191
369.5953	198.6191
369.5953	198.1072
373.1786	198.1072
373.1786	197.5953
375.2263	197.5953
