371.1310	197.0834
372.6667	197.0834
372.6667	197.5953
373.6905	197.5953
373.6905	198.1072
374.7144	198.1072
374.7144	198.6191
376.2501	198.6191
376.2501	199.1310
378.8096	199.1310
378.8096	199.6429
379.3215	199.6429
379.3215	200.1548
379.8334	200.1548
379.8334	200.6667
380.8572	200.6667
380.8572	201.1786
381.3691	201.1786
381.3691	201.6905
382.3929	201.6905
382.3929	202.2024
383.4167	202.2024
383.4167	202.7143
383.9286	202.7143
383.9286	203.2262
384.4405	203.2262
384.4405	203.7381
385.4644	203.7381
385.4644	204.2500
385.9763	204.2500
385.9763	204.7619
386.4882	204.7619
386.4882	205.2738
387.5120	205.2738
387.5120	205.7858
388.5358	205.7858
388.5358	206.2977
389.0477	206.2977
389.0477	206.8096
389.5596	206.8096
389.5596	207.3215
390.5834	207.3215
390.5834	207.8334
391.6072	207.8334
391.6072	208.3453
392.6310	208.3453
392.6310	208.8572
393.6548	208.8572
393.6548	209.3691
394.1667	209.3691
394.1667	209.8810
395.1906	209.8810
395.1906	210.3929
396.2144	210.3929
396.2144	210.9048
398.7739	210.9048
398.7739	211.4167
399.7977	211.4167
399.7977	211.9286
400.8215	211.9286
400.8215	212.4405
401.3334	212.4405
401.3334	213.4643
401.8453	213.4643
401.8453	214.4881
402.3572	214.4881
402.3572	215.0000
402.8691	215.0000
402.8691	215.5119
403.3810	215.5119
403.3810	216.0239
403.8929	216.0239
403.8929	216.5358
404.4048	216.5358
404.4048	217.0477
405.4286	217.0477
405.4286	217.5596
406.4525	217.5596
406.4525	218.0715
407.9882	218.0715
407.9882	218.5834
409.0120	218.5834
409.0120	219.0953
409.5239	219.0953
409.5239	219.6072
410.0358	219.6072
410.0358	220.1191
411.0596	220.1191
411.0596	220.6310
412.0834	220.6310
412.0834	221.1429
413.1072	221.1429
413.1072	221.6548
413.6191	221.6548
413.6191	222.1667
414.1310	222.1667
414.1310	222.6786
414.6429	222.6786
414.6429	223.1905
415.6667	223.1905
415.6667	223.7024
416.1787	223.7024
416.1787	224.2143
416.6906	224.2143
416.6906	224.7262
417.2025	224.7262
417.2025	225.2381
417.7144	225.2381
417.7144	225.7500
418.2263	225.7500
418.2263	226.2619
418.7382	226.2619
418.7382	226.7739
419.2501	226.7739
419.2501	227.2858
420.2739	227.2858
420.2739	227.7977
420.7858	227.7977
420.7858	228.3096
421.2977	228.3096
421.2977	228.8215
421.8096	228.8215
421.8096	229.3334
422.3215	229.3334
422.3215	229.8453
423.3453	229.8453
423.3453	230.3572
423.8572	230.3572
423.8572	230.8691
424.3691	230.8691
424.3691	231.8929
424.8810	231.8929
424.8810	232.4048
425.3929	232.4048
425.3929	232.9167
425.9048	232.9167
425.9048	233.4286
426.4167	233.4286
426.4167	233.9405
426.9287	233.9405
426.9287	234.4524
427.4406	234.4524
427.4406	234.9643
428.4644	234.9643
428.4644	235.9881
428.9763	235.9881
428.9763	237.0119
429.4882	237.0119
429.4882	237.5239
430.0001	237.5239
430.0001	238.0358
430.5120	238.0358
430.5120	238.5477
431.0239	238.5477
431.0239	239.0596
431.5358	239.0596
431.5358	239.5715
432.0477	239.5715
432.0477	240.0834
432.5596	240.0834
432.5596	240.5953
433.0715	240.5953
433.0715	241.1072
433.5834	241.1072
433.5834	241.6191
434.6072	241.6191
434.6072	242.1310
435.6310	242.1310
435.6310	242.6429
436.1429	242.6429
436.1429	243.1548
436.6548	243.1548
436.6548	243.6667
437.1667	243.6667
437.1667	244.1786
437.6787	244.1786
437.6787	244.6905
438.1906	244.6905
438.1906	245.7143
438.7025	245.7143
438.7025	246.2262
439.2144	246.2262
439.2144	246.7381
439.7263	246.7381
439.7263	247.2500
440.2382	247.2500
440.2382	247.7620
440.7501	247.7620
440.7501	248.2739
441.2620	248.2739
441.2620	248.7858
442.2858	248.7858
442.2858	249.2977
442.7977	249.2977
442.7977	249.8096
443.3096	249.8096
443.3096	250.3215
443.8215	250.3215
443.8215	250.8334
444.3334	250.8334
444.3334	251.3453
445.3572	251.3453
445.3572	251.8572
446.3810	251.8572
446.3810	252.3691
447.9168	252.3691
447.9168	252.8810
448.9406	252.8810
448.9406	253.3929
449.9644	253.3929
449.9644	253.9048
450.4763	253.9048
450.4763	254.4167
450.9882	254.4167
450.9882	254.9286
451.5001	254.9286
451.5001	255.4405
452.5239	255.4405
452.5239	255.9524
453.5477	255.9524
453.5477	256.4643
454.5715	256.4643
454.5715	256.9762
455.5953	256.9762
455.5953	257.4881
456.6191	257.4881
456.6191	258.0000
457.6429	258.0000
457.6429	258.5120
458.6668	258.5120
458.6668	259.0239
459.1787	259.0239
459.1787	259.5358
459.6906	259.5358
459.6906	260.0477
460.7144	260.0477
460.7144	260.5596
461.2263	260.5596
461.2263	261.0715
461.7382	261.0715
461.7382	261.5834
462.2501	261.5834
462.2501	262.0953
463.2739	262.0953
463.2739	263.1191
463.7858	263.1191
463.7858	263.6310
464.2977	263.6310
464.2977	264.6548
464.8096	264.6548
464.8096	265.1667
465.3215	265.1667
465.3215	266.1905
465.8334	266.1905
465.8334	266.7024
466.3453	266.7024
466.3453	268.2381
466.8572	268.2381
466.8572	269.7739
467.3691	269.7739
467.3691	271.3096
467.8810	271.3096
467.8810	276.9405
467.3691	276.9405
467.3691	280.5239
467.8810	280.5239
467.8810	283.5953
468.3929	283.5953
468.3929	291.7858
467.8810	291.7858
467.8810	292.8096
467.3691	292.8096
467.3691	293.8334
466.8572	293.8334
466.8572	294.8572
466.3453	294.8572
466.3453	296.3929
465.8334	296.3929
465.8334	297.4167
465.3215	297.4167
465.3215	298.4405
464.8096	298.4405
464.8096	299.4643
464.2977	299.4643
464.2977	299.9762
463.7858	299.9762
463.7858	301.0001
463.2739	301.0001
463.2739	302.0239
462.7620	302.0239
462.7620	302.5358
462.2501	302.5358
462.2501	303.5596
461.7382	303.5596
461.7382	304.5834
461.2263	304.5834
461.2263	305.0953
460.7144	305.0953
460.7144	305.6072
460.2025	305.6072
460.2025	306.6310
459.6906	306.6310
459.6906	307.1429
459.1787	307.1429
459.1787	307.6548
456.6191	307.6548
456.6191	308.1667
455.0834	308.1667
455.0834	308.6786
454.0596	308.6786
454.0596	309.1905
453.0358	309.1905
453.0358	309.7024
452.5239	309.7024
452.5239	310.2143
452.0120	310.2143
452.0120	310.7262
450.9882	310.7262
450.9882	310.2143
450.4763	310.2143
450.4763	309.7024
449.4525	309.7024
449.4525	309.1905
448.4287	309.1905
448.4287	308.6786
445.8691	308.6786
445.8691	308.1667
443.3096	308.1667
443.3096	308.6786
440.7501	308.6786
440.7501	309.1905
439.7263	309.1905
439.7263	309.7024
438.7025	309.7024
438.7025	310.2143
438.1906	310.2143
438.1906	310.7262
437.6787	310.7262
437.6787	311.2382
437.1667	311.2382
437.1667	311.7501
436.6548	311.7501
436.6548	312.2620
436.1429	312.2620
436.1429	312.7739
432.0477	312.7739
432.0477	313.2858
429.4882	313.2858
429.4882	313.7977
419.7620	313.7977
419.7620	313.2858
418.7382	313.2858
418.7382	312.7739
417.7144	312.7739
417.7144	312.2620
415.1548	312.2620
415.1548	311.7501
411.0596	311.7501
411.0596	311.2382
410.5477	311.2382
410.5477	310.7262
410.0358	310.7262
410.0358	310.2143
409.5239	310.2143
409.5239	309.7024
409.0120	309.7024
409.0120	309.1905
407.9882	309.1905
407.9882	308.6786
406.9644	308.6786
406.9644	308.1667
405.4286	308.1667
405.4286	307.6548
404.4048	307.6548
404.4048	307.1429
403.3810	307.1429
403.3810	306.6310
401.8453	306.6310
401.8453	306.1191
399.2858	306.1191
399.2858	305.6072
396.7263	305.6072
396.7263	305.0953
393.6548	305.0953
393.6548	305.6072
391.0953	305.6072
391.0953	306.1191
390.0715	306.1191
390.0715	306.6310
389.0477	306.6310
389.0477	307.1429
388.5358	307.1429
388.5358	307.6548
388.0239	307.6548
388.0239	308.1667
386.4882	308.1667
386.4882	307.6548
382.3929	307.6548
382.3929	308.1667
379.8334	308.1667
379.8334	308.6786
378.8096	308.6786
378.8096	309.1905
377.7858	309.1905
377.7858	309.7024
377.2739	309.7024
377.2739	310.2143
376.7620	310.2143
376.7620	310.7262
376.2501	310.7262
376.2501	311.2382
375.7382	311.2382
375.7382	311.7501
375.2263	311.7501
375.2263	312.2620
373.1786	312.2620
373.1786	312.7739
370.6191	312.7739
370.6191	313.2858
369.5953	313.2858
369.5953	313.7977
368.5715	313.7977
368.5715	314.3096
368.0596	314.3096
368.0596	314.8215
367.5477	314.8215
367.5477	315.3334
367.0358	315.3334
367.0358	315.8453
366.5239	315.8453
366.5239	316.3572
366.0120	316.3572
366.0120	316.8691
365.5001	316.8691
365.5001	317.3810
364.9882	317.3810
364.9882	317.8929
364.4763	317.8929
364.4763	318.4048
363.9644	318.4048
363.9644	318.9167
363.4525	318.9167
363.4525	319.4286
362.9405	319.4286
362.9405	320.4524
362.4286	320.4524
362.4286	321.4763
361.9167	321.4763
361.9167	323.5239
361.4048	323.5239
361.4048	326.0834
360.8929	326.0834
360.8929	328.6429
360.3810	328.6429
360.3810	330.1786
359.8691	330.1786
359.8691	331.7143
359.3572	331.7143
359.3572	333.2501
358.8453	333.2501
358.8453	334.7858
358.3334	334.7858
358.3334	336.3215
357.8215	336.3215
357.8215	336.8334
357.3096	336.8334
357.3096	337.3453
356.7977	337.3453
356.7977	337.8572
356.2858	337.8572
356.2858	338.3691
355.7739	338.3691
355.7739	338.8810
355.2620	338.8810
355.2620	339.3929
354.7501	339.3929
354.7501	339.9048
354.2382	339.9048
354.2382	340.4167
353.7263	340.4167
353.7263	340.9286
353.2144	340.9286
353.2144	341.4405
352.7024	341.4405
352.7024	341.9524
352.1905	341.9524
352.1905	342.4644
351.6786	342.4644
351.6786	342.9763
351.1667	342.9763
351.1667	343.4882
350.6548	343.4882
350.6548	344.0001
350.1429	344.0001
350.1429	344.5120
349.1191	344.5120
349.1191	345.0239
348.0953	345.0239
348.0953	344.5120
347.0715	344.5120
347.0715	344.0001
346.0477	344.0001
346.0477	343.4882
343.4882	343.4882
343.4882	342.9763
340.4167	342.9763
340.4167	343.4882
333.7620	343.4882
333.7620	344.0001
331.2024	344.0001
331.2024	344.5120
330.1786	344.5120
330.1786	345.0239
329.1548	345.0239
329.1548	345.5358
328.1310	345.5358
328.1310	346.0477
327.1072	346.0477
327.1072	346.5596
326.5953	346.5596
326.5953	347.0715
326.0834	347.0715
326.0834	347.5834
325.5715	347.5834
325.5715	348.0953
325.0596	348.0953
325.0596	348.6072
324.5477	348.6072
324.5477	349.6310
324.0358	349.6310
324.0358	350.6548
319.4286	350.6548
319.4286	351.1667
316.8691	351.1667
316.8691	351.6786
315.8453	351.6786
315.8453	352.1905
312.2620	352.1905
312.2620	351.6786
311.2382	351.6786
311.2382	351.1667
308.6786	351.1667
308.6786	350.6548
305.6072	350.6548
305.6072	350.1429
305.0953	350.1429
305.0953	349.6310
304.5834	349.6310
304.5834	349.1191
304.0715	349.1191
304.0715	348.6072
303.5596	348.6072
303.5596	348.0953
303.0477	348.0953
303.0477	346.5596
302.5358	346.5596
302.5358	337.8572
302.0239	337.8572
302.0239	335.2977
301.5120	335.2977
301.5120	334.2739
301.0001	334.2739
301.0001	333.2501
300.4882	333.2501
300.4882	332.7382
299.9762	332.7382
299.9762	332.2263
299.4643	332.2263
299.4643	331.7143
298.9524	331.7143
298.9524	331.2024
298.4405	331.2024
298.4405	330.6905
297.9286	330.6905
297.9286	330.1786
296.9048	330.1786
296.9048	329.6667
296.3929	329.6667
296.3929	329.1548
295.8810	329.1548
295.8810	328.6429
294.8572	328.6429
294.8572	328.1310
293.8334	328.1310
293.8334	327.6191
292.8096	327.6191
292.8096	326.5953
292.2977	326.5953
292.2977	325.5715
291.7858	325.5715
291.7858	324.5477
291.2739	324.5477
291.2739	324.0358
290.7620	324.0358
290.7620	323.5239
290.2501	323.5239
290.2501	323.0120
289.7382	323.0120
289.7382	322.5001
289.2262	322.5001
289.2262	321.9882
288.7143	321.9882
288.7143	320.9643
288.2024	320.9643
288.2024	320.4524
287.6905	320.4524
287.6905	319.9405
287.1786	319.9405
287.1786	319.4286
286.6667	319.4286
286.6667	318.9167
286.1548	318.9167
286.1548	318.4048
285.1310	318.4048
285.1310	317.8929
284.1072	317.8929
284.1072	317.3810
283.5953	317.3810
283.5953	316.8691
283.0834	316.8691
283.0834	316.3572
282.5715	316.3572
282.5715	315.8453
282.0596	315.8453
282.0596	315.3334
281.5477	315.3334
281.5477	314.8215
281.0358	314.8215
281.0358	314.3096
280.0120	314.3096
280.0120	313.7977
278.9881	313.7977
278.9881	313.2858
277.4524	313.2858
277.4524	312.7739
274.8929	312.7739
274.8929	311.7501
274.3810	311.7501
274.3810	311.2382
273.8691	311.2382
273.8691	310.7262
273.3572	310.7262
273.3572	310.2143
272.8453	310.2143
272.8453	309.7024
272.3334	309.7024
272.3334	309.1905
271.8215	309.1905
271.8215	308.6786
271.3096	308.6786
271.3096	308.1667
270.7977	308.1667
270.7977	307.6548
269.7739	307.6548
269.7739	306.6310
269.2620	306.6310
269.2620	305.0953
268.7501	305.0953
268.7501	304.0715
268.2381	304.0715
268.2381	303.0477
267.7262	303.0477
267.7262	302.0239
267.2143	302.0239
267.2143	301.0001
266.7024	301.0001
266.7024	300.4882
266.1905	300.4882
266.1905	296.9048
265.6786	296.9048
265.6786	294.3453
265.1667	294.3453
265.1667	293.3215
265.6786	293.3215
265.6786	290.7620
266.1905	290.7620
266.1905	286.1548
265.6786	286.1548
265.6786	283.5953
265.1667	283.5953
265.1667	282.5715
264.6548	282.5715
264.6548	280.5239
265.1667	280.5239
265.1667	278.9881
265.6786	278.9881
265.6786	277.4524
266.1905	277.4524
266.1905	276.4286
266.7024	276.4286
266.7024	275.9167
267.2143	275.9167
267.2143	275.4048
267.7262	275.4048
267.7262	274.8929
268.2381	274.8929
268.2381	274.3810
268.7501	274.3810
268.7501	273.3572
269.7739	273.3572
269.7739	272.8453
270.2858	272.8453
270.2858	272.3334
270.7977	272.3334
270.7977	271.8215
271.8215	271.8215
271.8215	271.3096
272.3334	271.3096
272.3334	270.7977
272.8453	270.7977
272.8453	270.2858
273.8691	270.2858
273.8691	269.7739
274.8929	269.7739
274.8929	269.2620
275.9167	269.2620
275.9167	268.7501
276.9405	268.7501
276.9405	268.2381
277.4524	268.2381
277.4524	267.7262
277.9643	267.7262
277.9643	267.2143
280.0120	267.2143
280.0120	266.7024
281.0358	266.7024
281.0358	266.1905
282.5715	266.1905
282.5715	265.6786
283.5953	265.6786
283.5953	265.1667
284.6191	265.1667
284.6191	264.6548
285.6429	264.6548
285.6429	264.1429
286.1548	264.1429
286.1548	263.6310
286.6667	263.6310
286.6667	263.1191
287.1786	263.1191
287.1786	262.6072
287.6905	262.6072
287.6905	262.0953
288.7143	262.0953
288.7143	261.5834
289.7382	261.5834
289.7382	261.0715
290.2501	261.0715
290.2501	260.5596
290.7620	260.5596
290.7620	260.0477
291.2739	260.0477
291.2739	259.5358
291.7858	259.5358
291.7858	259.0239
292.2977	259.0239
292.2977	258.5120
292.8096	258.5120
292.8096	258.0000
293.3215	258.0000
293.3215	256.9762
293.8334	256.9762
293.8334	255.9524
294.3453	255.9524
294.3453	255.4405
294.8572	255.4405
294.8572	254.4167
295.3691	254.4167
295.3691	253.3929
295.8810	253.3929
295.8810	252.8810
296.3929	252.8810
296.3929	252.3691
296.9048	252.3691
296.9048	251.8572
297.4167	251.8572
297.4167	251.3453
297.9286	251.3453
297.9286	250.8334
298.9524	250.8334
298.9524	250.3215
299.4643	250.3215
299.4643	249.8096
299.9762	249.8096
299.9762	249.2977
300.4882	249.2977
300.4882	248.7858
301.0001	248.7858
301.0001	248.2739
301.5120	248.2739
301.5120	247.7620
302.5358	247.7620
302.5358	247.2500
303.5596	247.2500
303.5596	246.7381
304.5834	246.7381
304.5834	246.2262
305.0953	246.2262
305.0953	245.7143
305.6072	245.7143
305.6072	245.2024
306.1191	245.2024
306.1191	244.6905
306.6310	244.6905
306.6310	244.1786
307.1429	244.1786
307.1429	243.6667
308.1667	243.6667
308.1667	243.1548
309.1905	243.1548
309.1905	242.6429
309.7024	242.6429
309.7024	242.1310
310.2143	242.1310
310.2143	241.6191
310.7262	241.6191
310.7262	241.1072
311.2382	241.1072
311.2382	240.5953
311.7501	240.5953
311.7501	240.0834
312.2620	240.0834
312.2620	239.5715
312.7739	239.5715
312.7739	239.0596
313.2858	239.0596
313.2858	238.5477
313.7977	238.5477
313.7977	238.0358
314.3096	238.0358
314.3096	237.5239
314.8215	237.5239
314.8215	237.0119
315.3334	237.0119
315.3334	235.9881
315.8453	235.9881
315.8453	234.9643
316.3572	234.9643
316.3572	232.9167
316.8691	232.9167
316.8691	232.4048
317.3810	232.4048
317.3810	231.8929
317.8929	231.8929
317.8929	231.3810
318.4048	231.3810
318.4048	230.3572
318.9167	230.3572
318.9167	229.3334
319.4286	229.3334
319.4286	228.8215
319.9405	228.8215
319.9405	228.3096
320.4524	228.3096
320.4524	227.2858
320.9643	227.2858
320.9643	226.2619
321.4763	226.2619
321.4763	223.7024
321.9882	223.7024
321.9882	219.6072
321.4763	219.6072
321.4763	219.0953
321.9882	219.0953
321.9882	218.5834
322.5001	218.5834
322.5001	218.0715
323.0120	218.0715
323.0120	217.5596
323.5239	217.5596
323.5239	217.0477
324.0358	217.0477
324.0358	216.0239
324.5477	216.0239
324.5477	215.0000
325.0596	215.0000
325.0596	213.9762
325.5715	213.9762
325.5715	211.4167
326.0834	211.4167
326.0834	207.8334
325.5715	207.8334
325.5715	207.3215
326.0834	207.3215
326.0834	206.8096
327.1072	206.8096
327.1072	206.2977
328.1310	206.2977
328.1310	205.7858
328.6429	205.7858
328.6429	205.2738
329.6667	205.2738
329.6667	204.7619
331.7143	204.7619
331.7143	204.2500
333.7620	204.2500
333.7620	204.7619
339.3929	204.7619
339.3929	204.2500
341.9524	204.2500
341.9524	203.7381
343.4882	203.7381
343.4882	203.2262
345.0239	203.2262
345.0239	202.7143
348.0953	202.7143
348.0953	202.2024
350.6548	202.2024
350.6548	201.6905
352.7024	201.6905
352.7024	201.1786
354.2382	201.1786
354.2382	200.6667
355.2620	200.6667
355.2620	200.1548
356.2858	200.1548
356.2858	199.6429
356.7977	199.6429
356.7977	199.1310
359.3572	199.1310
359.3572	198.6191
360.8929	198.6191
360.8929	198.1072
362.9405	198.1072
362.9405	197.5953
366.5239	197.5953
366.5239	197.0834
369.5953	197.0834
369.5953	196.5715
371.1310	196.5715
