364.4763	195.0358
368.5715	195.0358
368.5715	195.5477
370.1072	195.5477
370.1072	196.0596
372.6667	196.0596
372.6667	196.5715
375.2263	196.5715
375.2263	197.0834
376.2501	197.0834
376.2501	197.5953
377.2739	197.5953
377.2739	198.1072
378.8096	198.1072
378.8096	198.6191
379.8334	198.6191
379.8334	199.1310
380.3453	199.1310
380.3453	199.6429
380.8572	199.6429
380.8572	200.1548
381.8810	200.1548
381.8810	200.6667
382.3929	200.6667
382.3929	201.1786
382.9048	201.1786
382.9048	201.6905
383.4167	201.6905
383.4167	202.2024
383.9286	202.2024
383.9286	203.2262
384.4405	203.2262
384.4405	203.7381
384.9525	203.7381
384.9525	204.7619
385.4644	204.7619
385.4644	205.2738
385.9763	205.2738
385.9763	205.7858
386.4882	205.7858
386.4882	206.2977
387.0001	206.2977
387.0001	206.8096
387.5120	206.8096
387.5120	207.3215
388.0239	207.3215
388.0239	207.8334
388.5358	207.8334
388.5358	208.3453
389.5596	208.3453
389.5596	209.3691
390.0715	209.3691
390.0715	210.3929
390.5834	210.3929
390.5834	210.9048
391.0953	210.9048
391.0953	211.4167
391.6072	211.4167
391.6072	211.9286
392.1191	211.9286
392.1191	212.4405
392.6310	212.4405
392.6310	212.9524
393.1429	212.9524
393.1429	213.4643
394.1667	213.4643
394.1667	213.9762
395.1906	213.9762
395.1906	214.4881
396.2144	214.4881
396.2144	215.0000
396.7263	215.0000
396.7263	215.5119
397.2382	215.5119
397.2382	216.0239
397.7501	216.0239
397.7501	217.0477
398.2620	217.0477
398.2620	217.5596
398.7739	217.5596
398.7739	218.0715
399.2858	218.0715
399.2858	218.5834
399.7977	218.5834
399.7977	219.0953
400.3096	219.0953
400.3096	219.6072
401.3334	219.6072
401.3334	220.1191
401.8453	220.1191
401.8453	220.6310
402.3572	220.6310
402.3572	221.1429
403.3810	221.1429
403.3810	221.6548
404.4048	221.6548
404.4048	222.1667
405.9406	222.1667
405.9406	222.6786
406.9644	222.6786
406.9644	223.1905
409.5239	223.1905
409.5239	223.7024
412.0834	223.7024
412.0834	224.2143
413.1072	224.2143
413.1072	224.7262
414.1310	224.7262
414.1310	225.2381
415.1548	225.2381
415.1548	225.7500
416.1787	225.7500
416.1787	226.2619
417.7144	226.2619
417.7144	226.7739
418.7382	226.7739
418.7382	227.2858
421.2977	227.2858
421.2977	228.3096
421.8096	228.3096
421.8096	229.3334
422.3215	229.3334
422.3215	229.8453
422.8334	229.8453
422.8334	230.3572
423.3453	230.3572
423.3453	230.8691
423.8572	230.8691
423.8572	231.3810
424.3691	231.3810
424.3691	232.4048
424.8810	232.4048
424.8810	232.9167
425.3929	232.9167
425.3929	233.4286
425.9048	233.4286
425.9048	233.9405
426.4167	233.9405
426.4167	234.9643
426.9287	234.9643
426.9287	235.4762
427.4406	235.4762
427.4406	235.9881
427.9525	235.9881
427.9525	236.5000
428.4644	236.5000
428.4644	237.0119
428.9763	237.0119
428.9763	237.5239
429.4882	237.5239
429.4882	238.0358
430.0001	238.0358
430.0001	238.5477
430.5120	238.5477
430.5120	239.0596
431.5358	239.0596
431.5358	239.5715
432.5596	239.5715
432.5596	240.0834
435.1191	240.0834
435.1191	240.5953
435.6310	240.5953
435.6310	241.1072
436.6548	241.1072
436.6548	241.6191
437.6787	241.6191
437.6787	242.1310
439.7263	242.1310
439.7263	242.6429
440.2382	242.6429
440.2382	243.1548
440.7501	243.1548
440.7501	243.6667
441.2620	243.6667
441.2620	244.1786
441.7739	244.1786
441.7739	244.6905
442.7977	244.6905
442.7977	245.2024
443.8215	245.2024
443.8215	245.7143
444.8453	245.7143
444.8453	246.2262
445.8691	246.2262
445.8691	246.7381
448.4287	246.7381
448.4287	247.2500
451.5001	247.2500
451.5001	246.7381
454.0596	246.7381
454.0596	246.2262
455.0834	246.2262
455.0834	245.7143
456.1072	245.7143
456.1072	245.2024
456.6191	245.2024
456.6191	244.6905
457.1310	244.6905
457.1310	244.1786
457.6429	244.1786
457.6429	243.6667
458.1548	243.6667
458.1548	243.1548
458.6668	243.1548
458.6668	242.1310
459.1787	242.1310
459.1787	241.1072
460.2025	241.1072
460.2025	240.5953
461.7382	240.5953
461.7382	240.0834
464.2977	240.0834
464.2977	240.5953
466.3453	240.5953
466.3453	241.1072
467.3691	241.1072
467.3691	241.6191
467.8810	241.6191
467.8810	242.1310
468.3929	242.1310
468.3929	243.6667
468.9049	243.6667
468.9049	244.6905
469.4168	244.6905
469.4168	245.7143
469.9287	245.7143
469.9287	246.7381
470.4406	246.7381
470.4406	247.2500
470.9525	247.2500
470.9525	247.7620
471.4644	247.7620
471.4644	248.2739
471.9763	248.2739
471.9763	248.7858
472.4882	248.7858
472.4882	249.2977
473.0001	249.2977
473.0001	249.8096
474.0239	249.8096
474.0239	250.3215
475.0477	250.3215
475.0477	250.8334
475.5596	250.8334
475.5596	251.3453
476.0715	251.3453
476.0715	251.8572
476.5834	251.8572
476.5834	252.3691
477.0953	252.3691
477.0953	252.8810
477.6072	252.8810
477.6072	253.3929
478.1191	253.3929
478.1191	253.9048
478.6310	253.9048
478.6310	254.9286
479.1429	254.9286
479.1429	255.9524
479.6549	255.9524
479.6549	256.4643
480.1668	256.4643
480.1668	257.4881
480.6787	257.4881
480.6787	258.0000
481.1906	258.0000
481.1906	258.5120
481.7025	258.5120
481.7025	259.5358
482.2144	259.5358
482.2144	260.0477
482.7263	260.0477
482.7263	260.5596
483.2382	260.5596
483.2382	261.5834
483.7501	261.5834
483.7501	262.6072
484.2620	262.6072
484.2620	263.6310
484.7739	263.6310
484.7739	264.1429
485.2858	264.1429
485.2858	266.1905
485.7977	266.1905
485.7977	267.7262
486.3096	267.7262
486.3096	269.2620
486.8215	269.2620
486.8215	270.2858
487.3334	270.2858
487.3334	272.8453
487.8453	272.8453
487.8453	273.8691
488.3572	273.8691
488.3572	274.8929
488.8691	274.8929
488.8691	276.4286
489.3810	276.4286
489.3810	280.0120
489.8930	280.0120
489.8930	281.0358
489.3810	281.0358
489.3810	287.6905
488.8691	287.6905
488.8691	290.2501
488.3572	290.2501
488.3572	293.3215
487.8453	293.3215
487.8453	294.3453
487.3334	294.3453
487.3334	296.3929
486.8215	296.3929
486.8215	298.4405
486.3096	298.4405
486.3096	298.9524
485.7977	298.9524
485.7977	299.9762
485.2858	299.9762
485.2858	301.0001
484.7739	301.0001
484.7739	302.5358
484.2620	302.5358
484.2620	304.0715
483.7501	304.0715
483.7501	304.5834
483.2382	304.5834
483.2382	305.0953
482.7263	305.0953
482.7263	306.1191
482.2144	306.1191
482.2144	306.6310
481.7025	306.6310
481.7025	307.6548
481.1906	307.6548
481.1906	308.1667
480.6787	308.1667
480.6787	308.6786
480.1668	308.6786
480.1668	309.1905
479.6549	309.1905
479.6549	309.7024
479.1429	309.7024
479.1429	310.2143
478.1191	310.2143
478.1191	310.7262
477.6072	310.7262
477.6072	311.2382
477.0953	311.2382
477.0953	311.7501
474.5358	311.7501
474.5358	312.2620
472.4882	312.2620
472.4882	312.7739
471.4644	312.7739
471.4644	313.2858
470.4406	313.2858
470.4406	313.7977
469.4168	313.7977
469.4168	314.3096
468.9049	314.3096
468.9049	314.8215
468.3929	314.8215
468.3929	315.3334
467.8810	315.3334
467.8810	315.8453
467.3691	315.8453
467.3691	316.3572
466.8572	316.3572
466.8572	316.8691
466.3453	316.8691
466.3453	317.3810
465.8334	317.3810
465.8334	318.4048
465.3215	318.4048
465.3215	319.4286
464.8096	319.4286
464.8096	319.9405
464.2977	319.9405
464.2977	320.9643
463.2739	320.9643
463.2739	321.4763
462.2501	321.4763
462.2501	321.9882
460.2025	321.9882
460.2025	322.5001
457.6429	322.5001
457.6429	323.0120
456.6191	323.0120
456.6191	323.5239
455.0834	323.5239
455.0834	323.0120
454.5715	323.0120
454.5715	322.5001
454.0596	322.5001
454.0596	321.9882
453.5477	321.9882
453.5477	321.4763
453.0358	321.4763
453.0358	320.9643
452.0120	320.9643
452.0120	320.4524
450.9882	320.4524
450.9882	319.9405
448.4287	319.9405
448.4287	319.4286
445.8691	319.4286
445.8691	319.9405
443.3096	319.9405
443.3096	320.4524
442.2858	320.4524
442.2858	320.9643
441.2620	320.9643
441.2620	321.4763
440.7501	321.4763
440.7501	321.9882
439.2144	321.9882
439.2144	321.4763
437.1667	321.4763
437.1667	320.9643
434.6072	320.9643
434.6072	320.4524
428.9763	320.4524
428.9763	319.9405
427.4406	319.9405
427.4406	319.4286
424.8810	319.4286
424.8810	318.9167
422.3215	318.9167
422.3215	317.8929
421.8096	317.8929
421.8096	317.3810
421.2977	317.3810
421.2977	316.8691
420.7858	316.8691
420.7858	316.3572
420.2739	316.3572
420.2739	315.8453
419.7620	315.8453
419.7620	315.3334
418.7382	315.3334
418.7382	314.8215
417.7144	314.8215
417.7144	314.3096
415.6667	314.3096
415.6667	313.7977
413.1072	313.7977
413.1072	313.2858
412.5953	313.2858
412.5953	312.7739
412.0834	312.7739
412.0834	312.2620
411.0596	312.2620
411.0596	311.7501
410.0358	311.7501
410.0358	311.2382
407.4763	311.2382
407.4763	310.7262
402.8691	310.7262
402.8691	311.2382
400.3096	311.2382
400.3096	311.7501
397.2382	311.7501
397.2382	312.2620
394.6786	312.2620
394.6786	312.7739
393.6548	312.7739
393.6548	313.2858
392.6310	313.2858
392.6310	313.7977
392.1191	313.7977
392.1191	314.3096
391.6072	314.3096
391.6072	314.8215
391.0953	314.8215
391.0953	315.3334
390.5834	315.3334
390.5834	315.8453
390.0715	315.8453
390.0715	316.8691
389.5596	316.8691
389.5596	317.8929
389.0477	317.8929
389.0477	320.4524
388.5358	320.4524
388.5358	323.0120
389.0477	323.0120
389.0477	330.6905
388.5358	330.6905
388.5358	335.2977
388.0239	335.2977
388.0239	336.3215
387.5120	336.3215
387.5120	337.3453
387.0001	337.3453
387.0001	339.3929
386.4882	339.3929
386.4882	340.9286
385.9763	340.9286
385.9763	341.9524
385.4644	341.9524
385.4644	342.9763
384.9525	342.9763
384.9525	344.0001
384.4405	344.0001
384.4405	344.5120
383.9286	344.5120
383.9286	345.0239
383.4167	345.0239
383.4167	345.5358
382.9048	345.5358
382.9048	346.0477
382.3929	346.0477
382.3929	346.5596
381.8810	346.5596
381.8810	347.0715
381.3691	347.0715
381.3691	347.5834
380.3453	347.5834
380.3453	347.0715
375.2263	347.0715
375.2263	347.5834
372.6667	347.5834
372.6667	348.0953
371.6429	348.0953
371.6429	348.6072
370.6191	348.6072
370.6191	349.1191
370.1072	349.1191
370.1072	349.6310
369.5953	349.6310
369.5953	350.1429
369.0834	350.1429
369.0834	350.6548
368.5715	350.6548
368.5715	351.1667
368.0596	351.1667
368.0596	352.1905
367.0358	352.1905
367.0358	352.7024
365.5001	352.7024
365.5001	353.2144
363.4525	353.2144
363.4525	352.7024
360.3810	352.7024
360.3810	353.2144
359.8691	353.2144
359.8691	352.7024
359.3572	352.7024
359.3572	352.1905
358.8453	352.1905
358.8453	351.6786
357.8215	351.6786
357.8215	351.1667
356.7977	351.1667
356.7977	350.6548
354.2382	350.6548
354.2382	350.1429
351.6786	350.1429
351.6786	350.6548
349.1191	350.6548
349.1191	351.1667
348.0953	351.1667
348.0953	351.6786
347.0715	351.6786
347.0715	352.1905
346.5596	352.1905
346.5596	352.7024
346.0477	352.7024
346.0477	353.2144
345.5358	353.2144
345.5358	353.7263
345.0239	353.7263
345.0239	354.2382
344.5120	354.2382
344.5120	355.2620
344.0001	355.2620
344.0001	356.2858
343.4882	356.2858
343.4882	357.3096
342.9763	357.3096
342.9763	357.8215
341.9524	357.8215
341.9524	357.3096
339.3929	357.3096
339.3929	357.8215
336.8334	357.8215
336.8334	358.3334
335.8096	358.3334
335.8096	358.8453
334.7858	358.8453
334.7858	359.3572
334.2739	359.3572
334.2739	359.8691
333.7620	359.8691
333.7620	360.3810
333.2501	360.3810
333.2501	360.8929
332.7382	360.8929
332.7382	361.4048
332.2263	361.4048
332.2263	358.8453
331.7143	358.8453
331.7143	356.7977
331.2024	356.7977
331.2024	355.7739
330.6905	355.7739
330.6905	354.7501
330.1786	354.7501
330.1786	354.2382
329.6667	354.2382
329.6667	353.7263
329.1548	353.7263
329.1548	352.7024
328.6429	352.7024
328.6429	352.1905
328.1310	352.1905
328.1310	351.6786
327.6191	351.6786
327.6191	351.1667
327.1072	351.1667
327.1072	350.6548
326.5953	350.6548
326.5953	350.1429
325.5715	350.1429
325.5715	349.6310
324.5477	349.6310
324.5477	349.1191
321.9882	349.1191
321.9882	348.6072
318.9167	348.6072
318.9167	348.0953
317.8929	348.0953
317.8929	347.5834
316.8691	347.5834
316.8691	347.0715
316.3572	347.0715
316.3572	346.5596
315.8453	346.5596
315.8453	346.0477
315.3334	346.0477
315.3334	345.5358
314.8215	345.5358
314.8215	345.0239
314.3096	345.0239
314.3096	344.5120
313.7977	344.5120
313.7977	344.0001
312.7739	344.0001
312.7739	343.4882
311.7501	343.4882
311.7501	342.9763
309.7024	342.9763
309.7024	342.4644
309.1905	342.4644
309.1905	341.9524
308.1667	341.9524
308.1667	341.4405
307.1429	341.4405
307.1429	340.9286
304.5834	340.9286
304.5834	340.4167
301.5120	340.4167
301.5120	340.9286
300.4882	340.9286
300.4882	340.4167
297.9286	340.4167
297.9286	339.9048
296.3929	339.9048
296.3929	339.3929
293.8334	339.3929
293.8334	338.8810
290.2501	338.8810
290.2501	339.3929
287.6905	339.3929
287.6905	339.9048
286.6667	339.9048
286.6667	339.3929
285.6429	339.3929
285.6429	338.8810
284.6191	338.8810
284.6191	338.3691
282.0596	338.3691
282.0596	337.8572
281.5477	337.8572
281.5477	337.3453
280.5239	337.3453
280.5239	336.3215
280.0120	336.3215
280.0120	335.8096
279.5001	335.8096
279.5001	335.2977
278.9881	335.2977
278.9881	334.7858
278.4762	334.7858
278.4762	334.2739
277.9643	334.2739
277.9643	333.7620
277.4524	333.7620
277.4524	333.2501
276.9405	333.2501
276.9405	332.2263
276.4286	332.2263
276.4286	331.7143
275.9167	331.7143
275.9167	331.2024
275.4048	331.2024
275.4048	330.6905
274.8929	330.6905
274.8929	329.6667
274.3810	329.6667
274.3810	328.6429
273.8691	328.6429
273.8691	328.1310
273.3572	328.1310
273.3572	327.6191
272.8453	327.6191
272.8453	326.5953
272.3334	326.5953
272.3334	324.5477
271.8215	324.5477
271.8215	323.5239
271.3096	323.5239
271.3096	322.5001
270.7977	322.5001
270.7977	321.9882
270.2858	321.9882
270.2858	321.4763
269.7739	321.4763
269.7739	320.4524
269.2620	320.4524
269.2620	319.9405
268.7501	319.9405
268.7501	318.4048
268.2381	318.4048
268.2381	314.3096
267.7262	314.3096
267.7262	311.7501
267.2143	311.7501
267.2143	310.2143
266.7024	310.2143
266.7024	309.1905
266.1905	309.1905
266.1905	307.6548
265.6786	307.6548
265.6786	306.6310
265.1667	306.6310
265.1667	305.6072
264.6548	305.6072
264.6548	304.5834
264.1429	304.5834
264.1429	303.5596
263.6310	303.5596
263.6310	301.5120
264.1429	301.5120
264.1429	296.9048
264.6548	296.9048
264.6548	291.7858
265.1667	291.7858
265.1667	290.7620
265.6786	290.7620
265.6786	289.7382
266.1905	289.7382
266.1905	287.6905
266.7024	287.6905
266.7024	286.6667
267.2143	286.6667
267.2143	285.6429
267.7262	285.6429
267.7262	284.6191
268.2381	284.6191
268.2381	283.5953
268.7501	283.5953
268.7501	282.5715
269.2620	282.5715
269.2620	281.5477
269.7739	281.5477
269.7739	281.0358
270.2858	281.0358
270.2858	280.0120
270.7977	280.0120
270.7977	278.9881
271.3096	278.9881
271.3096	277.9643
271.8215	277.9643
271.8215	276.9405
272.3334	276.9405
272.3334	276.4286
272.8453	276.4286
272.8453	275.4048
273.8691	275.4048
273.8691	274.8929
274.3810	274.8929
274.3810	274.3810
274.8929	274.3810
274.8929	273.8691
275.4048	273.8691
275.4048	273.3572
276.4286	273.3572
276.4286	272.8453
276.9405	272.8453
276.9405	272.3334
277.4524	272.3334
277.4524	271.8215
277.9643	271.8215
277.9643	271.3096
278.4762	271.3096
278.4762	270.7977
278.9881	270.7977
278.9881	270.2858
279.5001	270.2858
279.5001	269.7739
280.5239	269.7739
280.5239	269.2620
281.0358	269.2620
281.0358	268.7501
281.5477	268.7501
281.5477	268.2381
282.5715	268.2381
282.5715	267.7262
283.0834	267.7262
283.0834	267.2143
283.5953	267.2143
283.5953	266.7024
284.1072	266.7024
284.1072	266.1905
284.6191	266.1905
284.6191	265.6786
285.6429	265.6786
285.6429	265.1667
286.1548	265.1667
286.1548	264.6548
286.6667	264.6548
286.6667	264.1429
287.1786	264.1429
287.1786	263.6310
287.6905	263.6310
287.6905	263.1191
288.2024	263.1191
288.2024	262.6072
288.7143	262.6072
288.7143	262.0953
289.2262	262.0953
289.2262	261.5834
289.7382	261.5834
289.7382	261.0715
290.2501	261.0715
290.2501	260.5596
290.7620	260.5596
290.7620	260.0477
291.2739	260.0477
291.2739	259.5358
291.7858	259.5358
291.7858	259.0239
292.2977	259.0239
292.2977	258.5120
292.8096	258.5120
292.8096	258.0000
293.8334	258.0000
293.8334	257.4881
294.8572	257.4881
294.8572	256.9762
295.3691	256.9762
295.3691	256.4643
295.8810	256.4643
295.8810	255.9524
296.3929	255.9524
296.3929	255.4405
296.9048	255.4405
296.9048	254.9286
297.4167	254.9286
297.4167	254.4167
297.9286	254.4167
297.9286	253.9048
298.4405	253.9048
298.4405	253.3929
298.9524	253.3929
298.9524	252.8810
299.4643	252.8810
299.4643	252.3691
299.9762	252.3691
299.9762	251.8572
300.4882	251.8572
300.4882	251.3453
301.0001	251.3453
301.0001	250.8334
301.5120	250.8334
301.5120	250.3215
302.0239	250.3215
302.0239	249.8096
302.5358	249.8096
302.5358	249.2977
303.0477	249.2977
303.0477	248.7858
303.5596	248.7858
303.5596	248.2739
304.0715	248.2739
304.0715	247.7620
304.5834	247.7620
304.5834	247.2500
305.0953	247.2500
305.0953	246.7381
305.6072	246.7381
305.6072	246.2262
306.1191	246.2262
306.1191	245.7143
306.6310	245.7143
306.6310	245.2024
307.1429	245.2024
307.1429	244.1786
307.6548	244.1786
307.6548	243.1548
308.1667	243.1548
308.1667	242.1310
308.6786	242.1310
308.6786	241.1072
309.1905	241.1072
309.1905	240.5953
309.7024	240.5953
309.7024	239.5715
310.2143	239.5715
310.2143	238.5477
310.7262	238.5477
310.7262	237.5239
311.2382	237.5239
311.2382	236.5000
311.7501	236.5000
311.7501	233.9405
312.2620	233.9405
312.2620	233.4286
312.7739	233.4286
312.7739	232.4048
313.2858	232.4048
313.2858	231.3810
313.7977	231.3810
313.7977	229.3334
314.3096	229.3334
314.3096	228.8215
314.8215	228.8215
314.8215	227.7977
315.3334	227.7977
315.3334	226.7739
315.8453	226.7739
315.8453	224.7262
316.3572	224.7262
316.3572	223.1905
316.8691	223.1905
316.8691	222.1667
317.3810	222.1667
317.3810	220.1191
317.8929	220.1191
317.8929	219.0953
318.4048	219.0953
318.4048	217.0477
318.9167	217.0477
318.9167	216.0239
319.4286	216.0239
319.4286	214.4881
319.9405	214.4881
319.9405	213.9762
320.4524	213.9762
320.4524	213.4643
320.9643	213.4643
320.9643	212.9524
321.4763	212.9524
321.4763	211.9286
321.9882	211.9286
321.9882	210.9048
322.5001	210.9048
322.5001	210.3929
323.0120	210.3929
323.0120	209.3691
323.5239	209.3691
323.5239	208.3453
324.5477	208.3453
324.5477	207.8334
325.0596	207.8334
325.0596	207.3215
325.5715	207.3215
325.5715	206.8096
326.0834	206.8096
326.0834	206.2977
326.5953	206.2977
326.5953	205.7858
327.6191	205.7858
327.6191	205.2738
328.6429	205.2738
328.6429	204.7619
329.1548	204.7619
329.1548	204.2500
329.6667	204.2500
329.6667	203.7381
330.6905	203.7381
330.6905	203.2262
331.7143	203.2262
331.7143	202.7143
332.7382	202.7143
332.7382	202.2024
333.2501	202.2024
333.2501	201.6905
333.7620	201.6905
333.7620	201.1786
335.8096	201.1786
335.8096	200.6667
336.8334	200.6667
336.8334	200.1548
337.8572	200.1548
337.8572	199.6429
338.3691	199.6429
338.3691	199.1310
339.9048	199.1310
339.9048	198.6191
340.9286	198.6191
340.9286	198.1072
343.4882	198.1072
343.4882	197.5953
345.0239	197.5953
345.0239	197.0834
346.0477	197.0834
346.0477	196.5715
348.0953	196.5715
348.0953	196.0596
349.1191	196.0596
349.1191	195.5477
352.1905	195.5477
352.1905	195.0358
354.7501	195.0358
354.7501	194.5238
364.4763	194.5238
