361.9167	137.1905
364.9882	137.1905
364.9882	136.6786
366.0120	136.6786
366.0120	137.1905
367.0358	137.1905
367.0358	137.7024
368.5715	137.7024
368.5715	138.2143
369.5953	138.2143
369.5953	138.7262
370.6191	138.7262
370.6191	139.2381
371.6429	139.2381
371.6429	139.7500
372.6667	139.7500
372.6667	140.2619
373.6905	140.2619
373.6905	140.7738
374.7144	140.7738
374.7144	141.2857
376.2501	141.2857
376.2501	141.7976
377.2739	141.7976
377.2739	142.3096
378.2977	142.3096
378.2977	142.8215
379.3215	142.8215
379.3215	143.8453
379.8334	143.8453
379.8334	144.3572
380.3453	144.3572
380.3453	144.8691
380.8572	144.8691
380.8572	145.3810
381.3691	145.3810
381.3691	145.8929
381.8810	145.8929
381.8810	146.9167
382.3929	146.9167
382.3929	147.4286
382.9048	147.4286
382.9048	148.4524
383.4167	148.4524
383.4167	148.9643
383.9286	148.9643
383.9286	149.4762
384.4405	149.4762
384.4405	149.9881
384.9525	149.9881
384.9525	150.5000
385.4644	150.5000
385.4644	151.0119
385.9763	151.0119
385.9763	151.5238
386.4882	151.5238
386.4882	152.0357
387.5120	152.0357
387.5120	152.5476
388.0239	152.5476
388.0239	153.0596
388.5358	153.0596
388.5358	153.5715
389.5596	153.5715
389.5596	154.0834
390.5834	154.0834
390.5834	154.5953
391.0953	154.5953
391.0953	155.1072
392.1191	155.1072
392.1191	155.6191
392.6310	155.6191
392.6310	156.1310
393.1429	156.1310
393.1429	157.1548
393.6548	157.1548
393.6548	157.6667
394.1667	157.6667
394.1667	158.1786
394.6786	158.1786
394.6786	159.7143
395.1906	159.7143
395.1906	160.7381
395.7025	160.7381
395.7025	162.2738
396.2144	162.2738
396.2144	163.2977
396.7263	163.2977
396.7263	164.3215
397.2382	164.3215
397.2382	165.3453
397.7501	165.3453
397.7501	165.8572
398.2620	165.8572
398.2620	167.3929
398.7739	167.3929
398.7739	168.4167
399.2858	168.4167
399.2858	169.4405
399.7977	169.4405
399.7977	169.9524
400.3096	169.9524
400.3096	170.9762
400.8215	170.9762
400.8215	172.0000
401.3334	172.0000
401.3334	172.5119
401.8453	172.5119
401.8453	173.5357
402.3572	173.5357
402.3572	174.5596
402.8691	174.5596
402.8691	175.0715
403.3810	175.0715
403.3810	176.0953
403.8929	176.0953
403.8929	177.1191
404.4048	177.1191
404.4048	177.6310
404.9167	177.6310
404.9167	178.1429
405.4286	178.1429
405.4286	178.6548
405.9406	178.6548
405.9406	179.1667
406.4525	179.1667
406.4525	179.6786
406.9644	179.6786
406.9644	180.1905
407.9882	180.1905
407.9882	180.7024
409.0120	180.7024
409.0120	181.2143
411.5715	181.2143
411.5715	181.7262
414.1310	181.7262
414.1310	181.2143
416.6906	181.2143
416.6906	180.7024
420.7858	180.7024
420.7858	181.2143
422.8334	181.2143
422.8334	181.7262
424.8810	181.7262
424.8810	182.2381
426.4167	182.2381
426.4167	182.7500
428.4644	182.7500
428.4644	183.2619
431.0239	183.2619
431.0239	183.7738
434.0953	183.7738
434.0953	184.2857
435.6310	184.2857
435.6310	184.7977
438.1906	184.7977
438.1906	185.3096
440.7501	185.3096
440.7501	185.8215
443.3096	185.8215
443.3096	186.3334
446.3810	186.3334
446.3810	186.8453
447.4048	186.8453
447.4048	187.3572
448.4287	187.3572
448.4287	187.8691
449.4525	187.8691
449.4525	188.3810
450.4763	188.3810
450.4763	188.8929
450.9882	188.8929
450.9882	189.4048
452.0120	189.4048
452.0120	189.9167
453.0358	189.9167
453.0358	190.4286
453.5477	190.4286
453.5477	190.9405
454.0596	190.9405
454.0596	191.4524
454.5715	191.4524
454.5715	191.9643
455.5953	191.9643
455.5953	192.4762
456.1072	192.4762
456.1072	192.9881
456.6191	192.9881
456.6191	193.5000
457.1310	193.5000
457.1310	194.0119
457.6429	194.0119
457.6429	194.5238
458.1548	194.5238
458.1548	195.0358
458.6668	195.0358
458.6668	195.5477
459.1787	195.5477
459.1787	196.0596
459.6906	196.0596
459.6906	196.5715
460.2025	196.5715
460.2025	197.5953
460.7144	197.5953
460.7144	198.6191
461.2263	198.6191
461.2263	199.6429
461.7382	199.6429
461.7382	200.6667
462.2501	200.6667
462.2501	201.1786
462.7620	201.1786
462.7620	202.7143
463.2739	202.7143
463.2739	205.2738
463.7858	205.2738
463.7858	210.3929
464.2977	210.3929
464.2977	211.9286
463.7858	211.9286
463.7858	214.4881
463.2739	214.4881
463.2739	217.5596
463.7858	217.5596
463.7858	220.1191
464.2977	220.1191
464.2977	221.1429
464.8096	221.1429
464.8096	222.1667
465.3215	222.1667
465.3215	222.6786
465.8334	222.6786
465.8334	223.1905
466.3453	223.1905
466.3453	223.7024
466.8572	223.7024
466.8572	224.2143
467.3691	224.2143
467.3691	224.7262
468.3929	224.7262
468.3929	225.2381
469.4168	225.2381
469.4168	225.7500
471.9763	225.7500
471.9763	226.2619
476.5834	226.2619
476.5834	225.7500
479.1429	225.7500
479.1429	225.2381
481.7025	225.2381
481.7025	224.7262
491.9406	224.7262
491.9406	225.2381
495.5239	225.2381
495.5239	225.7500
497.5715	225.7500
497.5715	226.2619
498.5953	226.2619
498.5953	226.7739
500.1310	226.7739
500.1310	227.2858
501.1549	227.2858
501.1549	227.7977
502.1787	227.7977
502.1787	228.3096
504.2263	228.3096
504.2263	228.8215
505.7620	228.8215
505.7620	229.3334
507.2977	229.3334
507.2977	229.8453
508.3215	229.8453
508.3215	230.3572
508.8334	230.3572
508.8334	230.8691
509.8572	230.8691
509.8572	231.3810
510.8810	231.3810
510.8810	231.8929
511.3930	231.8929
511.3930	232.4048
511.9049	232.4048
511.9049	232.9167
512.9287	232.9167
512.9287	233.4286
513.4406	233.4286
513.4406	233.9405
513.9525	233.9405
513.9525	234.4524
514.4644	234.4524
514.4644	234.9643
515.4882	234.9643
515.4882	235.9881
516.0001	235.9881
516.0001	236.5000
516.5120	236.5000
516.5120	237.0119
517.0239	237.0119
517.0239	238.0358
517.5358	238.0358
517.5358	239.5715
518.0477	239.5715
518.0477	240.5953
518.5596	240.5953
518.5596	243.1548
519.0715	243.1548
519.0715	247.2500
519.5834	247.2500
519.5834	251.8572
520.0953	251.8572
520.0953	254.4167
520.6072	254.4167
520.6072	255.4405
521.1191	255.4405
521.1191	258.5120
521.6311	258.5120
521.6311	261.0715
521.1191	261.0715
521.1191	265.1667
520.6072	265.1667
520.6072	269.7739
520.0953	269.7739
520.0953	270.7977
519.5834	270.7977
519.5834	271.3096
519.0715	271.3096
519.0715	272.3334
518.5596	272.3334
518.5596	272.8453
518.0477	272.8453
518.0477	273.3572
517.5358	273.3572
517.5358	273.8691
517.0239	273.8691
517.0239	274.8929
516.5120	274.8929
516.5120	275.4048
516.0001	275.4048
516.0001	275.9167
515.4882	275.9167
515.4882	276.4286
514.9763	276.4286
514.9763	276.9405
514.4644	276.9405
514.4644	277.9643
513.9525	277.9643
513.9525	278.9881
513.4406	278.9881
513.4406	280.0120
512.9287	280.0120
512.9287	281.5477
512.4168	281.5477
512.4168	284.1072
511.9049	284.1072
511.9049	292.8096
511.3930	292.8096
511.3930	294.3453
510.8810	294.3453
510.8810	295.3691
510.3691	295.3691
510.3691	296.3929
509.8572	296.3929
509.8572	297.9286
509.3453	297.9286
509.3453	298.4405
508.8334	298.4405
508.8334	298.9524
508.3215	298.9524
508.3215	299.9762
507.8096	299.9762
507.8096	301.0001
507.2977	301.0001
507.2977	303.5596
506.7858	303.5596
506.7858	304.5834
506.2739	304.5834
506.2739	306.1191
505.7620	306.1191
505.7620	308.6786
505.2501	308.6786
505.2501	310.7262
504.7382	310.7262
504.7382	312.2620
504.2263	312.2620
504.2263	313.7977
503.7144	313.7977
503.7144	315.8453
503.2025	315.8453
503.2025	316.8691
502.6906	316.8691
502.6906	318.4048
502.1787	318.4048
502.1787	319.4286
501.6668	319.4286
501.6668	320.4524
501.1549	320.4524
501.1549	321.9882
500.6430	321.9882
500.6430	323.0120
500.1310	323.0120
500.1310	324.0358
499.6191	324.0358
499.6191	325.0596
499.1072	325.0596
499.1072	325.5715
498.5953	325.5715
498.5953	326.5953
498.0834	326.5953
498.0834	327.6191
497.5715	327.6191
497.5715	328.6429
497.0596	328.6429
497.0596	330.1786
496.5477	330.1786
496.5477	331.2024
496.0358	331.2024
496.0358	332.2263
495.5239	332.2263
495.5239	333.2501
495.0120	333.2501
495.0120	334.7858
494.5001	334.7858
494.5001	335.2977
493.9882	335.2977
493.9882	335.8096
493.4763	335.8096
493.4763	336.3215
492.9644	336.3215
492.9644	336.8334
492.4525	336.8334
492.4525	337.8572
491.9406	337.8572
491.9406	338.3691
491.4287	338.3691
491.4287	338.8810
490.9168	338.8810
490.9168	339.3929
490.4049	339.3929
490.4049	340.4167
489.8930	340.4167
489.8930	340.9286
489.3810	340.9286
489.3810	341.4405
488.8691	341.4405
488.8691	341.9524
488.3572	341.9524
488.3572	342.4644
487.8453	342.4644
487.8453	342.9763
487.3334	342.9763
487.3334	343.4882
486.8215	343.4882
486.8215	344.0001
486.3096	344.0001
486.3096	344.5120
485.7977	344.5120
485.7977	345.0239
485.2858	345.0239
485.2858	345.5358
484.7739	345.5358
484.7739	346.0477
484.2620	346.0477
484.2620	346.5596
483.7501	346.5596
483.7501	347.0715
483.2382	347.0715
483.2382	347.5834
482.7263	347.5834
482.7263	348.6072
481.7025	348.6072
481.7025	349.1191
479.6549	349.1191
479.6549	349.6310
478.6310	349.6310
478.6310	350.1429
476.5834	350.1429
476.5834	350.6548
475.0477	350.6548
475.0477	351.1667
474.0239	351.1667
474.0239	351.6786
473.0001	351.6786
473.0001	352.1905
472.4882	352.1905
472.4882	352.7024
470.4406	352.7024
470.4406	352.1905
466.8572	352.1905
466.8572	352.7024
464.2977	352.7024
464.2977	353.2144
463.2739	353.2144
463.2739	353.7263
462.2501	353.7263
462.2501	354.2382
461.7382	354.2382
461.7382	354.7501
461.2263	354.7501
461.2263	355.2620
460.7144	355.2620
460.7144	355.7739
460.2025	355.7739
460.2025	356.2858
459.6906	356.2858
459.6906	356.7977
459.1787	356.7977
459.1787	357.3096
458.6668	357.3096
458.6668	358.3334
458.1548	358.3334
458.1548	358.8453
457.6429	358.8453
457.6429	359.8691
457.1310	359.8691
457.1310	360.8929
456.6191	360.8929
456.6191	361.9167
456.1072	361.9167
456.1072	362.9405
455.5953	362.9405
455.5953	363.4525
455.0834	363.4525
455.0834	363.9644
454.5715	363.9644
454.5715	364.4763
454.0596	364.4763
454.0596	365.5001
453.5477	365.5001
453.5477	366.0120
453.0358	366.0120
453.0358	366.5239
452.5239	366.5239
452.5239	367.0358
452.0120	367.0358
452.0120	367.5477
451.5001	367.5477
451.5001	368.0596
450.9882	368.0596
450.9882	368.5715
450.4763	368.5715
450.4763	369.0834
449.9644	369.0834
449.9644	369.5953
449.4525	369.5953
449.4525	370.1072
448.9406	370.1072
448.9406	370.6191
448.4287	370.6191
448.4287	371.1310
447.9168	371.1310
447.9168	371.6429
447.4048	371.6429
447.4048	372.6667
446.8929	372.6667
446.8929	373.6905
446.3810	373.6905
446.3810	374.2025
445.8691	374.2025
445.8691	374.7144
445.3572	374.7144
445.3572	375.7382
444.3334	375.7382
444.3334	376.2501
443.8215	376.2501
443.8215	376.7620
443.3096	376.7620
443.3096	377.2739
442.2858	377.2739
442.2858	377.7858
441.2620	377.7858
441.2620	378.2977
440.7501	378.2977
440.7501	378.8096
440.2382	378.8096
440.2382	379.3215
439.7263	379.3215
439.7263	379.8334
439.2144	379.8334
439.2144	380.3453
438.7025	380.3453
438.7025	380.8572
438.1906	380.8572
438.1906	381.3691
437.6787	381.3691
437.6787	381.8810
437.1667	381.8810
437.1667	382.3929
436.1429	382.3929
436.1429	382.9048
435.6310	382.9048
435.6310	383.4167
434.6072	383.4167
434.6072	383.9286
433.5834	383.9286
433.5834	384.4405
432.5596	384.4405
432.5596	384.9525
432.0477	384.9525
432.0477	385.4644
431.5358	385.4644
431.5358	385.9763
431.0239	385.9763
431.0239	386.4882
430.0001	386.4882
430.0001	387.0001
429.4882	387.0001
429.4882	387.5120
427.4406	387.5120
427.4406	388.0239
426.4167	388.0239
426.4167	388.5358
423.8572	388.5358
423.8572	389.0477
422.8334	389.0477
422.8334	389.5596
419.2501	389.5596
419.2501	389.0477
411.5715	389.0477
411.5715	388.5358
409.0120	388.5358
409.0120	389.0477
407.4763	389.0477
407.4763	388.5358
404.9167	388.5358
404.9167	388.0239
397.2382	388.0239
397.2382	388.5358
395.7025	388.5358
395.7025	388.0239
394.6786	388.0239
394.6786	387.5120
393.1429	387.5120
393.1429	387.0001
390.5834	387.0001
390.5834	386.4882
389.5596	386.4882
389.5596	385.9763
389.0477	385.9763
389.0477	385.4644
388.0239	385.4644
388.0239	384.9525
387.0001	384.9525
387.0001	384.4405
384.9525	384.4405
384.9525	383.9286
382.3929	383.9286
382.3929	383.4167
380.3453	383.4167
380.3453	382.9048
379.3215	382.9048
379.3215	382.3929
378.2977	382.3929
378.2977	381.8810
377.2739	381.8810
377.2739	381.3691
376.2501	381.3691
376.2501	380.8572
375.7382	380.8572
375.7382	380.3453
375.2263	380.3453
375.2263	379.8334
374.7144	379.8334
374.7144	379.3215
374.2025	379.3215
374.2025	378.8096
373.6905	378.8096
373.6905	378.2977
373.1786	378.2977
373.1786	377.7858
372.6667	377.7858
372.6667	377.2739
372.1548	377.2739
372.1548	376.7620
371.6429	376.7620
371.6429	376.2501
371.1310	376.2501
371.1310	375.7382
370.6191	375.7382
370.6191	375.2263
370.1072	375.2263
370.1072	374.7144
369.5953	374.7144
369.5953	374.2025
368.5715	374.2025
368.5715	373.6905
367.5477	373.6905
367.5477	373.1786
366.5239	373.1786
366.5239	372.6667
366.0120	372.6667
366.0120	372.1548
365.5001	372.1548
365.5001	371.6429
364.9882	371.6429
364.9882	371.1310
363.9644	371.1310
363.9644	370.6191
363.4525	370.6191
363.4525	370.1072
362.9405	370.1072
362.9405	369.0834
362.4286	369.0834
362.4286	368.0596
361.9167	368.0596
361.9167	367.5477
361.4048	367.5477
361.4048	365.5001
360.8929	365.5001
360.8929	364.4763
360.3810	364.4763
360.3810	363.4525
359.8691	363.4525
359.8691	362.4286
359.3572	362.4286
359.3572	361.9167
358.8453	361.9167
358.8453	361.4048
358.3334	361.4048
358.3334	360.8929
357.8215	360.8929
357.8215	360.3810
357.3096	360.3810
357.3096	359.8691
356.2858	359.8691
356.2858	357.8215
355.7739	357.8215
355.7739	354.7501
355.2620	354.7501
355.2620	352.1905
354.7501	352.1905
354.7501	351.1667
354.2382	351.1667
354.2382	350.1429
353.7263	350.1429
353.7263	349.1191
353.2144	349.1191
353.2144	346.5596
352.7024	346.5596
352.7024	344.5120
352.1905	344.5120
352.1905	343.4882
351.6786	343.4882
351.6786	342.4644
351.1667	342.4644
351.1667	339.9048
350.6548	339.9048
350.6548	337.8572
350.1429	337.8572
350.1429	336.8334
349.6310	336.8334
349.6310	335.8096
349.1191	335.8096
349.1191	335.2977
348.6072	335.2977
348.6072	334.7858
348.0953	334.7858
348.0953	334.2739
347.5834	334.2739
347.5834	333.7620
347.0715	333.7620
347.0715	333.2501
346.0477	333.2501
346.0477	332.7382
345.0239	332.7382
345.0239	332.2263
342.4644	332.2263
342.4644	331.7143
338.8810	331.7143
338.8810	332.2263
337.8572	332.2263
337.8572	331.7143
333.2501	331.7143
333.2501	332.2263
332.2263	332.2263
332.2263	331.7143
331.7143	331.7143
331.7143	331.2024
331.2024	331.2024
331.2024	330.6905
330.6905	330.6905
330.6905	330.1786
330.1786	330.1786
330.1786	329.6667
329.1548	329.6667
329.1548	329.1548
328.1310	329.1548
328.1310	328.6429
326.0834	328.6429
326.0834	328.1310
323.5239	328.1310
323.5239	327.6191
323.0120	327.6191
323.0120	327.1072
322.5001	327.1072
322.5001	326.5953
321.9882	326.5953
321.9882	326.0834
321.4763	326.0834
321.4763	325.5715
320.9643	325.5715
320.9643	325.0596
319.9405	325.0596
319.9405	324.5477
318.9167	324.5477
318.9167	324.0358
316.3572	324.0358
316.3572	323.5239
313.2858	323.5239
313.2858	324.0358
310.7262	324.0358
310.7262	324.5477
308.1667	324.5477
308.1667	324.0358
307.6548	324.0358
307.6548	323.5239
306.6310	323.5239
306.6310	323.0120
305.6072	323.0120
305.6072	322.5001
303.0477	322.5001
303.0477	321.9882
298.9524	321.9882
298.9524	321.4763
297.9286	321.4763
297.9286	320.9643
296.9048	320.9643
296.9048	320.4524
295.3691	320.4524
295.3691	319.9405
294.8572	319.9405
294.8572	319.4286
293.8334	319.4286
293.8334	318.9167
292.8096	318.9167
292.8096	318.4048
291.7858	318.4048
291.7858	317.8929
289.2262	317.8929
289.2262	317.3810
287.6905	317.3810
287.6905	316.8691
285.1310	316.8691
285.1310	316.3572
284.6191	316.3572
284.6191	315.8453
284.1072	315.8453
284.1072	315.3334
283.0834	315.3334
283.0834	314.8215
282.5715	314.8215
282.5715	314.3096
282.0596	314.3096
282.0596	313.7977
281.0358	313.7977
281.0358	313.2858
280.0120	313.2858
280.0120	312.7739
278.9881	312.7739
278.9881	312.2620
277.4524	312.2620
277.4524	311.7501
276.9405	311.7501
276.9405	311.2382
276.4286	311.2382
276.4286	310.2143
275.9167	310.2143
275.9167	309.7024
275.4048	309.7024
275.4048	308.6786
274.8929	308.6786
274.8929	307.6548
274.3810	307.6548
274.3810	306.6310
273.8691	306.6310
273.8691	306.1191
273.3572	306.1191
273.3572	302.0239
272.8453	302.0239
272.8453	299.4643
272.3334	299.4643
272.3334	298.4405
271.8215	298.4405
271.8215	297.4167
271.3096	297.4167
271.3096	296.9048
270.7977	296.9048
270.7977	296.3929
270.2858	296.3929
270.2858	295.8810
269.7739	295.8810
269.7739	295.3691
269.2620	295.3691
269.2620	294.8572
268.2381	294.8572
268.2381	294.3453
267.2143	294.3453
267.2143	293.8334
264.6548	293.8334
264.6548	293.3215
261.5834	293.3215
261.5834	293.8334
259.0239	293.8334
259.0239	294.3453
258.5120	294.3453
258.5120	293.8334
257.4881	293.8334
257.4881	292.8096
256.9762	292.8096
256.9762	292.2977
256.4643	292.2977
256.4643	291.7858
255.9524	291.7858
255.9524	291.2739
255.4405	291.2739
255.4405	290.7620
254.9286	290.7620
254.9286	290.2501
254.4167	290.2501
254.4167	289.7382
254.9286	289.7382
254.9286	287.1786
254.4167	287.1786
254.4167	284.6191
253.9048	284.6191
253.9048	278.9881
253.3929	278.9881
253.3929	274.8929
252.8810	274.8929
252.8810	269.2620
253.3929	269.2620
253.3929	266.7024
253.9048	266.7024
253.9048	265.6786
254.4167	265.6786
254.4167	264.6548
254.9286	264.6548
254.9286	262.0953
255.4405	262.0953
255.4405	259.5358
255.9524	259.5358
255.9524	258.5120
256.4643	258.5120
256.4643	257.4881
256.9762	257.4881
256.9762	256.9762
257.4881	256.9762
257.4881	255.9524
258.0000	255.9524
258.0000	255.4405
258.5120	255.4405
258.5120	254.4167
259.0239	254.4167
259.0239	253.3929
259.5358	253.3929
259.5358	252.8810
260.5596	252.8810
260.5596	252.3691
261.0715	252.3691
261.0715	251.8572
261.5834	251.8572
261.5834	251.3453
262.0953	251.3453
262.0953	250.8334
262.6072	250.8334
262.6072	250.3215
263.1191	250.3215
263.1191	249.8096
263.6310	249.8096
263.6310	249.2977
264.1429	249.2977
264.1429	248.7858
264.6548	248.7858
264.6548	247.7620
265.1667	247.7620
265.1667	247.2500
265.6786	247.2500
265.6786	246.7381
266.1905	246.7381
266.1905	245.7143
266.7024	245.7143
266.7024	244.6905
267.2143	244.6905
267.2143	243.6667
267.7262	243.6667
267.7262	242.6429
268.2381	242.6429
268.2381	241.6191
268.7501	241.6191
268.7501	240.5953
269.2620	240.5953
269.2620	239.5715
269.7739	239.5715
269.7739	238.5477
270.2858	238.5477
270.2858	237.5239
270.7977	237.5239
270.7977	236.5000
271.3096	236.5000
271.3096	234.9643
271.8215	234.9643
271.8215	234.4524
272.3334	234.4524
272.3334	233.9405
272.8453	233.9405
272.8453	233.4286
273.3572	233.4286
273.3572	232.9167
273.8691	232.9167
273.8691	232.4048
274.3810	232.4048
274.3810	231.8929
274.8929	231.8929
274.8929	231.3810
275.4048	231.3810
275.4048	230.8691
276.4286	230.8691
276.4286	230.3572
276.9405	230.3572
276.9405	229.8453
277.4524	229.8453
277.4524	229.3334
277.9643	229.3334
277.9643	228.8215
278.9881	228.8215
278.9881	228.3096
279.5001	228.3096
279.5001	227.7977
280.0120	227.7977
280.0120	227.2858
280.5239	227.2858
280.5239	226.7739
281.0358	226.7739
281.0358	226.2619
281.5477	226.2619
281.5477	225.7500
282.0596	225.7500
282.0596	224.7262
282.5715	224.7262
282.5715	223.7024
283.5953	223.7024
283.5953	223.1905
284.1072	223.1905
284.1072	222.6786
284.6191	222.6786
284.6191	222.1667
285.1310	222.1667
285.1310	221.6548
285.6429	221.6548
285.6429	221.1429
286.1548	221.1429
286.1548	220.6310
286.6667	220.6310
286.6667	220.1191
287.1786	220.1191
287.1786	219.6072
287.6905	219.6072
287.6905	219.0953
288.2024	219.0953
288.2024	218.5834
288.7143	218.5834
288.7143	217.5596
289.7382	217.5596
289.7382	217.0477
290.2501	217.0477
290.2501	216.5358
290.7620	216.5358
290.7620	216.0239
291.2739	216.0239
291.2739	215.5119
291.7858	215.5119
291.7858	215.0000
292.2977	215.0000
292.2977	213.9762
292.8096	213.9762
292.8096	212.9524
293.3215	212.9524
293.3215	210.3929
293.8334	210.3929
293.8334	207.8334
293.3215	207.8334
293.3215	205.2738
292.8096	205.2738
292.8096	204.2500
292.2977	204.2500
292.2977	202.7143
292.8096	202.7143
292.8096	202.2024
293.3215	202.2024
293.3215	201.6905
293.8334	201.6905
293.8334	201.1786
294.3453	201.1786
294.3453	200.6667
294.8572	200.6667
294.8572	200.1548
295.3691	200.1548
295.3691	199.1310
295.8810	199.1310
295.8810	198.1072
296.3929	198.1072
296.3929	197.0834
296.9048	197.0834
296.9048	196.5715
297.4167	196.5715
297.4167	195.5477
297.9286	195.5477
297.9286	194.5238
298.4405	194.5238
298.4405	192.9881
298.9524	192.9881
298.9524	192.4762
299.4643	192.4762
299.4643	191.4524
299.9762	191.4524
299.9762	190.4286
300.4882	190.4286
300.4882	188.3810
301.0001	188.3810
301.0001	187.8691
301.5120	187.8691
301.5120	187.3572
302.0239	187.3572
302.0239	186.3334
302.5358	186.3334
302.5358	185.8215
303.5596	185.8215
303.5596	185.3096
304.0715	185.3096
304.0715	184.7977
304.5834	184.7977
304.5834	184.2857
305.0953	184.2857
305.0953	183.7738
305.6072	183.7738
305.6072	183.2619
306.1191	183.2619
306.1191	182.7500
306.6310	182.7500
306.6310	182.2381
307.1429	182.2381
307.1429	181.7262
307.6548	181.7262
307.6548	181.2143
308.1667	181.2143
308.1667	180.7024
308.6786	180.7024
308.6786	180.1905
309.1905	180.1905
309.1905	179.6786
309.7024	179.6786
309.7024	178.6548
310.2143	178.6548
310.2143	178.1429
310.7262	178.1429
310.7262	177.6310
311.2382	177.6310
311.2382	177.1191
311.7501	177.1191
311.7501	176.6072
312.2620	176.6072
312.2620	176.0953
312.7739	176.0953
312.7739	175.5834
313.2858	175.5834
313.2858	174.5596
313.7977	174.5596
313.7977	173.5357
314.3096	173.5357
314.3096	173.0238
314.8215	173.0238
314.8215	172.5119
315.3334	172.5119
315.3334	171.4881
315.8453	171.4881
315.8453	170.4643
316.3572	170.4643
316.3572	169.9524
316.8691	169.9524
316.8691	168.9286
317.3810	168.9286
317.3810	168.4167
317.8929	168.4167
317.8929	167.9048
318.4048	167.9048
318.4048	167.3929
318.9167	167.3929
318.9167	166.8810
319.4286	166.8810
319.4286	166.3691
319.9405	166.3691
319.9405	165.3453
320.4524	165.3453
320.4524	164.8334
320.9643	164.8334
320.9643	164.3215
321.4763	164.3215
321.4763	163.8096
321.9882	163.8096
321.9882	163.2977
322.5001	163.2977
322.5001	162.2738
323.0120	162.2738
323.0120	161.7619
323.5239	161.7619
323.5239	161.2500
324.0358	161.2500
324.0358	160.7381
324.5477	160.7381
324.5477	159.7143
325.0596	159.7143
325.0596	158.6905
325.5715	158.6905
325.5715	157.1548
326.0834	157.1548
326.0834	156.6429
326.5953	156.6429
326.5953	155.6191
327.1072	155.6191
327.1072	154.5953
327.6191	154.5953
327.6191	154.0834
328.1310	154.0834
328.1310	153.5715
328.6429	153.5715
328.6429	153.0596
329.1548	153.0596
329.1548	152.5476
329.6667	152.5476
329.6667	152.0357
330.1786	152.0357
330.1786	151.5238
330.6905	151.5238
330.6905	151.0119
331.2024	151.0119
331.2024	150.5000
331.7143	150.5000
331.7143	149.9881
332.2263	149.9881
332.2263	149.4762
332.7382	149.4762
332.7382	148.9643
333.2501	148.9643
333.2501	148.4524
333.7620	148.4524
333.7620	147.9405
334.2739	147.9405
334.2739	147.4286
334.7858	147.4286
334.7858	146.9167
335.2977	146.9167
335.2977	146.4048
335.8096	146.4048
335.8096	145.8929
336.8334	145.8929
336.8334	145.3810
337.8572	145.3810
337.8572	144.8691
338.3691	144.8691
338.3691	144.3572
339.3929	144.3572
339.3929	143.8453
340.4167	143.8453
340.4167	143.3334
341.4405	143.3334
341.4405	142.8215
342.9763	142.8215
342.9763	142.3096
344.0001	142.3096
344.0001	141.7976
345.0239	141.7976
345.0239	141.2857
346.0477	141.2857
346.0477	140.7738
348.0953	140.7738
348.0953	140.2619
349.6310	140.2619
349.6310	139.7500
350.6548	139.7500
350.6548	139.2381
352.1905	139.2381
352.1905	138.7262
353.7263	138.7262
353.7263	138.2143
355.2620	138.2143
355.2620	137.7024
357.8215	137.7024
357.8215	137.1905
360.3810	137.1905
360.3810	136.6786
361.9167	136.6786
