347.0715	125.9286
349.1191	125.9286
349.1191	126.4405
350.1429	126.4405
350.1429	126.9524
352.1905	126.9524
352.1905	127.4643
354.7501	127.4643
354.7501	127.9762
355.2620	127.9762
355.2620	128.4881
355.7739	128.4881
355.7739	129.0000
356.2858	129.0000
356.2858	129.5119
357.3096	129.5119
357.3096	130.5357
357.8215	130.5357
357.8215	131.0476
358.3334	131.0476
358.3334	131.5595
358.8453	131.5595
358.8453	132.0715
359.3572	132.0715
359.3572	133.0953
359.8691	133.0953
359.8691	135.6548
360.3810	135.6548
360.3810	136.6786
360.8929	136.6786
360.8929	137.7024
361.4048	137.7024
361.4048	138.7262
361.9167	138.7262
361.9167	139.7500
362.4286	139.7500
362.4286	140.2619
362.9405	140.2619
362.9405	140.7738
363.4525	140.7738
363.4525	141.7976
363.9644	141.7976
363.9644	142.8215
364.4763	142.8215
364.4763	145.3810
364.9882	145.3810
364.9882	146.4048
365.5001	146.4048
365.5001	147.9405
366.0120	147.9405
366.0120	148.9643
366.5239	148.9643
366.5239	149.9881
367.0358	149.9881
367.0358	151.0119
367.5477	151.0119
367.5477	152.0357
368.0596	152.0357
368.0596	152.5476
368.5715	152.5476
368.5715	154.0834
369.0834	154.0834
369.0834	155.1072
369.5953	155.1072
369.5953	156.1310
370.1072	156.1310
370.1072	156.6429
370.6191	156.6429
370.6191	157.1548
371.1310	157.1548
371.1310	157.6667
371.6429	157.6667
371.6429	158.1786
372.1548	158.1786
372.1548	158.6905
372.6667	158.6905
372.6667	159.2024
373.1786	159.2024
373.1786	159.7143
373.6905	159.7143
373.6905	161.2500
374.2025	161.2500
374.2025	162.2738
374.7144	162.2738
374.7144	163.2977
375.2263	163.2977
375.2263	163.8096
375.7382	163.8096
375.7382	164.3215
376.2501	164.3215
376.2501	165.3453
376.7620	165.3453
376.7620	165.8572
377.2739	165.8572
377.2739	166.3691
377.7858	166.3691
377.7858	168.9286
378.2977	168.9286
378.2977	169.9524
378.8096	169.9524
378.8096	170.9762
379.3215	170.9762
379.3215	172.0000
379.8334	172.0000
379.8334	172.5119
380.3453	172.5119
380.3453	173.0238
380.8572	173.0238
380.8572	173.5357
381.3691	173.5357
381.3691	174.0477
381.8810	174.0477
381.8810	174.5596
382.9048	174.5596
382.9048	175.0715
383.9286	175.0715
383.9286	175.5834
386.4882	175.5834
386.4882	176.0953
390.5834	176.0953
390.5834	175.5834
393.1429	175.5834
393.1429	175.0715
396.2144	175.0715
396.2144	175.5834
398.7739	175.5834
398.7739	176.0953
400.8215	176.0953
400.8215	176.6072
403.3810	176.6072
403.3810	177.1191
408.5001	177.1191
408.5001	177.6310
411.0596	177.6310
411.0596	178.1429
413.6191	178.1429
413.6191	178.6548
416.1787	178.6548
416.1787	179.1667
417.7144	179.1667
417.7144	179.6786
419.7620	179.6786
419.7620	180.1905
422.3215	180.1905
422.3215	180.7024
423.8572	180.7024
423.8572	181.2143
425.9048	181.2143
425.9048	181.7262
426.9287	181.7262
426.9287	182.2381
427.4406	182.2381
427.4406	182.7500
428.4644	182.7500
428.4644	183.2619
429.4882	183.2619
429.4882	183.7738
430.5120	183.7738
430.5120	184.2857
431.0239	184.2857
431.0239	184.7977
432.0477	184.7977
432.0477	185.3096
432.5596	185.3096
432.5596	185.8215
433.0715	185.8215
433.0715	186.3334
433.5834	186.3334
433.5834	187.3572
434.0953	187.3572
434.0953	187.8691
434.6072	187.8691
434.6072	188.3810
435.1191	188.3810
435.1191	188.8929
435.6310	188.8929
435.6310	189.4048
436.1429	189.4048
436.1429	189.9167
436.6548	189.9167
436.6548	190.4286
437.1667	190.4286
437.1667	190.9405
437.6787	190.9405
437.6787	191.4524
438.1906	191.4524
438.1906	191.9643
439.2144	191.9643
439.2144	192.9881
439.7263	192.9881
439.7263	194.0119
440.2382	194.0119
440.2382	195.0358
440.7501	195.0358
440.7501	197.0834
441.2620	197.0834
441.2620	198.1072
441.7739	198.1072
441.7739	200.1548
442.2858	200.1548
442.2858	202.2024
442.7977	202.2024
442.7977	203.7381
443.3096	203.7381
443.3096	205.7858
443.8215	205.7858
443.8215	208.3453
444.3334	208.3453
444.3334	210.3929
444.8453	210.3929
444.8453	211.4167
445.3572	211.4167
445.3572	212.4405
445.8691	212.4405
445.8691	212.9524
446.3810	212.9524
446.3810	213.4643
446.8929	213.4643
446.8929	213.9762
447.4048	213.9762
447.4048	214.4881
447.9168	214.4881
447.9168	215.0000
448.9406	215.0000
448.9406	215.5119
449.9644	215.5119
449.9644	216.0239
452.5239	216.0239
452.5239	216.5358
460.7144	216.5358
460.7144	216.0239
467.8810	216.0239
467.8810	215.5119
469.4168	215.5119
469.4168	216.0239
473.5120	216.0239
473.5120	216.5358
476.0715	216.5358
476.0715	217.0477
477.6072	217.0477
477.6072	217.5596
479.1429	217.5596
479.1429	218.0715
479.6549	218.0715
479.6549	218.5834
480.6787	218.5834
480.6787	219.0953
481.7025	219.0953
481.7025	219.6072
482.2144	219.6072
482.2144	220.1191
483.2382	220.1191
483.2382	220.6310
483.7501	220.6310
483.7501	221.1429
484.2620	221.1429
484.2620	221.6548
484.7739	221.6548
484.7739	222.1667
485.2858	222.1667
485.2858	222.6786
485.7977	222.6786
485.7977	223.1905
486.3096	223.1905
486.3096	223.7024
486.8215	223.7024
486.8215	224.2143
487.3334	224.2143
487.3334	224.7262
487.8453	224.7262
487.8453	225.2381
488.3572	225.2381
488.3572	225.7500
488.8691	225.7500
488.8691	226.2619
489.3810	226.2619
489.3810	227.2858
489.8930	227.2858
489.8930	227.7977
490.4049	227.7977
490.4049	228.3096
490.9168	228.3096
490.9168	229.3334
491.4287	229.3334
491.4287	230.3572
491.9406	230.3572
491.9406	231.3810
492.4525	231.3810
492.4525	231.8929
492.9644	231.8929
492.9644	232.9167
493.4763	232.9167
493.4763	233.9405
493.9882	233.9405
493.9882	235.4762
494.5001	235.4762
494.5001	236.5000
495.0120	236.5000
495.0120	237.5239
495.5239	237.5239
495.5239	238.5477
496.0358	238.5477
496.0358	239.0596
496.5477	239.0596
496.5477	239.5715
497.0596	239.5715
497.0596	240.5953
497.5715	240.5953
497.5715	241.6191
498.0834	241.6191
498.0834	242.1310
498.5953	242.1310
498.5953	243.1548
499.1072	243.1548
499.1072	243.6667
499.6191	243.6667
499.6191	246.2262
500.1310	246.2262
500.1310	248.7858
500.6430	248.7858
500.6430	250.8334
501.1549	250.8334
501.1549	252.3691
501.6668	252.3691
501.6668	254.4167
501.1549	254.4167
501.1549	258.5120
501.6668	258.5120
501.6668	259.5358
501.1549	259.5358
501.1549	260.5596
500.6430	260.5596
500.6430	261.5834
500.1310	261.5834
500.1310	262.6072
499.6191	262.6072
499.6191	263.6310
499.1072	263.6310
499.1072	264.1429
498.5953	264.1429
498.5953	265.1667
498.0834	265.1667
498.0834	266.1905
497.5715	266.1905
497.5715	267.7262
497.0596	267.7262
497.0596	268.7501
496.5477	268.7501
496.5477	269.7739
496.0358	269.7739
496.0358	270.2858
495.5239	270.2858
495.5239	271.3096
495.0120	271.3096
495.0120	271.8215
494.5001	271.8215
494.5001	272.3334
493.9882	272.3334
493.9882	272.8453
493.4763	272.8453
493.4763	273.3572
492.9644	273.3572
492.9644	273.8691
492.4525	273.8691
492.4525	274.3810
491.9406	274.3810
491.9406	274.8929
491.4287	274.8929
491.4287	275.4048
490.9168	275.4048
490.9168	275.9167
490.4049	275.9167
490.4049	276.9405
489.8930	276.9405
489.8930	277.9643
489.3810	277.9643
489.3810	280.5239
488.8691	280.5239
488.8691	284.6191
489.3810	284.6191
489.3810	288.2024
489.8930	288.2024
489.8930	290.7620
490.4049	290.7620
490.4049	291.2739
489.8930	291.2739
489.8930	292.8096
489.3810	292.8096
489.3810	294.8572
488.8691	294.8572
488.8691	297.4167
488.3572	297.4167
488.3572	305.0953
487.8453	305.0953
487.8453	307.1429
487.3334	307.1429
487.3334	308.1667
486.8215	308.1667
486.8215	309.7024
486.3096	309.7024
486.3096	311.7501
485.7977	311.7501
485.7977	312.7739
485.2858	312.7739
485.2858	313.7977
484.7739	313.7977
484.7739	316.3572
484.2620	316.3572
484.2620	320.9643
483.7501	320.9643
483.7501	323.5239
483.2382	323.5239
483.2382	324.5477
482.7263	324.5477
482.7263	325.5715
482.2144	325.5715
482.2144	326.5953
481.7025	326.5953
481.7025	327.6191
481.1906	327.6191
481.1906	328.6429
480.6787	328.6429
480.6787	329.6667
480.1668	329.6667
480.1668	330.6905
479.6549	330.6905
479.6549	331.7143
479.1429	331.7143
479.1429	332.2263
478.6310	332.2263
478.6310	333.2501
478.1191	333.2501
478.1191	334.2739
477.6072	334.2739
477.6072	335.8096
477.0953	335.8096
477.0953	336.3215
476.5834	336.3215
476.5834	337.3453
476.0715	337.3453
476.0715	338.3691
475.5596	338.3691
475.5596	339.3929
475.0477	339.3929
475.0477	339.9048
474.5358	339.9048
474.5358	340.4167
474.0239	340.4167
474.0239	340.9286
473.5120	340.9286
473.5120	341.4405
473.0001	341.4405
473.0001	342.4644
472.4882	342.4644
472.4882	342.9763
471.9763	342.9763
471.9763	343.4882
471.4644	343.4882
471.4644	344.0001
470.9525	344.0001
470.9525	344.5120
470.4406	344.5120
470.4406	345.0239
469.9287	345.0239
469.9287	345.5358
469.4168	345.5358
469.4168	346.0477
468.9049	346.0477
468.9049	346.5596
468.3929	346.5596
468.3929	347.0715
467.3691	347.0715
467.3691	347.5834
466.8572	347.5834
466.8572	348.0953
465.8334	348.0953
465.8334	348.6072
463.7858	348.6072
463.7858	349.1191
462.7620	349.1191
462.7620	349.6310
461.7382	349.6310
461.7382	350.1429
460.2025	350.1429
460.2025	350.6548
459.1787	350.6548
459.1787	351.1667
458.1548	351.1667
458.1548	351.6786
456.1072	351.6786
456.1072	352.1905
455.0834	352.1905
455.0834	352.7024
453.0358	352.7024
453.0358	353.2144
452.0120	353.2144
452.0120	353.7263
450.9882	353.7263
450.9882	354.2382
450.4763	354.2382
450.4763	354.7501
449.9644	354.7501
449.9644	355.2620
447.9168	355.2620
447.9168	355.7739
446.8929	355.7739
446.8929	356.2858
445.8691	356.2858
445.8691	356.7977
445.3572	356.7977
445.3572	357.3096
444.3334	357.3096
444.3334	357.8215
443.3096	357.8215
443.3096	358.3334
442.7977	358.3334
442.7977	358.8453
442.2858	358.8453
442.2858	359.3572
441.7739	359.3572
441.7739	359.8691
441.2620	359.8691
441.2620	360.3810
440.7501	360.3810
440.7501	360.8929
440.2382	360.8929
440.2382	361.4048
439.7263	361.4048
439.7263	361.9167
439.2144	361.9167
439.2144	362.4286
438.7025	362.4286
438.7025	362.9405
438.1906	362.9405
438.1906	363.4525
437.1667	363.4525
437.1667	363.9644
436.1429	363.9644
436.1429	364.4763
435.6310	364.4763
435.6310	364.9882
434.6072	364.9882
434.6072	365.5001
434.0953	365.5001
434.0953	366.0120
433.5834	366.0120
433.5834	366.5239
433.0715	366.5239
433.0715	367.0358
432.5596	367.0358
432.5596	367.5477
431.5358	367.5477
431.5358	368.0596
431.0239	368.0596
431.0239	368.5715
430.5120	368.5715
430.5120	369.0834
430.0001	369.0834
430.0001	369.5953
429.4882	369.5953
429.4882	370.1072
428.9763	370.1072
428.9763	370.6191
428.4644	370.6191
428.4644	371.6429
427.9525	371.6429
427.9525	372.1548
426.9287	372.1548
426.9287	372.6667
426.4167	372.6667
426.4167	373.1786
425.9048	373.1786
425.9048	373.6905
424.8810	373.6905
424.8810	374.2025
424.3691	374.2025
424.3691	374.7144
423.8572	374.7144
423.8572	375.2263
423.3453	375.2263
423.3453	375.7382
422.8334	375.7382
422.8334	376.2501
422.3215	376.2501
422.3215	376.7620
421.8096	376.7620
421.8096	377.2739
420.7858	377.2739
420.7858	377.7858
420.2739	377.7858
420.2739	378.2977
419.7620	378.2977
419.7620	378.8096
419.2501	378.8096
419.2501	379.3215
418.7382	379.3215
418.7382	379.8334
418.2263	379.8334
418.2263	380.3453
417.7144	380.3453
417.7144	380.8572
415.6667	380.8572
415.6667	381.3691
414.6429	381.3691
414.6429	381.8810
413.6191	381.8810
413.6191	382.3929
413.1072	382.3929
413.1072	382.9048
412.5953	382.9048
412.5953	383.4167
411.5715	383.4167
411.5715	383.9286
411.0596	383.9286
411.0596	384.4405
410.0358	384.4405
410.0358	384.9525
409.0120	384.9525
409.0120	385.4644
408.5001	385.4644
408.5001	385.9763
406.9644	385.9763
406.9644	386.4882
405.9406	386.4882
405.9406	387.0001
404.9167	387.0001
404.9167	387.5120
403.8929	387.5120
403.8929	388.0239
400.8215	388.0239
400.8215	388.5358
396.2144	388.5358
396.2144	389.0477
391.6072	389.0477
391.6072	388.5358
390.5834	388.5358
390.5834	388.0239
389.5596	388.0239
389.5596	387.5120
387.0001	387.5120
387.0001	387.0001
383.9286	387.0001
383.9286	387.5120
381.3691	387.5120
381.3691	388.0239
380.3453	388.0239
380.3453	388.5358
379.8334	388.5358
379.8334	388.0239
378.8096	388.0239
378.8096	387.5120
376.2501	387.5120
376.2501	387.0001
374.7144	387.0001
374.7144	386.4882
372.1548	386.4882
372.1548	385.9763
369.5953	385.9763
369.5953	385.4644
368.5715	385.4644
368.5715	384.9525
366.0120	384.9525
366.0120	384.4405
363.4525	384.4405
363.4525	384.9525
362.4286	384.9525
362.4286	384.4405
361.4048	384.4405
361.4048	383.9286
360.3810	383.9286
360.3810	383.4167
359.3572	383.4167
359.3572	382.9048
356.7977	382.9048
356.7977	382.3929
356.2858	382.3929
356.2858	381.8810
355.7739	381.8810
355.7739	381.3691
355.2620	381.3691
355.2620	380.8572
354.2382	380.8572
354.2382	380.3453
353.2144	380.3453
353.2144	379.8334
352.1905	379.8334
352.1905	379.3215
351.1667	379.3215
351.1667	378.8096
350.1429	378.8096
350.1429	377.7858
349.6310	377.7858
349.6310	376.7620
349.1191	376.7620
349.1191	376.2501
348.6072	376.2501
348.6072	375.7382
348.0953	375.7382
348.0953	375.2263
347.5834	375.2263
347.5834	374.7144
347.0715	374.7144
347.0715	374.2025
346.5596	374.2025
346.5596	373.6905
345.5358	373.6905
345.5358	373.1786
344.5120	373.1786
344.5120	372.6667
342.9763	372.6667
342.9763	372.1548
340.4167	372.1548
340.4167	371.6429
339.9048	371.6429
339.9048	371.1310
339.3929	371.1310
339.3929	370.6191
338.8810	370.6191
338.8810	369.5953
338.3691	369.5953
338.3691	369.0834
337.8572	369.0834
337.8572	368.5715
337.3453	368.5715
337.3453	368.0596
336.8334	368.0596
336.8334	367.5477
336.3215	367.5477
336.3215	367.0358
335.8096	367.0358
335.8096	366.5239
335.2977	366.5239
335.2977	366.0120
334.7858	366.0120
334.7858	365.5001
334.2739	365.5001
334.2739	364.9882
333.7620	364.9882
333.7620	364.4763
333.2501	364.4763
333.2501	363.9644
332.7382	363.9644
332.7382	363.4525
332.2263	363.4525
332.2263	362.4286
331.7143	362.4286
331.7143	361.4048
331.2024	361.4048
331.2024	360.8929
330.6905	360.8929
330.6905	360.3810
330.1786	360.3810
330.1786	359.8691
329.6667	359.8691
329.6667	358.8453
330.1786	358.8453
330.1786	353.2144
329.6667	353.2144
329.6667	350.6548
329.1548	350.6548
329.1548	349.6310
328.6429	349.6310
328.6429	348.6072
328.1310	348.6072
328.1310	348.0953
327.6191	348.0953
327.6191	347.5834
327.1072	347.5834
327.1072	346.5596
326.5953	346.5596
326.5953	345.5358
326.0834	345.5358
326.0834	345.0239
325.5715	345.0239
325.5715	341.9524
325.0596	341.9524
325.0596	339.3929
324.5477	339.3929
324.5477	338.3691
324.0358	338.3691
324.0358	335.8096
323.5239	335.8096
323.5239	334.7858
323.0120	334.7858
323.0120	333.7620
322.5001	333.7620
322.5001	333.2501
321.9882	333.2501
321.9882	332.7382
321.4763	332.7382
321.4763	332.2263
320.9643	332.2263
320.9643	331.7143
320.4524	331.7143
320.4524	331.2024
319.4286	331.2024
319.4286	330.6905
318.4048	330.6905
318.4048	330.1786
315.8453	330.1786
315.8453	329.6667
311.2382	329.6667
311.2382	330.1786
310.7262	330.1786
310.7262	329.6667
310.2143	329.6667
310.2143	329.1548
309.7024	329.1548
309.7024	328.6429
308.6786	328.6429
308.6786	328.1310
307.6548	328.1310
307.6548	327.6191
305.0953	327.6191
305.0953	327.1072
302.5358	327.1072
302.5358	327.6191
299.9762	327.6191
299.9762	328.1310
298.9524	328.1310
298.9524	328.6429
297.9286	328.6429
297.9286	328.1310
296.9048	328.1310
296.9048	327.6191
295.8810	327.6191
295.8810	327.1072
293.3215	327.1072
293.3215	326.5953
290.7620	326.5953
290.7620	326.0834
287.6905	326.0834
287.6905	325.5715
287.1786	325.5715
287.1786	325.0596
286.1548	325.0596
286.1548	324.5477
285.1310	324.5477
285.1310	324.0358
282.5715	324.0358
282.5715	323.5239
280.0120	323.5239
280.0120	323.0120
277.4524	323.0120
277.4524	322.5001
272.3334	322.5001
272.3334	321.9882
270.7977	321.9882
270.7977	321.4763
268.2381	321.4763
268.2381	320.9643
266.1905	320.9643
266.1905	320.4524
265.1667	320.4524
265.1667	319.9405
264.1429	319.9405
264.1429	319.4286
262.0953	319.4286
262.0953	318.9167
260.5596	318.9167
260.5596	318.4048
259.5358	318.4048
259.5358	317.8929
258.5120	317.8929
258.5120	317.3810
255.9524	317.3810
255.9524	316.8691
254.9286	316.8691
254.9286	316.3572
253.9048	316.3572
253.9048	315.8453
251.3453	315.8453
251.3453	315.3334
247.7620	315.3334
247.7620	315.8453
246.2262	315.8453
246.2262	315.3334
244.1786	315.3334
244.1786	314.8215
243.6667	314.8215
243.6667	313.7977
243.1548	313.7977
243.1548	312.2620
242.6429	312.2620
242.6429	311.2382
242.1310	311.2382
242.1310	310.2143
241.6191	310.2143
241.6191	309.7024
241.1072	309.7024
241.1072	309.1905
240.5953	309.1905
240.5953	308.1667
240.0834	308.1667
240.0834	307.1429
239.5715	307.1429
239.5715	306.6310
239.0596	306.6310
239.0596	306.1191
238.5477	306.1191
238.5477	305.6072
238.0358	305.6072
238.0358	305.0953
237.5239	305.0953
237.5239	304.5834
237.0119	304.5834
237.0119	304.0715
236.5000	304.0715
236.5000	303.0477
235.9881	303.0477
235.9881	302.5358
235.4762	302.5358
235.4762	302.0239
234.9643	302.0239
234.9643	301.0001
234.4524	301.0001
234.4524	300.4882
233.9405	300.4882
233.9405	297.4167
233.4286	297.4167
233.4286	294.8572
232.9167	294.8572
232.9167	293.8334
232.4048	293.8334
232.4048	292.8096
231.8929	292.8096
231.8929	292.2977
231.3810	292.2977
231.3810	291.7858
230.8691	291.7858
230.8691	291.2739
230.3572	291.2739
230.3572	290.7620
229.8453	290.7620
229.8453	289.7382
230.3572	289.7382
230.3572	286.6667
229.8453	286.6667
229.8453	282.5715
229.3334	282.5715
229.3334	280.0120
228.8215	280.0120
228.8215	277.9643
228.3096	277.9643
228.3096	273.8691
227.7977	273.8691
227.7977	270.7977
228.3096	270.7977
228.3096	268.2381
228.8215	268.2381
228.8215	265.1667
229.3334	265.1667
229.3334	264.1429
229.8453	264.1429
229.8453	262.0953
230.3572	262.0953
230.3572	260.5596
230.8691	260.5596
230.8691	258.5120
231.3810	258.5120
231.3810	258.0000
231.8929	258.0000
231.8929	257.4881
232.4048	257.4881
232.4048	256.4643
232.9167	256.4643
232.9167	255.9524
233.4286	255.9524
233.4286	255.4405
233.9405	255.4405
233.9405	254.9286
234.4524	254.9286
234.4524	253.9048
234.9643	253.9048
234.9643	252.8810
235.4762	252.8810
235.4762	251.3453
235.9881	251.3453
235.9881	250.3215
236.5000	250.3215
236.5000	249.8096
237.0119	249.8096
237.0119	249.2977
237.5239	249.2977
237.5239	248.2739
238.0358	248.2739
238.0358	247.2500
238.5477	247.2500
238.5477	246.2262
239.0596	246.2262
239.0596	245.2024
239.5715	245.2024
239.5715	244.1786
240.0834	244.1786
240.0834	242.1310
240.5953	242.1310
240.5953	240.0834
241.1072	240.0834
241.1072	238.0358
241.6191	238.0358
241.6191	237.0119
242.1310	237.0119
242.1310	235.9881
242.6429	235.9881
242.6429	235.4762
243.1548	235.4762
243.1548	234.4524
243.6667	234.4524
243.6667	233.9405
244.1786	233.9405
244.1786	233.4286
244.6905	233.4286
244.6905	232.4048
245.2024	232.4048
245.2024	231.8929
245.7143	231.8929
245.7143	231.3810
246.2262	231.3810
246.2262	230.8691
246.7381	230.8691
246.7381	230.3572
247.2500	230.3572
247.2500	229.8453
248.2739	229.8453
248.2739	229.3334
249.8096	229.3334
249.8096	228.8215
250.8334	228.8215
250.8334	228.3096
251.8572	228.3096
251.8572	227.7977
252.8810	227.7977
252.8810	227.2858
253.3929	227.2858
253.3929	226.7739
253.9048	226.7739
253.9048	226.2619
254.4167	226.2619
254.4167	225.7500
254.9286	225.7500
254.9286	225.2381
255.4405	225.2381
255.4405	224.7262
255.9524	224.7262
255.9524	224.2143
256.9762	224.2143
256.9762	223.7024
257.4881	223.7024
257.4881	223.1905
258.0000	223.1905
258.0000	222.6786
258.5120	222.6786
258.5120	222.1667
259.0239	222.1667
259.0239	221.6548
259.5358	221.6548
259.5358	221.1429
260.0477	221.1429
260.0477	220.6310
260.5596	220.6310
260.5596	219.6072
261.0715	219.6072
261.0715	219.0953
261.5834	219.0953
261.5834	218.5834
262.0953	218.5834
262.0953	218.0715
262.6072	218.0715
262.6072	217.5596
263.1191	217.5596
263.1191	217.0477
263.6310	217.0477
263.6310	216.0239
264.1429	216.0239
264.1429	215.0000
264.6548	215.0000
264.6548	212.4405
265.1667	212.4405
265.1667	209.3691
265.6786	209.3691
265.6786	202.7143
265.1667	202.7143
265.1667	201.1786
265.6786	201.1786
265.6786	200.1548
266.1905	200.1548
266.1905	197.5953
266.7024	197.5953
266.7024	195.0358
267.2143	195.0358
267.2143	194.0119
267.7262	194.0119
267.7262	192.9881
268.2381	192.9881
268.2381	190.4286
268.7501	190.4286
268.7501	188.8929
269.7739	188.8929
269.7739	188.3810
270.7977	188.3810
270.7977	187.8691
271.3096	187.8691
271.3096	187.3572
271.8215	187.3572
271.8215	186.8453
272.3334	186.8453
272.3334	186.3334
272.8453	186.3334
272.8453	185.8215
273.3572	185.8215
273.3572	185.3096
273.8691	185.3096
273.8691	184.2857
274.3810	184.2857
274.3810	183.2619
275.4048	183.2619
275.4048	182.7500
276.4286	182.7500
276.4286	182.2381
277.4524	182.2381
277.4524	181.7262
277.9643	181.7262
277.9643	181.2143
278.4762	181.2143
278.4762	180.7024
280.0120	180.7024
280.0120	180.1905
281.0358	180.1905
281.0358	179.6786
282.0596	179.6786
282.0596	179.1667
283.0834	179.1667
283.0834	178.6548
284.1072	178.6548
284.1072	178.1429
284.6191	178.1429
284.6191	177.6310
285.1310	177.6310
285.1310	177.1191
285.6429	177.1191
285.6429	176.6072
286.1548	176.6072
286.1548	176.0953
286.6667	176.0953
286.6667	175.5834
287.6905	175.5834
287.6905	175.0715
288.2024	175.0715
288.2024	174.5596
288.7143	174.5596
288.7143	174.0477
289.2262	174.0477
289.2262	173.5357
289.7382	173.5357
289.7382	173.0238
290.2501	173.0238
290.2501	172.5119
290.7620	172.5119
290.7620	172.0000
291.2739	172.0000
291.2739	170.9762
291.7858	170.9762
291.7858	169.9524
292.2977	169.9524
292.2977	169.4405
292.8096	169.4405
292.8096	168.9286
293.3215	168.9286
293.3215	167.9048
293.8334	167.9048
293.8334	166.8810
294.3453	166.8810
294.3453	166.3691
294.8572	166.3691
294.8572	165.8572
295.3691	165.8572
295.3691	164.8334
295.8810	164.8334
295.8810	163.8096
296.3929	163.8096
296.3929	163.2977
296.9048	163.2977
296.9048	162.7857
297.4167	162.7857
297.4167	162.2738
297.9286	162.2738
297.9286	161.2500
298.4405	161.2500
298.4405	160.2262
298.9524	160.2262
298.9524	159.2024
299.4643	159.2024
299.4643	158.6905
299.9762	158.6905
299.9762	157.6667
300.4882	157.6667
300.4882	156.6429
301.0001	156.6429
301.0001	155.6191
301.5120	155.6191
301.5120	155.1072
302.0239	155.1072
302.0239	154.5953
302.5358	154.5953
302.5358	154.0834
303.0477	154.0834
303.0477	153.5715
303.5596	153.5715
303.5596	153.0596
304.0715	153.0596
304.0715	152.5476
304.5834	152.5476
304.5834	151.5238
305.0953	151.5238
305.0953	150.5000
305.6072	150.5000
305.6072	147.9405
306.1191	147.9405
306.1191	146.9167
306.6310	146.9167
306.6310	145.8929
307.1429	145.8929
307.1429	144.8691
307.6548	144.8691
307.6548	142.3096
308.1667	142.3096
308.1667	140.7738
308.6786	140.7738
308.6786	140.2619
309.1905	140.2619
309.1905	139.7500
309.7024	139.7500
309.7024	138.7262
310.2143	138.7262
310.2143	138.2143
310.7262	138.2143
310.7262	137.7024
311.2382	137.7024
311.2382	137.1905
311.7501	137.1905
311.7501	136.6786
312.2620	136.6786
312.2620	136.1667
312.7739	136.1667
312.7739	135.6548
313.7977	135.6548
313.7977	135.1429
315.3334	135.1429
315.3334	134.6310
316.8691	134.6310
316.8691	134.1191
317.8929	134.1191
317.8929	133.6072
318.9167	133.6072
318.9167	133.0953
320.4524	133.0953
320.4524	132.5834
321.4763	132.5834
321.4763	132.0715
322.5001	132.0715
322.5001	131.5595
323.0120	131.5595
323.0120	131.0476
325.0596	131.0476
325.0596	130.5357
326.5953	130.5357
326.5953	130.0238
328.1310	130.0238
328.1310	129.5119
330.1786	129.5119
330.1786	129.0000
331.2024	129.0000
331.2024	128.4881
332.7382	128.4881
332.7382	127.9762
333.7620	127.9762
333.7620	127.4643
334.7858	127.4643
334.7858	126.9524
336.3215	126.9524
336.3215	126.4405
338.3691	126.4405
338.3691	125.9286
340.4167	125.9286
340.4167	125.4167
347.0715	125.4167
