375.7382	215.5119
381.8810	215.5119
381.8810	215.0000
383.4167	215.0000
383.4167	215.5119
388.0239	215.5119
388.0239	216.0239
393.6548	216.0239
393.6548	216.5358
395.7025	216.5358
395.7025	217.0477
396.7263	217.0477
396.7263	217.5596
398.2620	217.5596
398.2620	218.0715
399.7977	218.0715
399.7977	218.5834
402.3572	218.5834
402.3572	219.0953
404.9167	219.0953
404.9167	219.6072
407.9882	219.6072
407.9882	219.0953
410.5477	219.0953
410.5477	218.5834
411.5715	218.5834
411.5715	218.0715
412.5953	218.0715
412.5953	217.5596
413.1072	217.5596
413.1072	217.0477
414.1310	217.0477
414.1310	217.5596
414.6429	217.5596
414.6429	220.1191
415.1548	220.1191
415.1548	221.1429
415.6667	221.1429
415.6667	222.1667
416.1787	222.1667
416.1787	223.1905
416.6906	223.1905
416.6906	223.7024
417.2025	223.7024
417.2025	224.2143
417.7144	224.2143
417.7144	226.2619
418.2263	226.2619
418.2263	227.2858
418.7382	227.2858
418.7382	228.3096
419.2501	228.3096
419.2501	228.8215
419.7620	228.8215
419.7620	229.3334
420.2739	229.3334
420.2739	229.8453
420.7858	229.8453
420.7858	230.3572
421.2977	230.3572
421.2977	230.8691
421.8096	230.8691
421.8096	231.3810
422.3215	231.3810
422.3215	231.8929
422.8334	231.8929
422.8334	232.4048
423.8572	232.4048
423.8572	232.9167
424.3691	232.9167
424.3691	233.4286
424.8810	233.4286
424.8810	233.9405
425.3929	233.9405
425.3929	234.4524
426.4167	234.4524
426.4167	234.9643
426.9287	234.9643
426.9287	235.9881
427.4406	235.9881
427.4406	237.0119
427.9525	237.0119
427.9525	237.5239
428.4644	237.5239
428.4644	238.0358
428.9763	238.0358
428.9763	238.5477
429.4882	238.5477
429.4882	239.0596
430.0001	239.0596
430.0001	239.5715
431.0239	239.5715
431.0239	240.0834
431.5358	240.0834
431.5358	240.5953
432.0477	240.5953
432.0477	241.1072
432.5596	241.1072
432.5596	241.6191
433.5834	241.6191
433.5834	242.1310
434.6072	242.1310
434.6072	242.6429
435.6310	242.6429
435.6310	243.1548
437.1667	243.1548
437.1667	243.6667
438.1906	243.6667
438.1906	244.1786
439.2144	244.1786
439.2144	244.6905
441.2620	244.6905
441.2620	245.2024
443.8215	245.2024
443.8215	245.7143
444.3334	245.7143
444.3334	246.2262
445.3572	246.2262
445.3572	246.7381
445.8691	246.7381
445.8691	247.2500
446.3810	247.2500
446.3810	247.7620
446.8929	247.7620
446.8929	249.8096
447.4048	249.8096
447.4048	251.8572
446.8929	251.8572
446.8929	252.8810
446.3810	252.8810
446.3810	253.9048
445.8691	253.9048
445.8691	254.4167
445.3572	254.4167
445.3572	255.4405
444.8453	255.4405
444.8453	256.4643
444.3334	256.4643
444.3334	258.0000
443.8215	258.0000
443.8215	258.5120
443.3096	258.5120
443.3096	259.0239
442.7977	259.0239
442.7977	259.5358
442.2858	259.5358
442.2858	260.0477
441.7739	260.0477
441.7739	261.0715
441.2620	261.0715
441.2620	262.0953
440.7501	262.0953
440.7501	264.6548
440.2382	264.6548
440.2382	267.2143
439.7263	267.2143
439.7263	267.7262
439.2144	267.7262
439.2144	268.7501
438.7025	268.7501
438.7025	269.7739
438.1906	269.7739
438.1906	272.3334
437.6787	272.3334
437.6787	274.8929
437.1667	274.8929
437.1667	276.4286
436.6548	276.4286
436.6548	276.9405
436.1429	276.9405
436.1429	277.9643
435.6310	277.9643
435.6310	278.9881
435.1191	278.9881
435.1191	280.5239
434.6072	280.5239
434.6072	282.0596
434.0953	282.0596
434.0953	283.0834
433.5834	283.0834
433.5834	284.1072
433.0715	284.1072
433.0715	284.6191
432.5596	284.6191
432.5596	285.6429
432.0477	285.6429
432.0477	286.6667
431.5358	286.6667
431.5358	287.1786
431.0239	287.1786
431.0239	287.6905
430.5120	287.6905
430.5120	288.2024
430.0001	288.2024
430.0001	288.7143
429.4882	288.7143
429.4882	289.7382
428.9763	289.7382
428.9763	290.7620
428.4644	290.7620
428.4644	291.2739
427.4406	291.2739
427.4406	291.7858
426.4167	291.7858
426.4167	292.2977
425.3929	292.2977
425.3929	292.8096
424.3691	292.8096
424.3691	293.3215
423.8572	293.3215
423.8572	293.8334
423.3453	293.8334
423.3453	294.3453
422.8334	294.3453
422.8334	294.8572
422.3215	294.8572
422.3215	295.3691
421.8096	295.3691
421.8096	295.8810
421.2977	295.8810
421.2977	296.3929
420.7858	296.3929
420.7858	297.4167
419.7620	297.4167
419.7620	297.9286
419.2501	297.9286
419.2501	298.4405
418.7382	298.4405
418.7382	298.9524
418.2263	298.9524
418.2263	299.4643
417.2025	299.4643
417.2025	299.9762
416.1787	299.9762
416.1787	300.4882
415.6667	300.4882
415.6667	301.0001
415.1548	301.0001
415.1548	301.5120
414.1310	301.5120
414.1310	302.0239
413.6191	302.0239
413.6191	302.5358
412.0834	302.5358
412.0834	303.0477
411.0596	303.0477
411.0596	303.5596
410.0358	303.5596
410.0358	304.0715
409.5239	304.0715
409.5239	304.5834
405.9406	304.5834
405.9406	305.0953
403.3810	305.0953
403.3810	305.6072
402.3572	305.6072
402.3572	305.0953
399.2858	305.0953
399.2858	305.6072
396.2144	305.6072
396.2144	306.1191
393.6548	306.1191
393.6548	306.6310
392.6310	306.6310
392.6310	307.1429
391.6072	307.1429
391.6072	307.6548
391.0953	307.6548
391.0953	308.1667
390.5834	308.1667
390.5834	308.6786
390.0715	308.6786
390.0715	309.1905
389.5596	309.1905
389.5596	309.7024
389.0477	309.7024
389.0477	310.2143
388.0239	310.2143
388.0239	310.7262
387.0001	310.7262
387.0001	311.2382
386.4882	311.2382
386.4882	311.7501
384.9525	311.7501
384.9525	312.2620
383.9286	312.2620
383.9286	312.7739
382.9048	312.7739
382.9048	313.2858
381.3691	313.2858
381.3691	313.7977
379.8334	313.7977
379.8334	314.3096
378.8096	314.3096
378.8096	314.8215
377.7858	314.8215
377.7858	315.3334
377.2739	315.3334
377.2739	315.8453
376.7620	315.8453
376.7620	316.3572
376.2501	316.3572
376.2501	316.8691
375.7382	316.8691
375.7382	317.3810
375.2263	317.3810
375.2263	317.8929
374.7144	317.8929
374.7144	318.4048
374.2025	318.4048
374.2025	318.9167
373.6905	318.9167
373.6905	319.4286
373.1786	319.4286
373.1786	319.9405
372.6667	319.9405
372.6667	320.4524
371.6429	320.4524
371.6429	320.9643
370.6191	320.9643
370.6191	321.4763
369.5953	321.4763
369.5953	321.9882
369.0834	321.9882
369.0834	322.5001
368.5715	322.5001
368.5715	323.0120
367.5477	323.0120
367.5477	323.5239
367.0358	323.5239
367.0358	324.0358
366.5239	324.0358
366.5239	324.5477
366.0120	324.5477
366.0120	325.0596
365.5001	325.0596
365.5001	325.5715
364.9882	325.5715
364.9882	326.0834
362.4286	326.0834
362.4286	326.5953
360.3810	326.5953
360.3810	327.1072
359.3572	327.1072
359.3572	327.6191
358.3334	327.6191
358.3334	328.1310
357.3096	328.1310
357.3096	328.6429
354.2382	328.6429
354.2382	329.1548
350.1429	329.1548
350.1429	329.6667
347.5834	329.6667
347.5834	330.1786
345.5358	330.1786
345.5358	330.6905
343.4882	330.6905
343.4882	330.1786
335.8096	330.1786
335.8096	329.6667
331.7143	329.6667
331.7143	330.1786
330.1786	330.1786
330.1786	329.6667
327.6191	329.6667
327.6191	329.1548
324.0358	329.1548
324.0358	328.6429
321.4763	328.6429
321.4763	328.1310
317.3810	328.1310
317.3810	327.6191
316.8691	327.6191
316.8691	327.1072
316.3572	327.1072
316.3572	326.5953
315.3334	326.5953
315.3334	326.0834
314.3096	326.0834
314.3096	325.5715
313.7977	325.5715
313.7977	325.0596
313.2858	325.0596
313.2858	324.5477
312.7739	324.5477
312.7739	324.0358
312.2620	324.0358
312.2620	323.5239
311.7501	323.5239
311.7501	323.0120
311.2382	323.0120
311.2382	322.5001
310.7262	322.5001
310.7262	321.9882
310.2143	321.9882
310.2143	321.4763
309.7024	321.4763
309.7024	320.9643
309.1905	320.9643
309.1905	320.4524
308.6786	320.4524
308.6786	319.9405
308.1667	319.9405
308.1667	319.4286
307.6548	319.4286
307.6548	318.9167
306.6310	318.9167
306.6310	317.8929
306.1191	317.8929
306.1191	317.3810
305.6072	317.3810
305.6072	316.8691
305.0953	316.8691
305.0953	316.3572
304.5834	316.3572
304.5834	315.8453
304.0715	315.8453
304.0715	315.3334
303.0477	315.3334
303.0477	314.8215
302.0239	314.8215
302.0239	314.3096
301.0001	314.3096
301.0001	313.7977
300.4882	313.7977
300.4882	313.2858
299.9762	313.2858
299.9762	312.7739
299.4643	312.7739
299.4643	312.2620
298.9524	312.2620
298.9524	311.7501
297.9286	311.7501
297.9286	310.7262
297.4167	310.7262
297.4167	309.7024
296.9048	309.7024
296.9048	309.1905
296.3929	309.1905
296.3929	308.6786
295.8810	308.6786
295.8810	308.1667
295.3691	308.1667
295.3691	307.6548
294.8572	307.6548
294.8572	306.6310
294.3453	306.6310
294.3453	306.1191
293.8334	306.1191
293.8334	305.6072
293.3215	305.6072
293.3215	305.0953
292.8096	305.0953
292.8096	304.5834
292.2977	304.5834
292.2977	304.0715
291.7858	304.0715
291.7858	303.5596
291.2739	303.5596
291.2739	303.0477
290.2501	303.0477
290.2501	302.5358
289.2262	302.5358
289.2262	302.0239
288.7143	302.0239
288.7143	301.5120
288.2024	301.5120
288.2024	301.0001
287.6905	301.0001
287.6905	299.9762
287.1786	299.9762
287.1786	298.9524
286.6667	298.9524
286.6667	298.4405
286.1548	298.4405
286.1548	297.9286
285.6429	297.9286
285.6429	297.4167
285.1310	297.4167
285.1310	296.9048
284.6191	296.9048
284.6191	296.3929
284.1072	296.3929
284.1072	295.8810
283.0834	295.8810
283.0834	295.3691
282.0596	295.3691
282.0596	294.8572
281.0358	294.8572
281.0358	294.3453
278.4762	294.3453
278.4762	293.8334
277.9643	293.8334
277.9643	293.3215
278.4762	293.3215
278.4762	292.8096
278.9881	292.8096
278.9881	292.2977
279.5001	292.2977
279.5001	291.7858
280.0120	291.7858
280.0120	291.2739
280.5239	291.2739
280.5239	290.7620
281.0358	290.7620
281.0358	289.7382
281.5477	289.7382
281.5477	288.7143
282.0596	288.7143
282.0596	287.6905
282.5715	287.6905
282.5715	285.1310
283.0834	285.1310
283.0834	284.6191
283.5953	284.6191
283.5953	284.1072
284.1072	284.1072
284.1072	283.0834
284.6191	283.0834
284.6191	282.5715
285.6429	282.5715
285.6429	282.0596
286.1548	282.0596
286.1548	281.5477
287.1786	281.5477
287.1786	281.0358
288.2024	281.0358
288.2024	280.5239
288.7143	280.5239
288.7143	280.0120
289.2262	280.0120
289.2262	279.5001
290.2501	279.5001
290.2501	278.9881
291.2739	278.9881
291.2739	278.4762
291.7858	278.4762
291.7858	277.9643
292.2977	277.9643
292.2977	277.4524
292.8096	277.4524
292.8096	276.9405
293.3215	276.9405
293.3215	276.4286
293.8334	276.4286
293.8334	275.9167
294.3453	275.9167
294.3453	275.4048
294.8572	275.4048
294.8572	274.8929
295.3691	274.8929
295.3691	274.3810
296.3929	274.3810
296.3929	273.8691
296.9048	273.8691
296.9048	273.3572
297.4167	273.3572
297.4167	272.8453
297.9286	272.8453
297.9286	272.3334
298.9524	272.3334
298.9524	271.8215
299.4643	271.8215
299.4643	271.3096
299.9762	271.3096
299.9762	270.7977
300.4882	270.7977
300.4882	270.2858
301.0001	270.2858
301.0001	269.7739
301.5120	269.7739
301.5120	269.2620
302.0239	269.2620
302.0239	268.7501
302.5358	268.7501
302.5358	268.2381
303.0477	268.2381
303.0477	267.7262
303.5596	267.7262
303.5596	267.2143
304.0715	267.2143
304.0715	266.7024
304.5834	266.7024
304.5834	266.1905
305.0953	266.1905
305.0953	265.6786
305.6072	265.6786
305.6072	264.6548
306.1191	264.6548
306.1191	263.6310
306.6310	263.6310
306.6310	262.0953
307.1429	262.0953
307.1429	261.5834
308.1667	261.5834
308.1667	261.0715
308.6786	261.0715
308.6786	260.5596
309.1905	260.5596
309.1905	260.0477
309.7024	260.0477
309.7024	259.5358
310.2143	259.5358
310.2143	259.0239
310.7262	259.0239
310.7262	258.5120
311.2382	258.5120
311.2382	258.0000
311.7501	258.0000
311.7501	257.4881
312.2620	257.4881
312.2620	256.9762
312.7739	256.9762
312.7739	256.4643
313.2858	256.4643
313.2858	255.4405
313.7977	255.4405
313.7977	254.4167
314.3096	254.4167
314.3096	252.8810
314.8215	252.8810
314.8215	252.3691
315.3334	252.3691
315.3334	251.8572
315.8453	251.8572
315.8453	251.3453
316.3572	251.3453
316.3572	250.8334
317.3810	250.8334
317.3810	250.3215
318.4048	250.3215
318.4048	249.8096
319.4286	249.8096
319.4286	249.2977
319.9405	249.2977
319.9405	248.7858
320.4524	248.7858
320.4524	248.2739
320.9643	248.2739
320.9643	247.7620
321.9882	247.7620
321.9882	247.2500
323.0120	247.2500
323.0120	246.7381
323.5239	246.7381
323.5239	246.2262
324.0358	246.2262
324.0358	245.7143
324.5477	245.7143
324.5477	245.2024
325.0596	245.2024
325.0596	244.6905
325.5715	244.6905
325.5715	244.1786
326.0834	244.1786
326.0834	243.1548
326.5953	243.1548
326.5953	242.1310
327.1072	242.1310
327.1072	241.6191
327.6191	241.6191
327.6191	241.1072
328.1310	241.1072
328.1310	240.5953
328.6429	240.5953
328.6429	239.5715
329.1548	239.5715
329.1548	238.5477
329.6667	238.5477
329.6667	237.5239
332.2263	237.5239
332.2263	237.0119
333.2501	237.0119
333.2501	236.5000
334.2739	236.5000
334.2739	235.9881
335.2977	235.9881
335.2977	235.4762
335.8096	235.4762
335.8096	234.9643
336.3215	234.9643
336.3215	234.4524
336.8334	234.4524
336.8334	233.9405
337.3453	233.9405
337.3453	233.4286
337.8572	233.4286
337.8572	232.4048
338.3691	232.4048
338.3691	231.3810
338.8810	231.3810
338.8810	230.3572
339.3929	230.3572
339.3929	229.8453
339.9048	229.8453
339.9048	229.3334
340.4167	229.3334
340.4167	228.8215
340.9286	228.8215
340.9286	228.3096
341.4405	228.3096
341.4405	227.2858
341.9524	227.2858
341.9524	226.2619
342.4644	226.2619
342.4644	223.7024
342.9763	223.7024
342.9763	219.6072
342.4644	219.6072
342.4644	218.5834
342.9763	218.5834
342.9763	218.0715
343.4882	218.0715
343.4882	217.5596
344.5120	217.5596
344.5120	217.0477
345.5358	217.0477
345.5358	217.5596
348.0953	217.5596
348.0953	218.0715
351.1667	218.0715
351.1667	217.5596
353.7263	217.5596
353.7263	217.0477
356.2858	217.0477
356.2858	216.5358
357.8215	216.5358
357.8215	216.0239
358.8453	216.0239
358.8453	215.5119
366.0120	215.5119
366.0120	215.0000
375.7382	215.0000
