393.1429	205.2738
393.6548	205.2738
393.6548	206.2977
394.1667	206.2977
394.1667	207.3215
394.6786	207.3215
394.6786	207.8334
395.1906	207.8334
395.1906	208.3453
395.7025	208.3453
395.7025	208.8572
396.2144	208.8572
396.2144	209.3691
396.7263	209.3691
396.7263	209.8810
397.7501	209.8810
397.7501	210.3929
398.7739	210.3929
398.7739	210.9048
399.7977	210.9048
399.7977	211.4167
402.3572	211.4167
402.3572	211.9286
406.4525	211.9286
406.4525	211.4167
409.0120	211.4167
409.0120	210.9048
410.0358	210.9048
410.0358	210.3929
411.0596	210.3929
411.0596	209.8810
411.5715	209.8810
411.5715	209.3691
412.0834	209.3691
412.0834	208.8572
412.5953	208.8572
412.5953	208.3453
413.1072	208.3453
413.1072	207.8334
413.6191	207.8334
413.6191	206.8096
414.1310	206.8096
414.1310	206.2977
415.1548	206.2977
415.1548	206.8096
416.1787	206.8096
416.1787	207.3215
416.6906	207.3215
416.6906	208.3453
417.2025	208.3453
417.2025	209.3691
417.7144	209.3691
417.7144	210.3929
418.2263	210.3929
418.2263	211.4167
418.7382	211.4167
418.7382	211.9286
419.2501	211.9286
419.2501	212.4405
419.7620	212.4405
419.7620	213.9762
419.2501	213.9762
419.2501	219.0953
419.7620	219.0953
419.7620	221.6548
420.2739	221.6548
420.2739	222.6786
420.7858	222.6786
420.7858	223.7024
421.2977	223.7024
421.2977	224.2143
421.8096	224.2143
421.8096	224.7262
422.3215	224.7262
422.3215	225.2381
422.8334	225.2381
422.8334	225.7500
423.3453	225.7500
423.3453	226.7739
423.8572	226.7739
423.8572	227.2858
424.3691	227.2858
424.3691	227.7977
424.8810	227.7977
424.8810	228.3096
425.3929	228.3096
425.3929	228.8215
425.9048	228.8215
425.9048	229.3334
426.9287	229.3334
426.9287	229.8453
427.4406	229.8453
427.4406	230.3572
427.9525	230.3572
427.9525	230.8691
428.4644	230.8691
428.4644	231.3810
428.9763	231.3810
428.9763	231.8929
429.4882	231.8929
429.4882	232.4048
430.5120	232.4048
430.5120	232.9167
431.5358	232.9167
431.5358	233.4286
432.0477	233.4286
432.0477	233.9405
432.5596	233.9405
432.5596	234.4524
433.5834	234.4524
433.5834	234.9643
434.6072	234.9643
434.6072	235.4762
437.1667	235.4762
437.1667	235.9881
442.7977	235.9881
442.7977	235.4762
444.8453	235.4762
444.8453	235.9881
446.3810	235.9881
446.3810	236.5000
446.8929	236.5000
446.8929	237.0119
447.4048	237.0119
447.4048	237.5239
448.4287	237.5239
448.4287	238.0358
448.9406	238.0358
448.9406	238.5477
449.4525	238.5477
449.4525	239.0596
449.9644	239.0596
449.9644	241.1072
450.4763	241.1072
450.4763	242.6429
449.9644	242.6429
449.9644	245.2024
450.4763	245.2024
450.4763	246.7381
449.9644	246.7381
449.9644	248.2739
448.9406	248.2739
448.9406	248.7858
448.4287	248.7858
448.4287	249.2977
446.8929	249.2977
446.8929	249.8096
445.8691	249.8096
445.8691	250.3215
444.8453	250.3215
444.8453	250.8334
444.3334	250.8334
444.3334	251.3453
443.8215	251.3453
443.8215	251.8572
443.3096	251.8572
443.3096	252.3691
442.7977	252.3691
442.7977	252.8810
442.2858	252.8810
442.2858	253.9048
441.7739	253.9048
441.7739	254.9286
441.2620	254.9286
441.2620	257.4881
440.7501	257.4881
440.7501	260.0477
440.2382	260.0477
440.2382	261.0715
439.7263	261.0715
439.7263	262.0953
439.2144	262.0953
439.2144	264.6548
438.7025	264.6548
438.7025	266.1905
438.1906	266.1905
438.1906	267.7262
437.6787	267.7262
437.6787	268.7501
437.1667	268.7501
437.1667	271.3096
436.6548	271.3096
436.6548	272.8453
436.1429	272.8453
436.1429	274.3810
435.6310	274.3810
435.6310	276.9405
435.1191	276.9405
435.1191	277.9643
434.6072	277.9643
434.6072	278.9881
434.0953	278.9881
434.0953	279.5001
433.5834	279.5001
433.5834	280.0120
433.0715	280.0120
433.0715	280.5239
432.5596	280.5239
432.5596	281.0358
432.0477	281.0358
432.0477	281.5477
431.5358	281.5477
431.5358	282.0596
431.0239	282.0596
431.0239	282.5715
430.5120	282.5715
430.5120	283.0834
430.0001	283.0834
430.0001	284.1072
429.4882	284.1072
429.4882	285.1310
428.9763	285.1310
428.9763	285.6429
428.4644	285.6429
428.4644	286.6667
427.9525	286.6667
427.9525	287.1786
427.4406	287.1786
427.4406	288.2024
426.9287	288.2024
426.9287	288.7143
426.4167	288.7143
426.4167	289.7382
425.3929	289.7382
425.3929	290.2501
424.3691	290.2501
424.3691	290.7620
423.8572	290.7620
423.8572	291.2739
423.3453	291.2739
423.3453	291.7858
422.3215	291.7858
422.3215	292.2977
421.2977	292.2977
421.2977	292.8096
420.7858	292.8096
420.7858	293.3215
420.2739	293.3215
420.2739	293.8334
419.2501	293.8334
419.2501	294.3453
418.2263	294.3453
418.2263	294.8572
417.2025	294.8572
417.2025	295.3691
416.1787	295.3691
416.1787	295.8810
415.1548	295.8810
415.1548	296.3929
414.1310	296.3929
414.1310	296.9048
413.1072	296.9048
413.1072	297.4167
412.0834	297.4167
412.0834	297.9286
411.5715	297.9286
411.5715	298.4405
409.5239	298.4405
409.5239	298.9524
408.5001	298.9524
408.5001	298.4405
405.9406	298.4405
405.9406	297.9286
401.8453	297.9286
401.8453	298.4405
399.2858	298.4405
399.2858	298.9524
393.6548	298.9524
393.6548	299.4643
391.0953	299.4643
391.0953	299.9762
390.0715	299.9762
390.0715	300.4882
389.0477	300.4882
389.0477	301.0001
388.5358	301.0001
388.5358	301.5120
388.0239	301.5120
388.0239	302.0239
387.0001	302.0239
387.0001	301.5120
384.4405	301.5120
384.4405	302.0239
381.8810	302.0239
381.8810	302.5358
379.3215	302.5358
379.3215	303.0477
378.2977	303.0477
378.2977	303.5596
377.2739	303.5596
377.2739	304.0715
376.7620	304.0715
376.7620	304.5834
375.7382	304.5834
375.7382	305.0953
375.2263	305.0953
375.2263	305.6072
374.7144	305.6072
374.7144	306.1191
374.2025	306.1191
374.2025	306.6310
373.6905	306.6310
373.6905	307.1429
373.1786	307.1429
373.1786	307.6548
372.6667	307.6548
372.6667	308.1667
372.1548	308.1667
372.1548	308.6786
371.6429	308.6786
371.6429	309.1905
371.1310	309.1905
371.1310	309.7024
369.5953	309.7024
369.5953	310.2143
368.5715	310.2143
368.5715	310.7262
367.0358	310.7262
367.0358	311.2382
366.0120	311.2382
366.0120	311.7501
364.9882	311.7501
364.9882	312.2620
364.4763	312.2620
364.4763	312.7739
363.9644	312.7739
363.9644	313.2858
363.4525	313.2858
363.4525	313.7977
362.4286	313.7977
362.4286	314.3096
361.9167	314.3096
361.9167	314.8215
361.4048	314.8215
361.4048	315.3334
360.8929	315.3334
360.8929	315.8453
360.3810	315.8453
360.3810	316.3572
359.8691	316.3572
359.8691	317.3810
358.8453	317.3810
358.8453	317.8929
358.3334	317.8929
358.3334	318.4048
357.8215	318.4048
357.8215	318.9167
357.3096	318.9167
357.3096	319.4286
356.7977	319.4286
356.7977	319.9405
355.7739	319.9405
355.7739	320.4524
354.7501	320.4524
354.7501	320.9643
353.7263	320.9643
353.7263	321.4763
352.7024	321.4763
352.7024	321.9882
351.6786	321.9882
351.6786	322.5001
350.1429	322.5001
350.1429	323.0120
349.1191	323.0120
349.1191	323.5239
347.5834	323.5239
347.5834	324.0358
345.0239	324.0358
345.0239	324.5477
341.9524	324.5477
341.9524	324.0358
339.3929	324.0358
339.3929	323.5239
335.2977	323.5239
335.2977	324.0358
334.7858	324.0358
334.7858	323.5239
333.2501	323.5239
333.2501	323.0120
330.6905	323.0120
330.6905	322.5001
327.1072	322.5001
327.1072	321.9882
325.0596	321.9882
325.0596	321.4763
324.0358	321.4763
324.0358	320.9643
323.0120	320.9643
323.0120	320.4524
321.9882	320.4524
321.9882	319.9405
321.4763	319.9405
321.4763	319.4286
320.9643	319.4286
320.9643	318.9167
320.4524	318.9167
320.4524	318.4048
319.9405	318.4048
319.9405	317.8929
319.4286	317.8929
319.4286	317.3810
318.4048	317.3810
318.4048	316.8691
317.3810	316.8691
317.3810	316.3572
314.8215	316.3572
314.8215	314.8215
314.3096	314.8215
314.3096	313.7977
313.7977	313.7977
313.7977	312.7739
313.2858	312.7739
313.2858	312.2620
312.7739	312.2620
312.7739	311.7501
312.2620	311.7501
312.2620	311.2382
311.7501	311.2382
311.7501	310.7262
311.2382	310.7262
311.2382	310.2143
310.2143	310.2143
310.2143	309.7024
309.1905	309.7024
309.1905	309.1905
308.6786	309.1905
308.6786	308.6786
308.1667	308.6786
308.1667	308.1667
307.6548	308.1667
307.6548	307.6548
306.6310	307.6548
306.6310	307.1429
306.1191	307.1429
306.1191	306.6310
305.6072	306.6310
305.6072	306.1191
305.0953	306.1191
305.0953	305.6072
304.5834	305.6072
304.5834	305.0953
304.0715	305.0953
304.0715	304.5834
303.0477	304.5834
303.0477	304.0715
302.0239	304.0715
302.0239	303.5596
301.5120	303.5596
301.5120	303.0477
301.0001	303.0477
301.0001	302.5358
300.4882	302.5358
300.4882	302.0239
299.9762	302.0239
299.9762	301.5120
299.4643	301.5120
299.4643	301.0001
298.4405	301.0001
298.4405	300.4882
297.4167	300.4882
297.4167	299.9762
296.3929	299.9762
296.3929	299.4643
295.8810	299.4643
295.8810	298.9524
294.8572	298.9524
294.8572	298.4405
293.8334	298.4405
293.8334	297.9286
291.2739	297.9286
291.2739	297.4167
288.7143	297.4167
288.7143	296.9048
287.6905	296.9048
287.6905	296.3929
285.6429	296.3929
285.6429	295.3691
285.1310	295.3691
285.1310	294.3453
284.6191	294.3453
284.6191	293.8334
284.1072	293.8334
284.1072	293.3215
283.5953	293.3215
283.5953	292.8096
283.0834	292.8096
283.0834	292.2977
282.5715	292.2977
282.5715	291.7858
282.0596	291.7858
282.0596	291.2739
281.0358	291.2739
281.0358	290.7620
280.0120	290.7620
280.0120	290.2501
277.4524	290.2501
277.4524	289.7382
274.8929	289.7382
274.8929	290.2501
273.8691	290.2501
273.8691	288.7143
274.8929	288.7143
274.8929	288.2024
275.9167	288.2024
275.9167	287.6905
276.9405	287.6905
276.9405	287.1786
277.4524	287.1786
277.4524	286.6667
278.4762	286.6667
278.4762	286.1548
279.5001	286.1548
279.5001	285.6429
280.0120	285.6429
280.0120	285.1310
280.5239	285.1310
280.5239	284.6191
281.0358	284.6191
281.0358	284.1072
281.5477	284.1072
281.5477	283.5953
282.0596	283.5953
282.0596	283.0834
282.5715	283.0834
282.5715	282.5715
283.0834	282.5715
283.0834	281.5477
283.5953	281.5477
283.5953	280.5239
284.1072	280.5239
284.1072	280.0120
284.6191	280.0120
284.6191	279.5001
285.1310	279.5001
285.1310	278.4762
285.6429	278.4762
285.6429	277.4524
286.1548	277.4524
286.1548	276.9405
286.6667	276.9405
286.6667	276.4286
287.1786	276.4286
287.1786	275.9167
288.2024	275.9167
288.2024	275.4048
288.7143	275.4048
288.7143	274.8929
289.2262	274.8929
289.2262	274.3810
289.7382	274.3810
289.7382	273.8691
290.2501	273.8691
290.2501	273.3572
291.2739	273.3572
291.2739	272.8453
291.7858	272.8453
291.7858	272.3334
292.8096	272.3334
292.8096	271.8215
293.8334	271.8215
293.8334	271.3096
294.3453	271.3096
294.3453	270.7977
294.8572	270.7977
294.8572	270.2858
295.3691	270.2858
295.3691	269.7739
295.8810	269.7739
295.8810	269.2620
296.3929	269.2620
296.3929	268.7501
296.9048	268.7501
296.9048	268.2381
297.4167	268.2381
297.4167	267.7262
297.9286	267.7262
297.9286	267.2143
298.4405	267.2143
298.4405	266.7024
298.9524	266.7024
298.9524	266.1905
299.4643	266.1905
299.4643	265.6786
299.9762	265.6786
299.9762	265.1667
300.4882	265.1667
300.4882	264.6548
301.0001	264.6548
301.0001	264.1429
301.5120	264.1429
301.5120	263.6310
302.0239	263.6310
302.0239	263.1191
302.5358	263.1191
302.5358	262.6072
303.0477	262.6072
303.0477	262.0953
303.5596	262.0953
303.5596	261.5834
304.0715	261.5834
304.0715	260.5596
304.5834	260.5596
304.5834	260.0477
305.0953	260.0477
305.0953	259.5358
305.6072	259.5358
305.6072	258.5120
306.1191	258.5120
306.1191	258.0000
306.6310	258.0000
306.6310	257.4881
307.1429	257.4881
307.1429	256.4643
307.6548	256.4643
307.6548	255.9524
308.1667	255.9524
308.1667	255.4405
308.6786	255.4405
308.6786	254.9286
309.1905	254.9286
309.1905	254.4167
309.7024	254.4167
309.7024	253.9048
310.2143	253.9048
310.2143	253.3929
310.7262	253.3929
310.7262	252.8810
311.7501	252.8810
311.7501	252.3691
312.7739	252.3691
312.7739	251.8572
313.2858	251.8572
313.2858	251.3453
313.7977	251.3453
313.7977	250.8334
314.3096	250.8334
314.3096	250.3215
314.8215	250.3215
314.8215	249.8096
315.3334	249.8096
315.3334	249.2977
315.8453	249.2977
315.8453	248.2739
316.3572	248.2739
316.3572	247.2500
316.8691	247.2500
316.8691	246.7381
317.3810	246.7381
317.3810	246.2262
317.8929	246.2262
317.8929	245.7143
318.4048	245.7143
318.4048	245.2024
318.9167	245.2024
318.9167	244.6905
319.4286	244.6905
319.4286	244.1786
319.9405	244.1786
319.9405	243.6667
320.4524	243.6667
320.4524	243.1548
320.9643	243.1548
320.9643	242.6429
321.4763	242.6429
321.4763	242.1310
321.9882	242.1310
321.9882	241.6191
322.5001	241.6191
322.5001	241.1072
323.0120	241.1072
323.0120	240.5953
323.5239	240.5953
323.5239	240.0834
324.0358	240.0834
324.0358	239.5715
324.5477	239.5715
324.5477	239.0596
325.0596	239.0596
325.0596	238.0358
326.0834	238.0358
326.0834	237.5239
326.5953	237.5239
326.5953	237.0119
327.1072	237.0119
327.1072	236.5000
327.6191	236.5000
327.6191	235.9881
328.1310	235.9881
328.1310	235.4762
328.6429	235.4762
328.6429	234.9643
329.1548	234.9643
329.1548	234.4524
330.1786	234.4524
330.1786	233.9405
330.6905	233.9405
330.6905	233.4286
331.2024	233.4286
331.2024	232.9167
331.7143	232.9167
331.7143	232.4048
332.2263	232.4048
332.2263	231.8929
332.7382	231.8929
332.7382	230.8691
333.7620	230.8691
333.7620	230.3572
334.7858	230.3572
334.7858	229.8453
335.2977	229.8453
335.2977	229.3334
335.8096	229.3334
335.8096	228.8215
336.3215	228.8215
336.3215	228.3096
336.8334	228.3096
336.8334	227.7977
337.3453	227.7977
337.3453	227.2858
337.8572	227.2858
337.8572	226.7739
338.3691	226.7739
338.3691	226.2619
338.8810	226.2619
338.8810	225.7500
339.3929	225.7500
339.3929	224.7262
339.9048	224.7262
339.9048	223.7024
340.4167	223.7024
340.4167	223.1905
341.4405	223.1905
341.4405	222.6786
341.9524	222.6786
341.9524	222.1667
342.4644	222.1667
342.4644	221.6548
342.9763	221.6548
342.9763	221.1429
343.4882	221.1429
343.4882	220.6310
344.0001	220.6310
344.0001	219.6072
344.5120	219.6072
344.5120	218.5834
345.0239	218.5834
345.0239	216.0239
345.5358	216.0239
345.5358	213.4643
345.0239	213.4643
345.0239	210.3929
345.5358	210.3929
345.5358	209.8810
346.5596	209.8810
346.5596	209.3691
347.0715	209.3691
347.0715	208.8572
349.1191	208.8572
349.1191	209.3691
351.6786	209.3691
351.6786	209.8810
355.7739	209.8810
355.7739	209.3691
358.3334	209.3691
358.3334	208.8572
359.3572	208.8572
359.3572	208.3453
360.8929	208.3453
360.8929	207.8334
362.9405	207.8334
362.9405	207.3215
363.4525	207.3215
363.4525	207.8334
366.5239	207.8334
366.5239	207.3215
369.0834	207.3215
369.0834	206.8096
374.2025	206.8096
374.2025	207.3215
376.7620	207.3215
376.7620	207.8334
385.4644	207.8334
385.4644	207.3215
388.0239	207.3215
388.0239	206.8096
389.0477	206.8096
389.0477	206.2977
390.0715	206.2977
390.0715	205.7858
390.5834	205.7858
390.5834	205.2738
391.0953	205.2738
391.0953	204.7619
391.6072	204.7619
391.6072	204.2500
392.1191	204.2500
392.1191	203.7381
392.6310	203.7381
392.6310	202.7143
393.1429	202.7143
