395.1906	201.6905
395.7025	201.6905
395.7025	204.2500
396.2144	204.2500
396.2144	205.2738
396.7263	205.2738
396.7263	206.2977
397.2382	206.2977
397.2382	206.8096
397.7501	206.8096
397.7501	207.3215
398.2620	207.3215
398.2620	207.8334
398.7739	207.8334
398.7739	208.3453
399.2858	208.3453
399.2858	208.8572
400.3096	208.8572
400.3096	209.3691
401.3334	209.3691
401.3334	209.8810
401.8453	209.8810
401.8453	210.3929
402.8691	210.3929
402.8691	210.9048
403.8929	210.9048
403.8929	211.4167
406.4525	211.4167
406.4525	211.9286
409.0120	211.9286
409.0120	211.4167
411.5715	211.4167
411.5715	210.9048
412.5953	210.9048
412.5953	210.3929
413.6191	210.3929
413.6191	209.8810
414.1310	209.8810
414.1310	209.3691
414.6429	209.3691
414.6429	208.8572
415.1548	208.8572
415.1548	208.3453
417.2025	208.3453
417.2025	210.3929
417.7144	210.3929
417.7144	211.4167
418.2263	211.4167
418.2263	212.4405
418.7382	212.4405
418.7382	212.9524
419.2501	212.9524
419.2501	213.4643
419.7620	213.4643
419.7620	214.4881
420.2739	214.4881
420.2739	216.0239
419.7620	216.0239
419.7620	218.5834
419.2501	218.5834
419.2501	221.1429
419.7620	221.1429
419.7620	223.7024
420.2739	223.7024
420.2739	224.7262
420.7858	224.7262
420.7858	225.7500
421.2977	225.7500
421.2977	226.2619
421.8096	226.2619
421.8096	226.7739
422.3215	226.7739
422.3215	227.2858
422.8334	227.2858
422.8334	227.7977
423.3453	227.7977
423.3453	228.3096
423.8572	228.3096
423.8572	228.8215
424.3691	228.8215
424.3691	229.3334
424.8810	229.3334
424.8810	229.8453
425.3929	229.8453
425.3929	230.3572
425.9048	230.3572
425.9048	230.8691
426.4167	230.8691
426.4167	231.3810
427.4406	231.3810
427.4406	232.4048
427.9525	232.4048
427.9525	232.9167
428.4644	232.9167
428.4644	233.4286
428.9763	233.4286
428.9763	233.9405
429.4882	233.9405
429.4882	234.4524
430.0001	234.4524
430.0001	234.9643
430.5120	234.9643
430.5120	235.4762
431.0239	235.4762
431.0239	235.9881
432.0477	235.9881
432.0477	236.5000
433.0715	236.5000
433.0715	237.0119
435.6310	237.0119
435.6310	237.5239
441.2620	237.5239
441.2620	237.0119
445.3572	237.0119
445.3572	237.5239
445.8691	237.5239
445.8691	238.0358
446.3810	238.0358
446.3810	238.5477
446.8929	238.5477
446.8929	239.0596
447.9168	239.0596
447.9168	239.5715
448.9406	239.5715
448.9406	240.0834
449.4525	240.0834
449.4525	240.5953
449.9644	240.5953
449.9644	241.1072
450.4763	241.1072
450.4763	241.6191
450.9882	241.6191
450.9882	245.2024
450.4763	245.2024
450.4763	245.7143
449.9644	245.7143
449.9644	246.2262
449.4525	246.2262
449.4525	246.7381
448.9406	246.7381
448.9406	247.7620
448.4287	247.7620
448.4287	248.7858
447.9168	248.7858
447.9168	249.8096
447.4048	249.8096
447.4048	250.8334
446.3810	250.8334
446.3810	251.3453
445.8691	251.3453
445.8691	251.8572
445.3572	251.8572
445.3572	252.3691
444.8453	252.3691
444.8453	252.8810
444.3334	252.8810
444.3334	253.3929
443.8215	253.3929
443.8215	254.4167
443.3096	254.4167
443.3096	255.4405
442.7977	255.4405
442.7977	256.9762
442.2858	256.9762
442.2858	259.5358
441.7739	259.5358
441.7739	264.6548
441.2620	264.6548
441.2620	268.2381
440.7501	268.2381
440.7501	270.2858
440.2382	270.2858
440.2382	272.8453
439.7263	272.8453
439.7263	274.3810
439.2144	274.3810
439.2144	276.9405
438.7025	276.9405
438.7025	278.4762
438.1906	278.4762
438.1906	280.0120
437.6787	280.0120
437.6787	281.5477
437.1667	281.5477
437.1667	282.0596
436.6548	282.0596
436.6548	282.5715
436.1429	282.5715
436.1429	283.5953
435.6310	283.5953
435.6310	284.1072
435.1191	284.1072
435.1191	285.1310
434.6072	285.1310
434.6072	286.1548
434.0953	286.1548
434.0953	286.6667
433.0715	286.6667
433.0715	287.1786
432.5596	287.1786
432.5596	287.6905
432.0477	287.6905
432.0477	288.2024
431.5358	288.2024
431.5358	288.7143
431.0239	288.7143
431.0239	289.2262
430.0001	289.2262
430.0001	289.7382
429.4882	289.7382
429.4882	290.2501
428.9763	290.2501
428.9763	290.7620
428.4644	290.7620
428.4644	291.2739
427.9525	291.2739
427.9525	291.7858
427.4406	291.7858
427.4406	292.2977
426.9287	292.2977
426.9287	293.3215
426.4167	293.3215
426.4167	293.8334
425.9048	293.8334
425.9048	294.3453
424.8810	294.3453
424.8810	294.8572
423.8572	294.8572
423.8572	295.3691
422.8334	295.3691
422.8334	295.8810
422.3215	295.8810
422.3215	296.3929
421.2977	296.3929
421.2977	296.9048
420.2739	296.9048
420.2739	297.4167
419.2501	297.4167
419.2501	297.9286
418.2263	297.9286
418.2263	298.4405
416.6906	298.4405
416.6906	298.9524
415.1548	298.9524
415.1548	299.4643
414.1310	299.4643
414.1310	298.9524
411.0596	298.9524
411.0596	299.4643
408.5001	299.4643
408.5001	299.9762
407.4763	299.9762
407.4763	300.4882
406.4525	300.4882
406.4525	301.0001
405.9406	301.0001
405.9406	301.5120
398.7739	301.5120
398.7739	302.0239
396.2144	302.0239
396.2144	302.5358
395.1906	302.5358
395.1906	303.0477
394.1667	303.0477
394.1667	303.5596
387.5120	303.5596
387.5120	303.0477
378.8096	303.0477
378.8096	303.5596
376.2501	303.5596
376.2501	304.0715
375.2263	304.0715
375.2263	304.5834
374.2025	304.5834
374.2025	305.0953
373.6905	305.0953
373.6905	305.6072
373.1786	305.6072
373.1786	306.1191
372.6667	306.1191
372.6667	306.6310
372.1548	306.6310
372.1548	307.1429
371.6429	307.1429
371.6429	307.6548
370.6191	307.6548
370.6191	308.1667
370.1072	308.1667
370.1072	308.6786
367.5477	308.6786
367.5477	309.1905
366.0120	309.1905
366.0120	309.7024
364.9882	309.7024
364.9882	310.2143
363.9644	310.2143
363.9644	310.7262
363.4525	310.7262
363.4525	311.2382
362.4286	311.2382
362.4286	311.7501
361.4048	311.7501
361.4048	312.2620
360.3810	312.2620
360.3810	312.7739
359.8691	312.7739
359.8691	313.2858
359.3572	313.2858
359.3572	313.7977
358.8453	313.7977
358.8453	314.3096
358.3334	314.3096
358.3334	314.8215
357.3096	314.8215
357.3096	315.3334
356.7977	315.3334
356.7977	315.8453
356.2858	315.8453
356.2858	316.3572
355.7739	316.3572
355.7739	316.8691
355.2620	316.8691
355.2620	317.3810
354.7501	317.3810
354.7501	317.8929
354.2382	317.8929
354.2382	318.4048
353.7263	318.4048
353.7263	318.9167
353.2144	318.9167
353.2144	319.4286
352.7024	319.4286
352.7024	319.9405
351.6786	319.9405
351.6786	320.4524
350.6548	320.4524
350.6548	320.9643
347.0715	320.9643
347.0715	321.4763
345.5358	321.4763
345.5358	320.9643
344.5120	320.9643
344.5120	320.4524
341.9524	320.4524
341.9524	319.9405
338.8810	319.9405
338.8810	319.4286
338.3691	319.4286
338.3691	318.9167
337.8572	318.9167
337.8572	318.4048
337.3453	318.4048
337.3453	317.8929
336.3215	317.8929
336.3215	317.3810
335.2977	317.3810
335.2977	316.8691
334.2739	316.8691
334.2739	316.3572
331.7143	316.3572
331.7143	315.8453
327.1072	315.8453
327.1072	315.3334
326.5953	315.3334
326.5953	314.8215
326.0834	314.8215
326.0834	314.3096
325.5715	314.3096
325.5715	313.7977
325.0596	313.7977
325.0596	313.2858
324.0358	313.2858
324.0358	312.7739
323.0120	312.7739
323.0120	312.2620
320.4524	312.2620
320.4524	311.7501
317.8929	311.7501
317.8929	312.2620
315.3334	312.2620
315.3334	312.7739
314.3096	312.7739
314.3096	313.2858
312.7739	313.2858
312.7739	312.7739
311.7501	312.7739
311.7501	312.2620
310.2143	312.2620
310.2143	311.7501
309.7024	311.7501
309.7024	311.2382
309.1905	311.2382
309.1905	310.2143
308.6786	310.2143
308.6786	309.1905
308.1667	309.1905
308.1667	308.1667
307.6548	308.1667
307.6548	307.6548
307.1429	307.6548
307.1429	307.1429
306.6310	307.1429
306.6310	306.6310
306.1191	306.6310
306.1191	306.1191
305.6072	306.1191
305.6072	305.6072
305.0953	305.6072
305.0953	305.0953
304.5834	305.0953
304.5834	304.5834
304.0715	304.5834
304.0715	304.0715
303.0477	304.0715
303.0477	303.5596
302.0239	303.5596
302.0239	303.0477
301.0001	303.0477
301.0001	302.5358
300.4882	302.5358
300.4882	302.0239
299.9762	302.0239
299.9762	301.5120
299.4643	301.5120
299.4643	301.0001
298.4405	301.0001
298.4405	300.4882
297.4167	300.4882
297.4167	299.9762
295.8810	299.9762
295.8810	299.4643
293.3215	299.4643
293.3215	298.9524
292.8096	298.9524
292.8096	297.4167
292.2977	297.4167
292.2977	296.3929
291.7858	296.3929
291.7858	295.3691
291.2739	295.3691
291.2739	294.8572
290.7620	294.8572
290.7620	294.3453
290.2501	294.3453
290.2501	293.8334
289.7382	293.8334
289.7382	293.3215
289.2262	293.3215
289.2262	292.8096
288.2024	292.8096
288.2024	292.2977
287.1786	292.2977
287.1786	291.7858
284.6191	291.7858
284.6191	291.2739
282.0596	291.2739
282.0596	291.7858
281.5477	291.7858
281.5477	291.2739
281.0358	291.2739
281.0358	290.7620
280.0120	290.7620
280.0120	290.2501
278.9881	290.2501
278.9881	289.2262
278.4762	289.2262
278.4762	286.6667
277.9643	286.6667
277.9643	285.6429
277.4524	285.6429
277.4524	284.6191
276.9405	284.6191
276.9405	284.1072
276.4286	284.1072
276.4286	283.5953
275.9167	283.5953
275.9167	282.5715
276.4286	282.5715
276.4286	282.0596
277.4524	282.0596
277.4524	281.5477
277.9643	281.5477
277.9643	281.0358
278.4762	281.0358
278.4762	280.5239
280.0120	280.5239
280.0120	280.0120
282.5715	280.0120
282.5715	279.5001
283.5953	279.5001
283.5953	278.9881
284.6191	278.9881
284.6191	278.4762
285.6429	278.4762
285.6429	277.9643
286.1548	277.9643
286.1548	277.4524
286.6667	277.4524
286.6667	276.9405
287.1786	276.9405
287.1786	276.4286
287.6905	276.4286
287.6905	275.9167
288.2024	275.9167
288.2024	275.4048
288.7143	275.4048
288.7143	274.3810
289.2262	274.3810
289.2262	273.3572
289.7382	273.3572
289.7382	272.3334
290.2501	272.3334
290.2501	271.8215
290.7620	271.8215
290.7620	271.3096
291.2739	271.3096
291.2739	270.7977
291.7858	270.7977
291.7858	270.2858
292.2977	270.2858
292.2977	269.2620
293.3215	269.2620
293.3215	268.7501
294.3453	268.7501
294.3453	268.2381
294.8572	268.2381
294.8572	267.7262
295.3691	267.7262
295.3691	267.2143
295.8810	267.2143
295.8810	266.7024
296.3929	266.7024
296.3929	266.1905
296.9048	266.1905
296.9048	265.6786
297.4167	265.6786
297.4167	265.1667
297.9286	265.1667
297.9286	264.6548
298.4405	264.6548
298.4405	264.1429
298.9524	264.1429
298.9524	263.6310
299.4643	263.6310
299.4643	263.1191
299.9762	263.1191
299.9762	262.0953
300.4882	262.0953
300.4882	261.5834
301.0001	261.5834
301.0001	261.0715
301.5120	261.0715
301.5120	260.5596
302.0239	260.5596
302.0239	260.0477
302.5358	260.0477
302.5358	259.5358
303.0477	259.5358
303.0477	259.0239
303.5596	259.0239
303.5596	258.0000
304.0715	258.0000
304.0715	257.4881
304.5834	257.4881
304.5834	256.9762
305.0953	256.9762
305.0953	256.4643
305.6072	256.4643
305.6072	255.9524
306.1191	255.9524
306.1191	255.4405
306.6310	255.4405
306.6310	254.9286
307.1429	254.9286
307.1429	254.4167
307.6548	254.4167
307.6548	253.9048
308.1667	253.9048
308.1667	253.3929
308.6786	253.3929
308.6786	252.8810
309.1905	252.8810
309.1905	251.8572
310.2143	251.8572
310.2143	251.3453
311.2382	251.3453
311.2382	250.8334
311.7501	250.8334
311.7501	250.3215
312.2620	250.3215
312.2620	249.8096
312.7739	249.8096
312.7739	249.2977
313.2858	249.2977
313.2858	248.7858
313.7977	248.7858
313.7977	247.7620
314.3096	247.7620
314.3096	246.7381
314.8215	246.7381
314.8215	246.2262
315.3334	246.2262
315.3334	245.7143
315.8453	245.7143
315.8453	245.2024
316.3572	245.2024
316.3572	244.1786
316.8691	244.1786
316.8691	243.1548
317.8929	243.1548
317.8929	242.6429
318.9167	242.6429
318.9167	242.1310
319.9405	242.1310
319.9405	241.6191
320.4524	241.6191
320.4524	241.1072
320.9643	241.1072
320.9643	240.5953
321.4763	240.5953
321.4763	240.0834
321.9882	240.0834
321.9882	239.5715
322.5001	239.5715
322.5001	239.0596
323.5239	239.0596
323.5239	238.5477
324.5477	238.5477
324.5477	238.0358
325.5715	238.0358
325.5715	237.5239
326.5953	237.5239
326.5953	237.0119
327.1072	237.0119
327.1072	236.5000
327.6191	236.5000
327.6191	235.9881
328.1310	235.9881
328.1310	235.4762
328.6429	235.4762
328.6429	234.9643
329.1548	234.9643
329.1548	234.4524
329.6667	234.4524
329.6667	233.4286
330.1786	233.4286
330.1786	232.4048
330.6905	232.4048
330.6905	231.3810
331.7143	231.3810
331.7143	230.8691
332.7382	230.8691
332.7382	230.3572
333.2501	230.3572
333.2501	229.8453
333.7620	229.8453
333.7620	229.3334
334.2739	229.3334
334.2739	228.8215
334.7858	228.8215
334.7858	228.3096
335.2977	228.3096
335.2977	227.7977
335.8096	227.7977
335.8096	227.2858
336.3215	227.2858
336.3215	226.7739
336.8334	226.7739
336.8334	225.7500
337.3453	225.7500
337.3453	225.2381
337.8572	225.2381
337.8572	224.7262
338.3691	224.7262
338.3691	224.2143
338.8810	224.2143
338.8810	223.7024
339.3929	223.7024
339.3929	223.1905
339.9048	223.1905
339.9048	222.6786
340.4167	222.6786
340.4167	221.6548
340.9286	221.6548
340.9286	221.1429
341.4405	221.1429
341.4405	220.6310
341.9524	220.6310
341.9524	220.1191
342.4644	220.1191
342.4644	219.6072
342.9763	219.6072
342.9763	218.5834
343.4882	218.5834
343.4882	217.5596
344.0001	217.5596
344.0001	215.5119
344.5120	215.5119
344.5120	215.0000
345.0239	215.0000
345.0239	214.4881
345.5358	214.4881
345.5358	213.9762
346.0477	213.9762
346.0477	213.4643
346.5596	213.4643
346.5596	212.9524
347.0715	212.9524
347.0715	212.4405
347.5834	212.4405
347.5834	211.4167
348.0953	211.4167
348.0953	210.9048
348.6072	210.9048
348.6072	210.3929
349.1191	210.3929
349.1191	209.8810
349.6310	209.8810
349.6310	209.3691
350.1429	209.3691
350.1429	208.8572
350.6548	208.8572
350.6548	208.3453
351.1667	208.3453
351.1667	207.3215
351.6786	207.3215
351.6786	206.8096
353.2144	206.8096
353.2144	207.3215
355.7739	207.3215
355.7739	207.8334
360.3810	207.8334
360.3810	207.3215
362.9405	207.3215
362.9405	206.8096
364.9882	206.8096
364.9882	206.2977
367.5477	206.2977
367.5477	205.7858
370.6191	205.7858
370.6191	206.2977
379.8334	206.2977
379.8334	206.8096
387.0001	206.8096
387.0001	206.2977
389.5596	206.2977
389.5596	205.7858
390.5834	205.7858
390.5834	205.2738
391.6072	205.2738
391.6072	204.7619
392.1191	204.7619
392.1191	204.2500
392.6310	204.2500
392.6310	203.7381
393.1429	203.7381
393.1429	203.2262
393.6548	203.2262
393.6548	202.7143
394.1667	202.7143
394.1667	201.6905
394.6786	201.6905
394.6786	200.6667
395.1906	200.6667
