412.0834	198.1072
412.5953	198.1072
412.5953	198.6191
413.1072	198.6191
413.1072	199.6429
413.6191	199.6429
413.6191	200.1548
414.1310	200.1548
414.1310	204.2500
414.6429	204.2500
414.6429	206.8096
415.1548	206.8096
415.1548	207.8334
415.6667	207.8334
415.6667	208.8572
416.1787	208.8572
416.1787	209.3691
416.6906	209.3691
416.6906	209.8810
417.2025	209.8810
417.2025	210.3929
417.7144	210.3929
417.7144	210.9048
418.2263	210.9048
418.2263	211.4167
418.7382	211.4167
418.7382	211.9286
419.7620	211.9286
419.7620	212.9524
420.2739	212.9524
420.2739	217.5596
419.7620	217.5596
419.7620	221.1429
420.2739	221.1429
420.2739	223.7024
420.7858	223.7024
420.7858	224.7262
421.2977	224.7262
421.2977	225.7500
421.8096	225.7500
421.8096	226.2619
422.3215	226.2619
422.3215	226.7739
422.8334	226.7739
422.8334	227.2858
423.3453	227.2858
423.3453	227.7977
423.8572	227.7977
423.8572	228.3096
424.3691	228.3096
424.3691	228.8215
425.3929	228.8215
425.3929	231.3810
425.9048	231.3810
425.9048	232.4048
426.4167	232.4048
426.4167	234.4524
426.9287	234.4524
426.9287	235.9881
427.4406	235.9881
427.4406	238.0358
426.9287	238.0358
426.9287	240.5953
426.4167	240.5953
426.4167	247.2500
425.9048	247.2500
425.9048	250.3215
425.3929	250.3215
425.3929	251.3453
424.8810	251.3453
424.8810	252.3691
424.3691	252.3691
424.3691	254.9286
423.8572	254.9286
423.8572	255.9524
423.3453	255.9524
423.3453	257.4881
422.8334	257.4881
422.8334	259.5358
422.3215	259.5358
422.3215	262.0953
421.8096	262.0953
421.8096	264.1429
421.2977	264.1429
421.2977	265.1667
420.7858	265.1667
420.7858	266.1905
420.2739	266.1905
420.2739	267.7262
419.7620	267.7262
419.7620	270.2858
418.7382	270.2858
418.7382	270.7977
418.2263	270.7977
418.2263	271.3096
417.7144	271.3096
417.7144	271.8215
417.2025	271.8215
417.2025	272.3334
416.6906	272.3334
416.6906	272.8453
416.1787	272.8453
416.1787	273.3572
414.1310	273.3572
414.1310	273.8691
413.1072	273.8691
413.1072	274.3810
412.0834	274.3810
412.0834	274.8929
410.5477	274.8929
410.5477	275.4048
409.5239	275.4048
409.5239	275.9167
408.5001	275.9167
408.5001	276.4286
407.9882	276.4286
407.9882	276.9405
407.4763	276.9405
407.4763	277.4524
406.4525	277.4524
406.4525	277.9643
405.9406	277.9643
405.9406	278.4762
404.4048	278.4762
404.4048	278.9881
402.8691	278.9881
402.8691	279.5001
401.8453	279.5001
401.8453	280.0120
400.8215	280.0120
400.8215	280.5239
399.2858	280.5239
399.2858	281.0358
398.2620	281.0358
398.2620	281.5477
397.2382	281.5477
397.2382	282.0596
396.7263	282.0596
396.7263	282.5715
396.2144	282.5715
396.2144	283.0834
395.7025	283.0834
395.7025	283.5953
395.1906	283.5953
395.1906	284.1072
394.6786	284.1072
394.6786	284.6191
394.1667	284.6191
394.1667	285.1310
392.1191	285.1310
392.1191	285.6429
391.0953	285.6429
391.0953	286.1548
390.0715	286.1548
390.0715	286.6667
389.0477	286.6667
389.0477	287.1786
386.4882	287.1786
386.4882	287.6905
384.4405	287.6905
384.4405	288.2024
383.4167	288.2024
383.4167	288.7143
382.3929	288.7143
382.3929	289.2262
381.8810	289.2262
381.8810	289.7382
381.3691	289.7382
381.3691	290.2501
378.8096	290.2501
378.8096	290.7620
377.2739	290.7620
377.2739	291.2739
374.7144	291.2739
374.7144	291.7858
373.6905	291.7858
373.6905	292.2977
372.6667	292.2977
372.6667	292.8096
371.6429	292.8096
371.6429	293.3215
370.6191	293.3215
370.6191	293.8334
369.5953	293.8334
369.5953	294.3453
368.5715	294.3453
368.5715	294.8572
367.5477	294.8572
367.5477	295.3691
367.0358	295.3691
367.0358	295.8810
366.0120	295.8810
366.0120	296.3929
364.9882	296.3929
364.9882	296.9048
364.4763	296.9048
364.4763	297.4167
363.9644	297.4167
363.9644	297.9286
362.9405	297.9286
362.9405	298.4405
360.8929	298.4405
360.8929	298.9524
359.8691	298.9524
359.8691	299.4643
358.8453	299.4643
358.8453	299.9762
358.3334	299.9762
358.3334	300.4882
357.8215	300.4882
357.8215	301.0001
355.2620	301.0001
355.2620	301.5120
354.2382	301.5120
354.2382	302.0239
353.2144	302.0239
353.2144	302.5358
351.6786	302.5358
351.6786	303.0477
349.6310	303.0477
349.6310	303.5596
348.6072	303.5596
348.6072	304.0715
347.5834	304.0715
347.5834	304.5834
346.5596	304.5834
346.5596	305.0953
345.0239	305.0953
345.0239	305.6072
344.0001	305.6072
344.0001	306.1191
342.9763	306.1191
342.9763	306.6310
342.4644	306.6310
342.4644	307.1429
341.9524	307.1429
341.9524	307.6548
341.4405	307.6548
341.4405	308.1667
340.9286	308.1667
340.9286	308.6786
340.4167	308.6786
340.4167	309.1905
339.9048	309.1905
339.9048	309.7024
339.3929	309.7024
339.3929	310.2143
338.8810	310.2143
338.8810	310.7262
338.3691	310.7262
338.3691	311.7501
337.8572	311.7501
337.8572	312.7739
337.3453	312.7739
337.3453	314.8215
336.8334	314.8215
336.8334	315.8453
336.3215	315.8453
336.3215	316.3572
333.2501	316.3572
333.2501	315.8453
332.7382	315.8453
332.7382	315.3334
332.2263	315.3334
332.2263	314.8215
331.7143	314.8215
331.7143	314.3096
331.2024	314.3096
331.2024	313.7977
330.6905	313.7977
330.6905	313.2858
330.1786	313.2858
330.1786	310.7262
329.6667	310.7262
329.6667	309.1905
329.1548	309.1905
329.1548	308.1667
328.6429	308.1667
328.6429	307.1429
328.1310	307.1429
328.1310	306.6310
327.6191	306.6310
327.6191	306.1191
327.1072	306.1191
327.1072	305.6072
326.5953	305.6072
326.5953	305.0953
326.0834	305.0953
326.0834	304.5834
325.0596	304.5834
325.0596	304.0715
324.0358	304.0715
324.0358	303.5596
321.4763	303.5596
321.4763	303.0477
317.3810	303.0477
317.3810	303.5596
316.3572	303.5596
316.3572	303.0477
315.8453	303.0477
315.8453	300.4882
315.3334	300.4882
315.3334	299.4643
314.8215	299.4643
314.8215	298.4405
314.3096	298.4405
314.3096	297.4167
313.7977	297.4167
313.7977	296.9048
313.2858	296.9048
313.2858	296.3929
312.7739	296.3929
312.7739	295.8810
312.2620	295.8810
312.2620	295.3691
311.7501	295.3691
311.7501	294.8572
311.2382	294.8572
311.2382	294.3453
310.7262	294.3453
310.7262	293.8334
310.2143	293.8334
310.2143	293.3215
309.7024	293.3215
309.7024	292.8096
308.6786	292.8096
308.6786	292.2977
307.6548	292.2977
307.6548	291.7858
306.6310	291.7858
306.6310	291.2739
304.0715	291.2739
304.0715	290.7620
303.0477	290.7620
303.0477	290.2501
302.5358	290.2501
302.5358	289.7382
301.5120	289.7382
301.5120	289.2262
300.4882	289.2262
300.4882	288.7143
299.4643	288.7143
299.4643	288.2024
298.9524	288.2024
298.9524	287.6905
298.4405	287.6905
298.4405	287.1786
297.9286	287.1786
297.9286	286.6667
297.4167	286.6667
297.4167	286.1548
296.3929	286.1548
296.3929	285.6429
295.3691	285.6429
295.3691	285.1310
294.8572	285.1310
294.8572	284.6191
294.3453	284.6191
294.3453	283.5953
293.8334	283.5953
293.8334	282.5715
293.3215	282.5715
293.3215	282.0596
292.8096	282.0596
292.8096	281.5477
292.2977	281.5477
292.2977	281.0358
291.7858	281.0358
291.7858	280.5239
291.2739	280.5239
291.2739	280.0120
290.7620	280.0120
290.7620	279.5001
290.2501	279.5001
290.2501	278.9881
289.7382	278.9881
289.7382	278.4762
289.2262	278.4762
289.2262	277.9643
288.7143	277.9643
288.7143	275.9167
289.7382	275.9167
289.7382	275.4048
290.2501	275.4048
290.2501	274.8929
290.7620	274.8929
290.7620	274.3810
291.2739	274.3810
291.2739	273.8691
291.7858	273.8691
291.7858	273.3572
292.2977	273.3572
292.2977	272.8453
292.8096	272.8453
292.8096	272.3334
293.3215	272.3334
293.3215	271.3096
293.8334	271.3096
293.8334	270.2858
294.3453	270.2858
294.3453	267.7262
294.8572	267.7262
294.8572	266.7024
295.3691	266.7024
295.3691	265.6786
295.8810	265.6786
295.8810	263.1191
296.3929	263.1191
296.3929	260.0477
296.9048	260.0477
296.9048	258.0000
297.4167	258.0000
297.4167	255.4405
297.9286	255.4405
297.9286	253.3929
298.4405	253.3929
298.4405	252.3691
298.9524	252.3691
298.9524	250.8334
299.4643	250.8334
299.4643	248.2739
299.9762	248.2739
299.9762	247.7620
300.4882	247.7620
300.4882	247.2500
301.0001	247.2500
301.0001	246.7381
302.0239	246.7381
302.0239	246.2262
302.5358	246.2262
302.5358	245.7143
303.0477	245.7143
303.0477	245.2024
303.5596	245.2024
303.5596	244.6905
304.0715	244.6905
304.0715	244.1786
304.5834	244.1786
304.5834	243.1548
305.0953	243.1548
305.0953	242.6429
305.6072	242.6429
305.6072	242.1310
306.1191	242.1310
306.1191	241.6191
306.6310	241.6191
306.6310	241.1072
307.1429	241.1072
307.1429	240.5953
307.6548	240.5953
307.6548	240.0834
308.1667	240.0834
308.1667	239.0596
308.6786	239.0596
308.6786	238.5477
309.1905	238.5477
309.1905	238.0358
309.7024	238.0358
309.7024	237.5239
310.2143	237.5239
310.2143	237.0119
310.7262	237.0119
310.7262	236.5000
311.2382	236.5000
311.2382	235.9881
311.7501	235.9881
311.7501	234.9643
312.2620	234.9643
312.2620	234.4524
312.7739	234.4524
312.7739	233.9405
313.2858	233.9405
313.2858	233.4286
313.7977	233.4286
313.7977	232.9167
314.8215	232.9167
314.8215	232.4048
315.8453	232.4048
315.8453	231.8929
316.8691	231.8929
316.8691	231.3810
317.8929	231.3810
317.8929	230.8691
318.4048	230.8691
318.4048	230.3572
318.9167	230.3572
318.9167	229.8453
319.4286	229.8453
319.4286	229.3334
320.4524	229.3334
320.4524	228.8215
320.9643	228.8215
320.9643	228.3096
321.9882	228.3096
321.9882	227.7977
324.0358	227.7977
324.0358	227.2858
325.0596	227.2858
325.0596	226.7739
326.0834	226.7739
326.0834	226.2619
327.1072	226.2619
327.1072	225.7500
327.6191	225.7500
327.6191	225.2381
328.1310	225.2381
328.1310	224.7262
328.6429	224.7262
328.6429	224.2143
329.6667	224.2143
329.6667	223.7024
330.6905	223.7024
330.6905	223.1905
331.2024	223.1905
331.2024	222.6786
331.7143	222.6786
331.7143	222.1667
332.2263	222.1667
332.2263	221.6548
332.7382	221.6548
332.7382	221.1429
333.2501	221.1429
333.2501	220.6310
333.7620	220.6310
333.7620	219.6072
334.2739	219.6072
334.2739	218.5834
334.7858	218.5834
334.7858	216.0239
335.2977	216.0239
335.2977	213.4643
334.7858	213.4643
334.7858	210.9048
334.2739	210.9048
334.2739	209.8810
333.7620	209.8810
333.7620	208.8572
333.2501	208.8572
333.2501	208.3453
332.7382	208.3453
332.7382	207.8334
332.2263	207.8334
332.2263	207.3215
331.7143	207.3215
331.7143	206.8096
331.2024	206.8096
331.2024	206.2977
330.6905	206.2977
330.6905	205.7858
331.7143	205.7858
331.7143	206.2977
336.8334	206.2977
336.8334	205.7858
339.3929	205.7858
339.3929	205.2738
340.4167	205.2738
340.4167	204.7619
341.4405	204.7619
341.4405	204.2500
341.9524	204.2500
341.9524	203.7381
342.4644	203.7381
342.4644	203.2262
342.9763	203.2262
342.9763	202.7143
343.4882	202.7143
343.4882	202.2024
347.0715	202.2024
347.0715	202.7143
347.5834	202.7143
347.5834	203.2262
348.6072	203.2262
348.6072	203.7381
349.6310	203.7381
349.6310	204.2500
351.1667	204.2500
351.1667	204.7619
353.7263	204.7619
353.7263	205.2738
354.7501	205.2738
354.7501	205.7858
355.7739	205.7858
355.7739	206.2977
358.3334	206.2977
358.3334	206.8096
369.5953	206.8096
369.5953	207.3215
373.6905	207.3215
373.6905	206.8096
376.2501	206.8096
376.2501	206.2977
377.7858	206.2977
377.7858	206.8096
385.9763	206.8096
385.9763	206.2977
387.5120	206.2977
387.5120	206.8096
394.6786	206.8096
394.6786	206.2977
399.7977	206.2977
399.7977	205.7858
402.3572	205.7858
402.3572	205.2738
403.3810	205.2738
403.3810	204.7619
404.4048	204.7619
404.4048	204.2500
404.9167	204.2500
404.9167	203.7381
405.4286	203.7381
405.4286	203.2262
405.9406	203.2262
405.9406	202.7143
406.4525	202.7143
406.4525	202.2024
406.9644	202.2024
406.9644	201.1786
407.4763	201.1786
407.4763	200.1548
407.9882	200.1548
407.9882	198.6191
409.0120	198.6191
409.0120	198.1072
409.5239	198.1072
409.5239	197.5953
412.0834	197.5953
