377.7858	201.1786
383.4167	201.1786
383.4167	200.6667
383.9286	200.6667
383.9286	201.1786
384.9525	201.1786
384.9525	201.6905
386.4882	201.6905
386.4882	202.2024
387.5120	202.2024
387.5120	202.7143
389.0477	202.7143
389.0477	203.2262
391.0953	203.2262
391.0953	203.7381
391.6072	203.7381
391.6072	204.2500
392.6310	204.2500
392.6310	204.7619
393.6548	204.7619
393.6548	205.2738
394.1667	205.2738
394.1667	205.7858
394.6786	205.7858
394.6786	206.2977
395.1906	206.2977
395.1906	206.8096
395.7025	206.8096
395.7025	207.3215
396.2144	207.3215
396.2144	207.8334
396.7263	207.8334
396.7263	208.3453
397.7501	208.3453
397.7501	208.8572
398.7739	208.8572
398.7739	209.3691
400.8215	209.3691
400.8215	209.8810
401.8453	209.8810
401.8453	210.3929
402.8691	210.3929
402.8691	210.9048
405.4286	210.9048
405.4286	211.4167
408.5001	211.4167
408.5001	210.9048
411.0596	210.9048
411.0596	210.3929
412.0834	210.3929
412.0834	209.8810
413.1072	209.8810
413.1072	209.3691
413.6191	209.3691
413.6191	208.8572
414.1310	208.8572
414.1310	208.3453
414.6429	208.3453
414.6429	207.8334
415.1548	207.8334
415.1548	208.3453
416.6906	208.3453
416.6906	209.3691
417.2025	209.3691
417.2025	209.8810
417.7144	209.8810
417.7144	210.3929
418.2263	210.3929
418.2263	210.9048
418.7382	210.9048
418.7382	211.4167
419.2501	211.4167
419.2501	215.0000
419.7620	215.0000
419.7620	217.5596
420.2739	217.5596
420.2739	218.5834
420.7858	218.5834
420.7858	219.6072
421.2977	219.6072
421.2977	220.1191
421.8096	220.1191
421.8096	220.6310
422.3215	220.6310
422.3215	221.1429
422.8334	221.1429
422.8334	221.6548
423.3453	221.6548
423.3453	222.1667
423.8572	222.1667
423.8572	222.6786
424.3691	222.6786
424.3691	223.1905
425.3929	223.1905
425.3929	223.7024
425.9048	223.7024
425.9048	224.7262
426.4167	224.7262
426.4167	225.2381
426.9287	225.2381
426.9287	225.7500
427.4406	225.7500
427.4406	226.2619
427.9525	226.2619
427.9525	226.7739
428.4644	226.7739
428.4644	227.2858
428.9763	227.2858
428.9763	227.7977
429.4882	227.7977
429.4882	228.3096
430.0001	228.3096
430.0001	228.8215
430.5120	228.8215
430.5120	229.3334
431.0239	229.3334
431.0239	229.8453
431.5358	229.8453
431.5358	230.3572
432.0477	230.3572
432.0477	230.8691
433.0715	230.8691
433.0715	231.3810
434.0953	231.3810
434.0953	231.8929
436.6548	231.8929
436.6548	232.4048
441.7739	232.4048
441.7739	232.9167
442.7977	232.9167
442.7977	233.4286
443.3096	233.4286
443.3096	233.9405
443.8215	233.9405
443.8215	234.4524
444.3334	234.4524
444.3334	234.9643
444.8453	234.9643
444.8453	235.4762
445.3572	235.4762
445.3572	235.9881
445.8691	235.9881
445.8691	236.5000
446.3810	236.5000
446.3810	237.5239
446.8929	237.5239
446.8929	238.5477
447.4048	238.5477
447.4048	240.0834
447.9168	240.0834
447.9168	242.6429
448.4287	242.6429
448.4287	244.6905
448.9406	244.6905
448.9406	246.7381
448.4287	246.7381
448.4287	249.2977
447.9168	249.2977
447.9168	250.8334
447.4048	250.8334
447.4048	251.8572
446.8929	251.8572
446.8929	252.8810
446.3810	252.8810
446.3810	255.4405
445.8691	255.4405
445.8691	260.5596
446.3810	260.5596
446.3810	265.1667
446.8929	265.1667
446.8929	270.2858
446.3810	270.2858
446.3810	272.3334
445.8691	272.3334
445.8691	274.8929
445.3572	274.8929
445.3572	276.9405
444.8453	276.9405
444.8453	277.9643
444.3334	277.9643
444.3334	280.0120
443.8215	280.0120
443.8215	281.5477
443.3096	281.5477
443.3096	282.5715
442.7977	282.5715
442.7977	283.5953
442.2858	283.5953
442.2858	284.1072
441.7739	284.1072
441.7739	284.6191
441.2620	284.6191
441.2620	285.6429
440.7501	285.6429
440.7501	286.6667
440.2382	286.6667
440.2382	287.1786
439.7263	287.1786
439.7263	288.2024
439.2144	288.2024
439.2144	289.2262
438.7025	289.2262
438.7025	290.2501
438.1906	290.2501
438.1906	290.7620
437.6787	290.7620
437.6787	291.2739
437.1667	291.2739
437.1667	291.7858
436.6548	291.7858
436.6548	292.2977
436.1429	292.2977
436.1429	292.8096
435.6310	292.8096
435.6310	293.8334
435.1191	293.8334
435.1191	294.8572
434.6072	294.8572
434.6072	295.3691
433.5834	295.3691
433.5834	295.8810
432.5596	295.8810
432.5596	296.3929
432.0477	296.3929
432.0477	296.9048
431.5358	296.9048
431.5358	297.4167
431.0239	297.4167
431.0239	297.9286
430.5120	297.9286
430.5120	298.4405
430.0001	298.4405
430.0001	299.4643
428.9763	299.4643
428.9763	299.9762
428.4644	299.9762
428.4644	300.4882
427.9525	300.4882
427.9525	301.0001
425.3929	301.0001
425.3929	301.5120
423.8572	301.5120
423.8572	301.0001
422.8334	301.0001
422.8334	300.4882
421.8096	300.4882
421.8096	299.9762
419.2501	299.9762
419.2501	299.4643
416.6906	299.4643
416.6906	299.9762
415.1548	299.9762
415.1548	299.4643
414.1310	299.4643
414.1310	298.9524
413.1072	298.9524
413.1072	298.4405
410.5477	298.4405
410.5477	297.9286
405.4286	297.9286
405.4286	298.4405
402.8691	298.4405
402.8691	298.9524
401.8453	298.9524
401.8453	299.4643
400.8215	299.4643
400.8215	299.9762
399.7977	299.9762
399.7977	300.4882
399.2858	300.4882
399.2858	301.0001
398.2620	301.0001
398.2620	301.5120
395.7025	301.5120
395.7025	302.0239
393.1429	302.0239
393.1429	302.5358
392.1191	302.5358
392.1191	303.0477
391.0953	303.0477
391.0953	303.5596
389.0477	303.5596
389.0477	304.0715
388.0239	304.0715
388.0239	304.5834
387.0001	304.5834
387.0001	305.0953
384.4405	305.0953
384.4405	305.6072
381.8810	305.6072
381.8810	306.1191
380.8572	306.1191
380.8572	306.6310
379.3215	306.6310
379.3215	307.1429
378.2977	307.1429
378.2977	307.6548
377.2739	307.6548
377.2739	308.1667
376.2501	308.1667
376.2501	308.6786
375.7382	308.6786
375.7382	309.1905
375.2263	309.1905
375.2263	309.7024
373.6905	309.7024
373.6905	310.2143
372.1548	310.2143
372.1548	310.7262
371.1310	310.7262
371.1310	311.2382
370.1072	311.2382
370.1072	311.7501
369.5953	311.7501
369.5953	312.2620
369.0834	312.2620
369.0834	312.7739
368.5715	312.7739
368.5715	313.2858
368.0596	313.2858
368.0596	313.7977
367.5477	313.7977
367.5477	314.8215
367.0358	314.8215
367.0358	315.3334
366.5239	315.3334
366.5239	316.3572
366.0120	316.3572
366.0120	316.8691
365.5001	316.8691
365.5001	317.3810
364.9882	317.3810
364.9882	317.8929
364.4763	317.8929
364.4763	318.4048
363.9644	318.4048
363.9644	319.4286
363.4525	319.4286
363.4525	320.4524
362.9405	320.4524
362.9405	321.4763
362.4286	321.4763
362.4286	324.0358
361.9167	324.0358
361.9167	324.5477
361.4048	324.5477
361.4048	325.0596
360.8929	325.0596
360.8929	325.5715
360.3810	325.5715
360.3810	326.0834
358.3334	326.0834
358.3334	326.5953
357.8215	326.5953
357.8215	326.0834
356.7977	326.0834
356.7977	325.5715
354.2382	325.5715
354.2382	325.0596
351.6786	325.0596
351.6786	325.5715
349.1191	325.5715
349.1191	326.0834
346.5596	326.0834
346.5596	326.5953
345.0239	326.5953
345.0239	327.1072
344.0001	327.1072
344.0001	327.6191
340.4167	327.6191
340.4167	328.1310
335.2977	328.1310
335.2977	328.6429
334.2739	328.6429
334.2739	328.1310
333.2501	328.1310
333.2501	327.6191
330.6905	327.6191
330.6905	327.1072
328.1310	327.1072
328.1310	327.6191
326.0834	327.6191
326.0834	327.1072
324.5477	327.1072
324.5477	326.5953
324.0358	326.5953
324.0358	325.5715
323.5239	325.5715
323.5239	324.5477
323.0120	324.5477
323.0120	324.0358
322.5001	324.0358
322.5001	323.5239
321.9882	323.5239
321.9882	323.0120
321.4763	323.0120
321.4763	322.5001
320.9643	322.5001
320.9643	321.9882
319.9405	321.9882
319.9405	321.4763
318.9167	321.4763
318.9167	320.9643
316.3572	320.9643
316.3572	320.4524
313.2858	320.4524
313.2858	320.9643
310.7262	320.9643
310.7262	321.4763
309.7024	321.4763
309.7024	321.9882
309.1905	321.9882
309.1905	321.4763
308.6786	321.4763
308.6786	320.9643
307.6548	320.9643
307.6548	320.4524
306.6310	320.4524
306.6310	319.9405
305.6072	319.9405
305.6072	318.9167
305.0953	318.9167
305.0953	318.4048
304.5834	318.4048
304.5834	317.3810
304.0715	317.3810
304.0715	314.8215
303.5596	314.8215
303.5596	313.7977
303.0477	313.7977
303.0477	312.7739
302.5358	312.7739
302.5358	311.7501
302.0239	311.7501
302.0239	311.2382
301.5120	311.2382
301.5120	310.7262
301.0001	310.7262
301.0001	310.2143
300.4882	310.2143
300.4882	309.7024
299.9762	309.7024
299.9762	309.1905
298.9524	309.1905
298.9524	308.6786
298.4405	308.6786
298.4405	307.6548
297.9286	307.6548
297.9286	306.6310
297.4167	306.6310
297.4167	305.6072
296.9048	305.6072
296.9048	304.5834
296.3929	304.5834
296.3929	303.5596
295.8810	303.5596
295.8810	302.5358
295.3691	302.5358
295.3691	301.5120
294.8572	301.5120
294.8572	301.0001
294.3453	301.0001
294.3453	300.4882
293.8334	300.4882
293.8334	299.9762
293.3215	299.9762
293.3215	299.4643
292.8096	299.4643
292.8096	298.9524
291.7858	298.9524
291.7858	298.4405
290.7620	298.4405
290.7620	297.9286
288.2024	297.9286
288.2024	297.4167
285.1310	297.4167
285.1310	294.8572
284.6191	294.8572
284.6191	293.8334
284.1072	293.8334
284.1072	292.8096
283.5953	292.8096
283.5953	292.2977
283.0834	292.2977
283.0834	291.7858
282.5715	291.7858
282.5715	291.2739
282.0596	291.2739
282.0596	290.7620
281.5477	290.7620
281.5477	290.2501
281.0358	290.2501
281.0358	289.7382
280.5239	289.7382
280.5239	289.2262
280.0120	289.2262
280.0120	288.7143
278.9881	288.7143
278.9881	288.2024
277.9643	288.2024
277.9643	287.6905
275.4048	287.6905
275.4048	287.1786
272.3334	287.1786
272.3334	286.1548
272.8453	286.1548
272.8453	285.6429
273.3572	285.6429
273.3572	285.1310
273.8691	285.1310
273.8691	284.6191
274.3810	284.6191
274.3810	284.1072
274.8929	284.1072
274.8929	283.0834
275.4048	283.0834
275.4048	282.0596
275.9167	282.0596
275.9167	280.0120
276.4286	280.0120
276.4286	278.9881
277.4524	278.9881
277.4524	278.4762
277.9643	278.4762
277.9643	277.9643
278.4762	277.9643
278.4762	277.4524
278.9881	277.4524
278.9881	276.9405
280.5239	276.9405
280.5239	276.4286
281.5477	276.4286
281.5477	275.9167
282.5715	275.9167
282.5715	275.4048
283.5953	275.4048
283.5953	274.8929
284.1072	274.8929
284.1072	274.3810
284.6191	274.3810
284.6191	273.8691
285.1310	273.8691
285.1310	273.3572
286.1548	273.3572
286.1548	272.8453
286.6667	272.8453
286.6667	272.3334
287.1786	272.3334
287.1786	271.8215
287.6905	271.8215
287.6905	271.3096
288.2024	271.3096
288.2024	270.7977
289.2262	270.7977
289.2262	270.2858
290.2501	270.2858
290.2501	269.7739
290.7620	269.7739
290.7620	269.2620
291.7858	269.2620
291.7858	268.7501
292.8096	268.7501
292.8096	268.2381
293.8334	268.2381
293.8334	267.7262
294.3453	267.7262
294.3453	267.2143
294.8572	267.2143
294.8572	266.7024
295.3691	266.7024
295.3691	266.1905
295.8810	266.1905
295.8810	265.6786
296.3929	265.6786
296.3929	264.6548
296.9048	264.6548
296.9048	263.6310
297.4167	263.6310
297.4167	263.1191
298.4405	263.1191
298.4405	262.6072
299.4643	262.6072
299.4643	262.0953
299.9762	262.0953
299.9762	261.5834
300.4882	261.5834
300.4882	261.0715
301.0001	261.0715
301.0001	260.5596
301.5120	260.5596
301.5120	260.0477
302.0239	260.0477
302.0239	259.5358
302.5358	259.5358
302.5358	258.5120
303.0477	258.5120
303.0477	258.0000
303.5596	258.0000
303.5596	257.4881
304.0715	257.4881
304.0715	256.9762
304.5834	256.9762
304.5834	256.4643
305.0953	256.4643
305.0953	255.4405
305.6072	255.4405
305.6072	254.9286
306.1191	254.9286
306.1191	254.4167
306.6310	254.4167
306.6310	253.9048
307.1429	253.9048
307.1429	253.3929
307.6548	253.3929
307.6548	252.8810
308.1667	252.8810
308.1667	252.3691
308.6786	252.3691
308.6786	251.3453
309.1905	251.3453
309.1905	250.8334
309.7024	250.8334
309.7024	250.3215
310.2143	250.3215
310.2143	249.8096
310.7262	249.8096
310.7262	248.7858
311.7501	248.7858
311.7501	248.2739
312.2620	248.2739
312.2620	247.7620
312.7739	247.7620
312.7739	247.2500
313.2858	247.2500
313.2858	246.7381
313.7977	246.7381
313.7977	246.2262
314.3096	246.2262
314.3096	245.2024
314.8215	245.2024
314.8215	244.1786
315.3334	244.1786
315.3334	242.6429
315.8453	242.6429
315.8453	242.1310
316.3572	242.1310
316.3572	241.6191
317.3810	241.6191
317.3810	241.1072
318.4048	241.1072
318.4048	240.5953
319.4286	240.5953
319.4286	240.0834
320.4524	240.0834
320.4524	239.5715
320.9643	239.5715
320.9643	239.0596
321.4763	239.0596
321.4763	238.5477
322.5001	238.5477
322.5001	238.0358
323.5239	238.0358
323.5239	237.5239
324.5477	237.5239
324.5477	237.0119
325.5715	237.0119
325.5715	236.5000
326.0834	236.5000
326.0834	235.9881
326.5953	235.9881
326.5953	235.4762
327.1072	235.4762
327.1072	234.9643
327.6191	234.9643
327.6191	234.4524
328.1310	234.4524
328.1310	233.9405
328.6429	233.9405
328.6429	233.4286
329.1548	233.4286
329.1548	232.9167
329.6667	232.9167
329.6667	231.8929
330.1786	231.8929
330.1786	231.3810
330.6905	231.3810
330.6905	230.8691
331.2024	230.8691
331.2024	229.8453
331.7143	229.8453
331.7143	229.3334
332.2263	229.3334
332.2263	228.8215
332.7382	228.8215
332.7382	228.3096
333.2501	228.3096
333.2501	227.7977
333.7620	227.7977
333.7620	227.2858
334.2739	227.2858
334.2739	226.7739
334.7858	226.7739
334.7858	226.2619
335.2977	226.2619
335.2977	225.2381
335.8096	225.2381
335.8096	224.2143
336.3215	224.2143
336.3215	223.7024
336.8334	223.7024
336.8334	222.6786
337.3453	222.6786
337.3453	221.6548
337.8572	221.6548
337.8572	219.0953
338.3691	219.0953
338.3691	218.5834
338.8810	218.5834
338.8810	218.0715
339.3929	218.0715
339.3929	217.0477
339.9048	217.0477
339.9048	216.0239
340.4167	216.0239
340.4167	213.9762
340.9286	213.9762
340.9286	211.4167
341.4405	211.4167
341.4405	210.9048
342.9763	210.9048
342.9763	210.3929
344.0001	210.3929
344.0001	209.8810
345.0239	209.8810
345.0239	209.3691
345.5358	209.3691
345.5358	208.8572
346.0477	208.8572
346.0477	208.3453
346.5596	208.3453
346.5596	207.8334
347.0715	207.8334
347.0715	207.3215
347.5834	207.3215
347.5834	206.8096
348.0953	206.8096
348.0953	206.2977
348.6072	206.2977
348.6072	205.2738
349.1191	205.2738
349.1191	204.2500
350.1429	204.2500
350.1429	203.7381
351.6786	203.7381
351.6786	203.2262
352.7024	203.2262
352.7024	202.7143
354.2382	202.7143
354.2382	203.2262
354.7501	203.2262
354.7501	203.7381
355.7739	203.7381
355.7739	204.2500
356.7977	204.2500
356.7977	204.7619
359.3572	204.7619
359.3572	205.2738
361.9167	205.2738
361.9167	204.7619
364.4763	204.7619
364.4763	204.2500
366.5239	204.2500
366.5239	203.7381
368.5715	203.7381
368.5715	203.2262
370.1072	203.2262
370.1072	202.7143
372.6667	202.7143
372.6667	202.2024
374.2025	202.2024
374.2025	201.6905
375.2263	201.6905
375.2263	201.1786
376.7620	201.1786
376.7620	200.6667
377.7858	200.6667
