361.9167	229.8453
362.4286	229.8453
362.4286	230.3572
362.9405	230.3572
362.9405	230.8691
363.4525	230.8691
363.4525	231.3810
363.9644	231.3810
363.9644	231.8929
364.9882	231.8929
364.9882	232.4048
366.0120	232.4048
366.0120	232.9167
367.0358	232.9167
367.0358	233.4286
368.0596	233.4286
368.0596	233.9405
370.1072	233.9405
370.1072	234.4524
372.6667	234.4524
372.6667	234.9643
373.6905	234.9643
373.6905	235.4762
376.2501	235.4762
376.2501	235.9881
380.3453	235.9881
380.3453	235.4762
382.9048	235.4762
382.9048	235.9881
383.9286	235.9881
383.9286	236.5000
384.9525	236.5000
384.9525	237.0119
386.4882	237.0119
386.4882	237.5239
387.5120	237.5239
387.5120	238.5477
388.0239	238.5477
388.0239	239.0596
388.5358	239.0596
388.5358	239.5715
389.0477	239.5715
389.0477	240.0834
389.5596	240.0834
389.5596	240.5953
390.0715	240.5953
390.0715	241.1072
390.5834	241.1072
390.5834	241.6191
391.0953	241.6191
391.0953	242.1310
392.1191	242.1310
392.1191	242.6429
393.1429	242.6429
393.1429	243.1548
395.1906	243.1548
395.1906	243.6667
397.7501	243.6667
397.7501	244.1786
398.2620	244.1786
398.2620	244.6905
398.7739	244.6905
398.7739	245.2024
399.2858	245.2024
399.2858	245.7143
400.3096	245.7143
400.3096	246.2262
401.3334	246.2262
401.3334	246.7381
403.8929	246.7381
403.8929	247.2500
407.9882	247.2500
407.9882	246.7381
410.0358	246.7381
410.0358	247.2500
410.5477	247.2500
410.5477	247.7620
411.0596	247.7620
411.0596	248.2739
412.0834	248.2739
412.0834	248.7858
413.1072	248.7858
413.1072	249.2977
414.6429	249.2977
414.6429	249.8096
415.6667	249.8096
415.6667	250.3215
418.2263	250.3215
418.2263	250.8334
422.8334	250.8334
422.8334	251.3453
424.8810	251.3453
424.8810	251.8572
426.9287	251.8572
426.9287	252.3691
427.9525	252.3691
427.9525	252.8810
428.9763	252.8810
428.9763	253.3929
429.4882	253.3929
429.4882	253.9048
430.0001	253.9048
430.0001	254.4167
430.5120	254.4167
430.5120	254.9286
431.0239	254.9286
431.0239	259.0239
430.0001	259.0239
430.0001	259.5358
428.4644	259.5358
428.4644	259.0239
427.9525	259.0239
427.9525	258.5120
426.9287	258.5120
426.9287	258.0000
425.9048	258.0000
425.9048	257.4881
423.3453	257.4881
423.3453	256.9762
422.8334	256.9762
422.8334	256.4643
422.3215	256.4643
422.3215	255.9524
421.2977	255.9524
421.2977	255.4405
420.2739	255.4405
420.2739	254.9286
418.7382	254.9286
418.7382	254.4167
418.2263	254.4167
418.2263	253.9048
417.2025	253.9048
417.2025	253.3929
416.1787	253.3929
416.1787	252.8810
415.1548	252.8810
415.1548	252.3691
414.6429	252.3691
414.6429	251.8572
414.1310	251.8572
414.1310	251.3453
413.1072	251.3453
413.1072	250.8334
412.0834	250.8334
412.0834	250.3215
409.5239	250.3215
409.5239	249.8096
405.4286	249.8096
405.4286	250.3215
402.8691	250.3215
402.8691	250.8334
401.8453	250.8334
401.8453	251.3453
400.8215	251.3453
400.8215	251.8572
400.3096	251.8572
400.3096	252.3691
399.7977	252.3691
399.7977	252.8810
399.2858	252.8810
399.2858	253.3929
398.7739	253.3929
398.7739	253.9048
398.2620	253.9048
398.2620	254.9286
397.7501	254.9286
397.7501	255.9524
397.2382	255.9524
397.2382	258.5120
396.7263	258.5120
396.7263	261.0715
397.2382	261.0715
397.2382	263.6310
396.7263	263.6310
396.7263	268.2381
396.2144	268.2381
396.2144	269.7739
395.7025	269.7739
395.7025	271.3096
395.1906	271.3096
395.1906	272.3334
394.6786	272.3334
394.6786	273.3572
394.1667	273.3572
394.1667	273.8691
393.6548	273.8691
393.6548	274.3810
393.1429	274.3810
393.1429	274.8929
392.6310	274.8929
392.6310	275.9167
392.1191	275.9167
392.1191	276.9405
391.6072	276.9405
391.6072	279.5001
391.0953	279.5001
391.0953	280.0120
390.5834	280.0120
390.5834	280.5239
390.0715	280.5239
390.0715	281.0358
389.5596	281.0358
389.5596	281.5477
389.0477	281.5477
389.0477	282.0596
388.5358	282.0596
388.5358	282.5715
388.0239	282.5715
388.0239	283.5953
387.5120	283.5953
387.5120	284.6191
387.0001	284.6191
387.0001	285.6429
386.4882	285.6429
386.4882	286.1548
385.4644	286.1548
385.4644	285.6429
379.8334	285.6429
379.8334	286.1548
377.2739	286.1548
377.2739	286.6667
376.2501	286.6667
376.2501	287.1786
375.2263	287.1786
375.2263	287.6905
374.7144	287.6905
374.7144	288.2024
374.2025	288.2024
374.2025	288.7143
373.6905	288.7143
373.6905	289.2262
373.1786	289.2262
373.1786	289.7382
372.6667	289.7382
372.6667	290.2501
372.1548	290.2501
372.1548	290.7620
371.1310	290.7620
371.1310	291.2739
370.6191	291.2739
370.6191	291.7858
370.1072	291.7858
370.1072	292.2977
361.9167	292.2977
361.9167	292.8096
360.3810	292.8096
360.3810	292.2977
352.7024	292.2977
352.7024	292.8096
350.1429	292.8096
350.1429	293.3215
349.1191	293.3215
349.1191	293.8334
348.0953	293.8334
348.0953	294.3453
347.5834	294.3453
347.5834	294.8572
347.0715	294.8572
347.0715	295.3691
346.5596	295.3691
346.5596	295.8810
346.0477	295.8810
346.0477	296.3929
345.5358	296.3929
345.5358	296.9048
345.0239	296.9048
345.0239	297.4167
344.5120	297.4167
344.5120	298.4405
343.4882	298.4405
343.4882	298.9524
340.4167	298.9524
340.4167	298.4405
339.9048	298.4405
339.9048	297.9286
339.3929	297.9286
339.3929	297.4167
338.8810	297.4167
338.8810	296.9048
337.8572	296.9048
337.8572	295.8810
337.3453	295.8810
337.3453	295.3691
336.8334	295.3691
336.8334	294.8572
336.3215	294.8572
336.3215	294.3453
335.8096	294.3453
335.8096	293.8334
335.2977	293.8334
335.2977	293.3215
334.7858	293.3215
334.7858	292.8096
333.7620	292.8096
333.7620	292.2977
333.2501	292.2977
333.2501	291.7858
332.2263	291.7858
332.2263	291.2739
331.2024	291.2739
331.2024	290.7620
330.1786	290.7620
330.1786	290.2501
329.1548	290.2501
329.1548	289.7382
328.6429	289.7382
328.6429	289.2262
327.6191	289.2262
327.6191	288.7143
326.5953	288.7143
326.5953	287.6905
326.0834	287.6905
326.0834	284.6191
325.5715	284.6191
325.5715	282.0596
325.0596	282.0596
325.0596	281.0358
324.5477	281.0358
324.5477	280.0120
324.0358	280.0120
324.0358	279.5001
323.5239	279.5001
323.5239	278.9881
323.0120	278.9881
323.0120	278.4762
322.5001	278.4762
322.5001	277.9643
321.9882	277.9643
321.9882	277.4524
320.9643	277.4524
320.9643	276.9405
319.9405	276.9405
319.9405	276.4286
317.8929	276.4286
317.8929	275.4048
318.4048	275.4048
318.4048	270.2858
317.8929	270.2858
317.8929	267.7262
317.3810	267.7262
317.3810	266.7024
316.8691	266.7024
316.8691	265.6786
316.3572	265.6786
316.3572	265.1667
315.8453	265.1667
315.8453	264.6548
315.3334	264.6548
315.3334	264.1429
314.8215	264.1429
314.8215	263.6310
314.3096	263.6310
314.3096	263.1191
313.7977	263.1191
313.7977	260.0477
314.8215	260.0477
314.8215	259.5358
315.3334	259.5358
315.3334	259.0239
315.8453	259.0239
315.8453	258.5120
316.3572	258.5120
316.3572	258.0000
316.8691	258.0000
316.8691	257.4881
317.3810	257.4881
317.3810	256.9762
317.8929	256.9762
317.8929	255.9524
318.4048	255.9524
318.4048	254.9286
318.9167	254.9286
318.9167	254.4167
319.4286	254.4167
319.4286	253.9048
319.9405	253.9048
319.9405	252.8810
320.4524	252.8810
320.4524	251.8572
320.9643	251.8572
320.9643	250.8334
321.4763	250.8334
321.4763	250.3215
321.9882	250.3215
321.9882	249.8096
322.5001	249.8096
322.5001	249.2977
323.0120	249.2977
323.0120	248.7858
323.5239	248.7858
323.5239	247.7620
324.0358	247.7620
324.0358	246.7381
324.5477	246.7381
324.5477	246.2262
325.0596	246.2262
325.0596	245.2024
325.5715	245.2024
325.5715	244.6905
326.0834	244.6905
326.0834	243.6667
326.5953	243.6667
326.5953	242.6429
327.1072	242.6429
327.1072	241.6191
327.6191	241.6191
327.6191	241.1072
328.1310	241.1072
328.1310	240.5953
328.6429	240.5953
328.6429	240.0834
329.1548	240.0834
329.1548	239.5715
329.6667	239.5715
329.6667	238.5477
330.1786	238.5477
330.1786	238.0358
330.6905	238.0358
330.6905	237.5239
331.2024	237.5239
331.2024	237.0119
331.7143	237.0119
331.7143	235.9881
332.2263	235.9881
332.2263	234.9643
335.8096	234.9643
335.8096	234.4524
338.3691	234.4524
338.3691	233.9405
339.3929	233.9405
339.3929	233.4286
340.4167	233.4286
340.4167	232.9167
340.9286	232.9167
340.9286	232.4048
341.4405	232.4048
341.4405	231.8929
345.0239	231.8929
345.0239	232.4048
349.6310	232.4048
349.6310	231.8929
351.6786	231.8929
351.6786	232.4048
355.2620	232.4048
355.2620	231.8929
357.8215	231.8929
357.8215	231.3810
358.8453	231.3810
358.8453	230.8691
359.8691	230.8691
359.8691	230.3572
360.3810	230.3572
360.3810	229.8453
360.8929	229.8453
360.8929	229.3334
361.9167	229.3334
