340.9286	205.2738
347.0715	205.2738
347.0715	205.7858
350.6548	205.7858
350.6548	206.2977
352.1905	206.2977
352.1905	206.8096
353.2144	206.8096
353.2144	207.3215
354.7501	207.3215
354.7501	207.8334
356.7977	207.8334
356.7977	208.3453
357.8215	208.3453
357.8215	208.8572
358.8453	208.8572
358.8453	209.3691
359.8691	209.3691
359.8691	209.8810
360.8929	209.8810
360.8929	210.3929
361.9167	210.3929
361.9167	210.9048
362.9405	210.9048
362.9405	211.4167
364.4763	211.4167
364.4763	211.9286
364.9882	211.9286
364.9882	212.4405
366.0120	212.4405
366.0120	212.9524
367.0358	212.9524
367.0358	213.4643
368.0596	213.4643
368.0596	213.9762
368.5715	213.9762
368.5715	214.4881
369.0834	214.4881
369.0834	215.0000
370.1072	215.0000
370.1072	215.5119
371.1310	215.5119
371.1310	216.0239
371.6429	216.0239
371.6429	216.5358
372.6667	216.5358
372.6667	217.0477
373.1786	217.0477
373.1786	217.5596
373.6905	217.5596
373.6905	218.0715
374.2025	218.0715
374.2025	218.5834
375.2263	218.5834
375.2263	219.0953
376.2501	219.0953
376.2501	219.6072
376.7620	219.6072
376.7620	220.1191
377.2739	220.1191
377.2739	220.6310
377.7858	220.6310
377.7858	221.1429
378.2977	221.1429
378.2977	221.6548
378.8096	221.6548
378.8096	222.1667
379.3215	222.1667
379.3215	222.6786
379.8334	222.6786
379.8334	223.1905
380.3453	223.1905
380.3453	223.7024
380.8572	223.7024
380.8572	224.2143
381.3691	224.2143
381.3691	224.7262
381.8810	224.7262
381.8810	225.2381
382.3929	225.2381
382.3929	225.7500
382.9048	225.7500
382.9048	226.2619
383.4167	226.2619
383.4167	226.7739
383.9286	226.7739
383.9286	227.2858
384.4405	227.2858
384.4405	227.7977
384.9525	227.7977
384.9525	228.3096
385.4644	228.3096
385.4644	228.8215
385.9763	228.8215
385.9763	229.3334
386.4882	229.3334
386.4882	229.8453
387.0001	229.8453
387.0001	230.8691
387.5120	230.8691
387.5120	231.8929
388.0239	231.8929
388.0239	232.4048
388.5358	232.4048
388.5358	232.9167
389.0477	232.9167
389.0477	233.4286
389.5596	233.4286
389.5596	233.9405
390.0715	233.9405
390.0715	234.4524
390.5834	234.4524
390.5834	234.9643
391.0953	234.9643
391.0953	235.4762
391.6072	235.4762
391.6072	235.9881
392.1191	235.9881
392.1191	236.5000
392.6310	236.5000
392.6310	237.0119
393.1429	237.0119
393.1429	238.0358
393.6548	238.0358
393.6548	239.0596
394.1667	239.0596
394.1667	239.5715
394.6786	239.5715
394.6786	240.5953
395.1906	240.5953
395.1906	241.6191
395.7025	241.6191
395.7025	242.6429
396.2144	242.6429
396.2144	243.6667
396.7263	243.6667
396.7263	244.1786
397.2382	244.1786
397.2382	244.6905
397.7501	244.6905
397.7501	245.7143
398.2620	245.7143
398.2620	246.7381
398.7739	246.7381
398.7739	247.2500
399.2858	247.2500
399.2858	248.2739
399.7977	248.2739
399.7977	249.8096
400.3096	249.8096
400.3096	250.8334
400.8215	250.8334
400.8215	251.8572
401.3334	251.8572
401.3334	252.8810
401.8453	252.8810
401.8453	253.9048
402.3572	253.9048
402.3572	255.4405
402.8691	255.4405
402.8691	256.4643
403.3810	256.4643
403.3810	257.4881
403.8929	257.4881
403.8929	258.5120
404.4048	258.5120
404.4048	259.0239
404.9167	259.0239
404.9167	264.6548
405.4286	264.6548
405.4286	267.2143
405.9406	267.2143
405.9406	268.2381
406.4525	268.2381
406.4525	269.2620
406.9644	269.2620
406.9644	269.7739
406.4525	269.7739
406.4525	270.2858
405.9406	270.2858
405.9406	270.7977
405.4286	270.7977
405.4286	271.3096
404.9167	271.3096
404.9167	272.3334
404.4048	272.3334
404.4048	273.3572
403.8929	273.3572
403.8929	275.9167
403.3810	275.9167
403.3810	277.9643
402.8691	277.9643
402.8691	279.5001
402.3572	279.5001
402.3572	281.0358
401.8453	281.0358
401.8453	282.0596
401.3334	282.0596
401.3334	284.1072
400.8215	284.1072
400.8215	284.6191
400.3096	284.6191
400.3096	285.1310
399.7977	285.1310
399.7977	286.1548
399.2858	286.1548
399.2858	287.1786
398.7739	287.1786
398.7739	288.2024
398.2620	288.2024
398.2620	289.2262
397.7501	289.2262
397.7501	290.2501
397.2382	290.2501
397.2382	290.7620
396.7263	290.7620
396.7263	291.2739
396.2144	291.2739
396.2144	291.7858
395.7025	291.7858
395.7025	292.8096
395.1906	292.8096
395.1906	293.3215
394.6786	293.3215
394.6786	294.3453
394.1667	294.3453
394.1667	295.3691
393.1429	295.3691
393.1429	295.8810
392.6310	295.8810
392.6310	296.3929
392.1191	296.3929
392.1191	296.9048
391.6072	296.9048
391.6072	297.4167
391.0953	297.4167
391.0953	297.9286
390.5834	297.9286
390.5834	298.4405
389.5596	298.4405
389.5596	298.9524
389.0477	298.9524
389.0477	299.4643
388.5358	299.4643
388.5358	299.9762
388.0239	299.9762
388.0239	300.4882
387.5120	300.4882
387.5120	301.0001
387.0001	301.0001
387.0001	301.5120
386.4882	301.5120
386.4882	302.5358
385.9763	302.5358
385.9763	303.5596
385.4644	303.5596
385.4644	305.0953
384.9525	305.0953
384.9525	306.1191
384.4405	306.1191
384.4405	307.6548
381.8810	307.6548
381.8810	308.1667
379.3215	308.1667
379.3215	308.6786
378.2977	308.6786
378.2977	309.1905
377.2739	309.1905
377.2739	309.7024
376.7620	309.7024
376.7620	310.2143
376.2501	310.2143
376.2501	310.7262
375.7382	310.7262
375.7382	311.2382
375.2263	311.2382
375.2263	311.7501
374.7144	311.7501
374.7144	312.2620
373.6905	312.2620
373.6905	312.7739
373.1786	312.7739
373.1786	312.2620
371.6429	312.2620
371.6429	311.7501
370.6191	311.7501
370.6191	311.2382
370.1072	311.2382
370.1072	310.7262
369.5953	310.7262
369.5953	309.7024
369.0834	309.7024
369.0834	308.6786
368.5715	308.6786
368.5715	307.6548
368.0596	307.6548
368.0596	307.1429
367.5477	307.1429
367.5477	306.6310
367.0358	306.6310
367.0358	306.1191
366.5239	306.1191
366.5239	305.6072
366.0120	305.6072
366.0120	305.0953
364.9882	305.0953
364.9882	304.5834
363.9644	304.5834
363.9644	304.0715
361.4048	304.0715
361.4048	303.5596
357.3096	303.5596
357.3096	304.0715
354.7501	304.0715
354.7501	304.5834
353.7263	304.5834
353.7263	305.0953
352.7024	305.0953
352.7024	305.6072
351.6786	305.6072
351.6786	306.1191
351.1667	306.1191
351.1667	306.6310
350.6548	306.6310
350.6548	307.1429
350.1429	307.1429
350.1429	307.6548
349.6310	307.6548
349.6310	308.1667
349.1191	308.1667
349.1191	309.1905
348.6072	309.1905
348.6072	310.2143
348.0953	310.2143
348.0953	311.2382
347.5834	311.2382
347.5834	311.7501
347.0715	311.7501
347.0715	312.2620
346.5596	312.2620
346.5596	313.2858
346.0477	313.2858
346.0477	314.3096
345.5358	314.3096
345.5358	316.8691
334.2739	316.8691
334.2739	316.3572
330.1786	316.3572
330.1786	315.8453
327.6191	315.8453
327.6191	315.3334
326.5953	315.3334
326.5953	314.8215
325.5715	314.8215
325.5715	314.3096
324.5477	314.3096
324.5477	313.7977
323.5239	313.7977
323.5239	313.2858
322.5001	313.2858
322.5001	312.7739
321.4763	312.7739
321.4763	312.2620
320.4524	312.2620
320.4524	311.7501
318.4048	311.7501
318.4048	311.2382
317.3810	311.2382
317.3810	310.7262
316.3572	310.7262
316.3572	310.2143
315.3334	310.2143
315.3334	309.7024
314.3096	309.7024
314.3096	309.1905
313.7977	309.1905
313.7977	308.6786
313.2858	308.6786
313.2858	308.1667
312.7739	308.1667
312.7739	307.6548
312.2620	307.6548
312.2620	306.6310
311.7501	306.6310
311.7501	306.1191
312.2620	306.1191
312.2620	303.5596
311.7501	303.5596
311.7501	301.0001
311.2382	301.0001
311.2382	299.9762
310.7262	299.9762
310.7262	298.9524
310.2143	298.9524
310.2143	298.4405
309.7024	298.4405
309.7024	297.9286
309.1905	297.9286
309.1905	297.4167
308.6786	297.4167
308.6786	296.9048
308.1667	296.9048
308.1667	296.3929
307.1429	296.3929
307.1429	295.8810
306.1191	295.8810
306.1191	295.3691
303.5596	295.3691
303.5596	294.8572
299.4643	294.8572
299.4643	295.3691
298.9524	295.3691
298.9524	294.8572
297.9286	294.8572
297.9286	293.3215
297.4167	293.3215
297.4167	292.8096
298.4405	292.8096
298.4405	293.3215
301.0001	293.3215
301.0001	293.8334
304.0715	293.8334
304.0715	293.3215
306.6310	293.3215
306.6310	292.8096
307.6548	292.8096
307.6548	292.2977
308.6786	292.2977
308.6786	291.7858
309.1905	291.7858
309.1905	291.2739
309.7024	291.2739
309.7024	290.7620
310.2143	290.7620
310.2143	290.2501
310.7262	290.2501
310.7262	289.7382
311.2382	289.7382
311.2382	288.7143
311.7501	288.7143
311.7501	287.6905
312.2620	287.6905
312.2620	285.1310
312.7739	285.1310
312.7739	282.5715
312.2620	282.5715
312.2620	280.0120
311.7501	280.0120
311.7501	278.9881
311.2382	278.9881
311.2382	277.4524
310.7262	277.4524
310.7262	276.4286
310.2143	276.4286
310.2143	275.4048
309.7024	275.4048
309.7024	274.8929
309.1905	274.8929
309.1905	274.3810
308.6786	274.3810
308.6786	273.8691
308.1667	273.8691
308.1667	273.3572
307.6548	273.3572
307.6548	272.8453
306.6310	272.8453
306.6310	272.3334
305.6072	272.3334
305.6072	271.8215
304.5834	271.8215
304.5834	271.3096
302.0239	271.3096
302.0239	270.7977
301.0001	270.7977
301.0001	270.2858
298.4405	270.2858
298.4405	269.7739
295.8810	269.7739
295.8810	270.2858
293.3215	270.2858
293.3215	270.7977
292.2977	270.7977
292.2977	271.3096
291.2739	271.3096
291.2739	271.8215
290.7620	271.8215
290.7620	272.3334
290.2501	272.3334
290.2501	272.8453
289.7382	272.8453
289.7382	273.3572
289.2262	273.3572
289.2262	273.8691
288.7143	273.8691
288.7143	274.3810
288.2024	274.3810
288.2024	273.8691
287.6905	273.8691
287.6905	273.3572
288.2024	273.3572
288.2024	269.2620
287.6905	269.2620
287.6905	266.7024
287.1786	266.7024
287.1786	265.6786
286.6667	265.6786
286.6667	264.6548
287.1786	264.6548
287.1786	260.0477
287.6905	260.0477
287.6905	257.4881
288.2024	257.4881
288.2024	256.4643
288.7143	256.4643
288.7143	255.9524
289.2262	255.9524
289.2262	254.9286
289.7382	254.9286
289.7382	254.4167
290.2501	254.4167
290.2501	253.9048
291.2739	253.9048
291.2739	253.3929
292.2977	253.3929
292.2977	252.8810
292.8096	252.8810
292.8096	252.3691
293.3215	252.3691
293.3215	251.8572
293.8334	251.8572
293.8334	251.3453
294.3453	251.3453
294.3453	250.8334
294.8572	250.8334
294.8572	249.8096
295.3691	249.8096
295.3691	248.7858
295.8810	248.7858
295.8810	246.2262
296.3929	246.2262
296.3929	243.1548
295.8810	243.1548
295.8810	240.5953
295.3691	240.5953
295.3691	239.5715
294.8572	239.5715
294.8572	238.5477
294.3453	238.5477
294.3453	238.0358
293.8334	238.0358
293.8334	237.5239
293.3215	237.5239
293.3215	235.9881
293.8334	235.9881
293.8334	234.4524
294.3453	234.4524
294.3453	233.9405
294.8572	233.9405
294.8572	232.9167
295.3691	232.9167
295.3691	232.4048
295.8810	232.4048
295.8810	231.3810
296.3929	231.3810
296.3929	230.8691
296.9048	230.8691
296.9048	230.3572
297.4167	230.3572
297.4167	229.8453
297.9286	229.8453
297.9286	229.3334
298.4405	229.3334
298.4405	228.3096
298.9524	228.3096
298.9524	227.2858
299.4643	227.2858
299.4643	226.7739
299.9762	226.7739
299.9762	225.7500
300.4882	225.7500
300.4882	225.2381
301.0001	225.2381
301.0001	224.7262
301.5120	224.7262
301.5120	224.2143
302.0239	224.2143
302.0239	223.1905
302.5358	223.1905
302.5358	222.1667
303.0477	222.1667
303.0477	221.6548
303.5596	221.6548
303.5596	220.6310
304.5834	220.6310
304.5834	220.1191
305.0953	220.1191
305.0953	219.6072
306.1191	219.6072
306.1191	219.0953
306.6310	219.0953
306.6310	218.5834
307.6548	218.5834
307.6548	218.0715
308.1667	218.0715
308.1667	217.5596
309.1905	217.5596
309.1905	217.0477
309.7024	217.0477
309.7024	216.5358
310.2143	216.5358
310.2143	216.0239
310.7262	216.0239
310.7262	215.5119
311.7501	215.5119
311.7501	215.0000
312.2620	215.0000
312.2620	214.4881
312.7739	214.4881
312.7739	213.9762
313.7977	213.9762
313.7977	213.4643
314.3096	213.4643
314.3096	212.9524
314.8215	212.9524
314.8215	212.4405
315.3334	212.4405
315.3334	211.9286
315.8453	211.9286
315.8453	211.4167
316.3572	211.4167
316.3572	210.9048
316.8691	210.9048
316.8691	210.3929
317.8929	210.3929
317.8929	209.8810
318.4048	209.8810
318.4048	209.3691
318.9167	209.3691
318.9167	208.8572
319.4286	208.8572
319.4286	208.3453
320.4524	208.3453
320.4524	207.8334
321.4763	207.8334
321.4763	207.3215
322.5001	207.3215
322.5001	206.8096
323.5239	206.8096
323.5239	206.2977
325.0596	206.2977
325.0596	205.7858
330.6905	205.7858
330.6905	205.2738
339.9048	205.2738
339.9048	204.7619
340.9286	204.7619
