345.0239	204.2500
347.5834	204.2500
347.5834	204.7619
350.1429	204.7619
350.1429	205.2738
351.6786	205.2738
351.6786	205.7858
353.2144	205.7858
353.2144	206.2977
354.2382	206.2977
354.2382	206.8096
355.2620	206.8096
355.2620	207.3215
356.2858	207.3215
356.2858	207.8334
357.3096	207.8334
357.3096	208.3453
358.8453	208.3453
358.8453	208.8572
359.8691	208.8572
359.8691	209.3691
361.4048	209.3691
361.4048	209.8810
362.4286	209.8810
362.4286	210.3929
363.4525	210.3929
363.4525	210.9048
364.9882	210.9048
364.9882	211.4167
365.5001	211.4167
365.5001	211.9286
366.5239	211.9286
366.5239	212.4405
367.0358	212.4405
367.0358	212.9524
368.0596	212.9524
368.0596	213.4643
368.5715	213.4643
368.5715	213.9762
369.5953	213.9762
369.5953	214.4881
370.1072	214.4881
370.1072	215.0000
370.6191	215.0000
370.6191	215.5119
371.1310	215.5119
371.1310	216.0239
371.6429	216.0239
371.6429	216.5358
372.6667	216.5358
372.6667	217.0477
373.1786	217.0477
373.1786	217.5596
373.6905	217.5596
373.6905	218.0715
374.2025	218.0715
374.2025	218.5834
374.7144	218.5834
374.7144	219.0953
375.2263	219.0953
375.2263	219.6072
375.7382	219.6072
375.7382	220.1191
376.2501	220.1191
376.2501	220.6310
376.7620	220.6310
376.7620	221.1429
377.2739	221.1429
377.2739	221.6548
377.7858	221.6548
377.7858	222.1667
378.8096	222.1667
378.8096	222.6786
379.3215	222.6786
379.3215	223.1905
379.8334	223.1905
379.8334	223.7024
380.3453	223.7024
380.3453	224.7262
380.8572	224.7262
380.8572	225.2381
381.3691	225.2381
381.3691	225.7500
381.8810	225.7500
381.8810	226.7739
382.3929	226.7739
382.3929	227.2858
382.9048	227.2858
382.9048	227.7977
383.4167	227.7977
383.4167	228.3096
383.9286	228.3096
383.9286	228.8215
384.4405	228.8215
384.4405	229.3334
384.9525	229.3334
384.9525	229.8453
385.4644	229.8453
385.4644	230.3572
386.4882	230.3572
386.4882	231.3810
387.0001	231.3810
387.0001	232.4048
387.5120	232.4048
387.5120	232.9167
388.0239	232.9167
388.0239	233.4286
388.5358	233.4286
388.5358	233.9405
389.0477	233.9405
389.0477	234.9643
389.5596	234.9643
389.5596	235.4762
390.0715	235.4762
390.0715	235.9881
390.5834	235.9881
390.5834	236.5000
391.0953	236.5000
391.0953	237.0119
391.6072	237.0119
391.6072	238.0358
392.1191	238.0358
392.1191	238.5477
392.6310	238.5477
392.6310	239.0596
393.1429	239.0596
393.1429	240.0834
393.6548	240.0834
393.6548	241.1072
394.1667	241.1072
394.1667	242.1310
394.6786	242.1310
394.6786	242.6429
395.1906	242.6429
395.1906	243.6667
395.7025	243.6667
395.7025	244.1786
396.2144	244.1786
396.2144	245.2024
396.7263	245.2024
396.7263	246.2262
397.2382	246.2262
397.2382	248.2739
397.7501	248.2739
397.7501	249.8096
398.2620	249.8096
398.2620	250.8334
398.7739	250.8334
398.7739	252.3691
399.2858	252.3691
399.2858	253.3929
399.7977	253.3929
399.7977	254.4167
400.3096	254.4167
400.3096	255.9524
400.8215	255.9524
400.8215	258.0000
401.3334	258.0000
401.3334	259.0239
401.8453	259.0239
401.8453	260.5596
402.3572	260.5596
402.3572	267.7262
402.8691	267.7262
402.8691	270.2858
403.3810	270.2858
403.3810	271.3096
403.8929	271.3096
403.8929	272.3334
403.3810	272.3334
403.3810	273.3572
402.8691	273.3572
402.8691	274.3810
402.3572	274.3810
402.3572	276.9405
401.8453	276.9405
401.8453	280.0120
401.3334	280.0120
401.3334	281.0358
400.8215	281.0358
400.8215	282.0596
400.3096	282.0596
400.3096	283.0834
399.7977	283.0834
399.7977	284.1072
399.2858	284.1072
399.2858	285.1310
398.7739	285.1310
398.7739	286.1548
398.2620	286.1548
398.2620	287.6905
397.7501	287.6905
397.7501	288.2024
397.2382	288.2024
397.2382	289.2262
396.7263	289.2262
396.7263	289.7382
396.2144	289.7382
396.2144	290.2501
395.7025	290.2501
395.7025	291.2739
395.1906	291.2739
395.1906	292.2977
394.6786	292.2977
394.6786	292.8096
394.1667	292.8096
394.1667	293.3215
393.6548	293.3215
393.6548	294.3453
393.1429	294.3453
393.1429	294.8572
392.6310	294.8572
392.6310	295.3691
392.1191	295.3691
392.1191	295.8810
391.6072	295.8810
391.6072	296.3929
391.0953	296.3929
391.0953	296.9048
390.5834	296.9048
390.5834	297.9286
389.5596	297.9286
389.5596	298.4405
389.0477	298.4405
389.0477	298.9524
388.0239	298.9524
388.0239	299.4643
387.5120	299.4643
387.5120	299.9762
387.0001	299.9762
387.0001	300.4882
386.4882	300.4882
386.4882	301.0001
385.9763	301.0001
385.9763	301.5120
385.4644	301.5120
385.4644	302.0239
384.9525	302.0239
384.9525	302.5358
384.4405	302.5358
384.4405	303.0477
383.9286	303.0477
383.9286	303.5596
383.4167	303.5596
383.4167	304.5834
382.9048	304.5834
382.9048	305.6072
382.3929	305.6072
382.3929	306.6310
381.8810	306.6310
381.8810	307.1429
379.3215	307.1429
379.3215	307.6548
376.7620	307.6548
376.7620	308.1667
375.7382	308.1667
375.7382	308.6786
374.7144	308.6786
374.7144	309.1905
374.2025	309.1905
374.2025	309.7024
373.6905	309.7024
373.6905	310.2143
373.1786	310.2143
373.1786	310.7262
372.6667	310.7262
372.6667	311.2382
372.1548	311.2382
372.1548	312.2620
371.6429	312.2620
371.6429	313.2858
371.1310	313.2858
371.1310	314.8215
370.1072	314.8215
370.1072	314.3096
369.5953	314.3096
369.5953	313.7977
368.5715	313.7977
368.5715	313.2858
368.0596	313.2858
368.0596	312.7739
367.5477	312.7739
367.5477	312.2620
366.5239	312.2620
366.5239	309.7024
366.0120	309.7024
366.0120	308.1667
365.5001	308.1667
365.5001	307.1429
364.9882	307.1429
364.9882	306.1191
364.4763	306.1191
364.4763	305.6072
363.9644	305.6072
363.9644	305.0953
363.4525	305.0953
363.4525	304.5834
362.9405	304.5834
362.9405	304.0715
362.4286	304.0715
362.4286	303.5596
361.4048	303.5596
361.4048	303.0477
360.3810	303.0477
360.3810	302.5358
359.3572	302.5358
359.3572	302.0239
356.7977	302.0239
356.7977	301.5120
353.2144	301.5120
353.2144	302.0239
350.6548	302.0239
350.6548	302.5358
349.6310	302.5358
349.6310	303.0477
348.6072	303.0477
348.6072	303.5596
348.0953	303.5596
348.0953	304.0715
347.5834	304.0715
347.5834	304.5834
347.0715	304.5834
347.0715	305.0953
346.5596	305.0953
346.5596	305.6072
346.0477	305.6072
346.0477	306.6310
345.5358	306.6310
345.5358	307.6548
345.0239	307.6548
345.0239	309.1905
344.5120	309.1905
344.5120	311.7501
344.0001	311.7501
344.0001	312.2620
343.4882	312.2620
343.4882	312.7739
342.9763	312.7739
342.9763	313.2858
342.4644	313.2858
342.4644	314.3096
341.9524	314.3096
341.9524	315.3334
341.4405	315.3334
341.4405	316.3572
340.4167	316.3572
340.4167	316.8691
339.3929	316.8691
339.3929	317.3810
336.8334	317.3810
336.8334	316.8691
334.2739	316.8691
334.2739	316.3572
331.2024	316.3572
331.2024	316.8691
328.6429	316.8691
328.6429	317.3810
327.6191	317.3810
327.6191	317.8929
326.0834	317.8929
326.0834	317.3810
325.5715	317.3810
325.5715	316.8691
325.0596	316.8691
325.0596	316.3572
325.5715	316.3572
325.5715	313.7977
326.0834	313.7977
326.0834	311.2382
325.5715	311.2382
325.5715	308.6786
325.0596	308.6786
325.0596	307.6548
324.5477	307.6548
324.5477	306.6310
324.0358	306.6310
324.0358	306.1191
323.5239	306.1191
323.5239	305.6072
323.0120	305.6072
323.0120	305.0953
322.5001	305.0953
322.5001	304.5834
321.9882	304.5834
321.9882	304.0715
320.9643	304.0715
320.9643	303.5596
319.9405	303.5596
319.9405	303.0477
317.3810	303.0477
317.3810	302.5358
314.3096	302.5358
314.3096	302.0239
312.2620	302.0239
312.2620	301.5120
311.7501	301.5120
311.7501	301.0001
311.2382	301.0001
311.2382	300.4882
310.7262	300.4882
310.7262	299.9762
309.7024	299.9762
309.7024	299.4643
308.6786	299.4643
308.6786	298.9524
306.1191	298.9524
306.1191	298.4405
303.0477	298.4405
303.0477	298.9524
300.4882	298.9524
300.4882	299.4643
299.9762	299.4643
299.9762	298.9524
299.4643	298.9524
299.4643	298.4405
298.9524	298.4405
298.9524	297.9286
298.4405	297.9286
298.4405	297.4167
297.9286	297.4167
297.9286	296.9048
297.4167	296.9048
297.4167	296.3929
296.3929	296.3929
296.3929	295.8810
295.8810	295.8810
295.8810	295.3691
295.3691	295.3691
295.3691	294.3453
294.8572	294.3453
294.8572	293.3215
294.3453	293.3215
294.3453	292.8096
293.8334	292.8096
293.8334	291.7858
293.3215	291.7858
293.3215	290.2501
292.8096	290.2501
292.8096	289.2262
292.2977	289.2262
292.2977	287.1786
292.8096	287.1786
292.8096	284.6191
293.3215	284.6191
293.3215	282.0596
292.8096	282.0596
292.8096	279.5001
292.2977	279.5001
292.2977	278.4762
291.7858	278.4762
291.7858	277.4524
291.2739	277.4524
291.2739	276.9405
291.7858	276.9405
291.7858	275.9167
292.2977	275.9167
292.2977	274.8929
292.8096	274.8929
292.8096	272.3334
293.3215	272.3334
293.3215	269.2620
292.8096	269.2620
292.8096	266.7024
292.2977	266.7024
292.2977	265.6786
291.7858	265.6786
291.7858	264.6548
291.2739	264.6548
291.2739	264.1429
290.7620	264.1429
290.7620	263.6310
290.2501	263.6310
290.2501	263.1191
289.7382	263.1191
289.7382	262.6072
289.2262	262.6072
289.2262	262.0953
288.2024	262.0953
288.2024	261.5834
287.1786	261.5834
287.1786	258.0000
287.6905	258.0000
287.6905	256.9762
288.2024	256.9762
288.2024	255.4405
288.7143	255.4405
288.7143	252.8810
289.2262	252.8810
289.2262	251.3453
289.7382	251.3453
289.7382	250.3215
290.2501	250.3215
290.2501	249.8096
290.7620	249.8096
290.7620	249.2977
291.2739	249.2977
291.2739	248.7858
291.7858	248.7858
291.7858	247.7620
292.2977	247.7620
292.2977	246.7381
292.8096	246.7381
292.8096	244.1786
293.3215	244.1786
293.3215	240.5953
292.8096	240.5953
292.8096	238.0358
292.2977	238.0358
292.2977	236.5000
292.8096	236.5000
292.8096	235.4762
293.3215	235.4762
293.3215	234.4524
293.8334	234.4524
293.8334	233.4286
294.3453	233.4286
294.3453	232.4048
294.8572	232.4048
294.8572	231.8929
295.3691	231.8929
295.3691	231.3810
295.8810	231.3810
295.8810	230.3572
296.3929	230.3572
296.3929	229.8453
296.9048	229.8453
296.9048	229.3334
297.4167	229.3334
297.4167	228.8215
297.9286	228.8215
297.9286	227.7977
298.4405	227.7977
298.4405	227.2858
298.9524	227.2858
298.9524	226.7739
299.4643	226.7739
299.4643	226.2619
299.9762	226.2619
299.9762	225.2381
300.4882	225.2381
300.4882	224.2143
301.0001	224.2143
301.0001	223.7024
301.5120	223.7024
301.5120	223.1905
302.0239	223.1905
302.0239	222.1667
302.5358	222.1667
302.5358	221.6548
303.0477	221.6548
303.0477	221.1429
303.5596	221.1429
303.5596	220.6310
304.0715	220.6310
304.0715	220.1191
304.5834	220.1191
304.5834	219.6072
305.0953	219.6072
305.0953	219.0953
305.6072	219.0953
305.6072	218.5834
306.1191	218.5834
306.1191	218.0715
306.6310	218.0715
306.6310	217.5596
307.1429	217.5596
307.1429	217.0477
308.1667	217.0477
308.1667	216.5358
308.6786	216.5358
308.6786	216.0239
309.1905	216.0239
309.1905	215.5119
310.2143	215.5119
310.2143	215.0000
311.2382	215.0000
311.2382	214.4881
311.7501	214.4881
311.7501	213.9762
312.2620	213.9762
312.2620	213.4643
312.7739	213.4643
312.7739	212.9524
313.2858	212.9524
313.2858	212.4405
313.7977	212.4405
313.7977	211.9286
314.3096	211.9286
314.3096	211.4167
314.8215	211.4167
314.8215	210.9048
315.3334	210.9048
315.3334	210.3929
315.8453	210.3929
315.8453	209.8810
316.3572	209.8810
316.3572	209.3691
316.8691	209.3691
316.8691	208.8572
317.3810	208.8572
317.3810	208.3453
317.8929	208.3453
317.8929	207.8334
319.4286	207.8334
319.4286	207.3215
320.4524	207.3215
320.4524	206.8096
321.4763	206.8096
321.4763	206.2977
323.0120	206.2977
323.0120	205.7858
325.0596	205.7858
325.0596	205.2738
327.1072	205.2738
327.1072	204.7619
329.1548	204.7619
329.1548	204.2500
332.2263	204.2500
332.2263	203.7381
345.0239	203.7381
