342.9763	187.8691
345.5358	187.8691
345.5358	188.3810
347.0715	188.3810
347.0715	188.8929
348.0953	188.8929
348.0953	189.4048
349.6310	189.4048
349.6310	189.9167
350.6548	189.9167
350.6548	190.4286
351.6786	190.4286
351.6786	190.9405
353.2144	190.9405
353.2144	191.4524
354.2382	191.4524
354.2382	191.9643
355.7739	191.9643
355.7739	192.4762
357.3096	192.4762
357.3096	192.9881
358.8453	192.9881
358.8453	193.5000
360.8929	193.5000
360.8929	194.0119
361.4048	194.0119
361.4048	194.5238
361.9167	194.5238
361.9167	195.0358
362.4286	195.0358
362.4286	195.5477
362.9405	195.5477
362.9405	196.0596
363.9644	196.0596
363.9644	196.5715
364.9882	196.5715
364.9882	197.0834
365.5001	197.0834
365.5001	197.5953
366.0120	197.5953
366.0120	198.1072
366.5239	198.1072
366.5239	198.6191
367.0358	198.6191
367.0358	199.1310
367.5477	199.1310
367.5477	199.6429
368.5715	199.6429
368.5715	200.1548
369.5953	200.1548
369.5953	200.6667
370.1072	200.6667
370.1072	201.1786
371.1310	201.1786
371.1310	201.6905
372.1548	201.6905
372.1548	202.2024
373.1786	202.2024
373.1786	202.7143
374.2025	202.7143
374.2025	203.2262
375.7382	203.2262
375.7382	203.7381
377.2739	203.7381
377.2739	204.2500
378.2977	204.2500
378.2977	204.7619
379.8334	204.7619
379.8334	205.2738
380.3453	205.2738
380.3453	205.7858
381.3691	205.7858
381.3691	206.2977
382.3929	206.2977
382.3929	207.3215
382.9048	207.3215
382.9048	207.8334
383.4167	207.8334
383.4167	208.3453
383.9286	208.3453
383.9286	208.8572
384.4405	208.8572
384.4405	209.3691
384.9525	209.3691
384.9525	209.8810
385.4644	209.8810
385.4644	210.3929
385.9763	210.3929
385.9763	210.9048
386.4882	210.9048
386.4882	211.4167
387.0001	211.4167
387.0001	211.9286
387.5120	211.9286
387.5120	212.4405
388.0239	212.4405
388.0239	212.9524
388.5358	212.9524
388.5358	213.4643
389.0477	213.4643
389.0477	213.9762
390.0715	213.9762
390.0715	214.4881
390.5834	214.4881
390.5834	215.0000
391.0953	215.0000
391.0953	215.5119
391.6072	215.5119
391.6072	216.0239
392.1191	216.0239
392.1191	216.5358
392.6310	216.5358
392.6310	217.0477
393.1429	217.0477
393.1429	217.5596
393.6548	217.5596
393.6548	218.0715
394.1667	218.0715
394.1667	218.5834
394.6786	218.5834
394.6786	219.0953
395.1906	219.0953
395.1906	219.6072
395.7025	219.6072
395.7025	220.1191
396.2144	220.1191
396.2144	220.6310
397.2382	220.6310
397.2382	221.6548
397.7501	221.6548
397.7501	222.1667
398.2620	222.1667
398.2620	222.6786
398.7739	222.6786
398.7739	223.1905
399.2858	223.1905
399.2858	223.7024
399.7977	223.7024
399.7977	224.2143
400.3096	224.2143
400.3096	224.7262
400.8215	224.7262
400.8215	225.2381
401.3334	225.2381
401.3334	225.7500
401.8453	225.7500
401.8453	226.2619
402.3572	226.2619
402.3572	226.7739
402.8691	226.7739
402.8691	227.2858
403.3810	227.2858
403.3810	227.7977
403.8929	227.7977
403.8929	228.3096
404.4048	228.3096
404.4048	228.8215
404.9167	228.8215
404.9167	229.8453
405.4286	229.8453
405.4286	230.8691
405.9406	230.8691
405.9406	232.4048
406.4525	232.4048
406.4525	233.4286
406.9644	233.4286
406.9644	237.0119
407.4763	237.0119
407.4763	239.5715
406.9644	239.5715
406.9644	242.6429
406.4525	242.6429
406.4525	245.7143
405.9406	245.7143
405.9406	247.7620
405.4286	247.7620
405.4286	250.3215
404.9167	250.3215
404.9167	252.8810
404.4048	252.8810
404.4048	255.9524
403.8929	255.9524
403.8929	262.6072
403.3810	262.6072
403.3810	265.1667
402.8691	265.1667
402.8691	266.7024
402.3572	266.7024
402.3572	268.2381
401.8453	268.2381
401.8453	269.7739
401.3334	269.7739
401.3334	270.2858
400.8215	270.2858
400.8215	271.3096
400.3096	271.3096
400.3096	271.8215
399.7977	271.8215
399.7977	272.3334
399.2858	272.3334
399.2858	272.8453
398.7739	272.8453
398.7739	273.8691
398.2620	273.8691
398.2620	274.8929
397.7501	274.8929
397.7501	275.9167
397.2382	275.9167
397.2382	277.4524
396.7263	277.4524
396.7263	278.4762
396.2144	278.4762
396.2144	279.5001
395.7025	279.5001
395.7025	280.0120
395.1906	280.0120
395.1906	281.0358
394.6786	281.0358
394.6786	282.0596
394.1667	282.0596
394.1667	283.5953
393.6548	283.5953
393.6548	284.1072
393.1429	284.1072
393.1429	284.6191
392.6310	284.6191
392.6310	285.1310
392.1191	285.1310
392.1191	286.1548
391.6072	286.1548
391.6072	287.1786
391.0953	287.1786
391.0953	288.2024
390.5834	288.2024
390.5834	290.7620
390.0715	290.7620
390.0715	293.3215
389.5596	293.3215
389.5596	294.3453
389.0477	294.3453
389.0477	294.8572
388.5358	294.8572
388.5358	295.3691
388.0239	295.3691
388.0239	295.8810
387.5120	295.8810
387.5120	296.9048
387.0001	296.9048
387.0001	297.9286
386.4882	297.9286
386.4882	298.4405
385.9763	298.4405
385.9763	298.9524
385.4644	298.9524
385.4644	299.4643
384.9525	299.4643
384.9525	299.9762
384.4405	299.9762
384.4405	301.0001
383.9286	301.0001
383.9286	302.0239
383.4167	302.0239
383.4167	303.5596
382.9048	303.5596
382.9048	304.0715
382.3929	304.0715
382.3929	304.5834
381.8810	304.5834
381.8810	305.6072
381.3691	305.6072
381.3691	306.1191
380.8572	306.1191
380.8572	306.6310
380.3453	306.6310
380.3453	307.1429
379.8334	307.1429
379.8334	307.6548
379.3215	307.6548
379.3215	308.1667
378.8096	308.1667
378.8096	308.6786
378.2977	308.6786
378.2977	309.7024
377.7858	309.7024
377.7858	310.2143
377.2739	310.2143
377.2739	310.7262
376.7620	310.7262
376.7620	311.2382
376.2501	311.2382
376.2501	311.7501
375.7382	311.7501
375.7382	312.2620
375.2263	312.2620
375.2263	312.7739
374.7144	312.7739
374.7144	313.2858
374.2025	313.2858
374.2025	314.3096
373.1786	314.3096
373.1786	314.8215
372.1548	314.8215
372.1548	315.3334
371.6429	315.3334
371.6429	315.8453
371.1310	315.8453
371.1310	316.3572
370.6191	316.3572
370.6191	316.8691
370.1072	316.8691
370.1072	317.3810
369.0834	317.3810
369.0834	317.8929
368.0596	317.8929
368.0596	318.4048
367.0358	318.4048
367.0358	318.9167
364.9882	318.9167
364.9882	319.4286
363.9644	319.4286
363.9644	319.9405
362.9405	319.9405
362.9405	320.4524
362.4286	320.4524
362.4286	320.9643
361.9167	320.9643
361.9167	321.4763
361.4048	321.4763
361.4048	321.9882
360.8929	321.9882
360.8929	322.5001
360.3810	322.5001
360.3810	323.0120
359.8691	323.0120
359.8691	323.5239
358.3334	323.5239
358.3334	324.0358
356.7977	324.0358
356.7977	324.5477
354.7501	324.5477
354.7501	325.0596
352.1905	325.0596
352.1905	325.5715
351.1667	325.5715
351.1667	326.0834
350.1429	326.0834
350.1429	326.5953
349.1191	326.5953
349.1191	327.1072
345.0239	327.1072
345.0239	326.5953
340.4167	326.5953
340.4167	327.1072
337.8572	327.1072
337.8572	327.6191
336.8334	327.6191
336.8334	328.1310
335.8096	328.1310
335.8096	328.6429
334.7858	328.6429
334.7858	329.1548
331.2024	329.1548
331.2024	329.6667
330.1786	329.6667
330.1786	329.1548
324.0358	329.1548
324.0358	328.6429
320.4524	328.6429
320.4524	329.1548
317.8929	329.1548
317.8929	329.6667
316.8691	329.6667
316.8691	330.1786
315.8453	330.1786
315.8453	330.6905
315.3334	330.6905
315.3334	331.2024
314.8215	331.2024
314.8215	331.7143
314.3096	331.7143
314.3096	332.2263
313.7977	332.2263
313.7977	332.7382
313.2858	332.7382
313.2858	333.2501
312.7739	333.2501
312.7739	334.2739
312.2620	334.2739
312.2620	335.2977
311.7501	335.2977
311.7501	335.8096
305.6072	335.8096
305.6072	336.3215
305.0953	336.3215
305.0953	335.8096
304.0715	335.8096
304.0715	335.2977
303.0477	335.2977
303.0477	334.7858
301.5120	334.7858
301.5120	334.2739
301.0001	334.2739
301.0001	333.7620
299.9762	333.7620
299.9762	333.2501
298.9524	333.2501
298.9524	332.7382
296.9048	332.7382
296.9048	332.2263
294.8572	332.2263
294.8572	331.7143
293.8334	331.7143
293.8334	331.2024
292.8096	331.2024
292.8096	330.6905
291.7858	330.6905
291.7858	330.1786
291.2739	330.1786
291.2739	329.6667
290.7620	329.6667
290.7620	329.1548
289.7382	329.1548
289.7382	328.6429
289.2262	328.6429
289.2262	328.1310
288.7143	328.1310
288.7143	327.6191
288.2024	327.6191
288.2024	327.1072
287.6905	327.1072
287.6905	326.0834
287.1786	326.0834
287.1786	325.0596
286.6667	325.0596
286.6667	324.0358
286.1548	324.0358
286.1548	323.0120
285.6429	323.0120
285.6429	322.5001
285.1310	322.5001
285.1310	321.9882
284.6191	321.9882
284.6191	321.4763
284.1072	321.4763
284.1072	320.9643
283.5953	320.9643
283.5953	320.4524
282.5715	320.4524
282.5715	319.9405
281.5477	319.9405
281.5477	319.4286
280.5239	319.4286
280.5239	318.9167
277.9643	318.9167
277.9643	316.3572
277.4524	316.3572
277.4524	313.7977
276.9405	313.7977
276.9405	312.7739
276.4286	312.7739
276.4286	311.7501
275.9167	311.7501
275.9167	311.2382
275.4048	311.2382
275.4048	310.7262
274.8929	310.7262
274.8929	310.2143
274.3810	310.2143
274.3810	309.7024
273.8691	309.7024
273.8691	309.1905
272.8453	309.1905
272.8453	308.6786
271.8215	308.6786
271.8215	305.6072
271.3096	305.6072
271.3096	303.0477
270.7977	303.0477
270.7977	302.0239
270.2858	302.0239
270.2858	301.0001
269.7739	301.0001
269.7739	300.4882
269.2620	300.4882
269.2620	299.9762
268.7501	299.9762
268.7501	296.9048
268.2381	296.9048
268.2381	294.3453
267.7262	294.3453
267.7262	293.3215
267.2143	293.3215
267.2143	291.7858
266.7024	291.7858
266.7024	290.7620
266.1905	290.7620
266.1905	289.2262
265.6786	289.2262
265.6786	287.6905
266.1905	287.6905
266.1905	284.6191
265.6786	284.6191
265.6786	282.0596
265.1667	282.0596
265.1667	281.5477
265.6786	281.5477
265.6786	281.0358
266.1905	281.0358
266.1905	280.0120
266.7024	280.0120
266.7024	278.9881
267.2143	278.9881
267.2143	277.4524
267.7262	277.4524
267.7262	276.4286
268.2381	276.4286
268.2381	275.4048
268.7501	275.4048
268.7501	272.8453
269.2620	272.8453
269.2620	270.2858
268.7501	270.2858
268.7501	267.7262
268.2381	267.7262
268.2381	266.7024
267.7262	266.7024
267.7262	265.6786
267.2143	265.6786
267.2143	264.6548
267.7262	264.6548
267.7262	262.6072
268.2381	262.6072
268.2381	261.5834
268.7501	261.5834
268.7501	260.0477
269.2620	260.0477
269.2620	257.4881
269.7739	257.4881
269.7739	255.9524
270.2858	255.9524
270.2858	253.9048
270.7977	253.9048
270.7977	252.8810
271.3096	252.8810
271.3096	251.8572
271.8215	251.8572
271.8215	250.8334
272.3334	250.8334
272.3334	250.3215
272.8453	250.3215
272.8453	249.2977
273.3572	249.2977
273.3572	248.7858
273.8691	248.7858
273.8691	247.7620
274.3810	247.7620
274.3810	246.7381
274.8929	246.7381
274.8929	245.7143
275.4048	245.7143
275.4048	244.6905
275.9167	244.6905
275.9167	243.1548
276.4286	243.1548
276.4286	240.5953
276.9405	240.5953
276.9405	237.5239
277.4524	237.5239
277.4524	235.9881
277.9643	235.9881
277.9643	235.4762
278.4762	235.4762
278.4762	234.9643
278.9881	234.9643
278.9881	233.9405
279.5001	233.9405
279.5001	232.9167
280.0120	232.9167
280.0120	230.3572
280.5239	230.3572
280.5239	228.3096
281.0358	228.3096
281.0358	227.2858
281.5477	227.2858
281.5477	226.2619
282.0596	226.2619
282.0596	225.2381
282.5715	225.2381
282.5715	223.7024
283.0834	223.7024
283.0834	221.1429
283.5953	221.1429
283.5953	220.6310
284.1072	220.6310
284.1072	219.6072
284.6191	219.6072
284.6191	218.5834
285.1310	218.5834
285.1310	217.0477
285.6429	217.0477
285.6429	216.5358
286.1548	216.5358
286.1548	216.0239
286.6667	216.0239
286.6667	215.5119
287.1786	215.5119
287.1786	214.4881
287.6905	214.4881
287.6905	213.9762
288.2024	213.9762
288.2024	213.4643
288.7143	213.4643
288.7143	212.4405
289.2262	212.4405
289.2262	211.4167
289.7382	211.4167
289.7382	210.9048
290.2501	210.9048
290.2501	210.3929
290.7620	210.3929
290.7620	209.8810
291.2739	209.8810
291.2739	208.8572
291.7858	208.8572
291.7858	208.3453
292.2977	208.3453
292.2977	207.8334
292.8096	207.8334
292.8096	207.3215
293.3215	207.3215
293.3215	206.8096
293.8334	206.8096
293.8334	206.2977
294.3453	206.2977
294.3453	205.7858
294.8572	205.7858
294.8572	205.2738
295.3691	205.2738
295.3691	204.7619
296.3929	204.7619
296.3929	204.2500
297.4167	204.2500
297.4167	203.7381
297.9286	203.7381
297.9286	203.2262
298.9524	203.2262
298.9524	202.7143
299.9762	202.7143
299.9762	202.2024
300.4882	202.2024
300.4882	201.6905
301.0001	201.6905
301.0001	201.1786
301.5120	201.1786
301.5120	200.6667
302.5358	200.6667
302.5358	200.1548
303.0477	200.1548
303.0477	199.6429
304.0715	199.6429
304.0715	199.1310
304.5834	199.1310
304.5834	198.6191
305.0953	198.6191
305.0953	198.1072
305.6072	198.1072
305.6072	197.5953
306.1191	197.5953
306.1191	197.0834
307.1429	197.0834
307.1429	196.5715
308.1667	196.5715
308.1667	196.0596
309.1905	196.0596
309.1905	195.5477
309.7024	195.5477
309.7024	195.0358
310.7262	195.0358
310.7262	194.5238
312.2620	194.5238
312.2620	194.0119
313.7977	194.0119
313.7977	193.5000
314.8215	193.5000
314.8215	192.9881
315.8453	192.9881
315.8453	192.4762
316.8691	192.4762
316.8691	191.9643
318.9167	191.9643
318.9167	191.4524
319.9405	191.4524
319.9405	190.9405
320.9643	190.9405
320.9643	190.4286
322.5001	190.4286
322.5001	189.9167
324.5477	189.9167
324.5477	189.4048
326.5953	189.4048
326.5953	188.8929
328.6429	188.8929
328.6429	188.3810
330.1786	188.3810
330.1786	187.8691
336.8334	187.8691
336.8334	187.3572
342.9763	187.3572
