344.5120	224.2143
357.8215	224.2143
357.8215	223.7024
363.4525	223.7024
363.4525	224.2143
369.0834	224.2143
369.0834	224.7262
370.1072	224.7262
370.1072	225.2381
372.1548	225.2381
372.1548	225.7500
374.7144	225.7500
374.7144	226.2619
376.2501	226.2619
376.2501	226.7739
378.8096	226.7739
378.8096	227.2858
381.8810	227.2858
381.8810	227.7977
382.9048	227.7977
382.9048	228.3096
384.9525	228.3096
384.9525	228.8215
387.5120	228.8215
387.5120	229.3334
388.5358	229.3334
388.5358	229.8453
389.5596	229.8453
389.5596	230.3572
391.6072	230.3572
391.6072	230.8691
392.6310	230.8691
392.6310	231.3810
393.1429	231.3810
393.1429	231.8929
393.6548	231.8929
393.6548	232.4048
394.1667	232.4048
394.1667	232.9167
394.6786	232.9167
394.6786	233.4286
395.1906	233.4286
395.1906	233.9405
396.2144	233.9405
396.2144	234.4524
396.7263	234.4524
396.7263	234.9643
397.2382	234.9643
397.2382	235.4762
397.7501	235.4762
397.7501	235.9881
398.7739	235.9881
398.7739	237.0119
399.2858	237.0119
399.2858	238.0358
399.7977	238.0358
399.7977	239.0596
400.3096	239.0596
400.3096	239.5715
400.8215	239.5715
400.8215	240.0834
401.3334	240.0834
401.3334	242.1310
401.8453	242.1310
401.8453	243.6667
402.3572	243.6667
402.3572	244.6905
402.8691	244.6905
402.8691	247.7620
403.3810	247.7620
403.3810	252.8810
403.8929	252.8810
403.8929	253.9048
403.3810	253.9048
403.3810	261.5834
402.8691	261.5834
402.8691	264.1429
402.3572	264.1429
402.3572	265.1667
401.8453	265.1667
401.8453	265.6786
401.3334	265.6786
401.3334	266.7024
400.8215	266.7024
400.8215	267.7262
400.3096	267.7262
400.3096	269.2620
399.7977	269.2620
399.7977	270.7977
399.2858	270.7977
399.2858	271.3096
398.7739	271.3096
398.7739	272.3334
398.2620	272.3334
398.2620	273.3572
397.7501	273.3572
397.7501	274.3810
397.2382	274.3810
397.2382	275.9167
396.7263	275.9167
396.7263	276.4286
396.2144	276.4286
396.2144	276.9405
395.7025	276.9405
395.7025	277.4524
395.1906	277.4524
395.1906	278.4762
394.6786	278.4762
394.6786	278.9881
394.1667	278.9881
394.1667	279.5001
393.6548	279.5001
393.6548	280.0120
393.1429	280.0120
393.1429	280.5239
392.6310	280.5239
392.6310	281.5477
392.1191	281.5477
392.1191	282.5715
391.6072	282.5715
391.6072	284.1072
390.5834	284.1072
390.5834	284.6191
389.5596	284.6191
389.5596	285.1310
389.0477	285.1310
389.0477	285.6429
388.5358	285.6429
388.5358	286.1548
388.0239	286.1548
388.0239	286.6667
385.4644	286.6667
385.4644	287.1786
384.4405	287.1786
384.4405	287.6905
382.9048	287.6905
382.9048	288.2024
381.8810	288.2024
381.8810	288.7143
380.3453	288.7143
380.3453	289.2262
379.3215	289.2262
379.3215	289.7382
377.2739	289.7382
377.2739	290.2501
375.2263	290.2501
375.2263	290.7620
374.2025	290.7620
374.2025	291.2739
369.0834	291.2739
369.0834	290.7620
367.0358	290.7620
367.0358	290.2501
366.5239	290.2501
366.5239	289.7382
365.5001	289.7382
365.5001	289.2262
364.4763	289.2262
364.4763	288.7143
361.9167	288.7143
361.9167	288.2024
358.8453	288.2024
358.8453	288.7143
356.2858	288.7143
356.2858	289.2262
355.2620	289.2262
355.2620	289.7382
354.2382	289.7382
354.2382	290.2501
353.7263	290.2501
353.7263	290.7620
352.7024	290.7620
352.7024	291.2739
351.6786	291.2739
351.6786	291.7858
347.5834	291.7858
347.5834	292.2977
346.5596	292.2977
346.5596	291.7858
345.5358	291.7858
345.5358	291.2739
345.0239	291.2739
345.0239	290.7620
344.5120	290.7620
344.5120	290.2501
344.0001	290.2501
344.0001	289.7382
342.9763	289.7382
342.9763	289.2262
341.9524	289.2262
341.9524	288.7143
339.9048	288.7143
339.9048	288.2024
337.3453	288.2024
337.3453	287.6905
335.2977	287.6905
335.2977	287.1786
332.7382	287.1786
332.7382	286.6667
329.1548	286.6667
329.1548	286.1548
328.6429	286.1548
328.6429	285.6429
327.6191	285.6429
327.6191	285.1310
326.5953	285.1310
326.5953	284.6191
325.0596	284.6191
325.0596	284.1072
324.0358	284.1072
324.0358	283.5953
323.0120	283.5953
323.0120	283.0834
321.9882	283.0834
321.9882	282.5715
320.9643	282.5715
320.9643	282.0596
320.4524	282.0596
320.4524	281.5477
319.9405	281.5477
319.9405	281.0358
319.4286	281.0358
319.4286	280.0120
318.9167	280.0120
318.9167	278.9881
318.4048	278.9881
318.4048	278.4762
317.8929	278.4762
317.8929	277.9643
317.3810	277.9643
317.3810	276.4286
316.8691	276.4286
316.8691	275.4048
316.3572	275.4048
316.3572	274.3810
315.8453	274.3810
315.8453	273.3572
315.3334	273.3572
315.3334	272.3334
314.8215	272.3334
314.8215	271.3096
314.3096	271.3096
314.3096	270.2858
313.7977	270.2858
313.7977	269.7739
313.2858	269.7739
313.2858	268.2381
312.7739	268.2381
312.7739	267.2143
312.2620	267.2143
312.2620	266.1905
311.7501	266.1905
311.7501	265.6786
311.2382	265.6786
311.2382	265.1667
310.7262	265.1667
310.7262	264.6548
310.2143	264.6548
310.2143	264.1429
309.7024	264.1429
309.7024	263.6310
308.6786	263.6310
308.6786	261.0715
309.1905	261.0715
309.1905	256.9762
308.6786	256.9762
308.6786	253.3929
309.1905	253.3929
309.1905	250.8334
309.7024	250.8334
309.7024	249.8096
310.2143	249.8096
310.2143	248.7858
310.7262	248.7858
310.7262	247.2500
311.2382	247.2500
311.2382	245.7143
311.7501	245.7143
311.7501	244.6905
312.2620	244.6905
312.2620	244.1786
312.7739	244.1786
312.7739	243.1548
313.2858	243.1548
313.2858	242.6429
313.7977	242.6429
313.7977	242.1310
314.3096	242.1310
314.3096	241.1072
314.8215	241.1072
314.8215	240.0834
315.3334	240.0834
315.3334	239.5715
315.8453	239.5715
315.8453	239.0596
316.3572	239.0596
316.3572	238.5477
316.8691	238.5477
316.8691	238.0358
317.3810	238.0358
317.3810	237.5239
317.8929	237.5239
317.8929	237.0119
318.4048	237.0119
318.4048	236.5000
318.9167	236.5000
318.9167	235.9881
319.4286	235.9881
319.4286	235.4762
319.9405	235.4762
319.9405	234.4524
320.4524	234.4524
320.4524	233.9405
320.9643	233.9405
320.9643	233.4286
321.4763	233.4286
321.4763	232.9167
321.9882	232.9167
321.9882	232.4048
322.5001	232.4048
322.5001	231.8929
323.0120	231.8929
323.0120	231.3810
324.0358	231.3810
324.0358	230.8691
325.0596	230.8691
325.0596	230.3572
325.5715	230.3572
325.5715	229.8453
326.5953	229.8453
326.5953	229.3334
327.1072	229.3334
327.1072	228.8215
328.1310	228.8215
328.1310	228.3096
329.6667	228.3096
329.6667	227.7977
331.7143	227.7977
331.7143	227.2858
332.7382	227.2858
332.7382	226.7739
335.2977	226.7739
335.2977	226.2619
336.3215	226.2619
336.3215	225.7500
337.3453	225.7500
337.3453	225.2381
337.8572	225.2381
337.8572	224.7262
338.3691	224.7262
338.3691	224.2143
343.4882	224.2143
343.4882	223.7024
344.5120	223.7024
