353.7263	232.4048
356.2858	232.4048
356.2858	232.9167
359.3572	232.9167
359.3572	233.4286
361.4048	233.4286
361.4048	233.9405
362.9405	233.9405
362.9405	234.4524
365.5001	234.4524
365.5001	234.9643
366.5239	234.9643
366.5239	235.4762
368.5715	235.4762
368.5715	235.9881
370.1072	235.9881
370.1072	236.5000
371.6429	236.5000
371.6429	237.0119
372.1548	237.0119
372.1548	237.5239
373.1786	237.5239
373.1786	238.0358
373.6905	238.0358
373.6905	238.5477
374.7144	238.5477
374.7144	239.0596
375.7382	239.0596
375.7382	239.5715
377.2739	239.5715
377.2739	240.0834
378.2977	240.0834
378.2977	240.5953
379.3215	240.5953
379.3215	241.1072
380.3453	241.1072
380.3453	241.6191
381.8810	241.6191
381.8810	242.1310
383.4167	242.1310
383.4167	242.6429
384.4405	242.6429
384.4405	243.1548
384.9525	243.1548
384.9525	243.6667
385.9763	243.6667
385.9763	244.1786
387.0001	244.1786
387.0001	244.6905
388.5358	244.6905
388.5358	245.2024
389.0477	245.2024
389.0477	245.7143
390.0715	245.7143
390.0715	246.2262
390.5834	246.2262
390.5834	246.7381
391.6072	246.7381
391.6072	247.2500
392.1191	247.2500
392.1191	247.7620
392.6310	247.7620
392.6310	248.2739
393.1429	248.2739
393.1429	248.7858
394.1667	248.7858
394.1667	249.2977
394.6786	249.2977
394.6786	249.8096
395.1906	249.8096
395.1906	250.8334
395.7025	250.8334
395.7025	251.3453
396.2144	251.3453
396.2144	251.8572
396.7263	251.8572
396.7263	252.3691
397.2382	252.3691
397.2382	252.8810
397.7501	252.8810
397.7501	253.9048
398.2620	253.9048
398.2620	254.9286
398.7739	254.9286
398.7739	255.4405
399.2858	255.4405
399.2858	258.0000
399.7977	258.0000
399.7977	259.0239
400.3096	259.0239
400.3096	260.0477
400.8215	260.0477
400.8215	260.5596
401.3334	260.5596
401.3334	261.0715
400.8215	261.0715
400.8215	261.5834
400.3096	261.5834
400.3096	262.0953
399.7977	262.0953
399.7977	262.6072
399.2858	262.6072
399.2858	263.6310
398.7739	263.6310
398.7739	264.6548
398.2620	264.6548
398.2620	267.2143
397.7501	267.2143
397.7501	275.4048
397.2382	275.4048
397.2382	278.9881
396.7263	278.9881
396.7263	281.0358
396.2144	281.0358
396.2144	282.5715
395.7025	282.5715
395.7025	284.6191
395.1906	284.6191
395.1906	285.6429
394.6786	285.6429
394.6786	287.1786
394.1667	287.1786
394.1667	288.2024
393.6548	288.2024
393.6548	289.7382
393.1429	289.7382
393.1429	290.7620
392.6310	290.7620
392.6310	291.7858
392.1191	291.7858
392.1191	292.8096
391.6072	292.8096
391.6072	293.3215
391.0953	293.3215
391.0953	293.8334
390.5834	293.8334
390.5834	294.3453
390.0715	294.3453
390.0715	294.8572
389.5596	294.8572
389.5596	295.3691
389.0477	295.3691
389.0477	296.3929
388.5358	296.3929
388.5358	296.9048
388.0239	296.9048
388.0239	297.4167
387.0001	297.4167
387.0001	297.9286
385.9763	297.9286
385.9763	298.4405
384.9525	298.4405
384.9525	298.9524
383.4167	298.9524
383.4167	299.4643
382.3929	299.4643
382.3929	299.9762
381.3691	299.9762
381.3691	300.4882
380.8572	300.4882
380.8572	301.0001
380.3453	301.0001
380.3453	301.5120
379.8334	301.5120
379.8334	302.0239
379.3215	302.0239
379.3215	302.5358
378.2977	302.5358
378.2977	303.0477
377.2739	303.0477
377.2739	303.5596
376.7620	303.5596
376.7620	304.0715
376.2501	304.0715
376.2501	304.5834
375.7382	304.5834
375.7382	305.0953
375.2263	305.0953
375.2263	305.6072
374.7144	305.6072
374.7144	306.1191
373.6905	306.1191
373.6905	306.6310
371.1310	306.6310
371.1310	307.1429
370.1072	307.1429
370.1072	307.6548
367.0358	307.6548
367.0358	308.1667
366.0120	308.1667
366.0120	307.6548
361.9167	307.6548
361.9167	308.1667
359.3572	308.1667
359.3572	308.6786
358.3334	308.6786
358.3334	309.1905
357.3096	309.1905
357.3096	309.7024
356.7977	309.7024
356.7977	310.2143
355.2620	310.2143
355.2620	310.7262
353.7263	310.7262
353.7263	311.2382
352.7024	311.2382
352.7024	311.7501
348.0953	311.7501
348.0953	312.2620
341.4405	312.2620
341.4405	312.7739
340.4167	312.7739
340.4167	312.2620
339.3929	312.2620
339.3929	309.7024
338.8810	309.7024
338.8810	308.6786
338.3691	308.6786
338.3691	307.6548
337.8572	307.6548
337.8572	307.1429
337.3453	307.1429
337.3453	306.6310
336.8334	306.6310
336.8334	306.1191
336.3215	306.1191
336.3215	305.6072
335.8096	305.6072
335.8096	305.0953
334.7858	305.0953
334.7858	304.5834
333.7620	304.5834
333.7620	304.0715
332.2263	304.0715
332.2263	303.5596
329.6667	303.5596
329.6667	303.0477
328.6429	303.0477
328.6429	302.5358
327.6191	302.5358
327.6191	302.0239
327.1072	302.0239
327.1072	301.5120
326.5953	301.5120
326.5953	301.0001
325.5715	301.0001
325.5715	300.4882
324.5477	300.4882
324.5477	299.9762
321.9882	299.9762
321.9882	299.4643
318.4048	299.4643
318.4048	298.9524
317.8929	298.9524
317.8929	298.4405
317.3810	298.4405
317.3810	297.9286
316.8691	297.9286
316.8691	297.4167
315.8453	297.4167
315.8453	296.9048
314.8215	296.9048
314.8215	296.3929
314.3096	296.3929
314.3096	295.3691
313.7977	295.3691
313.7977	294.3453
313.2858	294.3453
313.2858	293.8334
312.7739	293.8334
312.7739	293.3215
312.2620	293.3215
312.2620	292.8096
311.7501	292.8096
311.7501	292.2977
311.2382	292.2977
311.2382	291.7858
310.2143	291.7858
310.2143	291.2739
309.1905	291.2739
309.1905	290.7620
308.1667	290.7620
308.1667	290.2501
307.6548	290.2501
307.6548	289.7382
307.1429	289.7382
307.1429	289.2262
306.6310	289.2262
306.6310	287.6905
307.1429	287.6905
307.1429	285.1310
307.6548	285.1310
307.6548	282.0596
307.1429	282.0596
307.1429	279.5001
306.6310	279.5001
306.6310	278.4762
306.1191	278.4762
306.1191	277.4524
305.6072	277.4524
305.6072	276.9405
305.0953	276.9405
305.0953	276.4286
304.5834	276.4286
304.5834	275.9167
304.0715	275.9167
304.0715	275.4048
303.5596	275.4048
303.5596	274.8929
303.0477	274.8929
303.0477	274.3810
302.0239	274.3810
302.0239	273.8691
301.0001	273.8691
301.0001	271.8215
300.4882	271.8215
300.4882	268.2381
301.0001	268.2381
301.0001	263.1191
300.4882	263.1191
300.4882	260.5596
299.9762	260.5596
299.9762	259.0239
300.4882	259.0239
300.4882	257.4881
301.0001	257.4881
301.0001	256.4643
301.5120	256.4643
301.5120	255.9524
302.0239	255.9524
302.0239	254.9286
302.5358	254.9286
302.5358	253.9048
303.0477	253.9048
303.0477	253.3929
303.5596	253.3929
303.5596	252.8810
304.0715	252.8810
304.0715	252.3691
304.5834	252.3691
304.5834	251.8572
305.0953	251.8572
305.0953	251.3453
305.6072	251.3453
305.6072	250.8334
306.1191	250.8334
306.1191	250.3215
306.6310	250.3215
306.6310	249.2977
307.1429	249.2977
307.1429	248.2739
308.1667	248.2739
308.1667	247.7620
308.6786	247.7620
308.6786	247.2500
309.1905	247.2500
309.1905	246.7381
309.7024	246.7381
309.7024	246.2262
310.2143	246.2262
310.2143	245.7143
310.7262	245.7143
310.7262	245.2024
311.2382	245.2024
311.2382	244.6905
311.7501	244.6905
311.7501	244.1786
312.2620	244.1786
312.2620	243.6667
312.7739	243.6667
312.7739	243.1548
313.2858	243.1548
313.2858	242.6429
314.3096	242.6429
314.3096	242.1310
314.8215	242.1310
314.8215	241.6191
315.3334	241.6191
315.3334	241.1072
315.8453	241.1072
315.8453	240.5953
316.8691	240.5953
316.8691	240.0834
317.3810	240.0834
317.3810	239.5715
318.4048	239.5715
318.4048	239.0596
318.9167	239.0596
318.9167	238.5477
319.4286	238.5477
319.4286	238.0358
320.9643	238.0358
320.9643	237.5239
321.9882	237.5239
321.9882	237.0119
323.0120	237.0119
323.0120	236.5000
325.0596	236.5000
325.0596	235.9881
326.0834	235.9881
326.0834	235.4762
328.1310	235.4762
328.1310	234.9643
329.1548	234.9643
329.1548	234.4524
331.2024	234.4524
331.2024	233.9405
332.2263	233.9405
332.2263	233.4286
333.2501	233.4286
333.2501	232.9167
334.2739	232.9167
334.2739	232.4048
336.8334	232.4048
336.8334	231.8929
353.7263	231.8929
