343.4882	219.6072
345.5358	219.6072
345.5358	220.1191
348.0953	220.1191
348.0953	220.6310
351.1667	220.6310
351.1667	221.1429
352.7024	221.1429
352.7024	221.6548
355.2620	221.6548
355.2620	222.1667
357.8215	222.1667
357.8215	222.6786
360.8929	222.6786
360.8929	223.1905
362.4286	223.1905
362.4286	223.7024
364.9882	223.7024
364.9882	224.2143
366.0120	224.2143
366.0120	224.7262
367.5477	224.7262
367.5477	225.2381
369.0834	225.2381
369.0834	225.7500
369.5953	225.7500
369.5953	226.2619
370.6191	226.2619
370.6191	226.7739
371.6429	226.7739
371.6429	227.2858
372.6667	227.2858
372.6667	227.7977
373.6905	227.7977
373.6905	228.3096
374.7144	228.3096
374.7144	228.8215
375.7382	228.8215
375.7382	229.3334
376.7620	229.3334
376.7620	229.8453
377.2739	229.8453
377.2739	230.3572
378.2977	230.3572
378.2977	230.8691
379.3215	230.8691
379.3215	231.3810
379.8334	231.3810
379.8334	231.8929
380.8572	231.8929
380.8572	232.4048
381.8810	232.4048
381.8810	232.9167
382.9048	232.9167
382.9048	233.4286
383.4167	233.4286
383.4167	233.9405
384.4405	233.9405
384.4405	234.4524
384.9525	234.4524
384.9525	234.9643
385.4644	234.9643
385.4644	235.4762
385.9763	235.4762
385.9763	235.9881
387.0001	235.9881
387.0001	236.5000
388.0239	236.5000
388.0239	237.0119
389.0477	237.0119
389.0477	237.5239
390.5834	237.5239
390.5834	238.0358
391.0953	238.0358
391.0953	238.5477
391.6072	238.5477
391.6072	239.0596
392.1191	239.0596
392.1191	239.5715
392.6310	239.5715
392.6310	240.0834
393.1429	240.0834
393.1429	240.5953
393.6548	240.5953
393.6548	241.1072
394.1667	241.1072
394.1667	241.6191
394.6786	241.6191
394.6786	242.1310
395.1906	242.1310
395.1906	242.6429
396.2144	242.6429
396.2144	243.1548
397.2382	243.1548
397.2382	243.6667
397.7501	243.6667
397.7501	244.6905
398.2620	244.6905
398.2620	245.2024
398.7739	245.2024
398.7739	245.7143
399.2858	245.7143
399.2858	246.7381
399.7977	246.7381
399.7977	249.2977
400.3096	249.2977
400.3096	250.3215
400.8215	250.3215
400.8215	251.3453
401.3334	251.3453
401.3334	251.8572
401.8453	251.8572
401.8453	252.3691
402.3572	252.3691
402.3572	252.8810
402.8691	252.8810
402.8691	253.3929
403.3810	253.3929
403.3810	253.9048
403.8929	253.9048
403.8929	254.9286
402.8691	254.9286
402.8691	255.4405
402.3572	255.4405
402.3572	255.9524
401.8453	255.9524
401.8453	256.4643
401.3334	256.4643
401.3334	256.9762
400.8215	256.9762
400.8215	257.4881
400.3096	257.4881
400.3096	258.5120
399.7977	258.5120
399.7977	259.5358
399.2858	259.5358
399.2858	260.5596
398.7739	260.5596
398.7739	262.0953
398.2620	262.0953
398.2620	263.6310
397.7501	263.6310
397.7501	264.6548
397.2382	264.6548
397.2382	265.6786
396.7263	265.6786
396.7263	268.2381
396.2144	268.2381
396.2144	269.7739
395.7025	269.7739
395.7025	272.3334
395.1906	272.3334
395.1906	275.9167
394.6786	275.9167
394.6786	277.9643
394.1667	277.9643
394.1667	280.5239
393.6548	280.5239
393.6548	281.5477
393.1429	281.5477
393.1429	283.0834
392.6310	283.0834
392.6310	284.6191
392.1191	284.6191
392.1191	285.1310
391.6072	285.1310
391.6072	285.6429
391.0953	285.6429
391.0953	286.1548
390.5834	286.1548
390.5834	287.1786
390.0715	287.1786
390.0715	287.6905
389.5596	287.6905
389.5596	288.2024
389.0477	288.2024
389.0477	288.7143
388.5358	288.7143
388.5358	289.2262
388.0239	289.2262
388.0239	289.7382
387.0001	289.7382
387.0001	290.2501
385.9763	290.2501
385.9763	290.7620
384.9525	290.7620
384.9525	291.2739
384.4405	291.2739
384.4405	291.7858
383.9286	291.7858
383.9286	292.2977
382.3929	292.2977
382.3929	292.8096
381.3691	292.8096
381.3691	293.3215
380.3453	293.3215
380.3453	293.8334
379.8334	293.8334
379.8334	294.3453
378.8096	294.3453
378.8096	294.8572
378.2977	294.8572
378.2977	295.3691
377.7858	295.3691
377.7858	295.8810
377.2739	295.8810
377.2739	296.3929
376.7620	296.3929
376.7620	296.9048
375.7382	296.9048
375.7382	297.4167
374.7144	297.4167
374.7144	297.9286
374.2025	297.9286
374.2025	298.4405
371.6429	298.4405
371.6429	298.9524
370.6191	298.9524
370.6191	299.4643
369.5953	299.4643
369.5953	299.9762
368.0596	299.9762
368.0596	300.4882
366.5239	300.4882
366.5239	301.0001
365.5001	301.0001
365.5001	301.5120
362.9405	301.5120
362.9405	302.0239
360.8929	302.0239
360.8929	302.5358
358.8453	302.5358
358.8453	303.0477
357.8215	303.0477
357.8215	303.5596
355.2620	303.5596
355.2620	304.0715
352.7024	304.0715
352.7024	304.5834
348.6072	304.5834
348.6072	305.0953
346.0477	305.0953
346.0477	305.6072
342.4644	305.6072
342.4644	306.1191
339.3929	306.1191
339.3929	305.6072
338.3691	305.6072
338.3691	305.0953
337.8572	305.0953
337.8572	304.5834
336.8334	304.5834
336.8334	304.0715
335.8096	304.0715
335.8096	303.5596
333.7620	303.5596
333.7620	303.0477
332.2263	303.0477
332.2263	302.5358
330.6905	302.5358
330.6905	302.0239
328.6429	302.0239
328.6429	301.5120
327.6191	301.5120
327.6191	301.0001
326.5953	301.0001
326.5953	300.4882
325.5715	300.4882
325.5715	299.9762
323.0120	299.9762
323.0120	299.4643
318.4048	299.4643
318.4048	298.9524
317.8929	298.9524
317.8929	298.4405
317.3810	298.4405
317.3810	297.9286
316.8691	297.9286
316.8691	297.4167
316.3572	297.4167
316.3572	296.9048
315.8453	296.9048
315.8453	296.3929
314.8215	296.3929
314.8215	295.8810
313.7977	295.8810
313.7977	295.3691
312.7739	295.3691
312.7739	294.8572
312.2620	294.8572
312.2620	294.3453
311.7501	294.3453
311.7501	293.8334
311.2382	293.8334
311.2382	293.3215
310.2143	293.3215
310.2143	292.8096
309.1905	292.8096
309.1905	292.2977
308.1667	292.2977
308.1667	291.7858
307.6548	291.7858
307.6548	291.2739
307.1429	291.2739
307.1429	290.7620
306.6310	290.7620
306.6310	290.2501
306.1191	290.2501
306.1191	289.7382
305.0953	289.7382
305.0953	288.2024
304.5834	288.2024
304.5834	287.1786
304.0715	287.1786
304.0715	286.1548
303.5596	286.1548
303.5596	285.6429
303.0477	285.6429
303.0477	285.1310
302.5358	285.1310
302.5358	284.6191
302.0239	284.6191
302.0239	284.1072
301.5120	284.1072
301.5120	283.5953
301.0001	283.5953
301.0001	282.5715
300.4882	282.5715
300.4882	282.0596
299.9762	282.0596
299.9762	281.5477
299.4643	281.5477
299.4643	280.5239
298.9524	280.5239
298.9524	279.5001
298.4405	279.5001
298.4405	278.4762
297.9286	278.4762
297.9286	277.9643
297.4167	277.9643
297.4167	277.4524
297.9286	277.4524
297.9286	276.4286
298.4405	276.4286
298.4405	273.8691
298.9524	273.8691
298.9524	271.3096
298.4405	271.3096
298.4405	268.7501
297.9286	268.7501
297.9286	267.7262
297.4167	267.7262
297.4167	266.7024
296.9048	266.7024
296.9048	265.6786
296.3929	265.6786
296.3929	264.6548
295.8810	264.6548
295.8810	261.5834
296.3929	261.5834
296.3929	256.9762
295.8810	256.9762
295.8810	254.4167
295.3691	254.4167
295.3691	253.3929
294.8572	253.3929
294.8572	252.3691
294.3453	252.3691
294.3453	251.8572
294.8572	251.8572
294.8572	249.8096
295.3691	249.8096
295.3691	247.2500
295.8810	247.2500
295.8810	246.2262
296.3929	246.2262
296.3929	244.6905
296.9048	244.6905
296.9048	244.1786
297.4167	244.1786
297.4167	243.6667
297.9286	243.6667
297.9286	242.6429
298.4405	242.6429
298.4405	242.1310
298.9524	242.1310
298.9524	241.6191
299.4643	241.6191
299.4643	240.5953
299.9762	240.5953
299.9762	240.0834
300.4882	240.0834
300.4882	239.5715
301.0001	239.5715
301.0001	238.5477
301.5120	238.5477
301.5120	238.0358
302.0239	238.0358
302.0239	237.5239
302.5358	237.5239
302.5358	237.0119
303.5596	237.0119
303.5596	236.5000
304.0715	236.5000
304.0715	235.9881
305.0953	235.9881
305.0953	235.4762
305.6072	235.4762
305.6072	234.9643
306.1191	234.9643
306.1191	234.4524
306.6310	234.4524
306.6310	233.9405
307.1429	233.9405
307.1429	233.4286
307.6548	233.4286
307.6548	232.9167
308.6786	232.9167
308.6786	232.4048
309.7024	232.4048
309.7024	231.8929
310.2143	231.8929
310.2143	231.3810
311.2382	231.3810
311.2382	230.8691
311.7501	230.8691
311.7501	230.3572
312.2620	230.3572
312.2620	229.8453
312.7739	229.8453
312.7739	229.3334
313.2858	229.3334
313.2858	228.8215
313.7977	228.8215
313.7977	228.3096
314.8215	228.3096
314.8215	227.7977
315.3334	227.7977
315.3334	227.2858
316.3572	227.2858
316.3572	226.7739
316.8691	226.7739
316.8691	226.2619
317.3810	226.2619
317.3810	225.7500
317.8929	225.7500
317.8929	225.2381
318.9167	225.2381
318.9167	224.7262
320.9643	224.7262
320.9643	224.2143
322.5001	224.2143
322.5001	223.7024
324.0358	223.7024
324.0358	223.1905
325.5715	223.1905
325.5715	222.6786
327.1072	222.6786
327.1072	222.1667
328.6429	222.1667
328.6429	221.6548
330.6905	221.6548
330.6905	221.1429
333.2501	221.1429
333.2501	220.6310
336.3215	220.6310
336.3215	220.1191
340.4167	220.1191
340.4167	219.6072
342.9763	219.6072
342.9763	219.0953
343.4882	219.0953
