384.4405	199.1310
384.9525	199.1310
384.9525	199.6429
385.4644	199.6429
385.4644	200.1548
385.9763	200.1548
385.9763	200.6667
386.4882	200.6667
386.4882	201.1786
387.0001	201.1786
387.0001	201.6905
388.0239	201.6905
388.0239	202.2024
389.0477	202.2024
389.0477	202.7143
391.6072	202.7143
391.6072	203.2262
395.7025	203.2262
395.7025	203.7381
397.7501	203.7381
397.7501	204.2500
399.2858	204.2500
399.2858	204.7619
400.3096	204.7619
400.3096	205.2738
402.8691	205.2738
402.8691	205.7858
403.8929	205.7858
403.8929	206.2977
405.4286	206.2977
405.4286	206.8096
406.4525	206.8096
406.4525	207.3215
406.9644	207.3215
406.9644	207.8334
407.4763	207.8334
407.4763	208.3453
407.9882	208.3453
407.9882	208.8572
408.5001	208.8572
408.5001	209.3691
409.0120	209.3691
409.0120	209.8810
409.5239	209.8810
409.5239	210.3929
410.0358	210.3929
410.0358	210.9048
410.5477	210.9048
410.5477	211.4167
411.0596	211.4167
411.0596	211.9286
411.5715	211.9286
411.5715	212.9524
412.0834	212.9524
412.0834	213.4643
412.5953	213.4643
412.5953	213.9762
413.1072	213.9762
413.1072	214.4881
413.6191	214.4881
413.6191	215.0000
414.1310	215.0000
414.1310	216.0239
414.6429	216.0239
414.6429	216.5358
415.1548	216.5358
415.1548	217.0477
415.6667	217.0477
415.6667	218.0715
416.1787	218.0715
416.1787	219.0953
416.6906	219.0953
416.6906	219.6072
417.2025	219.6072
417.2025	220.1191
417.7144	220.1191
417.7144	220.6310
418.2263	220.6310
418.2263	222.1667
418.7382	222.1667
418.7382	223.1905
419.2501	223.1905
419.2501	224.2143
419.7620	224.2143
419.7620	224.7262
420.2739	224.7262
420.2739	226.2619
420.7858	226.2619
420.7858	227.2858
421.2977	227.2858
421.2977	229.3334
421.8096	229.3334
421.8096	230.3572
422.3215	230.3572
422.3215	231.3810
422.8334	231.3810
422.8334	231.8929
423.3453	231.8929
423.3453	233.9405
423.8572	233.9405
423.8572	235.4762
424.3691	235.4762
424.3691	236.5000
424.8810	236.5000
424.8810	237.5239
425.3929	237.5239
425.3929	238.0358
425.9048	238.0358
425.9048	239.0596
426.4167	239.0596
426.4167	239.5715
425.9048	239.5715
425.9048	242.1310
425.3929	242.1310
425.3929	250.3215
424.8810	250.3215
424.8810	252.3691
424.3691	252.3691
424.3691	254.4167
423.8572	254.4167
423.8572	256.9762
423.3453	256.9762
423.3453	258.0000
422.8334	258.0000
422.8334	259.5358
422.3215	259.5358
422.3215	260.5596
421.8096	260.5596
421.8096	261.0715
421.2977	261.0715
421.2977	262.0953
420.7858	262.0953
420.7858	263.1191
420.2739	263.1191
420.2739	264.1429
419.7620	264.1429
419.7620	265.1667
419.2501	265.1667
419.2501	266.1905
418.7382	266.1905
418.7382	266.7024
418.2263	266.7024
418.2263	267.7262
417.7144	267.7262
417.7144	268.2381
416.6906	268.2381
416.6906	268.7501
416.1787	268.7501
416.1787	269.2620
415.6667	269.2620
415.6667	269.7739
415.1548	269.7739
415.1548	270.2858
414.6429	270.2858
414.6429	270.7977
414.1310	270.7977
414.1310	271.3096
413.6191	271.3096
413.6191	271.8215
413.1072	271.8215
413.1072	272.3334
412.5953	272.3334
412.5953	272.8453
412.0834	272.8453
412.0834	273.3572
411.5715	273.3572
411.5715	273.8691
410.5477	273.8691
410.5477	274.3810
410.0358	274.3810
410.0358	274.8929
409.5239	274.8929
409.5239	275.4048
409.0120	275.4048
409.0120	275.9167
408.5001	275.9167
408.5001	276.4286
407.9882	276.4286
407.9882	276.9405
407.4763	276.9405
407.4763	277.4524
406.9644	277.4524
406.9644	277.9643
405.9406	277.9643
405.9406	278.4762
404.9167	278.4762
404.9167	278.9881
404.4048	278.9881
404.4048	279.5001
403.8929	279.5001
403.8929	280.0120
403.3810	280.0120
403.3810	280.5239
402.8691	280.5239
402.8691	281.0358
402.3572	281.0358
402.3572	281.5477
401.8453	281.5477
401.8453	282.0596
401.3334	282.0596
401.3334	282.5715
400.8215	282.5715
400.8215	283.5953
400.3096	283.5953
400.3096	284.6191
399.7977	284.6191
399.7977	285.6429
399.2858	285.6429
399.2858	287.1786
398.7739	287.1786
398.7739	288.2024
398.2620	288.2024
398.2620	290.2501
397.7501	290.2501
397.7501	292.8096
397.2382	292.8096
397.2382	294.8572
396.7263	294.8572
396.7263	296.9048
396.2144	296.9048
396.2144	299.4643
395.7025	299.4643
395.7025	303.5596
396.2144	303.5596
396.2144	306.1191
396.7263	306.1191
396.7263	307.1429
397.2382	307.1429
397.2382	308.1667
397.7501	308.1667
397.7501	310.2143
398.2620	310.2143
398.2620	311.2382
398.7739	311.2382
398.7739	312.2620
399.2858	312.2620
399.2858	312.7739
399.7977	312.7739
399.7977	313.2858
400.3096	313.2858
400.3096	313.7977
400.8215	313.7977
400.8215	314.3096
401.3334	314.3096
401.3334	314.8215
401.8453	314.8215
401.8453	315.3334
402.3572	315.3334
402.3572	315.8453
402.8691	315.8453
402.8691	316.3572
403.3810	316.3572
403.3810	317.3810
403.8929	317.3810
403.8929	317.8929
404.4048	317.8929
404.4048	318.9167
401.8453	318.9167
401.8453	319.4286
399.7977	319.4286
399.7977	319.9405
398.7739	319.9405
398.7739	320.4524
397.7501	320.4524
397.7501	320.9643
397.2382	320.9643
397.2382	321.4763
395.7025	321.4763
395.7025	320.9643
393.1429	320.9643
393.1429	320.4524
390.5834	320.4524
390.5834	320.9643
388.0239	320.9643
388.0239	321.4763
387.0001	321.4763
387.0001	321.9882
385.9763	321.9882
385.9763	322.5001
385.4644	322.5001
385.4644	323.0120
384.9525	323.0120
384.9525	323.5239
384.4405	323.5239
384.4405	324.0358
383.9286	324.0358
383.9286	324.5477
383.4167	324.5477
383.4167	325.0596
379.3215	325.0596
379.3215	325.5715
374.7144	325.5715
374.7144	326.0834
372.1548	326.0834
372.1548	326.5953
369.5953	326.5953
369.5953	327.1072
368.0596	327.1072
368.0596	327.6191
367.0358	327.6191
367.0358	328.1310
366.0120	328.1310
366.0120	328.6429
365.5001	328.6429
365.5001	329.1548
364.9882	329.1548
364.9882	329.6667
364.4763	329.6667
364.4763	330.1786
363.9644	330.1786
363.9644	330.6905
363.4525	330.6905
363.4525	331.2024
360.8929	331.2024
360.8929	331.7143
359.3572	331.7143
359.3572	332.2263
358.3334	332.2263
358.3334	332.7382
357.3096	332.7382
357.3096	333.2501
356.2858	333.2501
356.2858	333.7620
355.7739	333.7620
355.7739	334.2739
353.7263	334.2739
353.7263	334.7858
352.7024	334.7858
352.7024	335.2977
351.6786	335.2977
351.6786	335.8096
351.1667	335.8096
351.1667	336.3215
350.6548	336.3215
350.6548	336.8334
350.1429	336.8334
350.1429	337.3453
349.6310	337.3453
349.6310	337.8572
349.1191	337.8572
349.1191	338.3691
348.6072	338.3691
348.6072	338.8810
348.0953	338.8810
348.0953	339.3929
347.5834	339.3929
347.5834	340.4167
347.0715	340.4167
347.0715	341.4405
346.5596	341.4405
346.5596	344.0001
346.0477	344.0001
346.0477	346.5596
346.5596	346.5596
346.5596	349.1191
347.0715	349.1191
347.0715	350.1429
347.5834	350.1429
347.5834	351.1667
348.0953	351.1667
348.0953	351.6786
348.6072	351.6786
348.6072	352.1905
349.1191	352.1905
349.1191	353.2144
349.6310	353.2144
349.6310	355.2620
349.1191	355.2620
349.1191	356.2858
348.6072	356.2858
348.6072	358.8453
348.0953	358.8453
348.0953	361.9167
347.5834	361.9167
347.5834	362.4286
347.0715	362.4286
347.0715	362.9405
346.5596	362.9405
346.5596	363.4525
346.0477	363.4525
346.0477	363.9644
345.5358	363.9644
345.5358	364.4763
345.0239	364.4763
345.0239	365.5001
344.5120	365.5001
344.5120	366.5239
344.0001	366.5239
344.0001	367.5477
343.4882	367.5477
343.4882	367.0358
342.9763	367.0358
342.9763	366.0120
342.4644	366.0120
342.4644	365.5001
341.9524	365.5001
341.9524	364.9882
341.4405	364.9882
341.4405	364.4763
340.9286	364.4763
340.9286	363.9644
340.4167	363.9644
340.4167	363.4525
339.9048	363.4525
339.9048	362.9405
339.3929	362.9405
339.3929	362.4286
338.8810	362.4286
338.8810	361.9167
338.3691	361.9167
338.3691	361.4048
337.8572	361.4048
337.8572	360.8929
336.8334	360.8929
336.8334	360.3810
335.8096	360.3810
335.8096	359.8691
333.2501	359.8691
333.2501	359.3572
325.5715	359.3572
325.5715	358.3334
326.0834	358.3334
326.0834	355.7739
326.5953	355.7739
326.5953	352.7024
326.0834	352.7024
326.0834	350.1429
325.5715	350.1429
325.5715	349.1191
325.0596	349.1191
325.0596	348.0953
324.5477	348.0953
324.5477	347.5834
325.0596	347.5834
325.0596	345.0239
325.5715	345.0239
325.5715	341.9524
325.0596	341.9524
325.0596	338.3691
324.5477	338.3691
324.5477	335.8096
324.0358	335.8096
324.0358	334.7858
323.5239	334.7858
323.5239	333.7620
323.0120	333.7620
323.0120	333.2501
322.5001	333.2501
322.5001	332.7382
321.9882	332.7382
321.9882	332.2263
321.4763	332.2263
321.4763	331.7143
320.9643	331.7143
320.9643	331.2024
319.9405	331.2024
319.9405	330.6905
318.9167	330.6905
318.9167	330.1786
317.3810	330.1786
317.3810	329.6667
314.8215	329.6667
314.8215	329.1548
312.2620	329.1548
312.2620	329.6667
311.2382	329.6667
311.2382	328.6429
310.7262	328.6429
310.7262	327.6191
310.2143	327.6191
310.2143	326.5953
309.7024	326.5953
309.7024	326.0834
309.1905	326.0834
309.1905	325.5715
308.6786	325.5715
308.6786	325.0596
308.1667	325.0596
308.1667	324.5477
307.6548	324.5477
307.6548	324.0358
306.6310	324.0358
306.6310	323.5239
305.6072	323.5239
305.6072	323.0120
303.0477	323.0120
303.0477	320.4524
302.5358	320.4524
302.5358	319.4286
302.0239	319.4286
302.0239	318.4048
301.5120	318.4048
301.5120	317.3810
301.0001	317.3810
301.0001	316.8691
300.4882	316.8691
300.4882	316.3572
299.9762	316.3572
299.9762	315.8453
299.4643	315.8453
299.4643	315.3334
298.9524	315.3334
298.9524	313.2858
298.4405	313.2858
298.4405	312.2620
297.9286	312.2620
297.9286	311.2382
297.4167	311.2382
297.4167	310.7262
296.9048	310.7262
296.9048	310.2143
296.3929	310.2143
296.3929	309.7024
295.8810	309.7024
295.8810	309.1905
295.3691	309.1905
295.3691	308.6786
294.8572	308.6786
294.8572	308.1667
293.8334	308.1667
293.8334	307.6548
293.3215	307.6548
293.3215	307.1429
292.8096	307.1429
292.8096	306.6310
292.2977	306.6310
292.2977	306.1191
291.7858	306.1191
291.7858	305.6072
291.2739	305.6072
291.2739	304.5834
290.7620	304.5834
290.7620	304.0715
290.2501	304.0715
290.2501	303.5596
289.7382	303.5596
289.7382	303.0477
289.2262	303.0477
289.2262	302.5358
288.7143	302.5358
288.7143	302.0239
288.2024	302.0239
288.2024	301.5120
287.6905	301.5120
287.6905	301.0001
287.1786	301.0001
287.1786	300.4882
286.6667	300.4882
286.6667	299.9762
286.1548	299.9762
286.1548	299.4643
285.6429	299.4643
285.6429	298.9524
285.1310	298.9524
285.1310	298.4405
284.6191	298.4405
284.6191	297.9286
284.1072	297.9286
284.1072	297.4167
283.0834	297.4167
283.0834	296.9048
282.5715	296.9048
282.5715	296.3929
282.0596	296.3929
282.0596	295.8810
281.5477	295.8810
281.5477	295.3691
281.0358	295.3691
281.0358	294.8572
280.5239	294.8572
280.5239	294.3453
281.0358	294.3453
281.0358	291.7858
281.5477	291.7858
281.5477	290.7620
282.0596	290.7620
282.0596	288.2024
282.5715	288.2024
282.5715	285.6429
282.0596	285.6429
282.0596	283.0834
281.5477	283.0834
281.5477	282.0596
281.0358	282.0596
281.0358	281.0358
280.5239	281.0358
280.5239	280.0120
280.0120	280.0120
280.0120	279.5001
279.5001	279.5001
279.5001	278.9881
278.9881	278.9881
278.9881	278.4762
278.4762	278.4762
278.4762	277.9643
277.9643	277.9643
277.9643	277.4524
277.4524	277.4524
277.4524	274.8929
276.9405	274.8929
276.9405	272.8453
276.4286	272.8453
276.4286	271.8215
275.9167	271.8215
275.9167	270.7977
275.4048	270.7977
275.4048	269.7739
274.8929	269.7739
274.8929	269.2620
274.3810	269.2620
274.3810	268.7501
273.8691	268.7501
273.8691	268.2381
273.3572	268.2381
273.3572	267.7262
272.8453	267.7262
272.8453	267.2143
271.8215	267.2143
271.8215	266.7024
270.7977	266.7024
270.7977	266.1905
269.7739	266.1905
269.7739	265.6786
267.2143	265.6786
267.2143	263.1191
266.7024	263.1191
266.7024	262.0953
266.1905	262.0953
266.1905	261.0715
265.6786	261.0715
265.6786	260.5596
265.1667	260.5596
265.1667	259.5358
265.6786	259.5358
265.6786	259.0239
268.2381	259.0239
268.2381	258.5120
269.2620	258.5120
269.2620	258.0000
270.2858	258.0000
270.2858	257.4881
270.7977	257.4881
270.7977	256.9762
271.3096	256.9762
271.3096	256.4643
271.8215	256.4643
271.8215	255.9524
272.3334	255.9524
272.3334	255.4405
272.8453	255.4405
272.8453	254.4167
273.3572	254.4167
273.3572	253.3929
273.8691	253.3929
273.8691	252.8810
274.3810	252.8810
274.3810	251.8572
274.8929	251.8572
274.8929	251.3453
275.4048	251.3453
275.4048	250.3215
275.9167	250.3215
275.9167	249.8096
276.9405	249.8096
276.9405	249.2977
277.4524	249.2977
277.4524	248.7858
277.9643	248.7858
277.9643	248.2739
278.9881	248.2739
278.9881	247.7620
279.5001	247.7620
279.5001	247.2500
280.0120	247.2500
280.0120	246.7381
280.5239	246.7381
280.5239	246.2262
281.0358	246.2262
281.0358	245.7143
282.0596	245.7143
282.0596	245.2024
282.5715	245.2024
282.5715	244.6905
283.0834	244.6905
283.0834	244.1786
283.5953	244.1786
283.5953	243.6667
284.1072	243.6667
284.1072	243.1548
284.6191	243.1548
284.6191	242.6429
285.6429	242.6429
285.6429	242.1310
286.6667	242.1310
286.6667	241.6191
287.1786	241.6191
287.1786	241.1072
287.6905	241.1072
287.6905	240.5953
288.2024	240.5953
288.2024	240.0834
288.7143	240.0834
288.7143	239.5715
289.2262	239.5715
289.2262	239.0596
289.7382	239.0596
289.7382	238.0358
290.2501	238.0358
290.2501	237.0119
290.7620	237.0119
290.7620	234.9643
291.2739	234.9643
291.2739	234.4524
291.7858	234.4524
291.7858	233.9405
292.2977	233.9405
292.2977	232.9167
292.8096	232.9167
292.8096	231.8929
293.3215	231.8929
293.3215	230.8691
294.8572	230.8691
294.8572	230.3572
295.8810	230.3572
295.8810	229.8453
297.9286	229.8453
297.9286	229.3334
298.9524	229.3334
298.9524	228.8215
299.9762	228.8215
299.9762	228.3096
300.4882	228.3096
300.4882	227.7977
301.0001	227.7977
301.0001	227.2858
301.5120	227.2858
301.5120	226.7739
302.0239	226.7739
302.0239	226.2619
302.5358	226.2619
302.5358	225.2381
303.0477	225.2381
303.0477	224.2143
303.5596	224.2143
303.5596	223.7024
304.5834	223.7024
304.5834	223.1905
305.0953	223.1905
305.0953	222.6786
305.6072	222.6786
305.6072	222.1667
306.1191	222.1667
306.1191	221.6548
306.6310	221.6548
306.6310	221.1429
307.1429	221.1429
307.1429	220.6310
307.6548	220.6310
307.6548	220.1191
308.1667	220.1191
308.1667	219.6072
308.6786	219.6072
308.6786	218.5834
309.1905	218.5834
309.1905	217.5596
309.7024	217.5596
309.7024	215.0000
310.2143	215.0000
310.2143	211.9286
310.7262	211.9286
310.7262	211.4167
311.2382	211.4167
311.2382	210.9048
315.8453	210.9048
315.8453	211.4167
318.4048	211.4167
318.4048	211.9286
321.4763	211.9286
321.4763	211.4167
324.0358	211.4167
324.0358	210.9048
325.0596	210.9048
325.0596	210.3929
326.0834	210.3929
326.0834	209.8810
327.6191	209.8810
327.6191	210.9048
328.1310	210.9048
328.1310	211.4167
328.6429	211.4167
328.6429	211.9286
329.1548	211.9286
329.1548	212.4405
329.6667	212.4405
329.6667	212.9524
330.1786	212.9524
330.1786	213.4643
330.6905	213.4643
330.6905	213.9762
331.7143	213.9762
331.7143	214.4881
332.7382	214.4881
332.7382	215.0000
335.2977	215.0000
335.2977	215.5119
338.8810	215.5119
338.8810	215.0000
341.4405	215.0000
341.4405	214.4881
342.4644	214.4881
342.4644	213.9762
343.4882	213.9762
343.4882	213.4643
344.0001	213.4643
344.0001	212.9524
344.5120	212.9524
344.5120	212.4405
345.0239	212.4405
345.0239	211.9286
345.5358	211.9286
345.5358	211.4167
346.0477	211.4167
346.0477	210.9048
346.5596	210.9048
346.5596	210.3929
347.0715	210.3929
347.0715	209.8810
347.5834	209.8810
347.5834	209.3691
348.0953	209.3691
348.0953	208.8572
349.1191	208.8572
349.1191	208.3453
350.1429	208.3453
350.1429	207.8334
350.6548	207.8334
350.6548	207.3215
351.1667	207.3215
351.1667	206.8096
351.6786	206.8096
351.6786	206.2977
352.7024	206.2977
352.7024	205.7858
353.7263	205.7858
353.7263	205.2738
356.2858	205.2738
356.2858	204.7619
357.8215	204.7619
357.8215	204.2500
358.8453	204.2500
358.8453	203.7381
359.8691	203.7381
359.8691	203.2262
362.4286	203.2262
362.4286	202.7143
363.9644	202.7143
363.9644	202.2024
365.5001	202.2024
365.5001	201.6905
366.5239	201.6905
366.5239	201.1786
368.5715	201.1786
368.5715	201.6905
371.1310	201.6905
371.1310	202.2024
373.6905	202.2024
373.6905	201.6905
377.2739	201.6905
377.2739	201.1786
379.8334	201.1786
379.8334	200.6667
380.8572	200.6667
380.8572	200.1548
381.8810	200.1548
381.8810	199.6429
382.3929	199.6429
382.3929	199.1310
382.9048	199.1310
382.9048	198.6191
384.4405	198.6191
