375.2263	177.1191
375.7382	177.1191
375.7382	178.1429
376.2501	178.1429
376.2501	179.1667
376.7620	179.1667
376.7620	179.6786
377.2739	179.6786
377.2739	180.1905
377.7858	180.1905
377.7858	180.7024
378.2977	180.7024
378.2977	181.2143
378.8096	181.2143
378.8096	181.7262
379.3215	181.7262
379.3215	182.2381
380.3453	182.2381
380.3453	182.7500
381.3691	182.7500
381.3691	183.2619
382.9048	183.2619
382.9048	183.7738
384.4405	183.7738
384.4405	184.2857
385.4644	184.2857
385.4644	184.7977
387.5120	184.7977
387.5120	185.3096
388.5358	185.3096
388.5358	185.8215
389.5596	185.8215
389.5596	186.3334
390.5834	186.3334
390.5834	186.8453
391.6072	186.8453
391.6072	187.3572
392.1191	187.3572
392.1191	187.8691
393.1429	187.8691
393.1429	188.3810
394.1667	188.3810
394.1667	188.8929
396.7263	188.8929
396.7263	189.4048
399.2858	189.4048
399.2858	188.8929
401.8453	188.8929
401.8453	188.3810
404.4048	188.3810
404.4048	188.8929
405.4286	188.8929
405.4286	189.4048
405.9406	189.4048
405.9406	189.9167
406.4525	189.9167
406.4525	190.9405
406.9644	190.9405
406.9644	191.4524
407.4763	191.4524
407.4763	191.9643
407.9882	191.9643
407.9882	192.4762
408.5001	192.4762
408.5001	192.9881
409.0120	192.9881
409.0120	193.5000
410.0358	193.5000
410.0358	194.0119
411.0596	194.0119
411.0596	194.5238
412.0834	194.5238
412.0834	195.0358
413.6191	195.0358
413.6191	195.5477
414.6429	195.5477
414.6429	196.0596
415.6667	196.0596
415.6667	196.5715
416.6906	196.5715
416.6906	197.0834
417.2025	197.0834
417.2025	197.5953
417.7144	197.5953
417.7144	198.1072
418.2263	198.1072
418.2263	198.6191
418.7382	198.6191
418.7382	199.1310
419.2501	199.1310
419.2501	200.1548
419.7620	200.1548
419.7620	200.6667
420.2739	200.6667
420.2739	201.1786
420.7858	201.1786
420.7858	201.6905
421.2977	201.6905
421.2977	202.2024
421.8096	202.2024
421.8096	202.7143
422.8334	202.7143
422.8334	203.2262
423.3453	203.2262
423.3453	203.7381
424.3691	203.7381
424.3691	204.2500
425.3929	204.2500
425.3929	204.7619
425.9048	204.7619
425.9048	205.2738
426.9287	205.2738
426.9287	205.7858
427.9525	205.7858
427.9525	206.2977
428.4644	206.2977
428.4644	206.8096
429.4882	206.8096
429.4882	207.3215
430.5120	207.3215
430.5120	207.8334
431.5358	207.8334
431.5358	208.3453
432.5596	208.3453
432.5596	208.8572
433.5834	208.8572
433.5834	209.3691
435.1191	209.3691
435.1191	209.8810
435.6310	209.8810
435.6310	210.3929
436.1429	210.3929
436.1429	210.9048
437.1667	210.9048
437.1667	211.4167
437.6787	211.4167
437.6787	211.9286
438.1906	211.9286
438.1906	212.4405
439.2144	212.4405
439.2144	212.9524
439.7263	212.9524
439.7263	213.4643
440.2382	213.4643
440.2382	213.9762
440.7501	213.9762
440.7501	214.4881
441.2620	214.4881
441.2620	215.0000
441.7739	215.0000
441.7739	216.0239
442.2858	216.0239
442.2858	216.5358
442.7977	216.5358
442.7977	217.0477
443.3096	217.0477
443.3096	217.5596
443.8215	217.5596
443.8215	218.0715
444.3334	218.0715
444.3334	218.5834
445.3572	218.5834
445.3572	219.0953
445.8691	219.0953
445.8691	220.1191
446.3810	220.1191
446.3810	220.6310
446.8929	220.6310
446.8929	221.6548
447.4048	221.6548
447.4048	222.1667
447.9168	222.1667
447.9168	222.6786
448.4287	222.6786
448.4287	223.1905
448.9406	223.1905
448.9406	223.7024
449.4525	223.7024
449.4525	224.7262
449.9644	224.7262
449.9644	225.2381
450.4763	225.2381
450.4763	225.7500
450.9882	225.7500
450.9882	226.7739
451.5001	226.7739
451.5001	227.7977
452.0120	227.7977
452.0120	228.3096
452.5239	228.3096
452.5239	229.3334
453.0358	229.3334
453.0358	230.3572
453.5477	230.3572
453.5477	231.3810
454.0596	231.3810
454.0596	231.8929
454.5715	231.8929
454.5715	232.9167
455.0834	232.9167
455.0834	233.9405
455.5953	233.9405
455.5953	237.5239
456.1072	237.5239
456.1072	242.1310
455.5953	242.1310
455.5953	245.7143
456.1072	245.7143
456.1072	248.2739
455.5953	248.2739
455.5953	252.8810
455.0834	252.8810
455.0834	253.9048
454.5715	253.9048
454.5715	254.9286
454.0596	254.9286
454.0596	255.9524
453.5477	255.9524
453.5477	257.4881
453.0358	257.4881
453.0358	258.5120
452.5239	258.5120
452.5239	259.5358
452.0120	259.5358
452.0120	260.0477
451.5001	260.0477
451.5001	260.5596
450.9882	260.5596
450.9882	261.0715
450.4763	261.0715
450.4763	261.5834
449.4525	261.5834
449.4525	262.0953
448.4287	262.0953
448.4287	262.6072
447.4048	262.6072
447.4048	263.1191
446.8929	263.1191
446.8929	263.6310
446.3810	263.6310
446.3810	264.1429
445.8691	264.1429
445.8691	264.6548
445.3572	264.6548
445.3572	265.1667
444.3334	265.1667
444.3334	265.6786
443.3096	265.6786
443.3096	266.1905
442.2858	266.1905
442.2858	266.7024
440.7501	266.7024
440.7501	267.2143
439.7263	267.2143
439.7263	267.7262
437.6787	267.7262
437.6787	268.2381
436.6548	268.2381
436.6548	268.7501
435.1191	268.7501
435.1191	269.2620
434.0953	269.2620
434.0953	269.7739
431.5358	269.7739
431.5358	270.2858
430.0001	270.2858
430.0001	270.7977
428.9763	270.7977
428.9763	271.3096
425.9048	271.3096
425.9048	271.8215
425.3929	271.8215
425.3929	271.3096
421.8096	271.3096
421.8096	271.8215
419.2501	271.8215
419.2501	272.3334
414.1310	272.3334
414.1310	271.8215
408.5001	271.8215
408.5001	272.3334
405.9406	272.3334
405.9406	272.8453
404.9167	272.8453
404.9167	273.3572
403.8929	273.3572
403.8929	273.8691
403.3810	273.8691
403.3810	274.3810
402.8691	274.3810
402.8691	274.8929
402.3572	274.8929
402.3572	275.4048
401.8453	275.4048
401.8453	275.9167
401.3334	275.9167
401.3334	276.4286
400.8215	276.4286
400.8215	276.9405
400.3096	276.9405
400.3096	277.9643
399.7977	277.9643
399.7977	278.9881
399.2858	278.9881
399.2858	280.0120
398.7739	280.0120
398.7739	281.0358
398.2620	281.0358
398.2620	282.5715
397.7501	282.5715
397.7501	285.1310
397.2382	285.1310
397.2382	290.2501
397.7501	290.2501
397.7501	292.8096
398.2620	292.8096
398.2620	293.8334
398.7739	293.8334
398.7739	294.8572
399.2858	294.8572
399.2858	295.8810
399.7977	295.8810
399.7977	296.3929
400.3096	296.3929
400.3096	296.9048
400.8215	296.9048
400.8215	297.4167
401.3334	297.4167
401.3334	297.9286
401.8453	297.9286
401.8453	298.4405
402.3572	298.4405
402.3572	298.9524
403.3810	298.9524
403.3810	299.4643
404.4048	299.4643
404.4048	299.9762
405.9406	299.9762
405.9406	300.4882
406.4525	300.4882
406.4525	301.0001
406.9644	301.0001
406.9644	301.5120
407.4763	301.5120
407.4763	302.0239
408.5001	302.0239
408.5001	302.5358
409.0120	302.5358
409.0120	303.5596
409.5239	303.5596
409.5239	304.5834
410.0358	304.5834
410.0358	306.6310
410.5477	306.6310
410.5477	308.1667
411.0596	308.1667
411.0596	309.1905
405.4286	309.1905
405.4286	308.6786
401.3334	308.6786
401.3334	309.1905
398.7739	309.1905
398.7739	309.7024
397.7501	309.7024
397.7501	310.2143
396.7263	310.2143
396.7263	310.7262
396.2144	310.7262
396.2144	311.2382
395.7025	311.2382
395.7025	311.7501
395.1906	311.7501
395.1906	312.2620
394.6786	312.2620
394.6786	312.7739
394.1667	312.7739
394.1667	313.2858
393.6548	313.2858
393.6548	314.3096
390.5834	314.3096
390.5834	314.8215
389.5596	314.8215
389.5596	314.3096
389.0477	314.3096
389.0477	313.7977
388.0239	313.7977
388.0239	313.2858
387.0001	313.2858
387.0001	312.7739
384.4405	312.7739
384.4405	312.2620
381.3691	312.2620
381.3691	312.7739
378.8096	312.7739
378.8096	313.2858
377.7858	313.2858
377.7858	313.7977
376.7620	313.7977
376.7620	314.3096
376.2501	314.3096
376.2501	314.8215
375.7382	314.8215
375.7382	315.3334
375.2263	315.3334
375.2263	315.8453
374.7144	315.8453
374.7144	316.3572
374.2025	316.3572
374.2025	317.3810
373.1786	317.3810
373.1786	317.8929
372.6667	317.8929
372.6667	318.4048
372.1548	318.4048
372.1548	318.9167
371.1310	318.9167
371.1310	319.4286
370.6191	319.4286
370.6191	319.9405
370.1072	319.9405
370.1072	320.4524
369.5953	320.4524
369.5953	320.9643
369.0834	320.9643
369.0834	321.4763
368.5715	321.4763
368.5715	321.9882
368.0596	321.9882
368.0596	322.5001
367.5477	322.5001
367.5477	323.0120
366.5239	323.0120
366.5239	323.5239
366.0120	323.5239
366.0120	324.0358
365.5001	324.0358
365.5001	324.5477
364.9882	324.5477
364.9882	325.0596
364.4763	325.0596
364.4763	325.5715
363.9644	325.5715
363.9644	326.0834
363.4525	326.0834
363.4525	327.1072
362.9405	327.1072
362.9405	328.1310
362.4286	328.1310
362.4286	330.6905
361.9167	330.6905
361.9167	331.2024
361.4048	331.2024
361.4048	331.7143
360.8929	331.7143
360.8929	332.2263
360.3810	332.2263
360.3810	332.7382
359.8691	332.7382
359.8691	333.7620
358.8453	333.7620
358.8453	334.2739
358.3334	334.2739
358.3334	334.7858
357.8215	334.7858
357.8215	335.2977
357.3096	335.2977
357.3096	335.8096
356.7977	335.8096
356.7977	336.3215
356.2858	336.3215
356.2858	336.8334
355.7739	336.8334
355.7739	337.8572
355.2620	337.8572
355.2620	338.8810
354.7501	338.8810
354.7501	340.4167
352.7024	340.4167
352.7024	340.9286
347.0715	340.9286
347.0715	341.4405
345.5358	341.4405
345.5358	340.9286
344.5120	340.9286
344.5120	340.4167
342.9763	340.4167
342.9763	339.9048
341.4405	339.9048
341.4405	339.3929
340.9286	339.3929
340.9286	338.8810
340.4167	338.8810
340.4167	338.3691
339.9048	338.3691
339.9048	337.8572
338.8810	337.8572
338.8810	337.3453
338.3691	337.3453
338.3691	336.8334
337.8572	336.8334
337.8572	336.3215
336.8334	336.3215
336.8334	335.8096
335.8096	335.8096
335.8096	335.2977
333.2501	335.2977
333.2501	334.7858
330.6905	334.7858
330.6905	335.2977
328.1310	335.2977
328.1310	335.8096
327.1072	335.8096
327.1072	336.3215
326.0834	336.3215
326.0834	336.8334
325.5715	336.8334
325.5715	337.3453
325.0596	337.3453
325.0596	337.8572
323.0120	337.8572
323.0120	338.3691
321.4763	338.3691
321.4763	337.8572
319.4286	337.8572
319.4286	337.3453
318.9167	337.3453
318.9167	336.8334
317.8929	336.8334
317.8929	336.3215
316.8691	336.3215
316.8691	335.8096
316.3572	335.8096
316.3572	335.2977
315.3334	335.2977
315.3334	334.7858
314.8215	334.7858
314.8215	334.2739
313.7977	334.2739
313.7977	333.7620
312.7739	333.7620
312.7739	333.2501
310.2143	333.2501
310.2143	332.7382
306.1191	332.7382
306.1191	333.2501
304.5834	333.2501
304.5834	332.7382
301.0001	332.7382
301.0001	333.2501
298.4405	333.2501
298.4405	333.7620
297.4167	333.7620
297.4167	334.2739
296.3929	334.2739
296.3929	334.7858
295.8810	334.7858
295.8810	335.2977
295.3691	335.2977
295.3691	335.8096
294.8572	335.8096
294.8572	336.3215
294.3453	336.3215
294.3453	336.8334
293.8334	336.8334
293.8334	337.3453
293.3215	337.3453
293.3215	338.3691
292.2977	338.3691
292.2977	337.8572
291.7858	337.8572
291.7858	337.3453
291.2739	337.3453
291.2739	336.3215
291.7858	336.3215
291.7858	335.8096
292.2977	335.8096
292.2977	335.2977
292.8096	335.2977
292.8096	334.7858
293.3215	334.7858
293.3215	334.2739
293.8334	334.2739
293.8334	333.2501
294.3453	333.2501
294.3453	332.2263
294.8572	332.2263
294.8572	330.1786
295.3691	330.1786
295.3691	327.6191
295.8810	327.6191
295.8810	327.1072
296.3929	327.1072
296.3929	326.5953
296.9048	326.5953
296.9048	325.5715
297.4167	325.5715
297.4167	324.5477
297.9286	324.5477
297.9286	321.9882
298.4405	321.9882
298.4405	319.4286
297.9286	319.4286
297.9286	316.8691
297.4167	316.8691
297.4167	315.8453
296.9048	315.8453
296.9048	314.8215
296.3929	314.8215
296.3929	314.3096
295.8810	314.3096
295.8810	313.7977
295.3691	313.7977
295.3691	313.2858
294.8572	313.2858
294.8572	312.7739
294.3453	312.7739
294.3453	310.2143
293.8334	310.2143
293.8334	308.1667
293.3215	308.1667
293.3215	307.1429
292.8096	307.1429
292.8096	306.1191
292.2977	306.1191
292.2977	305.6072
291.7858	305.6072
291.7858	304.5834
291.2739	304.5834
291.2739	304.0715
290.7620	304.0715
290.7620	303.5596
290.2501	303.5596
290.2501	303.0477
289.7382	303.0477
289.7382	302.5358
289.2262	302.5358
289.2262	302.0239
288.7143	302.0239
288.7143	301.5120
288.2024	301.5120
288.2024	300.4882
287.6905	300.4882
287.6905	299.9762
287.1786	299.9762
287.1786	299.4643
286.6667	299.4643
286.6667	298.9524
286.1548	298.9524
286.1548	298.4405
285.6429	298.4405
285.6429	297.9286
284.6191	297.9286
284.6191	297.4167
283.5953	297.4167
283.5953	296.9048
281.5477	296.9048
281.5477	296.3929
281.0358	296.3929
281.0358	295.8810
280.0120	295.8810
280.0120	295.3691
278.9881	295.3691
278.9881	294.8572
277.9643	294.8572
277.9643	294.3453
277.4524	294.3453
277.4524	293.8334
276.9405	293.8334
276.9405	293.3215
276.4286	293.3215
276.4286	292.8096
275.9167	292.8096
275.9167	291.7858
275.4048	291.7858
275.4048	290.7620
274.8929	290.7620
274.8929	289.7382
274.3810	289.7382
274.3810	289.2262
273.8691	289.2262
273.8691	288.7143
273.3572	288.7143
273.3572	288.2024
272.8453	288.2024
272.8453	287.6905
272.3334	287.6905
272.3334	287.1786
271.8215	287.1786
271.8215	286.6667
270.7977	286.6667
270.7977	286.1548
269.7739	286.1548
269.7739	285.6429
268.7501	285.6429
268.7501	285.1310
267.2143	285.1310
267.2143	284.6191
265.1667	284.6191
265.1667	284.1072
264.1429	284.1072
264.1429	283.5953
263.1191	283.5953
263.1191	283.0834
261.0715	283.0834
261.0715	282.5715
259.5358	282.5715
259.5358	282.0596
259.0239	282.0596
259.0239	281.5477
258.5120	281.5477
258.5120	281.0358
257.4881	281.0358
257.4881	280.5239
256.4643	280.5239
256.4643	280.0120
255.9524	280.0120
255.9524	279.5001
255.4405	279.5001
255.4405	278.9881
254.4167	278.9881
254.4167	278.4762
253.9048	278.4762
253.9048	277.9643
253.3929	277.9643
253.3929	277.4524
252.8810	277.4524
252.8810	276.9405
252.3691	276.9405
252.3691	276.4286
251.8572	276.4286
251.8572	275.9167
251.3453	275.9167
251.3453	275.4048
250.8334	275.4048
250.8334	274.8929
250.3215	274.8929
250.3215	274.3810
249.8096	274.3810
249.8096	273.8691
249.2977	273.8691
249.2977	272.8453
248.7858	272.8453
248.7858	271.8215
248.2739	271.8215
248.2739	271.3096
247.7620	271.3096
247.7620	270.2858
247.2500	270.2858
247.2500	266.1905
247.7620	266.1905
247.7620	263.6310
248.2739	263.6310
248.2739	259.5358
247.7620	259.5358
247.7620	256.4643
247.2500	256.4643
247.2500	255.4405
247.7620	255.4405
247.7620	254.4167
248.2739	254.4167
248.2739	251.8572
248.7858	251.8572
248.7858	248.7858
249.2977	248.7858
249.2977	247.7620
249.8096	247.7620
249.8096	246.7381
250.3215	246.7381
250.3215	245.7143
250.8334	245.7143
250.8334	244.6905
251.3453	244.6905
251.3453	243.1548
251.8572	243.1548
251.8572	242.1310
252.3691	242.1310
252.3691	241.1072
252.8810	241.1072
252.8810	240.5953
253.3929	240.5953
253.3929	240.0834
253.9048	240.0834
253.9048	239.5715
254.4167	239.5715
254.4167	239.0596
254.9286	239.0596
254.9286	238.5477
255.4405	238.5477
255.4405	238.0358
255.9524	238.0358
255.9524	237.5239
256.4643	237.5239
256.4643	237.0119
256.9762	237.0119
256.9762	236.5000
257.4881	236.5000
257.4881	235.9881
258.0000	235.9881
258.0000	235.4762
259.0239	235.4762
259.0239	234.9643
260.0477	234.9643
260.0477	234.4524
260.5596	234.4524
260.5596	233.9405
261.0715	233.9405
261.0715	233.4286
261.5834	233.4286
261.5834	232.9167
262.0953	232.9167
262.0953	232.4048
262.6072	232.4048
262.6072	231.8929
264.1429	231.8929
264.1429	231.3810
265.1667	231.3810
265.1667	230.8691
266.1905	230.8691
266.1905	230.3572
266.7024	230.3572
266.7024	229.8453
267.7262	229.8453
267.7262	229.3334
268.2381	229.3334
268.2381	228.8215
268.7501	228.8215
268.7501	228.3096
273.8691	228.3096
273.8691	227.7977
284.1072	227.7977
284.1072	227.2858
286.6667	227.2858
286.6667	226.7739
287.6905	226.7739
287.6905	226.2619
288.7143	226.2619
288.7143	225.7500
289.2262	225.7500
289.2262	225.2381
290.2501	225.2381
290.2501	224.7262
291.2739	224.7262
291.2739	224.2143
291.7858	224.2143
291.7858	223.7024
292.2977	223.7024
292.2977	223.1905
292.8096	223.1905
292.8096	222.6786
293.3215	222.6786
293.3215	222.1667
293.8334	222.1667
293.8334	221.6548
294.3453	221.6548
294.3453	220.6310
294.8572	220.6310
294.8572	219.6072
295.3691	219.6072
295.3691	217.0477
295.8810	217.0477
295.8810	214.4881
295.3691	214.4881
295.3691	211.9286
294.8572	211.9286
294.8572	210.9048
294.3453	210.9048
294.3453	209.8810
293.8334	209.8810
293.8334	209.3691
293.3215	209.3691
293.3215	208.8572
293.8334	208.8572
293.8334	208.3453
294.3453	208.3453
294.3453	208.8572
296.9048	208.8572
296.9048	209.3691
299.4643	209.3691
299.4643	208.8572
302.0239	208.8572
302.0239	208.3453
303.0477	208.3453
303.0477	207.8334
304.0715	207.8334
304.0715	207.3215
304.5834	207.3215
304.5834	206.8096
305.0953	206.8096
305.0953	206.2977
305.6072	206.2977
305.6072	205.7858
306.1191	205.7858
306.1191	205.2738
306.6310	205.2738
306.6310	204.2500
307.1429	204.2500
307.1429	203.2262
307.6548	203.2262
307.6548	201.6905
308.1667	201.6905
308.1667	201.1786
308.6786	201.1786
308.6786	200.6667
311.2382	200.6667
311.2382	200.1548
312.2620	200.1548
312.2620	199.6429
313.2858	199.6429
313.2858	199.1310
313.7977	199.1310
313.7977	198.6191
314.3096	198.6191
314.3096	198.1072
314.8215	198.1072
314.8215	197.5953
315.3334	197.5953
315.3334	197.0834
315.8453	197.0834
315.8453	196.0596
316.3572	196.0596
316.3572	195.0358
316.8691	195.0358
316.8691	193.5000
317.3810	193.5000
317.3810	192.4762
317.8929	192.4762
317.8929	190.4286
318.4048	190.4286
318.4048	189.9167
318.9167	189.9167
318.9167	188.8929
319.4286	188.8929
319.4286	187.8691
319.9405	187.8691
319.9405	197.0834
320.4524	197.0834
320.4524	199.6429
320.9643	199.6429
320.9643	200.6667
321.4763	200.6667
321.4763	201.6905
321.9882	201.6905
321.9882	202.2024
322.5001	202.2024
322.5001	202.7143
323.0120	202.7143
323.0120	203.2262
323.5239	203.2262
323.5239	203.7381
324.0358	203.7381
324.0358	204.2500
325.0596	204.2500
325.0596	204.7619
326.0834	204.7619
326.0834	205.2738
328.6429	205.2738
328.6429	205.7858
331.2024	205.7858
331.2024	205.2738
333.7620	205.2738
333.7620	204.7619
334.7858	204.7619
334.7858	204.2500
335.8096	204.2500
335.8096	203.7381
336.3215	203.7381
336.3215	203.2262
336.8334	203.2262
336.8334	202.7143
337.3453	202.7143
337.3453	202.2024
337.8572	202.2024
337.8572	201.6905
338.3691	201.6905
338.3691	201.1786
338.8810	201.1786
338.8810	200.1548
339.3929	200.1548
339.3929	199.6429
339.9048	199.6429
339.9048	198.6191
340.4167	198.6191
340.4167	198.1072
340.9286	198.1072
340.9286	197.0834
341.4405	197.0834
341.4405	196.5715
341.9524	196.5715
341.9524	195.5477
342.4644	195.5477
342.4644	195.0358
342.9763	195.0358
342.9763	194.5238
343.4882	194.5238
343.4882	194.0119
344.0001	194.0119
344.0001	193.5000
344.5120	193.5000
344.5120	192.9881
345.0239	192.9881
345.0239	192.4762
346.0477	192.4762
346.0477	191.9643
346.5596	191.9643
346.5596	191.4524
347.0715	191.4524
347.0715	190.9405
347.5834	190.9405
347.5834	190.4286
348.0953	190.4286
348.0953	189.9167
348.6072	189.9167
348.6072	189.4048
349.1191	189.4048
349.1191	188.8929
351.1667	188.8929
351.1667	188.3810
352.1905	188.3810
352.1905	187.8691
353.2144	187.8691
353.2144	187.3572
353.7263	187.3572
353.7263	186.8453
354.7501	186.8453
354.7501	186.3334
355.7739	186.3334
355.7739	185.8215
356.7977	185.8215
356.7977	185.3096
359.3572	185.3096
359.3572	184.7977
361.9167	184.7977
361.9167	184.2857
363.9644	184.2857
363.9644	183.7738
364.9882	183.7738
364.9882	183.2619
367.5477	183.2619
367.5477	182.7500
369.0834	182.7500
369.0834	182.2381
370.1072	182.2381
370.1072	181.7262
371.1310	181.7262
371.1310	181.2143
371.6429	181.2143
371.6429	180.7024
372.1548	180.7024
372.1548	180.1905
372.6667	180.1905
372.6667	179.6786
373.1786	179.6786
373.1786	179.1667
373.6905	179.1667
373.6905	178.6548
374.2025	178.6548
374.2025	177.6310
374.7144	177.6310
374.7144	176.6072
375.2263	176.6072
