375.7382	178.6548
376.2501	178.6548
376.2501	179.1667
376.7620	179.1667
376.7620	179.6786
377.2739	179.6786
377.2739	180.1905
377.7858	180.1905
377.7858	180.7024
378.2977	180.7024
378.2977	181.2143
378.8096	181.2143
378.8096	181.7262
379.8334	181.7262
379.8334	182.2381
380.8572	182.2381
380.8572	182.7500
382.3929	182.7500
382.3929	183.2619
384.9525	183.2619
384.9525	183.7738
386.4882	183.7738
386.4882	184.2857
387.5120	184.2857
387.5120	184.7977
388.5358	184.7977
388.5358	185.3096
389.5596	185.3096
389.5596	185.8215
390.0715	185.8215
390.0715	186.3334
391.0953	186.3334
391.0953	186.8453
392.1191	186.8453
392.1191	187.3572
394.6786	187.3572
394.6786	187.8691
398.2620	187.8691
398.2620	187.3572
400.8215	187.3572
400.8215	186.8453
402.8691	186.8453
402.8691	187.3572
403.8929	187.3572
403.8929	187.8691
404.4048	187.8691
404.4048	188.3810
404.9167	188.3810
404.9167	188.8929
405.4286	188.8929
405.4286	189.9167
405.9406	189.9167
405.9406	190.4286
406.4525	190.4286
406.4525	190.9405
406.9644	190.9405
406.9644	191.4524
407.4763	191.4524
407.4763	191.9643
407.9882	191.9643
407.9882	192.4762
409.0120	192.4762
409.0120	192.9881
410.0358	192.9881
410.0358	193.5000
411.0596	193.5000
411.0596	194.0119
412.0834	194.0119
412.0834	194.5238
413.6191	194.5238
413.6191	195.0358
414.6429	195.0358
414.6429	195.5477
415.6667	195.5477
415.6667	196.0596
416.1787	196.0596
416.1787	196.5715
416.6906	196.5715
416.6906	197.0834
417.7144	197.0834
417.7144	197.5953
418.2263	197.5953
418.2263	198.1072
418.7382	198.1072
418.7382	198.6191
419.7620	198.6191
419.7620	199.1310
420.2739	199.1310
420.2739	199.6429
420.7858	199.6429
420.7858	200.1548
421.2977	200.1548
421.2977	200.6667
422.3215	200.6667
422.3215	201.1786
423.3453	201.1786
423.3453	201.6905
423.8572	201.6905
423.8572	202.2024
424.3691	202.2024
424.3691	202.7143
424.8810	202.7143
424.8810	203.2262
425.9048	203.2262
425.9048	203.7381
426.4167	203.7381
426.4167	204.2500
426.9287	204.2500
426.9287	204.7619
427.4406	204.7619
427.4406	205.2738
428.4644	205.2738
428.4644	205.7858
429.4882	205.7858
429.4882	206.2977
430.5120	206.2977
430.5120	206.8096
431.0239	206.8096
431.0239	207.3215
431.5358	207.3215
431.5358	207.8334
432.5596	207.8334
432.5596	208.3453
433.5834	208.3453
433.5834	208.8572
435.1191	208.8572
435.1191	209.3691
435.6310	209.3691
435.6310	209.8810
436.1429	209.8810
436.1429	210.3929
437.1667	210.3929
437.1667	210.9048
438.1906	210.9048
438.1906	211.4167
439.2144	211.4167
439.2144	211.9286
439.7263	211.9286
439.7263	212.4405
440.2382	212.4405
440.2382	212.9524
441.2620	212.9524
441.2620	213.4643
441.7739	213.4643
441.7739	213.9762
442.2858	213.9762
442.2858	214.4881
442.7977	214.4881
442.7977	215.0000
443.3096	215.0000
443.3096	215.5119
443.8215	215.5119
443.8215	216.0239
444.3334	216.0239
444.3334	216.5358
444.8453	216.5358
444.8453	217.0477
445.3572	217.0477
445.3572	217.5596
445.8691	217.5596
445.8691	218.0715
446.3810	218.0715
446.3810	218.5834
446.8929	218.5834
446.8929	219.0953
447.4048	219.0953
447.4048	219.6072
447.9168	219.6072
447.9168	220.1191
448.4287	220.1191
448.4287	221.6548
448.9406	221.6548
448.9406	222.6786
449.4525	222.6786
449.4525	223.7024
449.9644	223.7024
449.9644	224.2143
450.4763	224.2143
450.4763	224.7262
450.9882	224.7262
450.9882	225.2381
451.5001	225.2381
451.5001	225.7500
452.0120	225.7500
452.0120	226.7739
452.5239	226.7739
452.5239	227.2858
453.0358	227.2858
453.0358	228.3096
453.5477	228.3096
453.5477	229.3334
454.0596	229.3334
454.0596	230.3572
454.5715	230.3572
454.5715	231.8929
455.0834	231.8929
455.0834	232.9167
455.5953	232.9167
455.5953	234.4524
456.1072	234.4524
456.1072	238.5477
456.6191	238.5477
456.6191	241.1072
457.1310	241.1072
457.1310	243.1548
456.6191	243.1548
456.6191	246.2262
456.1072	246.2262
456.1072	251.3453
455.5953	251.3453
455.5953	252.3691
455.0834	252.3691
455.0834	253.3929
454.5715	253.3929
454.5715	255.4405
454.0596	255.4405
454.0596	255.9524
453.5477	255.9524
453.5477	256.4643
453.0358	256.4643
453.0358	257.4881
452.5239	257.4881
452.5239	258.0000
452.0120	258.0000
452.0120	258.5120
451.5001	258.5120
451.5001	259.0239
450.9882	259.0239
450.9882	259.5358
450.4763	259.5358
450.4763	260.0477
449.9644	260.0477
449.9644	260.5596
449.4525	260.5596
449.4525	261.0715
448.9406	261.0715
448.9406	261.5834
448.4287	261.5834
448.4287	262.0953
447.9168	262.0953
447.9168	263.1191
447.4048	263.1191
447.4048	263.6310
446.8929	263.6310
446.8929	264.1429
445.8691	264.1429
445.8691	264.6548
444.8453	264.6548
444.8453	265.1667
444.3334	265.1667
444.3334	265.6786
443.8215	265.6786
443.8215	266.1905
442.7977	266.1905
442.7977	266.7024
441.2620	266.7024
441.2620	267.2143
440.2382	267.2143
440.2382	267.7262
434.0953	267.7262
434.0953	268.2381
431.5358	268.2381
431.5358	268.7501
431.0239	268.7501
431.0239	268.2381
430.5120	268.2381
430.5120	266.7024
430.0001	266.7024
430.0001	265.6786
429.4882	265.6786
429.4882	264.6548
428.9763	264.6548
428.9763	264.1429
428.4644	264.1429
428.4644	263.6310
427.9525	263.6310
427.9525	263.1191
427.4406	263.1191
427.4406	262.6072
426.9287	262.6072
426.9287	262.0953
425.9048	262.0953
425.9048	261.5834
424.8810	261.5834
424.8810	261.0715
422.3215	261.0715
422.3215	260.5596
419.7620	260.5596
419.7620	261.0715
417.2025	261.0715
417.2025	261.5834
415.6667	261.5834
415.6667	262.0953
414.6429	262.0953
414.6429	262.6072
413.6191	262.6072
413.6191	263.1191
413.1072	263.1191
413.1072	263.6310
412.5953	263.6310
412.5953	264.1429
412.0834	264.1429
412.0834	264.6548
411.5715	264.6548
411.5715	265.1667
411.0596	265.1667
411.0596	265.6786
410.5477	265.6786
410.5477	266.7024
410.0358	266.7024
410.0358	267.7262
409.5239	267.7262
409.5239	270.2858
409.0120	270.2858
409.0120	270.7977
406.9644	270.7977
406.9644	271.3096
405.9406	271.3096
405.9406	271.8215
404.9167	271.8215
404.9167	272.3334
404.4048	272.3334
404.4048	272.8453
403.8929	272.8453
403.8929	273.3572
403.3810	273.3572
403.3810	273.8691
402.8691	273.8691
402.8691	274.3810
402.3572	274.3810
402.3572	275.4048
401.8453	275.4048
401.8453	275.9167
401.3334	275.9167
401.3334	276.4286
400.8215	276.4286
400.8215	276.9405
400.3096	276.9405
400.3096	277.4524
399.7977	277.4524
399.7977	278.4762
399.2858	278.4762
399.2858	279.5001
398.7739	279.5001
398.7739	282.0596
398.2620	282.0596
398.2620	284.6191
397.7501	284.6191
397.7501	285.6429
397.2382	285.6429
397.2382	288.2024
396.7263	288.2024
396.7263	290.7620
397.2382	290.7620
397.2382	293.3215
397.7501	293.3215
397.7501	294.3453
398.2620	294.3453
398.2620	295.3691
398.7739	295.3691
398.7739	295.8810
399.2858	295.8810
399.2858	296.3929
399.7977	296.3929
399.7977	296.9048
400.3096	296.9048
400.3096	297.4167
400.8215	297.4167
400.8215	297.9286
401.3334	297.9286
401.3334	298.4405
402.3572	298.4405
402.3572	298.9524
403.3810	298.9524
403.3810	299.4643
404.4048	299.4643
404.4048	299.9762
404.9167	299.9762
404.9167	300.4882
405.9406	300.4882
405.9406	301.0001
406.9644	301.0001
406.9644	302.0239
407.4763	302.0239
407.4763	303.0477
407.9882	303.0477
407.9882	304.0715
408.5001	304.0715
408.5001	306.6310
409.0120	306.6310
409.0120	307.6548
409.5239	307.6548
409.5239	308.6786
409.0120	308.6786
409.0120	309.1905
408.5001	309.1905
408.5001	309.7024
405.9406	309.7024
405.9406	310.2143
404.9167	310.2143
404.9167	310.7262
403.8929	310.7262
403.8929	311.2382
403.3810	311.2382
403.3810	311.7501
402.8691	311.7501
402.8691	312.2620
402.3572	312.2620
402.3572	312.7739
401.8453	312.7739
401.8453	313.2858
401.3334	313.2858
401.3334	314.3096
400.8215	314.3096
400.8215	315.3334
400.3096	315.3334
400.3096	317.8929
399.7977	317.8929
399.7977	320.4524
400.3096	320.4524
400.3096	321.4763
399.2858	321.4763
399.2858	320.9643
398.7739	320.9643
398.7739	320.4524
398.2620	320.4524
398.2620	319.9405
397.7501	319.9405
397.7501	319.4286
397.2382	319.4286
397.2382	318.9167
396.7263	318.9167
396.7263	318.4048
396.2144	318.4048
396.2144	317.3810
395.7025	317.3810
395.7025	316.8691
395.1906	316.8691
395.1906	315.8453
394.6786	315.8453
394.6786	315.3334
394.1667	315.3334
394.1667	314.8215
393.6548	314.8215
393.6548	314.3096
393.1429	314.3096
393.1429	313.7977
392.6310	313.7977
392.6310	313.2858
392.1191	313.2858
392.1191	312.7739
391.6072	312.7739
391.6072	312.2620
390.5834	312.2620
390.5834	311.7501
389.5596	311.7501
389.5596	311.2382
387.0001	311.2382
387.0001	310.7262
384.4405	310.7262
384.4405	311.2382
381.8810	311.2382
381.8810	311.7501
380.8572	311.7501
380.8572	312.2620
379.8334	312.2620
379.8334	312.7739
379.3215	312.7739
379.3215	313.2858
378.8096	313.2858
378.8096	313.7977
378.2977	313.7977
378.2977	314.3096
377.7858	314.3096
377.7858	314.8215
377.2739	314.8215
377.2739	315.3334
376.7620	315.3334
376.7620	315.8453
376.2501	315.8453
376.2501	316.8691
375.7382	316.8691
375.7382	317.3810
375.2263	317.3810
375.2263	317.8929
374.7144	317.8929
374.7144	318.4048
373.6905	318.4048
373.6905	318.9167
372.6667	318.9167
372.6667	319.4286
372.1548	319.4286
372.1548	319.9405
371.1310	319.9405
371.1310	320.4524
369.5953	320.4524
369.5953	320.9643
368.5715	320.9643
368.5715	321.4763
367.5477	321.4763
367.5477	321.9882
367.0358	321.9882
367.0358	322.5001
366.5239	322.5001
366.5239	323.0120
366.0120	323.0120
366.0120	323.5239
365.5001	323.5239
365.5001	324.0358
364.9882	324.0358
364.9882	324.5477
364.4763	324.5477
364.4763	325.0596
363.9644	325.0596
363.9644	325.5715
363.4525	325.5715
363.4525	326.0834
362.9405	326.0834
362.9405	327.1072
362.4286	327.1072
362.4286	328.1310
361.9167	328.1310
361.9167	330.6905
361.4048	330.6905
361.4048	331.2024
360.8929	331.2024
360.8929	331.7143
360.3810	331.7143
360.3810	332.2263
359.8691	332.2263
359.8691	332.7382
358.8453	332.7382
358.8453	333.2501
357.8215	333.2501
357.8215	333.7620
357.3096	333.7620
357.3096	334.2739
356.7977	334.2739
356.7977	334.7858
356.2858	334.7858
356.2858	335.2977
355.7739	335.2977
355.7739	335.8096
355.2620	335.8096
355.2620	336.8334
354.7501	336.8334
354.7501	337.8572
354.2382	337.8572
354.2382	339.9048
353.2144	339.9048
353.2144	340.4167
349.6310	340.4167
349.6310	340.9286
348.0953	340.9286
348.0953	340.4167
345.5358	340.4167
345.5358	339.9048
341.4405	339.9048
341.4405	339.3929
340.4167	339.3929
340.4167	338.8810
337.8572	338.8810
337.8572	338.3691
334.2739	338.3691
334.2739	338.8810
331.7143	338.8810
331.7143	338.3691
329.1548	338.3691
329.1548	337.8572
325.5715	337.8572
325.5715	338.3691
325.0596	338.3691
325.0596	337.8572
322.5001	337.8572
322.5001	338.3691
319.9405	338.3691
319.9405	337.8572
317.3810	337.8572
317.3810	337.3453
315.8453	337.3453
315.8453	336.8334
313.2858	336.8334
313.2858	336.3215
312.7739	336.3215
312.7739	335.8096
312.2620	335.8096
312.2620	335.2977
311.7501	335.2977
311.7501	334.7858
311.2382	334.7858
311.2382	334.2739
310.7262	334.2739
310.7262	333.7620
309.7024	333.7620
309.7024	333.2501
308.6786	333.2501
308.6786	332.7382
307.1429	332.7382
307.1429	332.2263
306.1191	332.2263
306.1191	331.7143
305.0953	331.7143
305.0953	331.2024
302.5358	331.2024
302.5358	330.6905
299.9762	330.6905
299.9762	331.2024
298.4405	331.2024
298.4405	328.6429
298.9524	328.6429
298.9524	324.0358
298.4405	324.0358
298.4405	321.4763
297.9286	321.4763
297.9286	318.9167
297.4167	318.9167
297.4167	317.8929
296.9048	317.8929
296.9048	316.8691
296.3929	316.8691
296.3929	316.3572
295.8810	316.3572
295.8810	315.8453
295.3691	315.8453
295.3691	315.3334
294.8572	315.3334
294.8572	314.8215
294.3453	314.8215
294.3453	314.3096
293.8334	314.3096
293.8334	313.2858
293.3215	313.2858
293.3215	312.2620
292.8096	312.2620
292.8096	311.2382
292.2977	311.2382
292.2977	309.7024
291.7858	309.7024
291.7858	308.6786
291.2739	308.6786
291.2739	307.6548
290.7620	307.6548
290.7620	307.1429
290.2501	307.1429
290.2501	306.1191
289.7382	306.1191
289.7382	305.6072
289.2262	305.6072
289.2262	305.0953
288.7143	305.0953
288.7143	304.0715
288.2024	304.0715
288.2024	302.5358
287.6905	302.5358
287.6905	301.5120
287.1786	301.5120
287.1786	300.4882
286.6667	300.4882
286.6667	299.9762
286.1548	299.9762
286.1548	299.4643
285.6429	299.4643
285.6429	298.9524
285.1310	298.9524
285.1310	298.4405
284.6191	298.4405
284.6191	297.9286
284.1072	297.9286
284.1072	297.4167
283.5953	297.4167
283.5953	296.9048
282.5715	296.9048
282.5715	296.3929
281.5477	296.3929
281.5477	295.8810
280.5239	295.8810
280.5239	295.3691
278.9881	295.3691
278.9881	294.8572
277.9643	294.8572
277.9643	294.3453
277.4524	294.3453
277.4524	293.8334
276.9405	293.8334
276.9405	293.3215
276.4286	293.3215
276.4286	292.8096
275.9167	292.8096
275.9167	292.2977
275.4048	292.2977
275.4048	291.7858
274.8929	291.7858
274.8929	291.2739
273.8691	291.2739
273.8691	290.7620
272.8453	290.7620
272.8453	290.2501
271.8215	290.2501
271.8215	289.7382
270.7977	289.7382
270.7977	289.2262
269.7739	289.2262
269.7739	288.7143
268.7501	288.7143
268.7501	288.2024
267.7262	288.2024
267.7262	287.6905
266.7024	287.6905
266.7024	287.1786
265.1667	287.1786
265.1667	286.6667
263.1191	286.6667
263.1191	286.1548
262.0953	286.1548
262.0953	285.6429
260.0477	285.6429
260.0477	285.1310
257.4881	285.1310
257.4881	284.6191
256.4643	284.6191
256.4643	284.1072
254.9286	284.1072
254.9286	283.5953
253.9048	283.5953
253.9048	283.0834
251.3453	283.0834
251.3453	282.5715
248.2739	282.5715
248.2739	282.0596
246.7381	282.0596
246.7381	281.5477
245.7143	281.5477
245.7143	281.0358
244.6905	281.0358
244.6905	280.5239
244.1786	280.5239
244.1786	279.5001
243.6667	279.5001
243.6667	276.9405
243.1548	276.9405
243.1548	275.4048
242.6429	275.4048
242.6429	273.3572
243.1548	273.3572
243.1548	272.8453
243.6667	272.8453
243.6667	272.3334
244.1786	272.3334
244.1786	271.3096
244.6905	271.3096
244.6905	270.2858
245.2024	270.2858
245.2024	267.7262
245.7143	267.7262
245.7143	265.1667
245.2024	265.1667
245.2024	262.6072
244.6905	262.6072
244.6905	261.5834
244.1786	261.5834
244.1786	260.5596
243.6667	260.5596
243.6667	260.0477
243.1548	260.0477
243.1548	257.4881
243.6667	257.4881
243.6667	253.3929
244.1786	253.3929
244.1786	249.8096
244.6905	249.8096
244.6905	248.7858
245.2024	248.7858
245.2024	248.2739
245.7143	248.2739
245.7143	247.2500
246.2262	247.2500
246.2262	246.7381
246.7381	246.7381
246.7381	245.7143
247.2500	245.7143
247.2500	244.6905
248.2739	244.6905
248.2739	244.1786
248.7858	244.1786
248.7858	243.6667
249.2977	243.6667
249.2977	243.1548
249.8096	243.1548
249.8096	242.6429
250.3215	242.6429
250.3215	242.1310
250.8334	242.1310
250.8334	241.6191
251.3453	241.6191
251.3453	241.1072
251.8572	241.1072
251.8572	240.5953
252.3691	240.5953
252.3691	240.0834
252.8810	240.0834
252.8810	239.5715
253.3929	239.5715
253.3929	239.0596
254.4167	239.0596
254.4167	238.5477
254.9286	238.5477
254.9286	238.0358
255.4405	238.0358
255.4405	237.5239
255.9524	237.5239
255.9524	237.0119
256.4643	237.0119
256.4643	236.5000
256.9762	236.5000
256.9762	235.9881
258.0000	235.9881
258.0000	235.4762
258.5120	235.4762
258.5120	234.9643
259.5358	234.9643
259.5358	234.4524
260.0477	234.4524
260.0477	233.9405
261.0715	233.9405
261.0715	233.4286
262.6072	233.4286
262.6072	232.9167
263.6310	232.9167
263.6310	232.4048
264.6548	232.4048
264.6548	231.8929
265.1667	231.8929
265.1667	231.3810
267.2143	231.3810
267.2143	230.8691
270.7977	230.8691
270.7977	230.3572
274.3810	230.3572
274.3810	229.8453
276.9405	229.8453
276.9405	229.3334
278.4762	229.3334
278.4762	228.8215
280.5239	228.8215
280.5239	228.3096
286.6667	228.3096
286.6667	227.7977
289.2262	227.7977
289.2262	227.2858
290.2501	227.2858
290.2501	226.7739
291.2739	226.7739
291.2739	226.2619
292.2977	226.2619
292.2977	225.7500
292.8096	225.7500
292.8096	225.2381
293.3215	225.2381
293.3215	224.7262
293.8334	224.7262
293.8334	224.2143
294.3453	224.2143
294.3453	223.7024
294.8572	223.7024
294.8572	223.1905
295.3691	223.1905
295.3691	222.1667
295.8810	222.1667
295.8810	221.1429
296.3929	221.1429
296.3929	218.5834
296.9048	218.5834
296.9048	216.0239
296.3929	216.0239
296.3929	213.4643
295.8810	213.4643
295.8810	212.4405
295.3691	212.4405
295.3691	211.4167
294.8572	211.4167
294.8572	210.9048
294.3453	210.9048
294.3453	209.8810
293.8334	209.8810
293.8334	208.8572
293.3215	208.8572
293.3215	208.3453
292.8096	208.3453
292.8096	207.8334
292.2977	207.8334
292.2977	207.3215
291.7858	207.3215
291.7858	206.8096
291.2739	206.8096
291.2739	205.7858
292.8096	205.7858
292.8096	206.2977
293.8334	206.2977
293.8334	206.8096
296.3929	206.8096
296.3929	207.3215
298.9524	207.3215
298.9524	206.8096
301.5120	206.8096
301.5120	206.2977
302.5358	206.2977
302.5358	205.7858
303.5596	205.7858
303.5596	205.2738
304.0715	205.2738
304.0715	204.7619
304.5834	204.7619
304.5834	204.2500
305.0953	204.2500
305.0953	203.7381
305.6072	203.7381
305.6072	203.2262
306.1191	203.2262
306.1191	202.7143
306.6310	202.7143
306.6310	201.6905
307.1429	201.6905
307.1429	200.6667
307.6548	200.6667
307.6548	200.1548
310.2143	200.1548
310.2143	199.6429
311.2382	199.6429
311.2382	199.1310
312.2620	199.1310
312.2620	198.6191
312.7739	198.6191
312.7739	198.1072
313.2858	198.1072
313.2858	197.5953
313.7977	197.5953
313.7977	197.0834
314.3096	197.0834
314.3096	196.5715
314.8215	196.5715
314.8215	195.5477
315.3334	195.5477
315.3334	194.5238
315.8453	194.5238
315.8453	192.4762
316.3572	192.4762
316.3572	189.9167
316.8691	189.9167
316.8691	188.8929
317.3810	188.8929
317.3810	187.8691
317.8929	187.8691
317.8929	186.8453
318.9167	186.8453
318.9167	200.1548
319.4286	200.1548
319.4286	202.7143
319.9405	202.7143
319.9405	203.7381
320.4524	203.7381
320.4524	204.7619
320.9643	204.7619
320.9643	205.2738
321.4763	205.2738
321.4763	205.7858
321.9882	205.7858
321.9882	206.2977
322.5001	206.2977
322.5001	206.8096
323.0120	206.8096
323.0120	207.3215
324.0358	207.3215
324.0358	207.8334
325.0596	207.8334
325.0596	208.3453
327.6191	208.3453
327.6191	208.8572
330.1786	208.8572
330.1786	208.3453
332.7382	208.3453
332.7382	207.8334
333.7620	207.8334
333.7620	207.3215
334.7858	207.3215
334.7858	206.8096
335.2977	206.8096
335.2977	206.2977
335.8096	206.2977
335.8096	205.7858
336.3215	205.7858
336.3215	205.2738
336.8334	205.2738
336.8334	204.7619
337.3453	204.7619
337.3453	204.2500
337.8572	204.2500
337.8572	203.2262
338.3691	203.2262
338.3691	202.2024
338.8810	202.2024
338.8810	201.1786
339.3929	201.1786
339.3929	200.1548
339.9048	200.1548
339.9048	199.6429
340.4167	199.6429
340.4167	199.1310
340.9286	199.1310
340.9286	198.6191
341.4405	198.6191
341.4405	198.1072
341.9524	198.1072
341.9524	197.5953
342.4644	197.5953
342.4644	197.0834
342.9763	197.0834
342.9763	196.0596
343.4882	196.0596
343.4882	195.5477
344.0001	195.5477
344.0001	195.0358
344.5120	195.0358
344.5120	194.5238
345.0239	194.5238
345.0239	194.0119
345.5358	194.0119
345.5358	193.5000
346.0477	193.5000
346.0477	192.9881
346.5596	192.9881
346.5596	192.4762
347.0715	192.4762
347.0715	191.9643
347.5834	191.9643
347.5834	191.4524
348.0953	191.4524
348.0953	190.9405
348.6072	190.9405
348.6072	190.4286
349.1191	190.4286
349.1191	189.9167
350.1429	189.9167
350.1429	189.4048
351.1667	189.4048
351.1667	188.8929
352.1905	188.8929
352.1905	188.3810
352.7024	188.3810
352.7024	187.8691
353.2144	187.8691
353.2144	187.3572
353.7263	187.3572
353.7263	186.8453
354.7501	186.8453
354.7501	186.3334
355.2620	186.3334
355.2620	185.8215
356.7977	185.8215
356.7977	185.3096
360.8929	185.3096
360.8929	184.7977
363.4525	184.7977
363.4525	184.2857
366.0120	184.2857
366.0120	183.7738
368.5715	183.7738
368.5715	183.2619
369.5953	183.2619
369.5953	182.7500
370.6191	182.7500
370.6191	182.2381
371.6429	182.2381
371.6429	181.7262
372.1548	181.7262
372.1548	181.2143
372.6667	181.2143
372.6667	180.7024
373.1786	180.7024
373.1786	180.1905
373.6905	180.1905
373.6905	179.6786
374.2025	179.6786
374.2025	178.6548
374.7144	178.6548
374.7144	177.6310
375.7382	177.6310
