388.5358	180.7024
390.5834	180.7024
390.5834	181.2143
391.6072	181.2143
391.6072	181.7262
393.1429	181.7262
393.1429	182.2381
394.1667	182.2381
394.1667	182.7500
396.7263	182.7500
396.7263	183.2619
400.3096	183.2619
400.3096	183.7738
402.8691	183.7738
402.8691	184.2857
408.5001	184.2857
408.5001	183.7738
411.0596	183.7738
411.0596	183.2619
412.0834	183.2619
412.0834	182.7500
413.1072	182.7500
413.1072	183.2619
415.1548	183.2619
415.1548	183.7738
417.7144	183.7738
417.7144	184.2857
419.7620	184.2857
419.7620	184.7977
420.7858	184.7977
420.7858	185.3096
421.8096	185.3096
421.8096	185.8215
422.8334	185.8215
422.8334	186.3334
423.8572	186.3334
423.8572	186.8453
424.3691	186.8453
424.3691	187.3572
425.3929	187.3572
425.3929	187.8691
425.9048	187.8691
425.9048	188.3810
426.4167	188.3810
426.4167	188.8929
426.9287	188.8929
426.9287	189.4048
427.9525	189.4048
427.9525	189.9167
428.4644	189.9167
428.4644	190.4286
429.4882	190.4286
429.4882	190.9405
430.5120	190.9405
430.5120	191.4524
431.5358	191.4524
431.5358	191.9643
433.0715	191.9643
433.0715	192.4762
434.0953	192.4762
434.0953	192.9881
435.1191	192.9881
435.1191	193.5000
436.1429	193.5000
436.1429	194.0119
437.1667	194.0119
437.1667	194.5238
438.1906	194.5238
438.1906	195.0358
439.2144	195.0358
439.2144	195.5477
440.2382	195.5477
440.2382	196.0596
441.2620	196.0596
441.2620	196.5715
442.2858	196.5715
442.2858	197.0834
444.8453	197.0834
444.8453	197.5953
447.4048	197.5953
447.4048	197.0834
450.4763	197.0834
450.4763	196.5715
453.0358	196.5715
453.0358	196.0596
455.0834	196.0596
455.0834	195.5477
459.6906	195.5477
459.6906	195.0358
462.7620	195.0358
462.7620	194.5238
463.2739	194.5238
463.2739	195.0358
467.8810	195.0358
467.8810	195.5477
470.4406	195.5477
470.4406	196.0596
473.0001	196.0596
473.0001	196.5715
476.0715	196.5715
476.0715	197.0834
477.6072	197.0834
477.6072	197.5953
478.6310	197.5953
478.6310	198.1072
479.6549	198.1072
479.6549	198.6191
481.7025	198.6191
481.7025	199.1310
482.7263	199.1310
482.7263	199.6429
483.7501	199.6429
483.7501	200.1548
484.7739	200.1548
484.7739	200.6667
486.3096	200.6667
486.3096	201.1786
486.8215	201.1786
486.8215	201.6905
487.8453	201.6905
487.8453	202.2024
488.3572	202.2024
488.3572	202.7143
489.3810	202.7143
489.3810	203.2262
489.8930	203.2262
489.8930	203.7381
490.4049	203.7381
490.4049	204.2500
491.4287	204.2500
491.4287	204.7619
491.9406	204.7619
491.9406	205.2738
492.4525	205.2738
492.4525	205.7858
492.9644	205.7858
492.9644	206.2977
493.4763	206.2977
493.4763	207.3215
493.9882	207.3215
493.9882	207.8334
494.5001	207.8334
494.5001	208.8572
495.0120	208.8572
495.0120	209.3691
495.5239	209.3691
495.5239	210.9048
496.0358	210.9048
496.0358	211.9286
496.5477	211.9286
496.5477	212.9524
497.0596	212.9524
497.0596	216.0239
497.5715	216.0239
497.5715	223.1905
497.0596	223.1905
497.0596	226.7739
496.5477	226.7739
496.5477	227.7977
496.0358	227.7977
496.0358	228.8215
495.5239	228.8215
495.5239	229.8453
495.0120	229.8453
495.0120	230.8691
494.5001	230.8691
494.5001	231.8929
493.9882	231.8929
493.9882	233.4286
493.4763	233.4286
493.4763	233.9405
492.9644	233.9405
492.9644	234.4524
492.4525	234.4524
492.4525	235.4762
491.9406	235.4762
491.9406	235.9881
491.4287	235.9881
491.4287	237.0119
490.9168	237.0119
490.9168	237.5239
490.4049	237.5239
490.4049	238.0358
489.8930	238.0358
489.8930	239.0596
489.3810	239.0596
489.3810	239.5715
488.8691	239.5715
488.8691	240.0834
488.3572	240.0834
488.3572	240.5953
487.8453	240.5953
487.8453	241.1072
487.3334	241.1072
487.3334	241.6191
486.8215	241.6191
486.8215	242.1310
486.3096	242.1310
486.3096	242.6429
485.7977	242.6429
485.7977	243.6667
485.2858	243.6667
485.2858	244.6905
484.7739	244.6905
484.7739	245.2024
484.2620	245.2024
484.2620	245.7143
483.7501	245.7143
483.7501	246.2262
483.2382	246.2262
483.2382	246.7381
482.7263	246.7381
482.7263	247.2500
482.2144	247.2500
482.2144	247.7620
481.7025	247.7620
481.7025	248.7858
481.1906	248.7858
481.1906	249.8096
480.6787	249.8096
480.6787	250.3215
480.1668	250.3215
480.1668	250.8334
479.6549	250.8334
479.6549	251.3453
479.1429	251.3453
479.1429	251.8572
478.6310	251.8572
478.6310	252.3691
478.1191	252.3691
478.1191	252.8810
477.6072	252.8810
477.6072	253.3929
477.0953	253.3929
477.0953	253.9048
476.0715	253.9048
476.0715	254.4167
475.5596	254.4167
475.5596	254.9286
474.5358	254.9286
474.5358	255.4405
474.0239	255.4405
474.0239	255.9524
473.5120	255.9524
473.5120	256.4643
472.4882	256.4643
472.4882	256.9762
471.4644	256.9762
471.4644	257.4881
470.9525	257.4881
470.9525	258.0000
470.4406	258.0000
470.4406	258.5120
469.4168	258.5120
469.4168	259.0239
468.9049	259.0239
468.9049	259.5358
468.3929	259.5358
468.3929	260.0477
467.8810	260.0477
467.8810	260.5596
467.3691	260.5596
467.3691	261.0715
466.8572	261.0715
466.8572	261.5834
465.8334	261.5834
465.8334	262.0953
464.8096	262.0953
464.8096	262.6072
463.7858	262.6072
463.7858	263.1191
463.2739	263.1191
463.2739	263.6310
462.2501	263.6310
462.2501	264.1429
459.6906	264.1429
459.6906	264.6548
458.6668	264.6548
458.6668	265.1667
456.1072	265.1667
456.1072	265.6786
454.5715	265.6786
454.5715	266.1905
452.5239	266.1905
452.5239	266.7024
447.4048	266.7024
447.4048	267.2143
444.8453	267.2143
444.8453	267.7262
438.1906	267.7262
438.1906	268.2381
435.6310	268.2381
435.6310	268.7501
434.6072	268.7501
434.6072	269.2620
433.5834	269.2620
433.5834	269.7739
431.0239	269.7739
431.0239	269.2620
428.4644	269.2620
428.4644	268.7501
424.8810	268.7501
424.8810	268.2381
423.8572	268.2381
423.8572	267.7262
422.8334	267.7262
422.8334	267.2143
421.2977	267.2143
421.2977	266.7024
418.7382	266.7024
418.7382	266.1905
415.6667	266.1905
415.6667	266.7024
412.5953	266.7024
412.5953	267.2143
407.9882	267.2143
407.9882	267.7262
405.4286	267.7262
405.4286	268.2381
404.4048	268.2381
404.4048	268.7501
403.3810	268.7501
403.3810	269.2620
402.8691	269.2620
402.8691	269.7739
402.3572	269.7739
402.3572	270.2858
401.8453	270.2858
401.8453	270.7977
401.3334	270.7977
401.3334	271.3096
400.8215	271.3096
400.8215	272.3334
400.3096	272.3334
400.3096	273.3572
399.7977	273.3572
399.7977	274.3810
399.2858	274.3810
399.2858	276.9405
398.7739	276.9405
398.7739	279.5001
398.2620	279.5001
398.2620	280.0120
397.7501	280.0120
397.7501	281.0358
397.2382	281.0358
397.2382	282.0596
396.7263	282.0596
396.7263	284.6191
396.2144	284.6191
396.2144	289.2262
395.7025	289.2262
395.7025	293.3215
396.2144	293.3215
396.2144	295.8810
396.7263	295.8810
396.7263	299.9762
396.2144	299.9762
396.2144	301.0001
395.1906	301.0001
395.1906	301.5120
394.1667	301.5120
394.1667	302.0239
393.6548	302.0239
393.6548	301.5120
393.1429	301.5120
393.1429	301.0001
392.1191	301.0001
392.1191	300.4882
391.0953	300.4882
391.0953	299.9762
388.5358	299.9762
388.5358	299.4643
385.9763	299.4643
385.9763	299.9762
383.4167	299.9762
383.4167	300.4882
382.3929	300.4882
382.3929	301.0001
381.3691	301.0001
381.3691	301.5120
380.8572	301.5120
380.8572	302.0239
380.3453	302.0239
380.3453	302.5358
379.8334	302.5358
379.8334	303.0477
379.3215	303.0477
379.3215	303.5596
378.8096	303.5596
378.8096	304.5834
378.2977	304.5834
378.2977	305.6072
377.7858	305.6072
377.7858	308.1667
377.2739	308.1667
377.2739	311.2382
376.7620	311.2382
376.7620	311.7501
376.2501	311.7501
376.2501	312.2620
375.7382	312.2620
375.7382	313.2858
375.2263	313.2858
375.2263	314.3096
374.7144	314.3096
374.7144	315.3334
374.2025	315.3334
374.2025	317.3810
373.6905	317.3810
373.6905	319.9405
373.1786	319.9405
373.1786	320.9643
372.6667	320.9643
372.6667	323.5239
371.1310	323.5239
371.1310	324.0358
370.1072	324.0358
370.1072	324.5477
369.0834	324.5477
369.0834	325.0596
368.5715	325.0596
368.5715	325.5715
368.0596	325.5715
368.0596	326.0834
367.5477	326.0834
367.5477	326.5953
366.5239	326.5953
366.5239	327.1072
366.0120	327.1072
366.0120	327.6191
364.9882	327.6191
364.9882	328.1310
364.4763	328.1310
364.4763	328.6429
363.9644	328.6429
363.9644	329.1548
363.4525	329.1548
363.4525	329.6667
362.9405	329.6667
362.9405	330.1786
362.4286	330.1786
362.4286	331.2024
361.9167	331.2024
361.9167	332.2263
361.4048	332.2263
361.4048	333.2501
360.8929	333.2501
360.8929	333.7620
359.8691	333.7620
359.8691	334.2739
359.3572	334.2739
359.3572	334.7858
358.8453	334.7858
358.8453	335.2977
358.3334	335.2977
358.3334	335.8096
357.3096	335.8096
357.3096	336.3215
356.7977	336.3215
356.7977	336.8334
356.2858	336.8334
356.2858	337.3453
355.7739	337.3453
355.7739	337.8572
355.2620	337.8572
355.2620	338.3691
354.7501	338.3691
354.7501	338.8810
354.2382	338.8810
354.2382	339.3929
353.7263	339.3929
353.7263	339.9048
353.2144	339.9048
353.2144	340.4167
352.7024	340.4167
352.7024	341.4405
352.1905	341.4405
352.1905	342.4644
351.6786	342.4644
351.6786	344.0001
350.6548	344.0001
350.6548	344.5120
350.1429	344.5120
350.1429	345.0239
349.6310	345.0239
349.6310	345.5358
349.1191	345.5358
349.1191	346.0477
348.6072	346.0477
348.6072	346.5596
348.0953	346.5596
348.0953	347.0715
347.5834	347.0715
347.5834	347.5834
347.0715	347.5834
347.0715	348.0953
346.5596	348.0953
346.5596	348.6072
346.0477	348.6072
346.0477	349.6310
344.0001	349.6310
344.0001	350.1429
342.9763	350.1429
342.9763	350.6548
340.9286	350.6548
340.9286	351.1667
339.9048	351.1667
339.9048	351.6786
338.8810	351.6786
338.8810	351.1667
337.8572	351.1667
337.8572	350.6548
336.8334	350.6548
336.8334	349.6310
336.3215	349.6310
336.3215	348.6072
335.8096	348.6072
335.8096	347.5834
335.2977	347.5834
335.2977	347.0715
334.7858	347.0715
334.7858	346.5596
334.2739	346.5596
334.2739	346.0477
333.7620	346.0477
333.7620	345.5358
333.2501	345.5358
333.2501	345.0239
332.7382	345.0239
332.7382	344.5120
331.7143	344.5120
331.7143	344.0001
330.6905	344.0001
330.6905	343.4882
328.1310	343.4882
328.1310	342.9763
325.5715	342.9763
325.5715	343.4882
323.0120	343.4882
323.0120	344.0001
321.9882	344.0001
321.9882	344.5120
320.9643	344.5120
320.9643	345.0239
320.4524	345.0239
320.4524	345.5358
319.9405	345.5358
319.9405	346.0477
318.9167	346.0477
318.9167	346.5596
317.8929	346.5596
317.8929	346.0477
317.3810	346.0477
317.3810	345.0239
316.8691	345.0239
316.8691	342.9763
316.3572	342.9763
316.3572	341.9524
315.8453	341.9524
315.8453	340.9286
315.3334	340.9286
315.3334	340.4167
314.8215	340.4167
314.8215	339.9048
314.3096	339.9048
314.3096	339.3929
313.7977	339.3929
313.7977	338.3691
313.2858	338.3691
313.2858	337.8572
312.7739	337.8572
312.7739	337.3453
312.2620	337.3453
312.2620	336.8334
311.7501	336.8334
311.7501	336.3215
311.2382	336.3215
311.2382	335.8096
310.7262	335.8096
310.7262	335.2977
309.7024	335.2977
309.7024	334.2739
309.1905	334.2739
309.1905	333.7620
308.6786	333.7620
308.6786	333.2501
308.1667	333.2501
308.1667	332.7382
307.6548	332.7382
307.6548	332.2263
307.1429	332.2263
307.1429	331.7143
306.1191	331.7143
306.1191	331.2024
305.0953	331.2024
305.0953	330.6905
302.5358	330.6905
302.5358	330.1786
297.9286	330.1786
297.9286	330.6905
295.3691	330.6905
295.3691	331.2024
285.1310	331.2024
285.1310	331.7143
276.9405	331.7143
276.9405	332.2263
270.2858	332.2263
270.2858	331.7143
269.7739	331.7143
269.7739	331.2024
268.7501	331.2024
268.7501	330.6905
268.2381	330.6905
268.2381	329.6667
267.7262	329.6667
267.7262	328.6429
267.2143	328.6429
267.2143	328.1310
266.7024	328.1310
266.7024	327.6191
266.1905	327.6191
266.1905	327.1072
265.6786	327.1072
265.6786	326.5953
265.1667	326.5953
265.1667	326.0834
264.1429	326.0834
264.1429	325.5715
263.1191	325.5715
263.1191	325.0596
260.5596	325.0596
260.5596	324.5477
258.0000	324.5477
258.0000	325.0596
255.4405	325.0596
255.4405	325.5715
254.4167	325.5715
254.4167	326.0834
253.3929	326.0834
253.3929	326.5953
252.8810	326.5953
252.8810	327.1072
252.3691	327.1072
252.3691	327.6191
251.8572	327.6191
251.8572	328.1310
249.8096	328.1310
249.8096	327.6191
249.2977	327.6191
249.2977	327.1072
248.2739	327.1072
248.2739	326.5953
247.2500	326.5953
247.2500	326.0834
244.6905	326.0834
244.6905	325.5715
240.0834	325.5715
240.0834	326.0834
239.0596	326.0834
239.0596	325.5715
238.0358	325.5715
238.0358	325.0596
237.0119	325.0596
237.0119	324.5477
235.4762	324.5477
235.4762	324.0358
232.9167	324.0358
232.9167	323.5239
232.4048	323.5239
232.4048	323.0120
231.8929	323.0120
231.8929	322.5001
231.3810	322.5001
231.3810	321.9882
230.8691	321.9882
230.8691	321.4763
229.8453	321.4763
229.8453	320.9643
228.8215	320.9643
228.8215	320.4524
226.2619	320.4524
226.2619	319.9405
225.7500	319.9405
225.7500	319.4286
225.2381	319.4286
225.2381	318.9167
224.7262	318.9167
224.7262	318.4048
224.2143	318.4048
224.2143	317.8929
223.7024	317.8929
223.7024	317.3810
223.1905	317.3810
223.1905	316.3572
222.6786	316.3572
222.6786	315.3334
222.1667	315.3334
222.1667	312.7739
221.6548	312.7739
221.6548	311.7501
221.1429	311.7501
221.1429	309.1905
220.6310	309.1905
220.6310	306.6310
220.1191	306.6310
220.1191	305.0953
219.6072	305.0953
219.6072	304.0715
219.0953	304.0715
219.0953	302.0239
218.5834	302.0239
218.5834	300.4882
219.0953	300.4882
219.0953	297.9286
218.5834	297.9286
218.5834	296.9048
219.0953	296.9048
219.0953	295.8810
219.6072	295.8810
219.6072	295.3691
220.1191	295.3691
220.1191	294.8572
220.6310	294.8572
220.6310	294.3453
221.1429	294.3453
221.1429	293.8334
221.6548	293.8334
221.6548	292.8096
222.1667	292.8096
222.1667	291.7858
222.6786	291.7858
222.6786	289.2262
223.1905	289.2262
223.1905	284.6191
222.6786	284.6191
222.6786	282.0596
222.1667	282.0596
222.1667	281.5477
222.6786	281.5477
222.6786	281.0358
223.1905	281.0358
223.1905	280.5239
223.7024	280.5239
223.7024	279.5001
224.2143	279.5001
224.2143	278.4762
224.7262	278.4762
224.7262	277.4524
225.2381	277.4524
225.2381	274.8929
225.7500	274.8929
225.7500	272.3334
225.2381	272.3334
225.2381	269.7739
224.7262	269.7739
224.7262	268.7501
224.2143	268.7501
224.2143	267.7262
223.7024	267.7262
223.7024	267.2143
223.1905	267.2143
223.1905	266.7024
222.6786	266.7024
222.6786	265.1667
223.1905	265.1667
223.1905	264.1429
223.7024	264.1429
223.7024	262.6072
224.2143	262.6072
224.2143	260.0477
224.7262	260.0477
224.7262	259.5358
225.2381	259.5358
225.2381	259.0239
225.7500	259.0239
225.7500	258.0000
226.2619	258.0000
226.2619	257.4881
226.7739	257.4881
226.7739	256.9762
227.2858	256.9762
227.2858	256.4643
227.7977	256.4643
227.7977	255.9524
228.3096	255.9524
228.3096	255.4405
229.3334	255.4405
229.3334	254.9286
230.3572	254.9286
230.3572	254.4167
230.8691	254.4167
230.8691	253.9048
231.8929	253.9048
231.8929	253.3929
232.9167	253.3929
232.9167	252.8810
233.9405	252.8810
233.9405	252.3691
238.5477	252.3691
238.5477	251.8572
246.2262	251.8572
246.2262	252.3691
247.7620	252.3691
247.7620	252.8810
248.7858	252.8810
248.7858	253.3929
251.3453	253.3929
251.3453	253.9048
254.9286	253.9048
254.9286	253.3929
258.5120	253.3929
258.5120	252.8810
261.0715	252.8810
261.0715	252.3691
263.6310	252.3691
263.6310	251.8572
266.1905	251.8572
266.1905	251.3453
268.7501	251.3453
268.7501	250.8334
270.7977	250.8334
270.7977	250.3215
271.8215	250.3215
271.8215	249.8096
273.3572	249.8096
273.3572	249.2977
274.3810	249.2977
274.3810	248.7858
275.9167	248.7858
275.9167	248.2739
277.9643	248.2739
277.9643	247.7620
279.5001	247.7620
279.5001	247.2500
285.1310	247.2500
285.1310	246.7381
287.1786	246.7381
287.1786	247.2500
289.7382	247.2500
289.7382	246.7381
292.2977	246.7381
292.2977	246.2262
293.8334	246.2262
293.8334	245.7143
294.8572	245.7143
294.8572	245.2024
295.8810	245.2024
295.8810	244.6905
296.3929	244.6905
296.3929	244.1786
296.9048	244.1786
296.9048	243.6667
297.4167	243.6667
297.4167	243.1548
297.9286	243.1548
297.9286	242.6429
298.4405	242.6429
298.4405	242.1310
298.9524	242.1310
298.9524	241.1072
299.4643	241.1072
299.4643	240.5953
299.9762	240.5953
299.9762	240.0834
300.4882	240.0834
300.4882	239.5715
301.5120	239.5715
301.5120	239.0596
302.0239	239.0596
302.0239	238.5477
304.5834	238.5477
304.5834	238.0358
306.1191	238.0358
306.1191	237.5239
307.1429	237.5239
307.1429	237.0119
308.1667	237.0119
308.1667	236.5000
308.6786	236.5000
308.6786	235.9881
309.1905	235.9881
309.1905	235.4762
309.7024	235.4762
309.7024	234.9643
310.2143	234.9643
310.2143	234.4524
310.7262	234.4524
310.7262	233.4286
311.2382	233.4286
311.2382	232.4048
311.7501	232.4048
311.7501	229.8453
312.2620	229.8453
312.2620	226.7739
311.7501	226.7739
311.7501	224.2143
311.2382	224.2143
311.2382	223.1905
310.7262	223.1905
310.7262	222.1667
310.2143	222.1667
310.2143	220.1191
313.7977	220.1191
313.7977	219.6072
316.3572	219.6072
316.3572	219.0953
317.3810	219.0953
317.3810	218.5834
318.4048	218.5834
318.4048	218.0715
318.9167	218.0715
318.9167	217.5596
319.4286	217.5596
319.4286	217.0477
320.4524	217.0477
320.4524	216.5358
320.9643	216.5358
320.9643	216.0239
321.9882	216.0239
321.9882	215.5119
323.0120	215.5119
323.0120	215.0000
323.5239	215.0000
323.5239	214.4881
324.0358	214.4881
324.0358	213.9762
324.5477	213.9762
324.5477	213.4643
325.0596	213.4643
325.0596	212.9524
325.5715	212.9524
325.5715	211.9286
326.0834	211.9286
326.0834	210.9048
326.5953	210.9048
326.5953	208.3453
327.1072	208.3453
327.1072	205.2738
326.5953	205.2738
326.5953	202.7143
326.0834	202.7143
326.0834	201.6905
325.5715	201.6905
325.5715	200.6667
325.0596	200.6667
325.0596	200.1548
324.5477	200.1548
324.5477	199.6429
324.0358	199.6429
324.0358	198.1072
323.5239	198.1072
323.5239	196.0596
325.0596	196.0596
325.0596	197.0834
325.5715	197.0834
325.5715	198.1072
326.0834	198.1072
326.0834	199.1310
326.5953	199.1310
326.5953	199.6429
327.1072	199.6429
327.1072	200.1548
327.6191	200.1548
327.6191	200.6667
328.1310	200.6667
328.1310	201.1786
328.6429	201.1786
328.6429	201.6905
329.6667	201.6905
329.6667	202.2024
330.6905	202.2024
330.6905	202.7143
333.2501	202.7143
333.2501	203.2262
336.3215	203.2262
336.3215	202.7143
338.8810	202.7143
338.8810	202.2024
339.9048	202.2024
339.9048	201.6905
340.9286	201.6905
340.9286	201.1786
341.4405	201.1786
341.4405	200.6667
341.9524	200.6667
341.9524	200.1548
342.4644	200.1548
342.4644	199.6429
342.9763	199.6429
342.9763	199.1310
343.4882	199.1310
343.4882	198.1072
344.0001	198.1072
344.0001	197.0834
344.5120	197.0834
344.5120	195.5477
345.0239	195.5477
345.0239	195.0358
346.0477	195.0358
346.0477	194.5238
346.5596	194.5238
346.5596	194.0119
347.5834	194.0119
347.5834	193.5000
348.0953	193.5000
348.0953	192.9881
348.6072	192.9881
348.6072	192.4762
349.6310	192.4762
349.6310	191.9643
350.1429	191.9643
350.1429	191.4524
351.1667	191.4524
351.1667	190.9405
351.6786	190.9405
351.6786	190.4286
352.1905	190.4286
352.1905	189.9167
352.7024	189.9167
352.7024	189.4048
353.2144	189.4048
353.2144	188.8929
353.7263	188.8929
353.7263	188.3810
354.2382	188.3810
354.2382	187.8691
354.7501	187.8691
354.7501	187.3572
355.2620	187.3572
355.2620	186.8453
355.7739	186.8453
355.7739	186.3334
356.2858	186.3334
356.2858	185.8215
357.8215	185.8215
357.8215	185.3096
359.3572	185.3096
359.3572	184.7977
360.3810	184.7977
360.3810	184.2857
361.4048	184.2857
361.4048	183.7738
363.4525	183.7738
363.4525	183.2619
364.4763	183.2619
364.4763	182.7500
367.0358	182.7500
367.0358	182.2381
373.1786	182.2381
373.1786	181.7262
375.7382	181.7262
375.7382	181.2143
377.7858	181.2143
377.7858	180.7024
380.8572	180.7024
380.8572	180.1905
388.5358	180.1905
