318.4048	186.3334
318.9167	186.3334
318.9167	186.8453
319.4286	186.8453
319.4286	187.3572
319.9405	187.3572
319.9405	187.8691
320.4524	187.8691
320.4524	188.3810
320.9643	188.3810
320.9643	188.8929
321.4763	188.8929
321.4763	189.4048
322.5001	189.4048
322.5001	189.9167
323.5239	189.9167
323.5239	190.4286
326.0834	190.4286
326.0834	190.9405
328.6429	190.9405
328.6429	190.4286
329.6667	190.4286
329.6667	191.4524
329.1548	191.4524
329.1548	198.6191
329.6667	198.6191
329.6667	201.1786
330.1786	201.1786
330.1786	202.7143
330.6905	202.7143
330.6905	203.7381
331.2024	203.7381
331.2024	204.7619
331.7143	204.7619
331.7143	205.2738
332.2263	205.2738
332.2263	205.7858
332.7382	205.7858
332.7382	206.2977
333.2501	206.2977
333.2501	206.8096
333.7620	206.8096
333.7620	207.3215
334.2739	207.3215
334.2739	207.8334
335.2977	207.8334
335.2977	208.3453
335.8096	208.3453
335.8096	208.8572
336.3215	208.8572
336.3215	209.3691
337.3453	209.3691
337.3453	209.8810
338.3691	209.8810
338.3691	210.3929
340.9286	210.3929
340.9286	210.9048
344.0001	210.9048
344.0001	210.3929
347.5834	210.3929
347.5834	209.8810
350.1429	209.8810
350.1429	209.3691
351.1667	209.3691
351.1667	208.8572
352.1905	208.8572
352.1905	208.3453
354.7501	208.3453
354.7501	207.8334
355.7739	207.8334
355.7739	207.3215
356.7977	207.3215
356.7977	206.8096
357.3096	206.8096
357.3096	206.2977
358.3334	206.2977
358.3334	205.7858
359.3572	205.7858
359.3572	205.2738
360.3810	205.2738
360.3810	204.7619
362.4286	204.7619
362.4286	204.2500
363.9644	204.2500
363.9644	203.7381
364.9882	203.7381
364.9882	203.2262
366.0120	203.2262
366.0120	202.7143
369.0834	202.7143
369.0834	202.2024
371.6429	202.2024
371.6429	201.6905
372.6667	201.6905
372.6667	202.2024
378.8096	202.2024
378.8096	202.7143
382.9048	202.7143
382.9048	202.2024
384.9525	202.2024
384.9525	204.7619
385.4644	204.7619
385.4644	206.8096
385.9763	206.8096
385.9763	207.8334
386.4882	207.8334
386.4882	208.8572
387.0001	208.8572
387.0001	209.3691
387.5120	209.3691
387.5120	209.8810
388.0239	209.8810
388.0239	210.3929
388.5358	210.3929
388.5358	210.9048
389.0477	210.9048
389.0477	211.4167
389.5596	211.4167
389.5596	211.9286
390.0715	211.9286
390.0715	212.4405
391.0953	212.4405
391.0953	212.9524
391.6072	212.9524
391.6072	213.4643
392.6310	213.4643
392.6310	213.9762
393.6548	213.9762
393.6548	214.4881
394.6786	214.4881
394.6786	215.0000
397.2382	215.0000
397.2382	215.5119
400.3096	215.5119
400.3096	215.0000
402.8691	215.0000
402.8691	214.4881
405.9406	214.4881
405.9406	215.0000
406.4525	215.0000
406.4525	215.5119
406.9644	215.5119
406.9644	216.0239
407.4763	216.0239
407.4763	216.5358
408.5001	216.5358
408.5001	217.0477
409.5239	217.0477
409.5239	217.5596
411.5715	217.5596
411.5715	218.0715
414.1310	218.0715
414.1310	218.5834
415.1548	218.5834
415.1548	219.0953
415.6667	219.0953
415.6667	219.6072
416.1787	219.6072
416.1787	220.6310
416.6906	220.6310
416.6906	222.1667
416.1787	222.1667
416.1787	224.7262
415.6667	224.7262
415.6667	227.2858
416.1787	227.2858
416.1787	229.8453
416.6906	229.8453
416.6906	230.8691
417.2025	230.8691
417.2025	231.8929
417.7144	231.8929
417.7144	232.4048
418.2263	232.4048
418.2263	233.4286
418.7382	233.4286
418.7382	235.4762
419.2501	235.4762
419.2501	236.5000
419.7620	236.5000
419.7620	237.0119
419.2501	237.0119
419.2501	239.5715
418.7382	239.5715
418.7382	243.1548
419.2501	243.1548
419.2501	245.7143
419.7620	245.7143
419.7620	246.7381
420.2739	246.7381
420.2739	247.7620
420.7858	247.7620
420.7858	248.2739
421.2977	248.2739
421.2977	248.7858
421.8096	248.7858
421.8096	249.2977
422.3215	249.2977
422.3215	249.8096
422.8334	249.8096
422.8334	251.3453
423.3453	251.3453
423.3453	256.4643
423.8572	256.4643
423.8572	259.0239
424.3691	259.0239
424.3691	259.5358
423.8572	259.5358
423.8572	260.5596
423.3453	260.5596
423.3453	262.0953
422.8334	262.0953
422.8334	262.6072
422.3215	262.6072
422.3215	263.6310
421.8096	263.6310
421.8096	264.1429
419.2501	264.1429
419.2501	264.6548
418.2263	264.6548
418.2263	265.1667
417.2025	265.1667
417.2025	265.6786
416.1787	265.6786
416.1787	266.1905
415.6667	266.1905
415.6667	266.7024
415.1548	266.7024
415.1548	267.2143
414.6429	267.2143
414.6429	267.7262
412.0834	267.7262
412.0834	268.2381
409.5239	268.2381
409.5239	268.7501
408.5001	268.7501
408.5001	269.2620
407.4763	269.2620
407.4763	269.7739
406.9644	269.7739
406.9644	270.2858
406.4525	270.2858
406.4525	270.7977
405.9406	270.7977
405.9406	271.3096
405.4286	271.3096
405.4286	271.8215
404.9167	271.8215
404.9167	272.8453
404.4048	272.8453
404.4048	273.8691
403.8929	273.8691
403.8929	274.8929
402.8691	274.8929
402.8691	275.4048
402.3572	275.4048
402.3572	275.9167
401.8453	275.9167
401.8453	276.4286
401.3334	276.4286
401.3334	276.9405
400.8215	276.9405
400.8215	277.4524
400.3096	277.4524
400.3096	277.9643
399.7977	277.9643
399.7977	278.4762
399.2858	278.4762
399.2858	279.5001
398.7739	279.5001
398.7739	280.0120
398.2620	280.0120
398.2620	281.0358
397.7501	281.0358
397.7501	281.5477
397.2382	281.5477
397.2382	282.0596
396.7263	282.0596
396.7263	282.5715
396.2144	282.5715
396.2144	283.0834
395.7025	283.0834
395.7025	283.5953
395.1906	283.5953
395.1906	284.6191
394.6786	284.6191
394.6786	285.6429
394.1667	285.6429
394.1667	286.6667
393.6548	286.6667
393.6548	289.2262
393.1429	289.2262
393.1429	294.8572
392.6310	294.8572
392.6310	298.4405
393.1429	298.4405
393.1429	301.0001
393.6548	301.0001
393.6548	302.0239
394.1667	302.0239
394.1667	303.0477
394.6786	303.0477
394.6786	304.0715
395.1906	304.0715
395.1906	304.5834
395.7025	304.5834
395.7025	305.0953
396.2144	305.0953
396.2144	305.6072
396.7263	305.6072
396.7263	306.1191
397.2382	306.1191
397.2382	306.6310
397.7501	306.6310
397.7501	307.1429
398.2620	307.1429
398.2620	307.6548
399.2858	307.6548
399.2858	308.6786
399.7977	308.6786
399.7977	309.1905
400.3096	309.1905
400.3096	310.2143
399.7977	310.2143
399.7977	310.7262
395.1906	310.7262
395.1906	311.2382
393.1429	311.2382
393.1429	310.7262
392.6310	310.7262
392.6310	310.2143
392.1191	310.2143
392.1191	309.7024
391.0953	309.7024
391.0953	309.1905
390.0715	309.1905
390.0715	308.6786
387.5120	308.6786
387.5120	308.1667
383.9286	308.1667
383.9286	308.6786
379.8334	308.6786
379.8334	309.1905
374.2025	309.1905
374.2025	309.7024
371.6429	309.7024
371.6429	310.2143
370.1072	310.2143
370.1072	310.7262
368.5715	310.7262
368.5715	311.2382
367.5477	311.2382
367.5477	311.7501
366.5239	311.7501
366.5239	312.2620
366.0120	312.2620
366.0120	312.7739
365.5001	312.7739
365.5001	313.2858
364.9882	313.2858
364.9882	313.7977
364.4763	313.7977
364.4763	314.3096
362.9405	314.3096
362.9405	314.8215
361.9167	314.8215
361.9167	315.3334
360.8929	315.3334
360.8929	315.8453
360.3810	315.8453
360.3810	316.3572
359.8691	316.3572
359.8691	315.8453
355.2620	315.8453
355.2620	316.3572
352.7024	316.3572
352.7024	316.8691
352.1905	316.8691
352.1905	316.3572
349.6310	316.3572
349.6310	316.8691
347.0715	316.8691
347.0715	317.3810
346.0477	317.3810
346.0477	317.8929
345.0239	317.8929
345.0239	318.4048
344.0001	318.4048
344.0001	318.9167
342.9763	318.9167
342.9763	319.4286
341.9524	319.4286
341.9524	319.9405
341.4405	319.9405
341.4405	320.4524
340.9286	320.4524
340.9286	320.9643
340.4167	320.9643
340.4167	320.4524
334.7858	320.4524
334.7858	319.9405
330.1786	319.9405
330.1786	319.4286
329.1548	319.4286
329.1548	318.9167
328.6429	318.9167
328.6429	318.4048
328.1310	318.4048
328.1310	317.8929
327.6191	317.8929
327.6191	316.8691
327.1072	316.8691
327.1072	316.3572
326.5953	316.3572
326.5953	315.8453
326.0834	315.8453
326.0834	315.3334
325.5715	315.3334
325.5715	314.8215
325.0596	314.8215
325.0596	314.3096
324.5477	314.3096
324.5477	313.7977
324.0358	313.7977
324.0358	313.2858
323.5239	313.2858
323.5239	312.7739
323.0120	312.7739
323.0120	312.2620
322.5001	312.2620
322.5001	311.7501
321.9882	311.7501
321.9882	311.2382
320.9643	311.2382
320.9643	310.7262
319.9405	310.7262
319.9405	310.2143
318.9167	310.2143
318.9167	309.7024
318.4048	309.7024
318.4048	309.1905
317.8929	309.1905
317.8929	308.6786
317.3810	308.6786
317.3810	308.1667
316.8691	308.1667
316.8691	305.6072
316.3572	305.6072
316.3572	304.5834
315.8453	304.5834
315.8453	303.5596
315.3334	303.5596
315.3334	303.0477
314.8215	303.0477
314.8215	302.5358
314.3096	302.5358
314.3096	301.5120
314.8215	301.5120
314.8215	296.9048
314.3096	296.9048
314.3096	294.3453
313.7977	294.3453
313.7977	293.3215
313.2858	293.3215
313.2858	292.2977
312.7739	292.2977
312.7739	291.7858
312.2620	291.7858
312.2620	291.2739
311.7501	291.2739
311.7501	290.7620
311.2382	290.7620
311.2382	290.2501
310.7262	290.2501
310.7262	289.7382
310.2143	289.7382
310.2143	289.2262
309.7024	289.2262
309.7024	288.7143
309.1905	288.7143
309.1905	288.2024
308.6786	288.2024
308.6786	287.6905
307.6548	287.6905
307.6548	287.1786
306.6310	287.1786
306.6310	286.6667
305.6072	286.6667
305.6072	286.1548
305.0953	286.1548
305.0953	285.6429
304.5834	285.6429
304.5834	285.1310
304.0715	285.1310
304.0715	284.6191
303.0477	284.6191
303.0477	284.1072
302.0239	284.1072
302.0239	283.5953
301.0001	283.5953
301.0001	283.0834
298.9524	283.0834
298.9524	282.5715
296.3929	282.5715
296.3929	282.0596
295.3691	282.0596
295.3691	281.5477
294.3453	281.5477
294.3453	281.0358
292.8096	281.0358
292.8096	280.5239
292.2977	280.5239
292.2977	280.0120
291.7858	280.0120
291.7858	279.5001
291.2739	279.5001
291.2739	278.9881
290.7620	278.9881
290.7620	277.9643
290.2501	277.9643
290.2501	276.9405
289.7382	276.9405
289.7382	275.9167
289.2262	275.9167
289.2262	275.4048
288.7143	275.4048
288.7143	274.8929
288.2024	274.8929
288.2024	274.3810
287.6905	274.3810
287.6905	273.8691
287.1786	273.8691
287.1786	272.8453
286.6667	272.8453
286.6667	272.3334
286.1548	272.3334
286.1548	271.8215
285.6429	271.8215
285.6429	271.3096
285.1310	271.3096
285.1310	270.7977
284.6191	270.7977
284.6191	270.2858
284.1072	270.2858
284.1072	269.7739
283.5953	269.7739
283.5953	269.2620
284.1072	269.2620
284.1072	268.7501
284.6191	268.7501
284.6191	268.2381
285.1310	268.2381
285.1310	267.7262
285.6429	267.7262
285.6429	267.2143
286.6667	267.2143
286.6667	266.7024
287.1786	266.7024
287.1786	266.1905
287.6905	266.1905
287.6905	265.6786
288.2024	265.6786
288.2024	265.1667
288.7143	265.1667
288.7143	264.6548
289.2262	264.6548
289.2262	264.1429
289.7382	264.1429
289.7382	263.1191
290.2501	263.1191
290.2501	262.0953
290.7620	262.0953
290.7620	259.5358
291.2739	259.5358
291.2739	258.5120
291.7858	258.5120
291.7858	255.9524
292.2977	255.9524
292.2977	250.3215
291.7858	250.3215
291.7858	248.2739
292.2977	248.2739
292.2977	247.7620
292.8096	247.7620
292.8096	246.7381
293.3215	246.7381
293.3215	245.7143
293.8334	245.7143
293.8334	244.1786
294.3453	244.1786
294.3453	241.6191
294.8572	241.6191
294.8572	240.5953
295.3691	240.5953
295.3691	240.0834
295.8810	240.0834
295.8810	239.0596
296.3929	239.0596
296.3929	238.0358
296.9048	238.0358
296.9048	236.5000
297.4167	236.5000
297.4167	233.9405
297.9286	233.9405
297.9286	233.4286
298.4405	233.4286
298.4405	232.9167
301.0001	232.9167
301.0001	232.4048
302.5358	232.4048
302.5358	231.8929
303.5596	231.8929
303.5596	231.3810
304.5834	231.3810
304.5834	230.8691
305.0953	230.8691
305.0953	230.3572
305.6072	230.3572
305.6072	229.8453
306.1191	229.8453
306.1191	229.3334
306.6310	229.3334
306.6310	228.8215
307.1429	228.8215
307.1429	227.7977
307.6548	227.7977
307.6548	226.7739
308.1667	226.7739
308.1667	225.7500
308.6786	225.7500
308.6786	225.2381
309.1905	225.2381
309.1905	224.7262
309.7024	224.7262
309.7024	223.7024
310.2143	223.7024
310.2143	222.6786
310.7262	222.6786
310.7262	220.1191
311.2382	220.1191
311.2382	217.0477
311.7501	217.0477
311.7501	216.5358
312.2620	216.5358
312.2620	216.0239
312.7739	216.0239
312.7739	215.0000
313.7977	215.0000
313.7977	214.4881
315.8453	214.4881
315.8453	213.9762
316.8691	213.9762
316.8691	213.4643
317.8929	213.4643
317.8929	212.9524
318.9167	212.9524
318.9167	212.4405
319.9405	212.4405
319.9405	211.9286
320.9643	211.9286
320.9643	211.4167
321.4763	211.4167
321.4763	210.9048
321.9882	210.9048
321.9882	210.3929
322.5001	210.3929
322.5001	209.8810
323.0120	209.8810
323.0120	209.3691
323.5239	209.3691
323.5239	208.3453
324.0358	208.3453
324.0358	207.3215
324.5477	207.3215
324.5477	204.7619
325.0596	204.7619
325.0596	201.6905
324.5477	201.6905
324.5477	199.1310
324.0358	199.1310
324.0358	198.1072
323.5239	198.1072
323.5239	197.0834
323.0120	197.0834
323.0120	196.5715
322.5001	196.5715
322.5001	196.0596
321.9882	196.0596
321.9882	195.5477
321.4763	195.5477
321.4763	194.5238
320.9643	194.5238
320.9643	193.5000
320.4524	193.5000
320.4524	192.4762
319.9405	192.4762
319.9405	190.9405
319.4286	190.9405
319.4286	189.9167
318.9167	189.9167
318.9167	188.8929
318.4048	188.8929
318.4048	187.3572
317.8929	187.3572
317.8929	186.3334
317.3810	186.3334
317.3810	185.8215
318.4048	185.8215
