321.4763	189.4048
322.5001	189.4048
322.5001	189.9167
323.5239	189.9167
323.5239	190.4286
324.5477	190.4286
324.5477	190.9405
327.1072	190.9405
327.1072	191.4524
330.6905	191.4524
330.6905	190.9405
333.2501	190.9405
333.2501	190.4286
333.7620	190.4286
333.7620	190.9405
334.7858	190.9405
334.7858	191.4524
335.2977	191.4524
335.2977	191.9643
335.8096	191.9643
335.8096	196.0596
335.2977	196.0596
335.2977	199.1310
335.8096	199.1310
335.8096	203.2262
336.3215	203.2262
336.3215	205.7858
336.8334	205.7858
336.8334	206.8096
337.3453	206.8096
337.3453	207.8334
337.8572	207.8334
337.8572	208.8572
338.3691	208.8572
338.3691	209.3691
338.8810	209.3691
338.8810	210.3929
339.3929	210.3929
339.3929	211.4167
339.9048	211.4167
339.9048	211.9286
340.4167	211.9286
340.4167	212.4405
340.9286	212.4405
340.9286	212.9524
341.4405	212.9524
341.4405	213.4643
341.9524	213.4643
341.9524	213.9762
342.4644	213.9762
342.4644	214.4881
343.4882	214.4881
343.4882	215.0000
344.5120	215.0000
344.5120	215.5119
347.0715	215.5119
347.0715	216.0239
349.6310	216.0239
349.6310	215.5119
352.1905	215.5119
352.1905	215.0000
353.2144	215.0000
353.2144	214.4881
354.2382	214.4881
354.2382	213.9762
354.7501	213.9762
354.7501	213.4643
356.2858	213.4643
356.2858	212.9524
357.3096	212.9524
357.3096	212.4405
358.3334	212.4405
358.3334	211.9286
358.8453	211.9286
358.8453	211.4167
360.8929	211.4167
360.8929	210.9048
361.9167	210.9048
361.9167	210.3929
364.4763	210.3929
364.4763	209.8810
365.5001	209.8810
365.5001	209.3691
366.5239	209.3691
366.5239	208.8572
367.0358	208.8572
367.0358	208.3453
368.5715	208.3453
368.5715	207.8334
374.2025	207.8334
374.2025	207.3215
376.2501	207.3215
376.2501	207.8334
376.7620	207.8334
376.7620	208.3453
377.2739	208.3453
377.2739	208.8572
377.7858	208.8572
377.7858	209.3691
378.2977	209.3691
378.2977	209.8810
379.3215	209.8810
379.3215	210.3929
380.3453	210.3929
380.3453	210.9048
381.3691	210.9048
381.3691	211.4167
382.3929	211.4167
382.3929	211.9286
382.9048	211.9286
382.9048	212.4405
383.9286	212.4405
383.9286	212.9524
384.9525	212.9524
384.9525	213.4643
385.9763	213.4643
385.9763	213.9762
387.0001	213.9762
387.0001	214.4881
389.0477	214.4881
389.0477	215.0000
390.5834	215.0000
390.5834	215.5119
391.6072	215.5119
391.6072	216.0239
392.6310	216.0239
392.6310	216.5358
393.1429	216.5358
393.1429	217.0477
394.1667	217.0477
394.1667	217.5596
395.1906	217.5596
395.1906	218.0715
397.7501	218.0715
397.7501	218.5834
402.8691	218.5834
402.8691	218.0715
405.4286	218.0715
405.4286	218.5834
406.9644	218.5834
406.9644	219.0953
407.9882	219.0953
407.9882	219.6072
409.0120	219.6072
409.0120	220.1191
410.0358	220.1191
410.0358	220.6310
411.0596	220.6310
411.0596	221.1429
411.5715	221.1429
411.5715	223.1905
411.0596	223.1905
411.0596	227.2858
411.5715	227.2858
411.5715	229.8453
412.0834	229.8453
412.0834	230.8691
412.5953	230.8691
412.5953	231.8929
413.1072	231.8929
413.1072	232.4048
413.6191	232.4048
413.6191	233.4286
414.1310	233.4286
414.1310	234.4524
414.6429	234.4524
414.6429	235.9881
414.1310	235.9881
414.1310	241.1072
414.6429	241.1072
414.6429	242.1310
414.1310	242.1310
414.1310	245.2024
414.6429	245.2024
414.6429	247.7620
415.1548	247.7620
415.1548	248.7858
415.6667	248.7858
415.6667	249.8096
416.1787	249.8096
416.1787	250.3215
416.6906	250.3215
416.6906	250.8334
417.2025	250.8334
417.2025	253.3929
417.7144	253.3929
417.7144	254.4167
418.2263	254.4167
418.2263	255.4405
418.7382	255.4405
418.7382	256.4643
419.2501	256.4643
419.2501	258.5120
419.7620	258.5120
419.7620	262.6072
419.2501	262.6072
419.2501	263.1191
418.7382	263.1191
418.7382	263.6310
417.7144	263.6310
417.7144	264.1429
416.6906	264.1429
416.6906	264.6548
415.6667	264.6548
415.6667	265.1667
414.6429	265.1667
414.6429	265.6786
414.1310	265.6786
414.1310	266.1905
413.6191	266.1905
413.6191	266.7024
413.1072	266.7024
413.1072	267.2143
412.5953	267.2143
412.5953	267.7262
412.0834	267.7262
412.0834	268.7501
411.5715	268.7501
411.5715	269.2620
411.0596	269.2620
411.0596	270.2858
410.5477	270.2858
410.5477	270.7977
410.0358	270.7977
410.0358	271.3096
409.5239	271.3096
409.5239	271.8215
409.0120	271.8215
409.0120	272.3334
408.5001	272.3334
408.5001	272.8453
407.9882	272.8453
407.9882	273.3572
407.4763	273.3572
407.4763	274.3810
406.9644	274.3810
406.9644	275.4048
406.4525	275.4048
406.4525	276.9405
405.9406	276.9405
405.9406	277.4524
405.4286	277.4524
405.4286	277.9643
404.9167	277.9643
404.9167	278.4762
404.4048	278.4762
404.4048	278.9881
403.8929	278.9881
403.8929	279.5001
403.3810	279.5001
403.3810	280.0120
402.8691	280.0120
402.8691	280.5239
402.3572	280.5239
402.3572	281.0358
401.8453	281.0358
401.8453	282.0596
401.3334	282.0596
401.3334	283.0834
400.8215	283.0834
400.8215	284.1072
399.7977	284.1072
399.7977	284.6191
399.2858	284.6191
399.2858	285.1310
398.7739	285.1310
398.7739	285.6429
398.2620	285.6429
398.2620	286.1548
397.7501	286.1548
397.7501	286.6667
397.2382	286.6667
397.2382	287.6905
396.7263	287.6905
396.7263	288.7143
396.2144	288.7143
396.2144	289.7382
395.7025	289.7382
395.7025	290.7620
395.1906	290.7620
395.1906	291.7858
394.6786	291.7858
394.6786	292.8096
394.1667	292.8096
394.1667	294.3453
393.6548	294.3453
393.6548	296.9048
393.1429	296.9048
393.1429	299.4643
392.6310	299.4643
392.6310	304.0715
393.1429	304.0715
393.1429	306.6310
393.6548	306.6310
393.6548	308.6786
394.1667	308.6786
394.1667	309.7024
394.6786	309.7024
394.6786	310.7262
395.1906	310.7262
395.1906	311.2382
395.7025	311.2382
395.7025	311.7501
396.2144	311.7501
396.2144	312.2620
396.7263	312.2620
396.7263	312.7739
397.2382	312.7739
397.2382	313.2858
397.7501	313.2858
397.7501	313.7977
398.7739	313.7977
398.7739	314.3096
399.7977	314.3096
399.7977	314.8215
400.3096	314.8215
400.3096	315.3334
400.8215	315.3334
400.8215	315.8453
401.3334	315.8453
401.3334	316.3572
401.8453	316.3572
401.8453	316.8691
402.3572	316.8691
402.3572	317.3810
403.3810	317.3810
403.3810	318.9167
402.8691	318.9167
402.8691	319.4286
402.3572	319.4286
402.3572	319.9405
401.8453	319.9405
401.8453	320.4524
401.3334	320.4524
401.3334	321.4763
400.8215	321.4763
400.8215	322.5001
400.3096	322.5001
400.3096	325.0596
399.7977	325.0596
399.7977	327.6191
399.2858	327.6191
399.2858	328.1310
398.7739	328.1310
398.7739	327.6191
398.2620	327.6191
398.2620	327.1072
397.2382	327.1072
397.2382	326.5953
396.2144	326.5953
396.2144	326.0834
393.6548	326.0834
393.6548	325.5715
391.0953	325.5715
391.0953	326.0834
386.4882	326.0834
386.4882	326.5953
379.8334	326.5953
379.8334	326.0834
374.7144	326.0834
374.7144	326.5953
367.5477	326.5953
367.5477	327.1072
364.9882	327.1072
364.9882	327.6191
362.4286	327.6191
362.4286	328.1310
361.4048	328.1310
361.4048	328.6429
360.3810	328.6429
360.3810	329.1548
359.3572	329.1548
359.3572	329.6667
358.3334	329.6667
358.3334	330.1786
357.8215	330.1786
357.8215	330.6905
357.3096	330.6905
357.3096	331.2024
356.7977	331.2024
356.7977	331.7143
356.2858	331.7143
356.2858	332.2263
355.7739	332.2263
355.7739	333.2501
355.2620	333.2501
355.2620	334.2739
354.7501	334.2739
354.7501	335.2977
354.2382	335.2977
354.2382	337.8572
353.7263	337.8572
353.7263	342.9763
354.2382	342.9763
354.2382	345.5358
354.7501	345.5358
354.7501	346.5596
355.2620	346.5596
355.2620	347.5834
355.7739	347.5834
355.7739	348.0953
356.2858	348.0953
356.2858	348.6072
356.7977	348.6072
356.7977	349.1191
357.3096	349.1191
357.3096	349.6310
357.8215	349.6310
357.8215	350.6548
355.7739	350.6548
355.7739	351.1667
354.7501	351.1667
354.7501	351.6786
353.7263	351.6786
353.7263	352.1905
353.2144	352.1905
353.2144	352.7024
352.7024	352.7024
352.7024	353.2144
352.1905	353.2144
352.1905	353.7263
351.6786	353.7263
351.6786	354.2382
351.1667	354.2382
351.1667	355.2620
350.6548	355.2620
350.6548	356.2858
350.1429	356.2858
350.1429	358.8453
349.6310	358.8453
349.6310	362.9405
350.1429	362.9405
350.1429	365.5001
350.6548	365.5001
350.6548	366.5239
351.1667	366.5239
351.1667	368.0596
350.6548	368.0596
350.6548	367.5477
350.1429	367.5477
350.1429	367.0358
349.6310	367.0358
349.6310	366.5239
349.1191	366.5239
349.1191	366.0120
348.6072	366.0120
348.6072	363.9644
348.0953	363.9644
348.0953	361.9167
347.5834	361.9167
347.5834	360.3810
347.0715	360.3810
347.0715	351.1667
346.5596	351.1667
346.5596	348.6072
346.0477	348.6072
346.0477	347.5834
345.5358	347.5834
345.5358	346.5596
345.0239	346.5596
345.0239	345.5358
344.5120	345.5358
344.5120	345.0239
344.0001	345.0239
344.0001	344.5120
343.4882	344.5120
343.4882	344.0001
342.9763	344.0001
342.9763	343.4882
342.4644	343.4882
342.4644	342.9763
341.9524	342.9763
341.9524	342.4644
341.4405	342.4644
341.4405	341.9524
340.4167	341.9524
340.4167	340.9286
339.9048	340.9286
339.9048	338.3691
339.3929	338.3691
339.3929	336.3215
338.8810	336.3215
338.8810	335.2977
338.3691	335.2977
338.3691	334.2739
337.8572	334.2739
337.8572	333.7620
337.3453	333.7620
337.3453	333.2501
336.8334	333.2501
336.8334	332.7382
336.3215	332.7382
336.3215	332.2263
335.8096	332.2263
335.8096	331.7143
334.7858	331.7143
334.7858	331.2024
333.7620	331.2024
333.7620	330.6905
332.7382	330.6905
332.7382	330.1786
330.1786	330.1786
330.1786	329.6667
329.6667	329.6667
329.6667	329.1548
329.1548	329.1548
329.1548	328.6429
328.1310	328.6429
328.1310	328.1310
327.1072	328.1310
327.1072	327.6191
326.0834	327.6191
326.0834	326.5953
325.5715	326.5953
325.5715	325.5715
325.0596	325.5715
325.0596	324.5477
324.5477	324.5477
324.5477	323.5239
324.0358	323.5239
324.0358	323.0120
323.5239	323.0120
323.5239	322.5001
323.0120	322.5001
323.0120	321.9882
322.5001	321.9882
322.5001	321.4763
321.9882	321.4763
321.9882	320.9643
321.4763	320.9643
321.4763	319.9405
320.9643	319.9405
320.9643	319.4286
320.4524	319.4286
320.4524	318.9167
319.9405	318.9167
319.9405	318.4048
319.4286	318.4048
319.4286	317.3810
318.9167	317.3810
318.9167	316.3572
318.4048	316.3572
318.4048	315.3334
317.8929	315.3334
317.8929	314.8215
317.3810	314.8215
317.3810	314.3096
316.8691	314.3096
316.8691	313.7977
316.3572	313.7977
316.3572	313.2858
315.8453	313.2858
315.8453	312.7739
315.3334	312.7739
315.3334	312.2620
314.8215	312.2620
314.8215	311.7501
314.3096	311.7501
314.3096	311.2382
313.2858	311.2382
313.2858	310.7262
312.2620	310.7262
312.2620	310.2143
311.2382	310.2143
311.2382	309.7024
310.2143	309.7024
310.2143	309.1905
307.6548	309.1905
307.6548	308.6786
307.1429	308.6786
307.1429	308.1667
306.1191	308.1667
306.1191	307.6548
305.0953	307.6548
305.0953	307.1429
304.5834	307.1429
304.5834	306.6310
304.0715	306.6310
304.0715	306.1191
303.0477	306.1191
303.0477	305.6072
302.5358	305.6072
302.5358	305.0953
302.0239	305.0953
302.0239	304.5834
301.5120	304.5834
301.5120	304.0715
301.0001	304.0715
301.0001	303.5596
300.4882	303.5596
300.4882	302.5358
299.9762	302.5358
299.9762	301.5120
299.4643	301.5120
299.4643	301.0001
298.9524	301.0001
298.9524	299.9762
298.4405	299.9762
298.4405	298.9524
297.9286	298.9524
297.9286	297.9286
297.4167	297.9286
297.4167	297.4167
296.9048	297.4167
296.9048	296.9048
296.3929	296.9048
296.3929	296.3929
295.8810	296.3929
295.8810	295.8810
295.3691	295.8810
295.3691	295.3691
294.8572	295.3691
294.8572	294.8572
294.3453	294.8572
294.3453	293.8334
293.8334	293.8334
293.8334	293.3215
293.3215	293.3215
293.3215	292.8096
292.8096	292.8096
292.8096	292.2977
292.2977	292.2977
292.2977	291.7858
291.7858	291.7858
291.7858	291.2739
290.7620	291.2739
290.7620	290.7620
290.2501	290.7620
290.2501	289.7382
289.7382	289.7382
289.7382	288.7143
289.2262	288.7143
289.2262	287.6905
288.7143	287.6905
288.7143	287.1786
288.2024	287.1786
288.2024	286.6667
287.6905	286.6667
287.6905	286.1548
287.1786	286.1548
287.1786	285.6429
286.6667	285.6429
286.6667	285.1310
286.1548	285.1310
286.1548	284.6191
285.6429	284.6191
285.6429	284.1072
285.1310	284.1072
285.1310	283.5953
284.6191	283.5953
284.6191	283.0834
283.5953	283.0834
283.5953	282.5715
283.0834	282.5715
283.0834	282.0596
282.5715	282.0596
282.5715	281.5477
282.0596	281.5477
282.0596	280.5239
281.5477	280.5239
281.5477	279.5001
281.0358	279.5001
281.0358	278.4762
280.5239	278.4762
280.5239	276.4286
280.0120	276.4286
280.0120	275.4048
279.5001	275.4048
279.5001	274.3810
278.9881	274.3810
278.9881	272.8453
278.4762	272.8453
278.4762	271.8215
277.9643	271.8215
277.9643	270.7977
277.4524	270.7977
277.4524	270.2858
276.9405	270.2858
276.9405	269.7739
276.4286	269.7739
276.4286	269.2620
275.9167	269.2620
275.9167	268.7501
275.4048	268.7501
275.4048	266.7024
275.9167	266.7024
275.9167	266.1905
276.9405	266.1905
276.9405	265.6786
279.5001	265.6786
279.5001	265.1667
281.0358	265.1667
281.0358	264.6548
282.0596	264.6548
282.0596	264.1429
283.0834	264.1429
283.0834	263.6310
284.6191	263.6310
284.6191	263.1191
285.6429	263.1191
285.6429	262.6072
286.6667	262.6072
286.6667	262.0953
287.1786	262.0953
287.1786	261.5834
287.6905	261.5834
287.6905	261.0715
288.2024	261.0715
288.2024	260.5596
288.7143	260.5596
288.7143	260.0477
289.2262	260.0477
289.2262	259.5358
289.7382	259.5358
289.7382	258.5120
290.2501	258.5120
290.2501	257.4881
290.7620	257.4881
290.7620	255.9524
291.2739	255.9524
291.2739	254.9286
291.7858	254.9286
291.7858	253.9048
292.2977	253.9048
292.2977	251.3453
292.8096	251.3453
292.8096	248.2739
292.2977	248.2739
292.2977	246.7381
292.8096	246.7381
292.8096	245.7143
293.3215	245.7143
293.3215	245.2024
293.8334	245.2024
293.8334	244.1786
294.8572	244.1786
294.8572	243.6667
295.3691	243.6667
295.3691	243.1548
295.8810	243.1548
295.8810	242.6429
296.3929	242.6429
296.3929	242.1310
296.9048	242.1310
296.9048	241.6191
297.4167	241.6191
297.4167	241.1072
297.9286	241.1072
297.9286	240.5953
298.4405	240.5953
298.4405	240.0834
298.9524	240.0834
298.9524	239.5715
299.4643	239.5715
299.4643	239.0596
299.9762	239.0596
299.9762	238.0358
300.4882	238.0358
300.4882	237.0119
301.0001	237.0119
301.0001	235.9881
301.5120	235.9881
301.5120	234.9643
302.0239	234.9643
302.0239	233.9405
302.5358	233.9405
302.5358	232.9167
303.0477	232.9167
303.0477	231.3810
303.5596	231.3810
303.5596	230.8691
304.0715	230.8691
304.0715	230.3572
304.5834	230.3572
304.5834	229.8453
305.0953	229.8453
305.0953	229.3334
305.6072	229.3334
305.6072	228.8215
306.1191	228.8215
306.1191	228.3096
306.6310	228.3096
306.6310	227.2858
308.6786	227.2858
308.6786	226.7739
309.7024	226.7739
309.7024	226.2619
310.7262	226.2619
310.7262	225.7500
311.2382	225.7500
311.2382	225.2381
311.7501	225.2381
311.7501	224.7262
312.2620	224.7262
312.2620	224.2143
312.7739	224.2143
312.7739	223.7024
313.2858	223.7024
313.2858	223.1905
313.7977	223.1905
313.7977	222.1667
314.3096	222.1667
314.3096	221.1429
314.8215	221.1429
314.8215	220.1191
315.3334	220.1191
315.3334	218.0715
315.8453	218.0715
315.8453	217.5596
316.3572	217.5596
316.3572	217.0477
316.8691	217.0477
316.8691	216.5358
317.3810	216.5358
317.3810	216.0239
317.8929	216.0239
317.8929	215.5119
318.4048	215.5119
318.4048	215.0000
318.9167	215.0000
318.9167	214.4881
319.4286	214.4881
319.4286	213.9762
319.9405	213.9762
319.9405	212.9524
320.4524	212.9524
320.4524	211.9286
320.9643	211.9286
320.9643	209.8810
321.4763	209.8810
321.4763	207.3215
321.9882	207.3215
321.9882	204.7619
322.5001	204.7619
322.5001	204.2500
323.0120	204.2500
323.0120	203.2262
323.5239	203.2262
323.5239	202.2024
324.0358	202.2024
324.0358	199.6429
324.5477	199.6429
324.5477	197.0834
324.0358	197.0834
324.0358	194.5238
323.5239	194.5238
323.5239	193.5000
323.0120	193.5000
323.0120	192.4762
322.5001	192.4762
322.5001	191.9643
321.9882	191.9643
321.9882	190.9405
321.4763	190.9405
321.4763	189.9167
320.9643	189.9167
320.9643	188.8929
321.4763	188.8929
