373.1786	199.6429
373.6905	199.6429
373.6905	201.1786
374.2025	201.1786
374.2025	202.2024
374.7144	202.2024
374.7144	203.2262
375.2263	203.2262
375.2263	203.7381
375.7382	203.7381
375.7382	204.2500
376.2501	204.2500
376.2501	204.7619
376.7620	204.7619
376.7620	205.2738
377.2739	205.2738
377.2739	205.7858
377.7858	205.7858
377.7858	206.2977
378.8096	206.2977
378.8096	206.8096
379.3215	206.8096
379.3215	207.3215
379.8334	207.3215
379.8334	207.8334
380.3453	207.8334
380.3453	208.3453
380.8572	208.3453
380.8572	209.3691
381.3691	209.3691
381.3691	209.8810
381.8810	209.8810
381.8810	210.3929
382.3929	210.3929
382.3929	210.9048
382.9048	210.9048
382.9048	211.4167
383.4167	211.4167
383.4167	211.9286
383.9286	211.9286
383.9286	212.4405
384.4405	212.4405
384.4405	212.9524
385.4644	212.9524
385.4644	213.4643
386.4882	213.4643
386.4882	213.9762
388.5358	213.9762
388.5358	214.4881
391.0953	214.4881
391.0953	215.0000
391.6072	215.0000
391.6072	215.5119
392.1191	215.5119
392.1191	216.0239
393.1429	216.0239
393.1429	216.5358
394.1667	216.5358
394.1667	217.0477
396.7263	217.0477
396.7263	217.5596
402.8691	217.5596
402.8691	218.0715
403.8929	218.0715
403.8929	218.5834
404.9167	218.5834
404.9167	219.0953
407.4763	219.0953
407.4763	219.6072
409.0120	219.6072
409.0120	220.1191
409.5239	220.1191
409.5239	220.6310
410.0358	220.6310
410.0358	221.1429
410.5477	221.1429
410.5477	223.7024
411.0596	223.7024
411.0596	226.2619
411.5715	226.2619
411.5715	227.2858
412.0834	227.2858
412.0834	228.3096
412.5953	228.3096
412.5953	228.8215
413.1072	228.8215
413.1072	229.3334
412.5953	229.3334
412.5953	231.8929
412.0834	231.8929
412.0834	240.0834
412.5953	240.0834
412.5953	240.5953
412.0834	240.5953
412.0834	241.6191
411.5715	241.6191
411.5715	244.1786
411.0596	244.1786
411.0596	247.7620
411.5715	247.7620
411.5715	250.3215
412.0834	250.3215
412.0834	251.3453
412.5953	251.3453
412.5953	252.3691
413.1072	252.3691
413.1072	252.8810
413.6191	252.8810
413.6191	253.3929
414.1310	253.3929
414.1310	253.9048
414.6429	253.9048
414.6429	254.4167
415.1548	254.4167
415.1548	254.9286
415.6667	254.9286
415.6667	255.9524
416.1787	255.9524
416.1787	258.0000
416.6906	258.0000
416.6906	260.0477
416.1787	260.0477
416.1787	262.0953
415.1548	262.0953
415.1548	262.6072
414.1310	262.6072
414.1310	263.1191
413.6191	263.1191
413.6191	263.6310
413.1072	263.6310
413.1072	264.1429
409.0120	264.1429
409.0120	264.6548
406.4525	264.6548
406.4525	265.1667
404.4048	265.1667
404.4048	265.6786
403.3810	265.6786
403.3810	266.1905
402.3572	266.1905
402.3572	266.7024
401.8453	266.7024
401.8453	267.2143
401.3334	267.2143
401.3334	267.7262
400.8215	267.7262
400.8215	268.2381
400.3096	268.2381
400.3096	268.7501
399.7977	268.7501
399.7977	269.7739
399.2858	269.7739
399.2858	270.7977
398.7739	270.7977
398.7739	273.3572
398.2620	273.3572
398.2620	275.9167
397.7501	275.9167
397.7501	276.4286
397.2382	276.4286
397.2382	276.9405
396.7263	276.9405
396.7263	277.4524
396.2144	277.4524
396.2144	277.9643
395.7025	277.9643
395.7025	278.4762
395.1906	278.4762
395.1906	278.9881
394.6786	278.9881
394.6786	280.0120
394.1667	280.0120
394.1667	280.5239
393.6548	280.5239
393.6548	281.0358
393.1429	281.0358
393.1429	281.5477
392.6310	281.5477
392.6310	282.0596
392.1191	282.0596
392.1191	282.5715
391.6072	282.5715
391.6072	283.0834
391.0953	283.0834
391.0953	283.5953
390.5834	283.5953
390.5834	284.1072
390.0715	284.1072
390.0715	284.6191
389.5596	284.6191
389.5596	285.1310
389.0477	285.1310
389.0477	286.1548
388.5358	286.1548
388.5358	287.1786
388.0239	287.1786
388.0239	287.6905
387.5120	287.6905
387.5120	288.2024
387.0001	288.2024
387.0001	289.2262
386.4882	289.2262
386.4882	289.7382
385.9763	289.7382
385.9763	290.2501
385.4644	290.2501
385.4644	290.7620
384.9525	290.7620
384.9525	291.2739
384.4405	291.2739
384.4405	291.7858
383.9286	291.7858
383.9286	292.2977
383.4167	292.2977
383.4167	293.3215
382.9048	293.3215
382.9048	294.3453
382.3929	294.3453
382.3929	296.9048
381.8810	296.9048
381.8810	299.9762
382.3929	299.9762
382.3929	302.5358
382.9048	302.5358
382.9048	303.5596
383.4167	303.5596
383.4167	304.5834
383.9286	304.5834
383.9286	305.0953
384.4405	305.0953
384.4405	305.6072
384.9525	305.6072
384.9525	306.1191
385.4644	306.1191
385.4644	306.6310
385.9763	306.6310
385.9763	307.1429
386.4882	307.1429
386.4882	307.6548
387.0001	307.6548
387.0001	308.1667
385.4644	308.1667
385.4644	307.6548
382.9048	307.6548
382.9048	307.1429
379.3215	307.1429
379.3215	307.6548
376.7620	307.6548
376.7620	308.1667
375.7382	308.1667
375.7382	308.6786
373.6905	308.6786
373.6905	309.1905
368.5715	309.1905
368.5715	309.7024
366.0120	309.7024
366.0120	310.2143
363.9644	310.2143
363.9644	310.7262
362.4286	310.7262
362.4286	311.2382
359.8691	311.2382
359.8691	311.7501
358.3334	311.7501
358.3334	312.2620
347.5834	312.2620
347.5834	312.7739
345.0239	312.7739
345.0239	313.2858
344.0001	313.2858
344.0001	313.7977
342.9763	313.7977
342.9763	314.3096
342.4644	314.3096
342.4644	314.8215
341.9524	314.8215
341.9524	315.3334
341.4405	315.3334
341.4405	315.8453
338.8810	315.8453
338.8810	316.3572
337.3453	316.3572
337.3453	316.8691
336.3215	316.8691
336.3215	317.3810
332.2263	317.3810
332.2263	316.8691
331.2024	316.8691
331.2024	316.3572
328.6429	316.3572
328.6429	315.8453
325.5715	315.8453
325.5715	315.3334
325.0596	315.3334
325.0596	314.8215
324.5477	314.8215
324.5477	314.3096
323.5239	314.3096
323.5239	313.7977
322.5001	313.7977
322.5001	313.2858
319.9405	313.2858
319.9405	312.7739
317.3810	312.7739
317.3810	312.2620
312.2620	312.2620
312.2620	311.7501
311.2382	311.7501
311.2382	311.2382
310.2143	311.2382
310.2143	310.7262
309.1905	310.7262
309.1905	310.2143
308.6786	310.2143
308.6786	306.1191
308.1667	306.1191
308.1667	303.5596
307.6548	303.5596
307.6548	302.5358
307.1429	302.5358
307.1429	298.9524
306.6310	298.9524
306.6310	295.8810
306.1191	295.8810
306.1191	293.3215
305.6072	293.3215
305.6072	292.2977
305.0953	292.2977
305.0953	291.2739
304.5834	291.2739
304.5834	290.7620
304.0715	290.7620
304.0715	290.2501
303.5596	290.2501
303.5596	289.2262
303.0477	289.2262
303.0477	288.2024
302.5358	288.2024
302.5358	287.1786
302.0239	287.1786
302.0239	286.1548
301.5120	286.1548
301.5120	285.6429
301.0001	285.6429
301.0001	285.1310
300.4882	285.1310
300.4882	284.6191
299.9762	284.6191
299.9762	284.1072
299.4643	284.1072
299.4643	283.5953
298.4405	283.5953
298.4405	283.0834
297.4167	283.0834
297.4167	282.5715
294.8572	282.5715
294.8572	282.0596
292.2977	282.0596
292.2977	281.0358
291.7858	281.0358
291.7858	280.5239
291.2739	280.5239
291.2739	280.0120
290.7620	280.0120
290.7620	279.5001
290.2501	279.5001
290.2501	278.9881
289.7382	278.9881
289.7382	278.4762
289.2262	278.4762
289.2262	277.9643
288.7143	277.9643
288.7143	277.4524
287.6905	277.4524
287.6905	276.9405
286.6667	276.9405
286.6667	276.4286
284.6191	276.4286
284.6191	275.9167
282.0596	275.9167
282.0596	275.4048
282.5715	275.4048
282.5715	274.8929
283.0834	274.8929
283.0834	274.3810
283.5953	274.3810
283.5953	273.3572
284.1072	273.3572
284.1072	272.3334
284.6191	272.3334
284.6191	269.7739
285.1310	269.7739
285.1310	266.7024
284.6191	266.7024
284.6191	264.1429
284.1072	264.1429
284.1072	262.0953
283.5953	262.0953
283.5953	261.0715
283.0834	261.0715
283.0834	260.0477
282.5715	260.0477
282.5715	259.5358
282.0596	259.5358
282.0596	259.0239
281.5477	259.0239
281.5477	258.5120
281.0358	258.5120
281.0358	258.0000
280.5239	258.0000
280.5239	257.4881
280.0120	257.4881
280.0120	256.4643
280.5239	256.4643
280.5239	252.8810
280.0120	252.8810
280.0120	250.3215
279.5001	250.3215
279.5001	249.8096
280.0120	249.8096
280.0120	249.2977
280.5239	249.2977
280.5239	248.7858
281.0358	248.7858
281.0358	248.2739
281.5477	248.2739
281.5477	247.7620
282.0596	247.7620
282.0596	247.2500
282.5715	247.2500
282.5715	246.7381
283.0834	246.7381
283.0834	245.7143
283.5953	245.7143
283.5953	244.6905
284.1072	244.6905
284.1072	243.6667
284.6191	243.6667
284.6191	243.1548
285.1310	243.1548
285.1310	242.1310
285.6429	242.1310
285.6429	241.1072
286.1548	241.1072
286.1548	240.0834
286.6667	240.0834
286.6667	237.5239
287.1786	237.5239
287.1786	237.0119
290.2501	237.0119
290.2501	236.5000
292.8096	236.5000
292.8096	235.9881
293.8334	235.9881
293.8334	235.4762
294.8572	235.4762
294.8572	234.9643
295.3691	234.9643
295.3691	234.4524
295.8810	234.4524
295.8810	233.9405
296.9048	233.9405
296.9048	233.4286
297.9286	233.4286
297.9286	232.9167
298.4405	232.9167
298.4405	232.4048
298.9524	232.4048
298.9524	231.8929
299.4643	231.8929
299.4643	231.3810
299.9762	231.3810
299.9762	230.8691
300.4882	230.8691
300.4882	230.3572
301.0001	230.3572
301.0001	229.3334
301.5120	229.3334
301.5120	228.3096
302.0239	228.3096
302.0239	225.7500
302.5358	225.7500
302.5358	221.1429
302.0239	221.1429
302.0239	220.1191
302.5358	220.1191
302.5358	219.0953
303.0477	219.0953
303.0477	216.5358
303.5596	216.5358
303.5596	213.4643
304.0715	213.4643
304.0715	212.9524
306.6310	212.9524
306.6310	212.4405
309.1905	212.4405
309.1905	211.9286
310.2143	211.9286
310.2143	211.4167
311.2382	211.4167
311.2382	210.9048
311.7501	210.9048
311.7501	210.3929
312.2620	210.3929
312.2620	209.8810
312.7739	209.8810
312.7739	209.3691
313.2858	209.3691
313.2858	208.8572
313.7977	208.8572
313.7977	208.3453
314.3096	208.3453
314.3096	207.3215
314.8215	207.3215
314.8215	206.2977
315.3334	206.2977
315.3334	203.7381
315.8453	203.7381
315.8453	204.2500
316.3572	204.2500
316.3572	204.7619
316.8691	204.7619
316.8691	205.2738
317.3810	205.2738
317.3810	206.2977
317.8929	206.2977
317.8929	206.8096
318.4048	206.8096
318.4048	209.3691
318.9167	209.3691
318.9167	211.4167
319.4286	211.4167
319.4286	212.4405
319.9405	212.4405
319.9405	213.4643
320.4524	213.4643
320.4524	213.9762
320.9643	213.9762
320.9643	214.4881
321.4763	214.4881
321.4763	215.0000
321.9882	215.0000
321.9882	215.5119
322.5001	215.5119
322.5001	216.0239
323.5239	216.0239
323.5239	216.5358
324.5477	216.5358
324.5477	217.0477
325.5715	217.0477
325.5715	217.5596
326.5953	217.5596
326.5953	218.0715
328.6429	218.0715
328.6429	218.5834
329.6667	218.5834
329.6667	219.0953
332.2263	219.0953
332.2263	219.6072
335.2977	219.6072
335.2977	219.0953
337.8572	219.0953
337.8572	218.5834
338.8810	218.5834
338.8810	218.0715
339.9048	218.0715
339.9048	217.5596
340.9286	217.5596
340.9286	217.0477
341.4405	217.0477
341.4405	216.5358
342.4644	216.5358
342.4644	216.0239
342.9763	216.0239
342.9763	215.5119
343.4882	215.5119
343.4882	215.0000
344.0001	215.0000
344.0001	214.4881
344.5120	214.4881
344.5120	213.9762
345.0239	213.9762
345.0239	212.9524
345.5358	212.9524
345.5358	212.4405
346.0477	212.4405
346.0477	211.9286
346.5596	211.9286
346.5596	211.4167
347.0715	211.4167
347.0715	210.9048
348.0953	210.9048
348.0953	210.3929
348.6072	210.3929
348.6072	209.8810
349.1191	209.8810
349.1191	209.3691
349.6310	209.3691
349.6310	208.8572
350.1429	208.8572
350.1429	208.3453
350.6548	208.3453
350.6548	207.8334
351.1667	207.8334
351.1667	207.3215
352.1905	207.3215
352.1905	206.8096
352.7024	206.8096
352.7024	206.2977
353.2144	206.2977
353.2144	205.7858
353.7263	205.7858
353.7263	205.2738
355.2620	205.2738
355.2620	204.7619
356.2858	204.7619
356.2858	204.2500
357.3096	204.2500
357.3096	203.7381
358.3334	203.7381
358.3334	203.2262
359.3572	203.2262
359.3572	202.7143
360.3810	202.7143
360.3810	202.2024
360.8929	202.2024
360.8929	202.7143
363.4525	202.7143
363.4525	202.2024
366.0120	202.2024
366.0120	201.6905
367.0358	201.6905
367.0358	201.1786
368.0596	201.1786
368.0596	200.6667
368.5715	200.6667
368.5715	200.1548
370.6191	200.1548
370.6191	199.6429
372.1548	199.6429
372.1548	199.1310
373.1786	199.1310
