331.2024	134.1191
331.7143	134.1191
331.7143	134.6310
332.2263	134.6310
332.2263	135.1429
333.2501	135.1429
333.2501	136.1667
333.7620	136.1667
333.7620	136.6786
334.2739	136.6786
334.2739	137.1905
334.7858	137.1905
334.7858	137.7024
335.2977	137.7024
335.2977	138.2143
335.8096	138.2143
335.8096	138.7262
336.3215	138.7262
336.3215	139.2381
336.8334	139.2381
336.8334	139.7500
336.3215	139.7500
336.3215	142.8215
336.8334	142.8215
336.8334	145.3810
337.3453	145.3810
337.3453	146.4048
337.8572	146.4048
337.8572	147.4286
338.3691	147.4286
338.3691	147.9405
338.8810	147.9405
338.8810	148.4524
339.3929	148.4524
339.3929	148.9643
339.9048	148.9643
339.9048	149.4762
340.4167	149.4762
340.4167	149.9881
340.9286	149.9881
340.9286	150.5000
341.4405	150.5000
341.4405	151.0119
341.9524	151.0119
341.9524	151.5238
342.4644	151.5238
342.4644	152.0357
342.9763	152.0357
342.9763	152.5476
343.4882	152.5476
343.4882	153.0596
344.5120	153.0596
344.5120	153.5715
345.5358	153.5715
345.5358	154.0834
348.0953	154.0834
348.0953	154.5953
349.1191	154.5953
349.1191	155.1072
350.1429	155.1072
350.1429	155.6191
352.1905	155.6191
352.1905	156.1310
354.7501	156.1310
354.7501	156.6429
355.2620	156.6429
355.2620	157.1548
355.7739	157.1548
355.7739	157.6667
356.2858	157.6667
356.2858	158.1786
356.7977	158.1786
356.7977	159.2024
356.2858	159.2024
356.2858	159.7143
355.2620	159.7143
355.2620	160.2262
354.2382	160.2262
354.2382	160.7381
353.7263	160.7381
353.7263	161.2500
353.2144	161.2500
353.2144	161.7619
352.7024	161.7619
352.7024	162.2738
352.1905	162.2738
352.1905	162.7857
349.6310	162.7857
349.6310	163.2977
347.5834	163.2977
347.5834	163.8096
346.5596	163.8096
346.5596	164.3215
345.5358	164.3215
345.5358	164.8334
344.5120	164.8334
344.5120	165.3453
343.4882	165.3453
343.4882	165.8572
341.9524	165.8572
341.9524	166.3691
340.9286	166.3691
340.9286	166.8810
339.9048	166.8810
339.9048	167.3929
339.3929	167.3929
339.3929	167.9048
338.8810	167.9048
338.8810	168.4167
338.3691	168.4167
338.3691	168.9286
337.8572	168.9286
337.8572	169.4405
337.3453	169.4405
337.3453	169.9524
336.8334	169.9524
336.8334	170.9762
334.2739	170.9762
334.2739	171.4881
333.2501	171.4881
333.2501	172.0000
332.2263	172.0000
332.2263	172.5119
331.2024	172.5119
331.2024	173.0238
330.6905	173.0238
330.6905	173.5357
330.1786	173.5357
330.1786	174.0477
329.6667	174.0477
329.6667	174.5596
329.1548	174.5596
329.1548	175.0715
328.6429	175.0715
328.6429	176.0953
328.1310	176.0953
328.1310	177.1191
327.6191	177.1191
327.6191	179.6786
327.1072	179.6786
327.1072	182.2381
326.0834	182.2381
326.0834	182.7500
325.5715	182.7500
325.5715	183.2619
325.0596	183.2619
325.0596	183.7738
324.5477	183.7738
324.5477	184.2857
324.0358	184.2857
324.0358	184.7977
323.5239	184.7977
323.5239	185.8215
323.0120	185.8215
323.0120	186.8453
322.5001	186.8453
322.5001	189.4048
321.9882	189.4048
321.9882	195.0358
322.5001	195.0358
322.5001	197.5953
323.0120	197.5953
323.0120	198.6191
323.5239	198.6191
323.5239	199.6429
324.0358	199.6429
324.0358	200.1548
324.5477	200.1548
324.5477	200.6667
325.0596	200.6667
325.0596	201.1786
325.5715	201.1786
325.5715	201.6905
326.0834	201.6905
326.0834	202.2024
326.5953	202.2024
326.5953	203.2262
327.1072	203.2262
327.1072	203.7381
327.6191	203.7381
327.6191	204.2500
328.1310	204.2500
328.1310	204.7619
328.6429	204.7619
328.6429	205.7858
329.1548	205.7858
329.1548	206.8096
329.6667	206.8096
329.6667	207.3215
330.1786	207.3215
330.1786	208.3453
330.6905	208.3453
330.6905	208.8572
331.2024	208.8572
331.2024	209.3691
331.7143	209.3691
331.7143	209.8810
332.2263	209.8810
332.2263	210.3929
332.7382	210.3929
332.7382	210.9048
333.2501	210.9048
333.2501	211.4167
333.7620	211.4167
333.7620	211.9286
334.2739	211.9286
334.2739	212.4405
335.2977	212.4405
335.2977	212.9524
336.3215	212.9524
336.3215	213.4643
338.8810	213.4643
338.8810	213.9762
342.4644	213.9762
342.4644	213.4643
345.0239	213.4643
345.0239	212.9524
346.0477	212.9524
346.0477	212.4405
347.0715	212.4405
347.0715	211.9286
348.0953	211.9286
348.0953	211.4167
348.6072	211.4167
348.6072	210.9048
349.6310	210.9048
349.6310	210.3929
350.1429	210.3929
350.1429	209.8810
351.1667	209.8810
351.1667	209.3691
351.6786	209.3691
351.6786	208.8572
352.1905	208.8572
352.1905	208.3453
352.7024	208.3453
352.7024	207.8334
353.2144	207.8334
353.2144	207.3215
353.7263	207.3215
353.7263	206.8096
354.7501	206.8096
354.7501	206.2977
355.7739	206.2977
355.7739	205.7858
356.7977	205.7858
356.7977	205.2738
358.3334	205.2738
358.3334	204.7619
360.8929	204.7619
360.8929	204.2500
361.9167	204.2500
361.9167	203.7381
362.9405	203.7381
362.9405	203.2262
363.9644	203.2262
363.9644	202.7143
364.4763	202.7143
364.4763	202.2024
364.9882	202.2024
364.9882	202.7143
369.0834	202.7143
369.0834	203.2262
373.6905	203.2262
373.6905	203.7381
376.2501	203.7381
376.2501	204.2500
379.3215	204.2500
379.3215	203.7381
381.8810	203.7381
381.8810	203.2262
382.9048	203.2262
382.9048	202.7143
383.9286	202.7143
383.9286	202.2024
384.4405	202.2024
384.4405	201.6905
384.9525	201.6905
384.9525	202.2024
385.4644	202.2024
385.4644	202.7143
385.9763	202.7143
385.9763	203.2262
386.4882	203.2262
386.4882	203.7381
387.0001	203.7381
387.0001	204.2500
388.0239	204.2500
388.0239	204.7619
389.0477	204.7619
389.0477	205.2738
390.0715	205.2738
390.0715	205.7858
392.6310	205.7858
392.6310	206.2977
396.2144	206.2977
396.2144	205.7858
398.7739	205.7858
398.7739	205.2738
399.7977	205.2738
399.7977	204.7619
400.8215	204.7619
400.8215	204.2500
401.3334	204.2500
401.3334	203.7381
401.8453	203.7381
401.8453	203.2262
402.3572	203.2262
402.3572	202.7143
402.8691	202.7143
402.8691	202.2024
403.3810	202.2024
403.3810	201.1786
403.8929	201.1786
403.8929	200.1548
404.4048	200.1548
404.4048	198.6191
405.9406	198.6191
405.9406	199.6429
406.4525	199.6429
406.4525	200.1548
405.9406	200.1548
405.9406	201.1786
405.4286	201.1786
405.4286	203.7381
404.9167	203.7381
404.9167	207.3215
405.4286	207.3215
405.4286	209.8810
405.9406	209.8810
405.9406	210.9048
406.4525	210.9048
406.4525	211.9286
406.9644	211.9286
406.9644	212.4405
407.4763	212.4405
407.4763	212.9524
407.9882	212.9524
407.9882	213.4643
408.5001	213.4643
408.5001	213.9762
409.0120	213.9762
409.0120	214.4881
409.5239	214.4881
409.5239	215.0000
410.5477	215.0000
410.5477	215.5119
411.0596	215.5119
411.0596	216.5358
411.5715	216.5358
411.5715	217.0477
412.0834	217.0477
412.0834	217.5596
412.5953	217.5596
412.5953	218.5834
413.1072	218.5834
413.1072	219.0953
413.6191	219.0953
413.6191	220.1191
414.1310	220.1191
414.1310	221.1429
414.6429	221.1429
414.6429	222.1667
415.1548	222.1667
415.1548	222.6786
415.6667	222.6786
415.6667	223.1905
416.1787	223.1905
416.1787	224.7262
416.6906	224.7262
416.6906	225.7500
417.2025	225.7500
417.2025	226.7739
417.7144	226.7739
417.7144	227.7977
418.2263	227.7977
418.2263	228.8215
418.7382	228.8215
418.7382	229.8453
419.2501	229.8453
419.2501	230.3572
419.7620	230.3572
419.7620	230.8691
420.2739	230.8691
420.2739	231.8929
420.7858	231.8929
420.7858	232.9167
421.2977	232.9167
421.2977	233.9405
421.8096	233.9405
421.8096	234.4524
422.3215	234.4524
422.3215	235.9881
422.8334	235.9881
422.8334	237.5239
422.3215	237.5239
422.3215	240.5953
422.8334	240.5953
422.8334	243.1548
423.3453	243.1548
423.3453	243.6667
422.8334	243.6667
422.8334	244.6905
422.3215	244.6905
422.3215	246.2262
421.8096	246.2262
421.8096	247.7620
421.2977	247.7620
421.2977	249.2977
420.7858	249.2977
420.7858	250.3215
420.2739	250.3215
420.2739	251.8572
419.7620	251.8572
419.7620	254.4167
419.2501	254.4167
419.2501	255.4405
418.7382	255.4405
418.7382	256.9762
418.2263	256.9762
418.2263	257.4881
417.7144	257.4881
417.7144	258.5120
417.2025	258.5120
417.2025	259.5358
416.6906	259.5358
416.6906	260.0477
416.1787	260.0477
416.1787	260.5596
415.6667	260.5596
415.6667	261.5834
415.1548	261.5834
415.1548	262.0953
414.6429	262.0953
414.6429	262.6072
414.1310	262.6072
414.1310	263.6310
413.6191	263.6310
413.6191	264.6548
413.1072	264.6548
413.1072	265.1667
412.5953	265.1667
412.5953	266.1905
412.0834	266.1905
412.0834	267.2143
411.5715	267.2143
411.5715	267.7262
410.5477	267.7262
410.5477	268.2381
409.5239	268.2381
409.5239	268.7501
409.0120	268.7501
409.0120	269.2620
408.5001	269.2620
408.5001	269.7739
407.9882	269.7739
407.9882	270.2858
407.4763	270.2858
407.4763	270.7977
406.9644	270.7977
406.9644	271.3096
406.4525	271.3096
406.4525	271.8215
405.9406	271.8215
405.9406	272.3334
405.4286	272.3334
405.4286	272.8453
404.9167	272.8453
404.9167	273.3572
404.4048	273.3572
404.4048	273.8691
403.3810	273.8691
403.3810	274.3810
402.8691	274.3810
402.8691	274.8929
401.8453	274.8929
401.8453	275.4048
401.3334	275.4048
401.3334	275.9167
400.8215	275.9167
400.8215	276.4286
400.3096	276.4286
400.3096	276.9405
399.7977	276.9405
399.7977	277.4524
399.2858	277.4524
399.2858	278.4762
398.7739	278.4762
398.7739	279.5001
398.2620	279.5001
398.2620	280.5239
397.7501	280.5239
397.7501	281.5477
397.2382	281.5477
397.2382	282.5715
396.7263	282.5715
396.7263	285.1310
396.2144	285.1310
396.2144	285.6429
395.7025	285.6429
395.7025	286.1548
395.1906	286.1548
395.1906	286.6667
394.6786	286.6667
394.6786	287.1786
394.1667	287.1786
394.1667	287.6905
393.6548	287.6905
393.6548	288.7143
393.1429	288.7143
393.1429	289.7382
392.6310	289.7382
392.6310	292.2977
392.1191	292.2977
392.1191	296.9048
391.6072	296.9048
391.6072	301.5120
392.1191	301.5120
392.1191	306.6310
392.6310	306.6310
392.6310	309.1905
393.1429	309.1905
393.1429	310.7262
393.6548	310.7262
393.6548	311.7501
394.1667	311.7501
394.1667	312.7739
394.6786	312.7739
394.6786	313.2858
395.1906	313.2858
395.1906	313.7977
395.7025	313.7977
395.7025	314.3096
396.2144	314.3096
396.2144	314.8215
396.7263	314.8215
396.7263	315.3334
397.2382	315.3334
397.2382	316.3572
397.7501	316.3572
397.7501	316.8691
398.2620	316.8691
398.2620	317.3810
398.7739	317.3810
398.7739	319.9405
399.2858	319.9405
399.2858	322.5001
399.7977	322.5001
399.7977	323.5239
400.3096	323.5239
400.3096	324.5477
400.8215	324.5477
400.8215	325.0596
401.3334	325.0596
401.3334	325.5715
401.8453	325.5715
401.8453	326.0834
402.3572	326.0834
402.3572	326.5953
402.8691	326.5953
402.8691	327.1072
403.3810	327.1072
403.3810	327.6191
403.8929	327.6191
403.8929	328.1310
404.4048	328.1310
404.4048	328.6429
404.9167	328.6429
404.9167	329.1548
405.4286	329.1548
405.4286	330.1786
405.9406	330.1786
405.9406	331.2024
404.4048	331.2024
404.4048	330.6905
403.3810	330.6905
403.3810	330.1786
402.3572	330.1786
402.3572	329.6667
401.8453	329.6667
401.8453	329.1548
401.3334	329.1548
401.3334	328.6429
400.3096	328.6429
400.3096	328.1310
399.2858	328.1310
399.2858	327.6191
398.2620	327.6191
398.2620	327.1072
395.7025	327.1072
395.7025	326.5953
393.1429	326.5953
393.1429	327.1072
390.5834	327.1072
390.5834	327.6191
389.5596	327.6191
389.5596	328.1310
382.9048	328.1310
382.9048	327.6191
380.3453	327.6191
380.3453	328.1310
378.2977	328.1310
378.2977	327.6191
374.7144	327.6191
374.7144	328.1310
373.6905	328.1310
373.6905	327.6191
370.1072	327.6191
370.1072	328.1310
365.5001	328.1310
365.5001	328.6429
362.9405	328.6429
362.9405	329.1548
360.3810	329.1548
360.3810	329.6667
357.8215	329.6667
357.8215	329.1548
353.7263	329.1548
353.7263	329.6667
351.1667	329.6667
351.1667	330.1786
349.6310	330.1786
349.6310	330.6905
348.6072	330.6905
348.6072	331.2024
347.5834	331.2024
347.5834	331.7143
346.5596	331.7143
346.5596	332.2263
346.0477	332.2263
346.0477	332.7382
345.5358	332.7382
345.5358	333.2501
345.0239	333.2501
345.0239	333.7620
344.5120	333.7620
344.5120	334.2739
344.0001	334.2739
344.0001	335.2977
343.4882	335.2977
343.4882	336.3215
342.9763	336.3215
342.9763	337.3453
342.4644	337.3453
342.4644	337.8572
341.9524	337.8572
341.9524	338.3691
341.4405	338.3691
341.4405	339.3929
340.9286	339.3929
340.9286	340.4167
340.4167	340.4167
340.4167	342.9763
339.9048	342.9763
339.9048	346.0477
340.4167	346.0477
340.4167	348.6072
340.9286	348.6072
340.9286	349.6310
341.4405	349.6310
341.4405	350.6548
341.9524	350.6548
341.9524	351.1667
342.4644	351.1667
342.4644	351.6786
342.9763	351.6786
342.9763	352.7024
343.4882	352.7024
343.4882	353.2144
344.0001	353.2144
344.0001	353.7263
344.5120	353.7263
344.5120	354.2382
345.0239	354.2382
345.0239	354.7501
345.5358	354.7501
345.5358	355.2620
346.0477	355.2620
346.0477	355.7739
346.5596	355.7739
346.5596	356.2858
347.5834	356.2858
347.5834	356.7977
348.6072	356.7977
348.6072	359.8691
349.1191	359.8691
349.1191	361.4048
348.6072	361.4048
348.6072	367.0358
348.0953	367.0358
348.0953	367.5477
346.5596	367.5477
346.5596	368.0596
345.0239	368.0596
345.0239	368.5715
343.4882	368.5715
343.4882	368.0596
342.9763	368.0596
342.9763	367.5477
342.4644	367.5477
342.4644	367.0358
341.4405	367.0358
341.4405	366.5239
340.9286	366.5239
340.9286	366.0120
340.4167	366.0120
340.4167	365.5001
339.3929	365.5001
339.3929	364.9882
338.8810	364.9882
338.8810	363.9644
338.3691	363.9644
338.3691	363.4525
337.8572	363.4525
337.8572	361.9167
337.3453	361.9167
337.3453	360.8929
336.8334	360.8929
336.8334	359.8691
336.3215	359.8691
336.3215	359.3572
335.8096	359.3572
335.8096	358.8453
335.2977	358.8453
335.2977	357.8215
335.8096	357.8215
335.8096	355.2620
336.3215	355.2620
336.3215	352.7024
335.8096	352.7024
335.8096	351.6786
336.3215	351.6786
336.3215	349.1191
335.8096	349.1191
335.8096	346.5596
335.2977	346.5596
335.2977	345.0239
334.7858	345.0239
334.7858	342.4644
334.2739	342.4644
334.2739	339.9048
333.7620	339.9048
333.7620	337.8572
333.2501	337.8572
333.2501	336.8334
332.7382	336.8334
332.7382	335.8096
332.2263	335.8096
332.2263	335.2977
331.7143	335.2977
331.7143	334.7858
331.2024	334.7858
331.2024	334.2739
330.6905	334.2739
330.6905	333.7620
330.1786	333.7620
330.1786	333.2501
329.1548	333.2501
329.1548	332.7382
328.1310	332.7382
328.1310	332.2263
326.0834	332.2263
326.0834	331.7143
324.5477	331.7143
324.5477	331.2024
323.5239	331.2024
323.5239	330.6905
321.9882	330.6905
321.9882	330.1786
319.4286	330.1786
319.4286	329.6667
318.9167	329.6667
318.9167	329.1548
317.8929	329.1548
317.8929	328.6429
316.8691	328.6429
316.8691	328.1310
316.3572	328.1310
316.3572	327.6191
315.3334	327.6191
315.3334	327.1072
314.8215	327.1072
314.8215	326.5953
314.3096	326.5953
314.3096	326.0834
313.7977	326.0834
313.7977	325.5715
312.7739	325.5715
312.7739	325.0596
312.2620	325.0596
312.2620	324.0358
311.7501	324.0358
311.7501	323.0120
311.2382	323.0120
311.2382	321.9882
310.7262	321.9882
310.7262	320.9643
310.2143	320.9643
310.2143	320.4524
309.7024	320.4524
309.7024	319.9405
309.1905	319.9405
309.1905	319.4286
308.6786	319.4286
308.6786	318.4048
308.1667	318.4048
308.1667	317.8929
307.6548	317.8929
307.6548	317.3810
307.1429	317.3810
307.1429	316.8691
306.6310	316.8691
306.6310	316.3572
306.1191	316.3572
306.1191	315.8453
305.6072	315.8453
305.6072	315.3334
304.5834	315.3334
304.5834	314.8215
303.5596	314.8215
303.5596	313.7977
303.0477	313.7977
303.0477	312.7739
302.5358	312.7739
302.5358	312.2620
302.0239	312.2620
302.0239	311.7501
301.5120	311.7501
301.5120	311.2382
301.0001	311.2382
301.0001	309.1905
300.4882	309.1905
300.4882	308.1667
299.9762	308.1667
299.9762	307.1429
299.4643	307.1429
299.4643	306.6310
298.9524	306.6310
298.9524	306.1191
298.4405	306.1191
298.4405	305.6072
297.9286	305.6072
297.9286	305.0953
297.4167	305.0953
297.4167	304.5834
296.3929	304.5834
296.3929	304.0715
295.3691	304.0715
295.3691	303.5596
294.3453	303.5596
294.3453	303.0477
293.3215	303.0477
293.3215	302.5358
292.2977	302.5358
292.2977	302.0239
291.2739	302.0239
291.2739	301.5120
290.2501	301.5120
290.2501	301.0001
289.7382	301.0001
289.7382	300.4882
289.2262	300.4882
289.2262	299.9762
288.7143	299.9762
288.7143	299.4643
288.2024	299.4643
288.2024	298.9524
287.6905	298.9524
287.6905	298.4405
287.1786	298.4405
287.1786	297.9286
286.6667	297.9286
286.6667	297.4167
286.1548	297.4167
286.1548	296.9048
285.6429	296.9048
285.6429	296.3929
285.1310	296.3929
285.1310	295.8810
284.6191	295.8810
284.6191	295.3691
284.1072	295.3691
284.1072	294.8572
283.0834	294.8572
283.0834	294.3453
282.0596	294.3453
282.0596	293.3215
281.5477	293.3215
281.5477	292.2977
281.0358	292.2977
281.0358	291.7858
280.5239	291.7858
280.5239	291.2739
280.0120	291.2739
280.0120	290.7620
279.5001	290.7620
279.5001	290.2501
278.9881	290.2501
278.9881	289.7382
278.4762	289.7382
278.4762	289.2262
277.9643	289.2262
277.9643	288.7143
276.9405	288.7143
276.9405	288.2024
276.4286	288.2024
276.4286	287.6905
275.9167	287.6905
275.9167	286.6667
275.4048	286.6667
275.4048	285.6429
274.8929	285.6429
274.8929	285.1310
274.3810	285.1310
274.3810	284.6191
273.8691	284.6191
273.8691	284.1072
273.3572	284.1072
273.3572	283.5953
272.8453	283.5953
272.8453	283.0834
272.3334	283.0834
272.3334	282.5715
271.3096	282.5715
271.3096	282.0596
270.2858	282.0596
270.2858	280.5239
270.7977	280.5239
270.7977	273.8691
270.2858	273.8691
270.2858	271.3096
269.7739	271.3096
269.7739	270.2858
269.2620	270.2858
269.2620	269.2620
268.7501	269.2620
268.7501	268.7501
268.2381	268.7501
268.2381	268.2381
267.7262	268.2381
267.7262	267.7262
267.2143	267.7262
267.2143	266.7024
267.7262	266.7024
267.7262	265.6786
268.7501	265.6786
268.7501	265.1667
269.2620	265.1667
269.2620	264.6548
270.7977	264.6548
270.7977	264.1429
271.8215	264.1429
271.8215	263.6310
272.8453	263.6310
272.8453	263.1191
273.3572	263.1191
273.3572	262.6072
273.8691	262.6072
273.8691	262.0953
274.3810	262.0953
274.3810	261.5834
274.8929	261.5834
274.8929	261.0715
275.4048	261.0715
275.4048	260.0477
275.9167	260.0477
275.9167	259.0239
276.4286	259.0239
276.4286	257.4881
277.4524	257.4881
277.4524	256.9762
277.9643	256.9762
277.9643	256.4643
278.4762	256.4643
278.4762	255.9524
278.9881	255.9524
278.9881	255.4405
280.0120	255.4405
280.0120	254.9286
280.5239	254.9286
280.5239	254.4167
281.5477	254.4167
281.5477	253.9048
282.0596	253.9048
282.0596	253.3929
282.5715	253.3929
282.5715	252.8810
283.0834	252.8810
283.0834	252.3691
283.5953	252.3691
283.5953	251.8572
284.1072	251.8572
284.1072	251.3453
284.6191	251.3453
284.6191	250.8334
285.1310	250.8334
285.1310	249.8096
285.6429	249.8096
285.6429	249.2977
286.1548	249.2977
286.1548	248.7858
286.6667	248.7858
286.6667	248.2739
287.1786	248.2739
287.1786	247.2500
287.6905	247.2500
287.6905	246.7381
288.2024	246.7381
288.2024	246.2262
288.7143	246.2262
288.7143	245.7143
289.2262	245.7143
289.2262	245.2024
289.7382	245.2024
289.7382	244.6905
290.2501	244.6905
290.2501	244.1786
290.7620	244.1786
290.7620	243.6667
291.2739	243.6667
291.2739	243.1548
291.7858	243.1548
291.7858	242.6429
292.2977	242.6429
292.2977	241.6191
292.8096	241.6191
292.8096	240.5953
293.3215	240.5953
293.3215	239.5715
293.8334	239.5715
293.8334	238.5477
294.3453	238.5477
294.3453	237.5239
294.8572	237.5239
294.8572	234.9643
295.3691	234.9643
295.3691	234.4524
295.8810	234.4524
295.8810	233.9405
296.3929	233.9405
296.3929	233.4286
296.9048	233.4286
296.9048	232.9167
298.9524	232.9167
298.9524	232.4048
299.9762	232.4048
299.9762	231.8929
301.0001	231.8929
301.0001	231.3810
301.5120	231.3810
301.5120	230.8691
302.0239	230.8691
302.0239	230.3572
302.5358	230.3572
302.5358	229.8453
303.0477	229.8453
303.0477	229.3334
303.5596	229.3334
303.5596	228.8215
304.0715	228.8215
304.0715	227.7977
304.5834	227.7977
304.5834	226.7739
305.6072	226.7739
305.6072	226.2619
306.1191	226.2619
306.1191	225.7500
306.6310	225.7500
306.6310	225.2381
307.1429	225.2381
307.1429	224.7262
307.6548	224.7262
307.6548	224.2143
308.1667	224.2143
308.1667	223.7024
308.6786	223.7024
308.6786	222.6786
309.1905	222.6786
309.1905	221.6548
309.7024	221.6548
309.7024	219.0953
310.2143	219.0953
310.2143	216.0239
309.7024	216.0239
309.7024	213.9762
310.2143	213.9762
310.2143	206.8096
310.7262	206.8096
310.7262	189.9167
311.2382	189.9167
311.2382	187.3572
311.7501	187.3572
311.7501	184.7977
311.2382	184.7977
311.2382	182.2381
310.7262	182.2381
310.7262	181.2143
310.2143	181.2143
310.2143	180.1905
309.7024	180.1905
309.7024	179.6786
309.1905	179.6786
309.1905	179.1667
308.6786	179.1667
308.6786	178.6548
308.1667	178.6548
308.1667	178.1429
307.6548	178.1429
307.6548	177.6310
306.6310	177.6310
306.6310	177.1191
309.1905	177.1191
309.1905	176.6072
311.7501	176.6072
311.7501	176.0953
312.7739	176.0953
312.7739	175.5834
313.7977	175.5834
313.7977	175.0715
314.3096	175.0715
314.3096	175.5834
316.8691	175.5834
316.8691	176.0953
319.9405	176.0953
319.9405	176.6072
323.0120	176.6072
323.0120	176.0953
325.5715	176.0953
325.5715	175.5834
326.5953	175.5834
326.5953	175.0715
327.6191	175.0715
327.6191	174.5596
328.1310	174.5596
328.1310	174.0477
328.6429	174.0477
328.6429	173.5357
329.1548	173.5357
329.1548	173.0238
329.6667	173.0238
329.6667	172.5119
330.1786	172.5119
330.1786	171.4881
330.6905	171.4881
330.6905	170.4643
331.2024	170.4643
331.2024	167.9048
331.7143	167.9048
331.7143	163.8096
331.2024	163.8096
331.2024	161.2500
330.6905	161.2500
330.6905	153.5715
330.1786	153.5715
330.1786	153.0596
330.6905	153.0596
330.6905	152.5476
331.2024	152.5476
331.2024	152.0357
331.7143	152.0357
331.7143	151.5238
332.2263	151.5238
332.2263	151.0119
332.7382	151.0119
332.7382	150.5000
333.2501	150.5000
333.2501	149.4762
333.7620	149.4762
333.7620	148.4524
334.2739	148.4524
334.2739	145.8929
334.7858	145.8929
334.7858	142.8215
334.2739	142.8215
334.2739	140.2619
333.7620	140.2619
333.7620	139.2381
333.2501	139.2381
333.2501	138.2143
332.7382	138.2143
332.7382	137.1905
332.2263	137.1905
332.2263	136.6786
331.7143	136.6786
331.7143	136.1667
331.2024	136.1667
331.2024	135.6548
330.6905	135.6548
330.6905	135.1429
330.1786	135.1429
330.1786	134.6310
329.6667	134.6310
329.6667	133.6072
331.2024	133.6072
