301.5120	126.9524
302.0239	126.9524
302.0239	127.4643
302.5358	127.4643
302.5358	127.9762
303.0477	127.9762
303.0477	131.0476
303.5596	131.0476
303.5596	133.6072
304.0715	133.6072
304.0715	134.6310
304.5834	134.6310
304.5834	135.6548
305.0953	135.6548
305.0953	136.1667
305.6072	136.1667
305.6072	136.6786
306.1191	136.6786
306.1191	137.1905
306.6310	137.1905
306.6310	137.7024
307.1429	137.7024
307.1429	138.2143
307.6548	138.2143
307.6548	138.7262
308.1667	138.7262
308.1667	139.2381
308.6786	139.2381
308.6786	139.7500
309.1905	139.7500
309.1905	140.2619
309.7024	140.2619
309.7024	140.7738
310.7262	140.7738
310.7262	141.2857
311.7501	141.2857
311.7501	141.7976
313.7977	141.7976
313.7977	142.3096
316.3572	142.3096
316.3572	142.8215
319.9405	142.8215
319.9405	142.3096
320.4524	142.3096
320.4524	142.8215
323.0120	142.8215
323.0120	143.3334
325.5715	143.3334
325.5715	142.8215
332.2263	142.8215
332.2263	143.3334
333.2501	143.3334
333.2501	143.8453
334.2739	143.8453
334.2739	144.3572
336.8334	144.3572
336.8334	144.8691
337.8572	144.8691
337.8572	145.3810
338.3691	145.3810
338.3691	145.8929
339.3929	145.8929
339.3929	146.4048
340.4167	146.4048
340.4167	146.9167
341.4405	146.9167
341.4405	147.4286
342.4644	147.4286
342.4644	147.9405
343.4882	147.9405
343.4882	148.4524
344.0001	148.4524
344.0001	148.9643
344.5120	148.9643
344.5120	149.4762
345.0239	149.4762
345.0239	149.9881
346.0477	149.9881
346.0477	150.5000
346.5596	150.5000
346.5596	151.0119
347.0715	151.0119
347.0715	151.5238
347.5834	151.5238
347.5834	152.0357
348.0953	152.0357
348.0953	152.5476
349.1191	152.5476
349.1191	153.0596
350.1429	153.0596
350.1429	153.5715
352.7024	153.5715
352.7024	154.0834
355.2620	154.0834
355.2620	154.5953
356.2858	154.5953
356.2858	155.1072
358.8453	155.1072
358.8453	155.6191
361.4048	155.6191
361.4048	156.1310
361.9167	156.1310
361.9167	157.1548
362.4286	157.1548
362.4286	158.1786
362.9405	158.1786
362.9405	159.2024
363.4525	159.2024
363.4525	159.7143
363.9644	159.7143
363.9644	160.2262
364.4763	160.2262
364.4763	160.7381
364.9882	160.7381
364.9882	161.2500
365.5001	161.2500
365.5001	161.7619
366.0120	161.7619
366.0120	162.2738
366.5239	162.2738
366.5239	162.7857
367.0358	162.7857
367.0358	163.2977
367.5477	163.2977
367.5477	163.8096
368.0596	163.8096
368.0596	164.3215
368.5715	164.3215
368.5715	164.8334
369.0834	164.8334
369.0834	165.3453
369.5953	165.3453
369.5953	165.8572
370.1072	165.8572
370.1072	166.3691
370.6191	166.3691
370.6191	167.3929
371.1310	167.3929
371.1310	167.9048
371.6429	167.9048
371.6429	168.9286
372.1548	168.9286
372.1548	169.9524
372.6667	169.9524
372.6667	170.9762
373.1786	170.9762
373.1786	172.0000
373.6905	172.0000
373.6905	172.5119
374.2025	172.5119
374.2025	173.0238
374.7144	173.0238
374.7144	173.5357
375.2263	173.5357
375.2263	174.5596
375.7382	174.5596
375.7382	175.0715
376.2501	175.0715
376.2501	176.0953
376.7620	176.0953
376.7620	176.6072
377.2739	176.6072
377.2739	177.1191
377.7858	177.1191
377.7858	177.6310
378.2977	177.6310
378.2977	178.1429
378.8096	178.1429
378.8096	178.6548
379.8334	178.6548
379.8334	179.1667
380.8572	179.1667
380.8572	179.6786
381.8810	179.6786
381.8810	180.1905
384.4405	180.1905
384.4405	180.7024
387.0001	180.7024
387.0001	181.2143
390.0715	181.2143
390.0715	181.7262
397.7501	181.7262
397.7501	181.2143
400.3096	181.2143
400.3096	180.7024
401.3334	180.7024
401.3334	180.1905
402.3572	180.1905
402.3572	179.6786
403.3810	179.6786
403.3810	179.1667
403.8929	179.1667
403.8929	178.6548
404.4048	178.6548
404.4048	178.1429
404.9167	178.1429
404.9167	177.6310
405.4286	177.6310
405.4286	177.1191
405.9406	177.1191
405.9406	176.0953
406.4525	176.0953
406.4525	175.0715
406.9644	175.0715
406.9644	172.5119
407.4763	172.5119
407.4763	169.4405
406.9644	169.4405
406.9644	166.8810
406.4525	166.8810
406.4525	165.8572
405.9406	165.8572
405.9406	164.8334
405.4286	164.8334
405.4286	164.3215
404.9167	164.3215
404.9167	163.8096
404.4048	163.8096
404.4048	163.2977
403.8929	163.2977
403.8929	159.7143
403.3810	159.7143
403.3810	155.6191
403.8929	155.6191
403.8929	155.1072
404.9167	155.1072
404.9167	154.5953
405.4286	154.5953
405.4286	154.0834
405.9406	154.0834
405.9406	153.5715
408.5001	153.5715
408.5001	153.0596
411.0596	153.0596
411.0596	152.5476
413.6191	152.5476
413.6191	153.0596
419.2501	153.0596
419.2501	152.5476
421.8096	152.5476
421.8096	152.0357
422.8334	152.0357
422.8334	151.5238
423.8572	151.5238
423.8572	151.0119
425.3929	151.0119
425.3929	150.5000
426.9287	150.5000
426.9287	149.9881
427.9525	149.9881
427.9525	149.4762
431.5358	149.4762
431.5358	148.9643
434.6072	148.9643
434.6072	149.4762
437.1667	149.4762
437.1667	149.9881
439.7263	149.9881
439.7263	150.5000
442.2858	150.5000
442.2858	151.0119
444.3334	151.0119
444.3334	151.5238
445.8691	151.5238
445.8691	152.0357
446.8929	152.0357
446.8929	152.5476
447.9168	152.5476
447.9168	153.0596
448.9406	153.0596
448.9406	153.5715
449.9644	153.5715
449.9644	154.0834
450.4763	154.0834
450.4763	154.5953
450.9882	154.5953
450.9882	155.1072
452.0120	155.1072
452.0120	155.6191
453.0358	155.6191
453.0358	156.1310
454.0596	156.1310
454.0596	156.6429
455.0834	156.6429
455.0834	157.1548
455.5953	157.1548
455.5953	157.6667
456.1072	157.6667
456.1072	158.1786
456.6191	158.1786
456.6191	158.6905
457.1310	158.6905
457.1310	159.2024
457.6429	159.2024
457.6429	159.7143
458.1548	159.7143
458.1548	160.2262
458.6668	160.2262
458.6668	160.7381
459.1787	160.7381
459.1787	161.2500
459.6906	161.2500
459.6906	161.7619
460.2025	161.7619
460.2025	162.2738
460.7144	162.2738
460.7144	162.7857
461.2263	162.7857
461.2263	163.2977
461.7382	163.2977
461.7382	163.8096
462.2501	163.8096
462.2501	164.8334
462.7620	164.8334
462.7620	165.8572
463.2739	165.8572
463.2739	166.3691
463.7858	166.3691
463.7858	167.3929
464.2977	167.3929
464.2977	168.4167
464.8096	168.4167
464.8096	169.9524
465.3215	169.9524
465.3215	175.5834
464.8096	175.5834
464.8096	178.1429
464.2977	178.1429
464.2977	179.6786
463.7858	179.6786
463.7858	180.7024
463.2739	180.7024
463.2739	181.7262
462.7620	181.7262
462.7620	183.2619
462.2501	183.2619
462.2501	184.2857
461.7382	184.2857
461.7382	185.3096
461.2263	185.3096
461.2263	185.8215
460.7144	185.8215
460.7144	186.3334
460.2025	186.3334
460.2025	187.3572
459.6906	187.3572
459.6906	187.8691
459.1787	187.8691
459.1787	188.8929
458.6668	188.8929
458.6668	189.9167
458.1548	189.9167
458.1548	192.4762
457.6429	192.4762
457.6429	195.0358
458.1548	195.0358
458.1548	197.5953
458.6668	197.5953
458.6668	198.6191
459.1787	198.6191
459.1787	199.6429
459.6906	199.6429
459.6906	200.1548
460.2025	200.1548
460.2025	200.6667
460.7144	200.6667
460.7144	201.1786
461.2263	201.1786
461.2263	201.6905
461.7382	201.6905
461.7382	202.2024
462.7620	202.2024
462.7620	202.7143
463.7858	202.7143
463.7858	203.2262
464.8096	203.2262
464.8096	203.7381
465.8334	203.7381
465.8334	204.2500
466.8572	204.2500
466.8572	204.7619
467.3691	204.7619
467.3691	205.2738
467.8810	205.2738
467.8810	205.7858
468.3929	205.7858
468.3929	206.2977
469.4168	206.2977
469.4168	206.8096
469.9287	206.8096
469.9287	207.3215
470.4406	207.3215
470.4406	207.8334
470.9525	207.8334
470.9525	208.3453
471.4644	208.3453
471.4644	209.3691
471.9763	209.3691
471.9763	209.8810
472.4882	209.8810
472.4882	210.9048
473.0001	210.9048
473.0001	211.9286
473.5120	211.9286
473.5120	212.9524
474.0239	212.9524
474.0239	213.9762
474.5358	213.9762
474.5358	215.5119
475.0477	215.5119
475.0477	217.0477
475.5596	217.0477
475.5596	218.5834
476.0715	218.5834
476.0715	220.6310
476.5834	220.6310
476.5834	221.6548
477.0953	221.6548
477.0953	222.6786
477.6072	222.6786
477.6072	223.1905
478.1191	223.1905
478.1191	224.2143
478.6310	224.2143
478.6310	224.7262
479.1429	224.7262
479.1429	225.2381
479.6549	225.2381
479.6549	225.7500
480.1668	225.7500
480.1668	226.2619
480.6787	226.2619
480.6787	226.7739
481.1906	226.7739
481.1906	227.2858
481.7025	227.2858
481.7025	227.7977
482.2144	227.7977
482.2144	228.8215
482.7263	228.8215
482.7263	229.8453
483.2382	229.8453
483.2382	230.8691
483.7501	230.8691
483.7501	231.3810
484.2620	231.3810
484.2620	231.8929
484.7739	231.8929
484.7739	233.4286
485.2858	233.4286
485.2858	234.4524
485.7977	234.4524
485.7977	235.4762
486.3096	235.4762
486.3096	238.0358
486.8215	238.0358
486.8215	244.6905
486.3096	244.6905
486.3096	246.2262
485.7977	246.2262
485.7977	247.2500
485.2858	247.2500
485.2858	248.2739
484.7739	248.2739
484.7739	249.2977
484.2620	249.2977
484.2620	249.8096
483.7501	249.8096
483.7501	250.3215
483.2382	250.3215
483.2382	251.3453
482.7263	251.3453
482.7263	251.8572
482.2144	251.8572
482.2144	252.3691
481.7025	252.3691
481.7025	252.8810
481.1906	252.8810
481.1906	253.3929
480.6787	253.3929
480.6787	253.9048
480.1668	253.9048
480.1668	254.4167
479.6549	254.4167
479.6549	254.9286
479.1429	254.9286
479.1429	255.4405
478.6310	255.4405
478.6310	255.9524
478.1191	255.9524
478.1191	256.9762
477.6072	256.9762
477.6072	258.0000
477.0953	258.0000
477.0953	259.0239
476.5834	259.0239
476.5834	260.0477
476.0715	260.0477
476.0715	261.5834
475.5596	261.5834
475.5596	262.0953
475.0477	262.0953
475.0477	262.6072
474.0239	262.6072
474.0239	263.1191
473.5120	263.1191
473.5120	263.6310
473.0001	263.6310
473.0001	264.1429
472.4882	264.1429
472.4882	264.6548
471.4644	264.6548
471.4644	265.1667
470.4406	265.1667
470.4406	265.6786
469.4168	265.6786
469.4168	266.1905
468.3929	266.1905
468.3929	266.7024
467.8810	266.7024
467.8810	267.2143
467.3691	267.2143
467.3691	267.7262
466.8572	267.7262
466.8572	268.2381
466.3453	268.2381
466.3453	268.7501
465.8334	268.7501
465.8334	269.2620
465.3215	269.2620
465.3215	270.2858
464.8096	270.2858
464.8096	271.3096
464.2977	271.3096
464.2977	272.3334
463.7858	272.3334
463.7858	274.8929
463.2739	274.8929
463.2739	280.0120
463.7858	280.0120
463.7858	282.0596
463.2739	282.0596
463.2739	286.6667
462.7620	286.6667
462.7620	288.7143
462.2501	288.7143
462.2501	291.2739
461.7382	291.2739
461.7382	292.2977
461.2263	292.2977
461.2263	292.8096
460.7144	292.8096
460.7144	293.3215
460.2025	293.3215
460.2025	294.3453
459.6906	294.3453
459.6906	294.8572
459.1787	294.8572
459.1787	295.3691
458.6668	295.3691
458.6668	295.8810
458.1548	295.8810
458.1548	296.3929
457.6429	296.3929
457.6429	296.9048
456.6191	296.9048
456.6191	297.4167
456.1072	297.4167
456.1072	297.9286
455.0834	297.9286
455.0834	298.4405
454.0596	298.4405
454.0596	298.9524
453.5477	298.9524
453.5477	299.4643
453.0358	299.4643
453.0358	299.9762
452.5239	299.9762
452.5239	300.4882
452.0120	300.4882
452.0120	301.0001
451.5001	301.0001
451.5001	301.5120
450.9882	301.5120
450.9882	302.5358
450.4763	302.5358
450.4763	303.5596
449.9644	303.5596
449.9644	306.1191
449.4525	306.1191
449.4525	308.6786
449.9644	308.6786
449.9644	311.2382
450.4763	311.2382
450.4763	312.2620
450.9882	312.2620
450.9882	313.2858
451.5001	313.2858
451.5001	313.7977
452.0120	313.7977
452.0120	314.8215
452.5239	314.8215
452.5239	315.8453
453.0358	315.8453
453.0358	316.8691
453.5477	316.8691
453.5477	317.8929
454.0596	317.8929
454.0596	318.9167
454.5715	318.9167
454.5715	319.9405
455.0834	319.9405
455.0834	320.4524
455.5953	320.4524
455.5953	321.4763
456.1072	321.4763
456.1072	324.0358
456.6191	324.0358
456.6191	326.0834
457.1310	326.0834
457.1310	328.1310
457.6429	328.1310
457.6429	333.2501
457.1310	333.2501
457.1310	334.2739
456.6191	334.2739
456.6191	336.8334
456.1072	336.8334
456.1072	338.3691
455.5953	338.3691
455.5953	339.3929
455.0834	339.3929
455.0834	340.9286
454.5715	340.9286
454.5715	343.4882
454.0596	343.4882
454.0596	346.0477
453.5477	346.0477
453.5477	347.0715
453.0358	347.0715
453.0358	348.6072
452.5239	348.6072
452.5239	349.6310
452.0120	349.6310
452.0120	350.6548
451.5001	350.6548
451.5001	352.7024
450.9882	352.7024
450.9882	355.2620
450.4763	355.2620
450.4763	359.3572
450.9882	359.3572
450.9882	362.9405
450.4763	362.9405
450.4763	365.5001
449.9644	365.5001
449.9644	367.5477
449.4525	367.5477
449.4525	368.5715
448.9406	368.5715
448.9406	369.5953
448.4287	369.5953
448.4287	370.6191
447.9168	370.6191
447.9168	371.1310
447.4048	371.1310
447.4048	372.1548
446.8929	372.1548
446.8929	373.1786
446.3810	373.1786
446.3810	374.2025
445.8691	374.2025
445.8691	374.7144
445.3572	374.7144
445.3572	375.2263
444.8453	375.2263
444.8453	375.7382
444.3334	375.7382
444.3334	376.2501
443.8215	376.2501
443.8215	376.7620
443.3096	376.7620
443.3096	377.2739
442.7977	377.2739
442.7977	377.7858
442.2858	377.7858
442.2858	378.8096
441.7739	378.8096
441.7739	379.3215
441.2620	379.3215
441.2620	380.3453
440.7501	380.3453
440.7501	380.8572
440.2382	380.8572
440.2382	381.3691
439.7263	381.3691
439.7263	381.8810
439.2144	381.8810
439.2144	382.9048
438.7025	382.9048
438.7025	383.4167
438.1906	383.4167
438.1906	383.9286
437.6787	383.9286
437.6787	384.4405
437.1667	384.4405
437.1667	384.9525
436.1429	384.9525
436.1429	385.4644
435.6310	385.4644
435.6310	385.9763
434.6072	385.9763
434.6072	386.4882
433.5834	386.4882
433.5834	387.0001
432.5596	387.0001
432.5596	387.5120
431.5358	387.5120
431.5358	388.0239
430.5120	388.0239
430.5120	388.5358
429.4882	388.5358
429.4882	389.0477
428.4644	389.0477
428.4644	389.5596
427.9525	389.5596
427.9525	390.0715
427.4406	390.0715
427.4406	390.5834
426.9287	390.5834
426.9287	391.0953
425.9048	391.0953
425.9048	391.6072
423.3453	391.6072
423.3453	392.1191
422.3215	392.1191
422.3215	392.6310
420.7858	392.6310
420.7858	393.1429
417.7144	393.1429
417.7144	393.6548
413.1072	393.6548
413.1072	394.1667
410.5477	394.1667
410.5477	394.6786
404.9167	394.6786
404.9167	394.1667
403.8929	394.1667
403.8929	393.6548
401.3334	393.6548
401.3334	393.1429
398.7739	393.1429
398.7739	392.6310
396.2144	392.6310
396.2144	393.1429
395.7025	393.1429
395.7025	392.6310
394.6786	392.6310
394.6786	392.1191
393.6548	392.1191
393.6548	391.6072
391.6072	391.6072
391.6072	391.0953
390.5834	391.0953
390.5834	390.5834
389.5596	390.5834
389.5596	390.0715
389.0477	390.0715
389.0477	389.5596
388.0239	389.5596
388.0239	389.0477
387.0001	389.0477
387.0001	388.5358
384.9525	388.5358
384.9525	388.0239
382.3929	388.0239
382.3929	387.5120
379.3215	387.5120
379.3215	387.0001
378.2977	387.0001
378.2977	386.4882
375.7382	386.4882
375.7382	385.9763
371.6429	385.9763
371.6429	385.4644
370.6191	385.4644
370.6191	384.9525
369.0834	384.9525
369.0834	384.4405
368.5715	384.4405
368.5715	383.9286
367.5477	383.9286
367.5477	383.4167
366.5239	383.4167
366.5239	382.9048
365.5001	382.9048
365.5001	382.3929
364.4763	382.3929
364.4763	381.8810
362.4286	381.8810
362.4286	381.3691
361.4048	381.3691
361.4048	380.8572
360.3810	380.8572
360.3810	380.3453
359.3572	380.3453
359.3572	379.8334
358.3334	379.8334
358.3334	379.3215
356.7977	379.3215
356.7977	378.8096
356.2858	378.8096
356.2858	378.2977
355.2620	378.2977
355.2620	377.7858
354.2382	377.7858
354.2382	377.2739
353.2144	377.2739
353.2144	376.7620
352.7024	376.7620
352.7024	376.2501
352.1905	376.2501
352.1905	375.7382
351.6786	375.7382
351.6786	375.2263
350.6548	375.2263
350.6548	374.7144
350.1429	374.7144
350.1429	374.2025
349.6310	374.2025
349.6310	373.6905
349.1191	373.6905
349.1191	373.1786
348.6072	373.1786
348.6072	372.6667
348.0953	372.6667
348.0953	372.1548
347.5834	372.1548
347.5834	371.6429
347.0715	371.6429
347.0715	371.1310
346.5596	371.1310
346.5596	370.6191
346.0477	370.6191
346.0477	370.1072
345.5358	370.1072
345.5358	369.5953
344.5120	369.5953
344.5120	369.0834
343.4882	369.0834
343.4882	368.5715
342.9763	368.5715
342.9763	368.0596
342.4644	368.0596
342.4644	367.5477
341.9524	367.5477
341.9524	367.0358
340.9286	367.0358
340.9286	366.5239
339.9048	366.5239
339.9048	366.0120
339.3929	366.0120
339.3929	365.5001
338.8810	365.5001
338.8810	364.9882
337.8572	364.9882
337.8572	364.4763
337.3453	364.4763
337.3453	363.9644
336.8334	363.9644
336.8334	363.4525
336.3215	363.4525
336.3215	362.9405
335.2977	362.9405
335.2977	362.4286
334.7858	362.4286
334.7858	361.9167
333.7620	361.9167
333.7620	361.4048
333.2501	361.4048
333.2501	360.8929
332.7382	360.8929
332.7382	360.3810
332.2263	360.3810
332.2263	359.8691
331.7143	359.8691
331.7143	359.3572
331.2024	359.3572
331.2024	358.8453
330.6905	358.8453
330.6905	358.3334
330.1786	358.3334
330.1786	357.8215
329.6667	357.8215
329.6667	356.7977
329.1548	356.7977
329.1548	356.2858
328.6429	356.2858
328.6429	355.7739
328.1310	355.7739
328.1310	354.7501
327.6191	354.7501
327.6191	354.2382
327.1072	354.2382
327.1072	351.1667
326.5953	351.1667
326.5953	348.6072
326.0834	348.6072
326.0834	345.0239
325.5715	345.0239
325.5715	342.4644
325.0596	342.4644
325.0596	338.8810
324.5477	338.8810
324.5477	333.7620
324.0358	333.7620
324.0358	332.2263
324.5477	332.2263
324.5477	328.1310
324.0358	328.1310
324.0358	325.5715
323.5239	325.5715
323.5239	324.5477
323.0120	324.5477
323.0120	320.9643
322.5001	320.9643
322.5001	318.4048
321.9882	318.4048
321.9882	317.3810
321.4763	317.3810
321.4763	316.3572
320.9643	316.3572
320.9643	315.3334
321.4763	315.3334
321.4763	312.7739
321.9882	312.7739
321.9882	308.6786
321.4763	308.6786
321.4763	306.1191
320.9643	306.1191
320.9643	305.0953
320.4524	305.0953
320.4524	304.0715
319.9405	304.0715
319.9405	303.0477
319.4286	303.0477
319.4286	302.5358
318.9167	302.5358
318.9167	302.0239
318.4048	302.0239
318.4048	301.5120
317.8929	301.5120
317.8929	301.0001
317.3810	301.0001
317.3810	300.4882
316.8691	300.4882
316.8691	299.9762
315.8453	299.9762
315.8453	299.4643
314.8215	299.4643
314.8215	298.9524
312.2620	298.9524
312.2620	298.4405
309.7024	298.4405
309.7024	298.9524
309.1905	298.9524
309.1905	297.9286
308.6786	297.9286
308.6786	296.9048
308.1667	296.9048
308.1667	295.8810
307.6548	295.8810
307.6548	295.3691
307.1429	295.3691
307.1429	294.8572
306.6310	294.8572
306.6310	294.3453
306.1191	294.3453
306.1191	293.8334
305.6072	293.8334
305.6072	293.3215
305.0953	293.3215
305.0953	290.2501
304.5834	290.2501
304.5834	287.6905
304.0715	287.6905
304.0715	286.6667
303.5596	286.6667
303.5596	285.6429
303.0477	285.6429
303.0477	284.6191
302.5358	284.6191
302.5358	283.5953
302.0239	283.5953
302.0239	282.5715
301.5120	282.5715
301.5120	282.0596
301.0001	282.0596
301.0001	281.0358
300.4882	281.0358
300.4882	278.4762
299.9762	278.4762
299.9762	277.4524
299.4643	277.4524
299.4643	276.4286
298.9524	276.4286
298.9524	275.9167
298.4405	275.9167
298.4405	275.4048
297.9286	275.4048
297.9286	274.8929
297.4167	274.8929
297.4167	274.3810
296.9048	274.3810
296.9048	273.8691
296.3929	273.8691
296.3929	273.3572
295.3691	273.3572
295.3691	272.8453
294.8572	272.8453
294.8572	272.3334
293.8334	272.3334
293.8334	271.8215
293.3215	271.8215
293.3215	271.3096
292.8096	271.3096
292.8096	270.7977
292.2977	270.7977
292.2977	270.2858
291.7858	270.2858
291.7858	269.7739
291.2739	269.7739
291.2739	269.2620
290.2501	269.2620
290.2501	268.7501
289.2262	268.7501
289.2262	268.2381
287.1786	268.2381
287.1786	267.7262
286.1548	267.7262
286.1548	267.2143
285.6429	267.2143
285.6429	266.7024
285.1310	266.7024
285.1310	266.1905
284.6191	266.1905
284.6191	265.6786
284.1072	265.6786
284.1072	265.1667
283.5953	265.1667
283.5953	264.6548
282.5715	264.6548
282.5715	264.1429
281.5477	264.1429
281.5477	263.6310
280.0120	263.6310
280.0120	263.1191
278.9881	263.1191
278.9881	262.6072
276.4286	262.6072
276.4286	262.0953
274.8929	262.0953
274.8929	261.5834
273.8691	261.5834
273.8691	261.0715
272.8453	261.0715
272.8453	260.5596
271.8215	260.5596
271.8215	260.0477
271.3096	260.0477
271.3096	259.5358
270.2858	259.5358
270.2858	259.0239
269.7739	259.0239
269.7739	258.5120
268.7501	258.5120
268.7501	258.0000
267.7262	258.0000
267.7262	257.4881
266.7024	257.4881
266.7024	256.9762
265.6786	256.9762
265.6786	256.4643
265.1667	256.4643
265.1667	255.9524
264.1429	255.9524
264.1429	255.4405
263.6310	255.4405
263.6310	254.9286
263.1191	254.9286
263.1191	254.4167
262.0953	254.4167
262.0953	253.9048
261.0715	253.9048
261.0715	253.3929
260.5596	253.3929
260.5596	252.8810
260.0477	252.8810
260.0477	252.3691
259.0239	252.3691
259.0239	251.8572
258.0000	251.8572
258.0000	251.3453
256.9762	251.3453
256.9762	250.8334
254.4167	250.8334
254.4167	250.3215
253.3929	250.3215
253.3929	249.8096
251.8572	249.8096
251.8572	248.7858
251.3453	248.7858
251.3453	247.7620
250.8334	247.7620
250.8334	246.7381
250.3215	246.7381
250.3215	245.7143
249.8096	245.7143
249.8096	243.1548
249.2977	243.1548
249.2977	241.1072
248.7858	241.1072
248.7858	240.0834
248.2739	240.0834
248.2739	239.0596
247.7620	239.0596
247.7620	238.0358
247.2500	238.0358
247.2500	237.5239
246.7381	237.5239
246.7381	237.0119
246.2262	237.0119
246.2262	236.5000
245.7143	236.5000
245.7143	235.9881
245.2024	235.9881
245.2024	235.4762
244.6905	235.4762
244.6905	234.9643
243.6667	234.9643
243.6667	234.4524
243.1548	234.4524
243.1548	233.9405
242.6429	233.9405
242.6429	232.9167
242.1310	232.9167
242.1310	231.3810
241.6191	231.3810
241.6191	226.2619
241.1072	226.2619
241.1072	223.7024
240.5953	223.7024
240.5953	222.6786
240.0834	222.6786
240.0834	221.6548
239.5715	221.6548
239.5715	220.6310
239.0596	220.6310
239.0596	220.1191
238.5477	220.1191
238.5477	219.6072
238.0358	219.6072
238.0358	219.0953
237.5239	219.0953
237.5239	218.5834
237.0119	218.5834
237.0119	218.0715
236.5000	218.0715
236.5000	217.5596
235.9881	217.5596
235.9881	217.0477
235.4762	217.0477
235.4762	216.5358
234.9643	216.5358
234.9643	215.0000
234.4524	215.0000
234.4524	212.9524
234.9643	212.9524
234.9643	211.9286
235.4762	211.9286
235.4762	209.3691
235.9881	209.3691
235.9881	206.2977
235.4762	206.2977
235.4762	203.7381
234.9643	203.7381
234.9643	202.7143
234.4524	202.7143
234.4524	201.6905
233.9405	201.6905
233.9405	201.1786
233.4286	201.1786
233.4286	200.6667
232.9167	200.6667
232.9167	200.1548
232.4048	200.1548
232.4048	199.6429
231.8929	199.6429
231.8929	199.1310
230.8691	199.1310
230.8691	198.6191
229.8453	198.6191
229.8453	198.1072
229.3334	198.1072
229.3334	197.5953
228.8215	197.5953
228.8215	197.0834
227.7977	197.0834
227.7977	196.5715
226.7739	196.5715
226.7739	196.0596
224.7262	196.0596
224.7262	195.5477
224.2143	195.5477
224.2143	195.0358
223.1905	195.0358
223.1905	194.5238
222.1667	194.5238
222.1667	194.0119
221.6548	194.0119
221.6548	192.9881
222.1667	192.9881
222.1667	190.9405
234.4524	190.9405
234.4524	190.4286
237.0119	190.4286
237.0119	189.9167
239.5715	189.9167
239.5715	189.4048
240.5953	189.4048
240.5953	188.8929
241.6191	188.8929
241.6191	188.3810
242.1310	188.3810
242.1310	187.8691
242.6429	187.8691
242.6429	187.3572
243.1548	187.3572
243.1548	186.8453
243.6667	186.8453
243.6667	186.3334
244.1786	186.3334
244.1786	185.8215
244.6905	185.8215
244.6905	185.3096
245.2024	185.3096
245.2024	184.7977
245.7143	184.7977
245.7143	184.2857
246.2262	184.2857
246.2262	183.7738
246.7381	183.7738
246.7381	182.7500
247.2500	182.7500
247.2500	182.2381
247.7620	182.2381
247.7620	181.2143
248.2739	181.2143
248.2739	180.1905
248.7858	180.1905
248.7858	177.6310
249.2977	177.6310
249.2977	174.0477
248.7858	174.0477
248.7858	172.0000
249.2977	172.0000
249.2977	171.4881
249.8096	171.4881
249.8096	170.4643
250.3215	170.4643
250.3215	169.4405
250.8334	169.4405
250.8334	166.8810
251.3453	166.8810
251.3453	163.2977
250.8334	163.2977
250.8334	160.7381
250.3215	160.7381
250.3215	158.6905
249.8096	158.6905
249.8096	157.6667
249.2977	157.6667
249.2977	156.1310
248.7858	156.1310
248.7858	154.0834
249.2977	154.0834
249.2977	153.5715
250.8334	153.5715
250.8334	154.0834
256.4643	154.0834
256.4643	153.5715
259.0239	153.5715
259.0239	153.0596
260.0477	153.0596
260.0477	152.5476
261.0715	152.5476
261.0715	152.0357
261.5834	152.0357
261.5834	151.5238
262.0953	151.5238
262.0953	151.0119
262.6072	151.0119
262.6072	150.5000
263.1191	150.5000
263.1191	149.9881
263.6310	149.9881
263.6310	148.9643
264.1429	148.9643
264.1429	147.9405
264.6548	147.9405
264.6548	145.3810
265.1667	145.3810
265.1667	141.7976
265.6786	141.7976
265.6786	141.2857
268.2381	141.2857
268.2381	140.7738
269.2620	140.7738
269.2620	140.2619
271.8215	140.2619
271.8215	140.7738
272.8453	140.7738
272.8453	141.2857
274.3810	141.2857
274.3810	142.3096
274.8929	142.3096
274.8929	142.8215
275.4048	142.8215
275.4048	143.8453
275.9167	143.8453
275.9167	144.3572
276.4286	144.3572
276.4286	144.8691
276.9405	144.8691
276.9405	145.3810
277.4524	145.3810
277.4524	145.8929
277.9643	145.8929
277.9643	146.4048
278.9881	146.4048
278.9881	146.9167
280.0120	146.9167
280.0120	147.4286
282.5715	147.4286
282.5715	147.9405
286.6667	147.9405
286.6667	147.4286
289.2262	147.4286
289.2262	146.9167
290.2501	146.9167
290.2501	146.4048
291.2739	146.4048
291.2739	145.8929
291.7858	145.8929
291.7858	145.3810
292.2977	145.3810
292.2977	144.8691
292.8096	144.8691
292.8096	144.3572
293.3215	144.3572
293.3215	143.8453
293.8334	143.8453
293.8334	142.8215
294.3453	142.8215
294.3453	141.7976
294.8572	141.7976
294.8572	139.2381
295.3691	139.2381
295.3691	133.6072
295.8810	133.6072
295.8810	132.0715
296.3929	132.0715
296.3929	130.5357
296.9048	130.5357
296.9048	130.0238
297.4167	130.0238
297.4167	129.5119
297.9286	129.5119
297.9286	128.4881
298.4405	128.4881
298.4405	127.4643
298.9524	127.4643
298.9524	126.4405
301.5120	126.4405
