366.0120	231.8929
370.1072	231.8929
370.1072	232.4048
372.6667	232.4048
372.6667	232.9167
373.1786	232.9167
373.1786	233.4286
373.6905	233.4286
373.6905	233.9405
374.2025	233.9405
374.2025	234.4524
375.2263	234.4524
375.2263	234.9643
375.7382	234.9643
375.7382	235.4762
376.7620	235.4762
376.7620	235.9881
377.2739	235.9881
377.2739	236.5000
378.2977	236.5000
378.2977	237.0119
379.3215	237.0119
379.3215	237.5239
381.8810	237.5239
381.8810	238.0358
382.3929	238.0358
382.3929	238.5477
382.9048	238.5477
382.9048	239.0596
383.4167	239.0596
383.4167	239.5715
383.9286	239.5715
383.9286	240.0834
384.4405	240.0834
384.4405	240.5953
384.9525	240.5953
384.9525	241.1072
385.9763	241.1072
385.9763	241.6191
387.0001	241.6191
387.0001	242.1310
388.0239	242.1310
388.0239	242.6429
389.0477	242.6429
389.0477	243.1548
390.0715	243.1548
390.0715	243.6667
390.5834	243.6667
390.5834	244.1786
391.0953	244.1786
391.0953	244.6905
392.1191	244.6905
392.1191	245.2024
393.1429	245.2024
393.1429	245.7143
395.7025	245.7143
395.7025	246.2262
400.3096	246.2262
400.3096	246.7381
400.8215	246.7381
400.8215	247.2500
401.3334	247.2500
401.3334	249.8096
401.8453	249.8096
401.8453	250.8334
402.3572	250.8334
402.3572	251.8572
402.8691	251.8572
402.8691	252.3691
403.3810	252.3691
403.3810	253.3929
403.8929	253.3929
403.8929	253.9048
404.4048	253.9048
404.4048	254.9286
404.9167	254.9286
404.9167	255.4405
405.4286	255.4405
405.4286	256.4643
405.9406	256.4643
405.9406	257.4881
406.4525	257.4881
406.4525	259.5358
406.9644	259.5358
406.9644	260.5596
407.4763	260.5596
407.4763	263.6310
406.9644	263.6310
406.9644	264.6548
406.4525	264.6548
406.4525	266.1905
405.9406	266.1905
405.9406	267.7262
405.4286	267.7262
405.4286	268.7501
404.9167	268.7501
404.9167	269.2620
404.4048	269.2620
404.4048	269.7739
403.8929	269.7739
403.8929	270.2858
403.3810	270.2858
403.3810	270.7977
402.8691	270.7977
402.8691	271.8215
402.3572	271.8215
402.3572	272.8453
401.8453	272.8453
401.8453	275.4048
401.3334	275.4048
401.3334	278.4762
401.8453	278.4762
401.8453	281.0358
402.3572	281.0358
402.3572	282.0596
402.8691	282.0596
402.8691	283.0834
403.3810	283.0834
403.3810	283.5953
403.8929	283.5953
403.8929	284.1072
404.4048	284.1072
404.4048	284.6191
404.9167	284.6191
404.9167	285.1310
405.4286	285.1310
405.4286	285.6429
405.9406	285.6429
405.9406	286.1548
406.9644	286.1548
406.9644	286.6667
407.9882	286.6667
407.9882	287.1786
410.5477	287.1786
410.5477	287.6905
411.5715	287.6905
411.5715	288.2024
412.5953	288.2024
412.5953	288.7143
414.6429	288.7143
414.6429	289.2262
415.1548	289.2262
415.1548	291.2739
414.6429	291.2739
414.6429	291.7858
414.1310	291.7858
414.1310	292.8096
413.6191	292.8096
413.6191	293.3215
412.0834	293.3215
412.0834	292.8096
411.0596	292.8096
411.0596	292.2977
409.5239	292.2977
409.5239	291.7858
409.0120	291.7858
409.0120	290.7620
408.5001	290.7620
408.5001	290.2501
407.9882	290.2501
407.9882	289.7382
407.4763	289.7382
407.4763	289.2262
406.9644	289.2262
406.9644	288.7143
406.4525	288.7143
406.4525	288.2024
405.4286	288.2024
405.4286	287.6905
404.4048	287.6905
404.4048	287.1786
401.8453	287.1786
401.8453	286.6667
399.2858	286.6667
399.2858	287.1786
396.7263	287.1786
396.7263	287.6905
395.7025	287.6905
395.7025	288.2024
394.6786	288.2024
394.6786	288.7143
394.1667	288.7143
394.1667	289.2262
393.6548	289.2262
393.6548	289.7382
393.1429	289.7382
393.1429	290.2501
392.6310	290.2501
392.6310	290.7620
392.1191	290.7620
392.1191	291.7858
391.0953	291.7858
391.0953	292.2977
390.5834	292.2977
390.5834	292.8096
390.0715	292.8096
390.0715	293.3215
389.5596	293.3215
389.5596	293.8334
389.0477	293.8334
389.0477	294.3453
388.0239	294.3453
388.0239	294.8572
387.5120	294.8572
387.5120	295.3691
386.4882	295.3691
386.4882	295.8810
385.9763	295.8810
385.9763	296.3929
385.4644	296.3929
385.4644	296.9048
384.9525	296.9048
384.9525	297.4167
384.4405	297.4167
384.4405	297.9286
383.9286	297.9286
383.9286	298.4405
383.4167	298.4405
383.4167	299.4643
382.9048	299.4643
382.9048	300.4882
382.3929	300.4882
382.3929	301.5120
381.8810	301.5120
381.8810	302.5358
381.3691	302.5358
381.3691	303.0477
380.8572	303.0477
380.8572	303.5596
379.3215	303.5596
379.3215	304.0715
377.7858	304.0715
377.7858	303.5596
377.2739	303.5596
377.2739	303.0477
376.7620	303.0477
376.7620	302.5358
376.2501	302.5358
376.2501	302.0239
375.2263	302.0239
375.2263	301.5120
374.2025	301.5120
374.2025	301.0001
371.6429	301.0001
371.6429	300.4882
367.0358	300.4882
367.0358	301.0001
364.4763	301.0001
364.4763	301.5120
363.9644	301.5120
363.9644	301.0001
361.4048	301.0001
361.4048	300.4882
357.8215	300.4882
357.8215	299.9762
357.3096	299.9762
357.3096	299.4643
356.7977	299.4643
356.7977	298.9524
356.2858	298.9524
356.2858	298.4405
355.2620	298.4405
355.2620	297.9286
354.2382	297.9286
354.2382	297.4167
352.7024	297.4167
352.7024	296.9048
350.1429	296.9048
350.1429	296.3929
346.0477	296.3929
346.0477	296.9048
345.0239	296.9048
345.0239	296.3929
344.5120	296.3929
344.5120	295.8810
344.0001	295.8810
344.0001	295.3691
343.4882	295.3691
343.4882	294.8572
342.9763	294.8572
342.9763	294.3453
341.9524	294.3453
341.9524	293.8334
340.9286	293.8334
340.9286	293.3215
339.3929	293.3215
339.3929	292.8096
336.8334	292.8096
336.8334	292.2977
335.8096	292.2977
335.8096	291.7858
334.7858	291.7858
334.7858	291.2739
333.2501	291.2739
333.2501	290.7620
332.7382	290.7620
332.7382	290.2501
332.2263	290.2501
332.2263	289.7382
331.7143	289.7382
331.7143	289.2262
331.2024	289.2262
331.2024	288.7143
330.1786	288.7143
330.1786	288.2024
329.1548	288.2024
329.1548	287.6905
328.1310	287.6905
328.1310	287.1786
326.0834	287.1786
326.0834	286.6667
325.5715	286.6667
325.5715	286.1548
325.0596	286.1548
325.0596	285.1310
324.5477	285.1310
324.5477	283.0834
324.0358	283.0834
324.0358	280.5239
323.5239	280.5239
323.5239	278.4762
323.0120	278.4762
323.0120	277.4524
322.5001	277.4524
322.5001	274.8929
321.9882	274.8929
321.9882	273.3572
321.4763	273.3572
321.4763	272.3334
320.9643	272.3334
320.9643	269.7739
320.4524	269.7739
320.4524	268.7501
319.9405	268.7501
319.9405	266.1905
319.4286	266.1905
319.4286	263.6310
318.9167	263.6310
318.9167	262.6072
318.4048	262.6072
318.4048	261.5834
317.8929	261.5834
317.8929	261.0715
317.3810	261.0715
317.3810	260.5596
316.8691	260.5596
316.8691	260.0477
316.3572	260.0477
316.3572	259.5358
315.8453	259.5358
315.8453	259.0239
315.3334	259.0239
315.3334	258.5120
314.8215	258.5120
314.8215	258.0000
313.7977	258.0000
313.7977	257.4881
313.2858	257.4881
313.2858	256.9762
312.7739	256.9762
312.7739	256.4643
311.7501	256.4643
311.7501	255.9524
310.7262	255.9524
310.7262	255.4405
308.6786	255.4405
308.6786	254.9286
308.1667	254.9286
308.1667	254.4167
307.6548	254.4167
307.6548	253.9048
306.6310	253.9048
306.6310	253.3929
305.6072	253.3929
305.6072	251.3453
305.0953	251.3453
305.0953	249.8096
307.1429	249.8096
307.1429	250.3215
308.1667	250.3215
308.1667	250.8334
309.1905	250.8334
309.1905	251.3453
311.7501	251.3453
311.7501	251.8572
315.3334	251.8572
315.3334	251.3453
317.8929	251.3453
317.8929	250.8334
318.9167	250.8334
318.9167	250.3215
319.9405	250.3215
319.9405	249.8096
320.4524	249.8096
320.4524	249.2977
320.9643	249.2977
320.9643	248.7858
321.4763	248.7858
321.4763	248.2739
321.9882	248.2739
321.9882	247.7620
322.5001	247.7620
322.5001	246.7381
323.0120	246.7381
323.0120	245.7143
323.5239	245.7143
323.5239	244.6905
324.0358	244.6905
324.0358	244.1786
325.0596	244.1786
325.0596	243.6667
326.0834	243.6667
326.0834	243.1548
326.5953	243.1548
326.5953	242.6429
327.1072	242.6429
327.1072	242.1310
327.6191	242.1310
327.6191	241.6191
328.1310	241.6191
328.1310	241.1072
328.6429	241.1072
328.6429	240.5953
329.1548	240.5953
329.1548	239.5715
329.6667	239.5715
329.6667	238.5477
330.1786	238.5477
330.1786	237.5239
332.2263	237.5239
332.2263	238.0358
334.7858	238.0358
334.7858	238.5477
337.8572	238.5477
337.8572	238.0358
340.4167	238.0358
340.4167	237.5239
341.9524	237.5239
341.9524	237.0119
342.9763	237.0119
342.9763	236.5000
344.0001	236.5000
344.0001	235.9881
345.0239	235.9881
345.0239	235.4762
346.5596	235.4762
346.5596	234.9643
351.6786	234.9643
351.6786	234.4524
354.2382	234.4524
354.2382	233.9405
356.7977	233.9405
356.7977	233.4286
358.8453	233.4286
358.8453	232.9167
359.8691	232.9167
359.8691	232.4048
362.4286	232.4048
362.4286	231.8929
364.9882	231.8929
364.9882	231.3810
366.0120	231.3810
