345.0239	206.8096
348.0953	206.8096
348.0953	207.3215
352.1905	207.3215
352.1905	207.8334
353.7263	207.8334
353.7263	208.3453
356.2858	208.3453
356.2858	208.8572
357.3096	208.8572
357.3096	209.3691
359.3572	209.3691
359.3572	209.8810
360.3810	209.8810
360.3810	210.3929
362.9405	210.3929
362.9405	210.9048
363.9644	210.9048
363.9644	211.4167
364.9882	211.4167
364.9882	211.9286
365.5001	211.9286
365.5001	212.4405
366.0120	212.4405
366.0120	212.9524
367.0358	212.9524
367.0358	213.4643
368.0596	213.4643
368.0596	213.9762
369.0834	213.9762
369.0834	214.4881
370.1072	214.4881
370.1072	215.0000
371.1310	215.0000
371.1310	215.5119
372.1548	215.5119
372.1548	216.0239
374.2025	216.0239
374.2025	216.5358
376.7620	216.5358
376.7620	217.0477
379.3215	217.0477
379.3215	217.5596
379.8334	217.5596
379.8334	218.0715
380.3453	218.0715
380.3453	218.5834
380.8572	218.5834
380.8572	219.0953
381.3691	219.0953
381.3691	219.6072
381.8810	219.6072
381.8810	220.6310
382.3929	220.6310
382.3929	221.6548
382.9048	221.6548
382.9048	222.6786
383.4167	222.6786
383.4167	223.7024
383.9286	223.7024
383.9286	224.7262
384.4405	224.7262
384.4405	225.2381
384.9525	225.2381
384.9525	226.2619
385.4644	226.2619
385.4644	226.7739
385.9763	226.7739
385.9763	229.3334
386.4882	229.3334
386.4882	230.3572
387.0001	230.3572
387.0001	231.8929
387.5120	231.8929
387.5120	232.9167
388.0239	232.9167
388.0239	233.9405
388.5358	233.9405
388.5358	236.5000
389.0477	236.5000
389.0477	237.5239
389.5596	237.5239
389.5596	239.0596
390.0715	239.0596
390.0715	241.6191
390.5834	241.6191
390.5834	243.1548
391.0953	243.1548
391.0953	244.6905
391.6072	244.6905
391.6072	245.7143
392.1191	245.7143
392.1191	246.7381
392.6310	246.7381
392.6310	247.7620
393.1429	247.7620
393.1429	248.7858
393.6548	248.7858
393.6548	249.8096
394.1667	249.8096
394.1667	250.8334
394.6786	250.8334
394.6786	251.8572
395.1906	251.8572
395.1906	252.3691
395.7025	252.3691
395.7025	253.3929
396.2144	253.3929
396.2144	254.4167
396.7263	254.4167
396.7263	255.4405
397.2382	255.4405
397.2382	260.5596
397.7501	260.5596
397.7501	263.1191
398.2620	263.1191
398.2620	265.6786
398.7739	265.6786
398.7739	268.2381
399.2858	268.2381
399.2858	269.2620
399.7977	269.2620
399.7977	270.2858
400.3096	270.2858
400.3096	270.7977
400.8215	270.7977
400.8215	272.3334
401.3334	272.3334
401.3334	276.4286
400.8215	276.4286
400.8215	276.9405
400.3096	276.9405
400.3096	277.4524
399.7977	277.4524
399.7977	277.9643
399.2858	277.9643
399.2858	278.9881
398.7739	278.9881
398.7739	280.0120
398.2620	280.0120
398.2620	280.5239
397.7501	280.5239
397.7501	281.0358
397.2382	281.0358
397.2382	281.5477
396.7263	281.5477
396.7263	282.0596
396.2144	282.0596
396.2144	283.0834
395.7025	283.0834
395.7025	284.1072
395.1906	284.1072
395.1906	285.6429
394.6786	285.6429
394.6786	286.6667
394.1667	286.6667
394.1667	287.6905
393.6548	287.6905
393.6548	288.2024
393.1429	288.2024
393.1429	289.2262
392.6310	289.2262
392.6310	290.2501
392.1191	290.2501
392.1191	291.2739
391.6072	291.2739
391.6072	293.8334
391.0953	293.8334
391.0953	296.3929
390.5834	296.3929
390.5834	299.9762
390.0715	299.9762
390.0715	300.4882
389.5596	300.4882
389.5596	301.0001
389.0477	301.0001
389.0477	301.5120
388.5358	301.5120
388.5358	302.5358
388.0239	302.5358
388.0239	303.5596
387.5120	303.5596
387.5120	304.5834
387.0001	304.5834
387.0001	306.1191
386.4882	306.1191
386.4882	308.1667
385.9763	308.1667
385.9763	309.1905
385.4644	309.1905
385.4644	310.2143
384.9525	310.2143
384.9525	311.2382
384.4405	311.2382
384.4405	312.2620
383.9286	312.2620
383.9286	312.7739
383.4167	312.7739
383.4167	313.2858
382.9048	313.2858
382.9048	314.3096
382.3929	314.3096
382.3929	315.3334
381.3691	315.3334
381.3691	315.8453
380.8572	315.8453
380.8572	316.3572
380.3453	316.3572
380.3453	316.8691
379.8334	316.8691
379.8334	317.3810
379.3215	317.3810
379.3215	317.8929
377.7858	317.8929
377.7858	318.4048
375.7382	318.4048
375.7382	318.9167
374.7144	318.9167
374.7144	319.4286
372.1548	319.4286
372.1548	319.9405
371.6429	319.9405
371.6429	319.4286
370.6191	319.4286
370.6191	318.9167
368.0596	318.9167
368.0596	318.4048
365.5001	318.4048
365.5001	318.9167
362.9405	318.9167
362.9405	319.4286
358.3334	319.4286
358.3334	318.9167
354.7501	318.9167
354.7501	318.4048
353.7263	318.4048
353.7263	317.8929
351.1667	317.8929
351.1667	317.3810
348.0953	317.3810
348.0953	316.8691
346.5596	316.8691
346.5596	316.3572
344.5120	316.3572
344.5120	315.8453
341.9524	315.8453
341.9524	315.3334
338.3691	315.3334
338.3691	315.8453
335.8096	315.8453
335.8096	315.3334
335.2977	315.3334
335.2977	314.8215
334.7858	314.8215
334.7858	314.3096
334.2739	314.3096
334.2739	313.7977
333.2501	313.7977
333.2501	313.2858
332.2263	313.2858
332.2263	312.7739
331.7143	312.7739
331.7143	312.2620
331.2024	312.2620
331.2024	311.7501
330.6905	311.7501
330.6905	311.2382
330.1786	311.2382
330.1786	309.1905
329.6667	309.1905
329.6667	308.1667
329.1548	308.1667
329.1548	307.1429
328.6429	307.1429
328.6429	306.6310
328.1310	306.6310
328.1310	306.1191
327.6191	306.1191
327.6191	305.6072
327.1072	305.6072
327.1072	305.0953
326.5953	305.0953
326.5953	304.5834
326.0834	304.5834
326.0834	304.0715
325.5715	304.0715
325.5715	303.5596
325.0596	303.5596
325.0596	303.0477
324.0358	303.0477
324.0358	302.5358
323.0120	302.5358
323.0120	302.0239
320.9643	302.0239
320.9643	301.0001
320.4524	301.0001
320.4524	298.4405
319.9405	298.4405
319.9405	296.9048
319.4286	296.9048
319.4286	295.8810
319.9405	295.8810
319.9405	286.6667
320.4524	286.6667
320.4524	284.1072
319.9405	284.1072
319.9405	281.5477
319.4286	281.5477
319.4286	280.5239
318.9167	280.5239
318.9167	279.5001
318.4048	279.5001
318.4048	278.9881
317.8929	278.9881
317.8929	278.4762
317.3810	278.4762
317.3810	277.9643
316.8691	277.9643
316.8691	277.4524
316.3572	277.4524
316.3572	275.4048
315.8453	275.4048
315.8453	274.3810
315.3334	274.3810
315.3334	271.3096
314.8215	271.3096
314.8215	266.1905
315.3334	266.1905
315.3334	262.6072
314.8215	262.6072
314.8215	260.0477
314.3096	260.0477
314.3096	259.0239
313.7977	259.0239
313.7977	258.0000
313.2858	258.0000
313.2858	257.4881
312.7739	257.4881
312.7739	256.4643
312.2620	256.4643
312.2620	254.4167
312.7739	254.4167
312.7739	253.9048
313.2858	253.9048
313.2858	252.8810
313.7977	252.8810
313.7977	251.8572
314.3096	251.8572
314.3096	249.2977
314.8215	249.2977
314.8215	243.6667
315.3334	243.6667
315.3334	242.1310
315.8453	242.1310
315.8453	239.5715
316.3572	239.5715
316.3572	235.4762
315.8453	235.4762
315.8453	232.9167
315.3334	232.9167
315.3334	231.8929
315.8453	231.8929
315.8453	230.8691
316.3572	230.8691
316.3572	228.3096
316.8691	228.3096
316.8691	227.2858
317.3810	227.2858
317.3810	226.2619
317.8929	226.2619
317.8929	224.2143
318.4048	224.2143
318.4048	223.7024
318.9167	223.7024
318.9167	223.1905
319.4286	223.1905
319.4286	222.6786
319.9405	222.6786
319.9405	222.1667
320.4524	222.1667
320.4524	221.6548
320.9643	221.6548
320.9643	221.1429
321.4763	221.1429
321.4763	220.1191
321.9882	220.1191
321.9882	219.6072
322.5001	219.6072
322.5001	218.5834
323.0120	218.5834
323.0120	217.5596
323.5239	217.5596
323.5239	217.0477
324.0358	217.0477
324.0358	216.0239
324.5477	216.0239
324.5477	215.5119
325.0596	215.5119
325.0596	215.0000
325.5715	215.0000
325.5715	214.4881
326.0834	214.4881
326.0834	213.9762
326.5953	213.9762
326.5953	213.4643
327.1072	213.4643
327.1072	212.4405
327.6191	212.4405
327.6191	211.9286
328.1310	211.9286
328.1310	211.4167
329.1548	211.4167
329.1548	210.9048
330.1786	210.9048
330.1786	210.3929
330.6905	210.3929
330.6905	209.8810
331.7143	209.8810
331.7143	209.3691
332.7382	209.3691
332.7382	208.8572
333.2501	208.8572
333.2501	208.3453
334.7858	208.3453
334.7858	207.8334
335.8096	207.8334
335.8096	207.3215
337.8572	207.3215
337.8572	206.8096
340.9286	206.8096
340.9286	206.2977
345.0239	206.2977
