342.4644	206.2977
347.5834	206.2977
347.5834	206.8096
350.1429	206.8096
350.1429	207.3215
352.7024	207.3215
352.7024	207.8334
353.7263	207.8334
353.7263	208.3453
355.7739	208.3453
355.7739	208.8572
357.3096	208.8572
357.3096	209.3691
359.8691	209.3691
359.8691	209.8810
363.4525	209.8810
363.4525	210.3929
363.9644	210.3929
363.9644	210.9048
364.4763	210.9048
364.4763	211.4167
364.9882	211.4167
364.9882	211.9286
366.0120	211.9286
366.0120	212.4405
367.0358	212.4405
367.0358	212.9524
368.0596	212.9524
368.0596	213.4643
370.1072	213.4643
370.1072	213.9762
371.1310	213.9762
371.1310	214.4881
372.1548	214.4881
372.1548	215.0000
374.2025	215.0000
374.2025	215.5119
376.7620	215.5119
376.7620	216.0239
378.2977	216.0239
378.2977	216.5358
379.3215	216.5358
379.3215	217.0477
380.3453	217.0477
380.3453	218.0715
380.8572	218.0715
380.8572	219.0953
381.3691	219.0953
381.3691	220.1191
381.8810	220.1191
381.8810	221.1429
382.3929	221.1429
382.3929	222.1667
382.9048	222.1667
382.9048	222.6786
383.4167	222.6786
383.4167	223.7024
383.9286	223.7024
383.9286	224.2143
384.4405	224.2143
384.4405	225.2381
384.9525	225.2381
384.9525	225.7500
385.4644	225.7500
385.4644	226.7739
385.9763	226.7739
385.9763	227.7977
386.4882	227.7977
386.4882	228.3096
387.0001	228.3096
387.0001	229.8453
387.5120	229.8453
387.5120	232.4048
388.0239	232.4048
388.0239	233.4286
388.5358	233.4286
388.5358	234.9643
389.0477	234.9643
389.0477	237.0119
389.5596	237.0119
389.5596	238.0358
390.0715	238.0358
390.0715	240.0834
390.5834	240.0834
390.5834	241.6191
391.0953	241.6191
391.0953	243.1548
391.6072	243.1548
391.6072	245.2024
392.1191	245.2024
392.1191	247.2500
392.6310	247.2500
392.6310	248.2739
393.1429	248.2739
393.1429	250.3215
393.6548	250.3215
393.6548	251.3453
394.1667	251.3453
394.1667	252.3691
394.6786	252.3691
394.6786	253.3929
395.1906	253.3929
395.1906	254.4167
395.7025	254.4167
395.7025	255.4405
396.2144	255.4405
396.2144	256.4643
396.7263	256.4643
396.7263	260.0477
396.2144	260.0477
396.2144	263.1191
396.7263	263.1191
396.7263	265.6786
397.2382	265.6786
397.2382	267.2143
397.7501	267.2143
397.7501	268.2381
398.2620	268.2381
398.2620	269.2620
398.7739	269.2620
398.7739	270.2858
399.2858	270.2858
399.2858	271.8215
399.7977	271.8215
399.7977	276.4286
399.2858	276.4286
399.2858	277.4524
398.7739	277.4524
398.7739	277.9643
398.2620	277.9643
398.2620	278.4762
397.7501	278.4762
397.7501	279.5001
397.2382	279.5001
397.2382	280.5239
396.7263	280.5239
396.7263	281.0358
396.2144	281.0358
396.2144	282.0596
395.7025	282.0596
395.7025	283.0834
395.1906	283.0834
395.1906	284.6191
394.6786	284.6191
394.6786	285.6429
394.1667	285.6429
394.1667	287.1786
393.6548	287.1786
393.6548	287.6905
393.1429	287.6905
393.1429	288.2024
392.6310	288.2024
392.6310	289.2262
392.1191	289.2262
392.1191	290.2501
391.6072	290.2501
391.6072	291.2739
391.0953	291.2739
391.0953	293.8334
390.5834	293.8334
390.5834	294.8572
390.0715	294.8572
390.0715	297.4167
389.5596	297.4167
389.5596	299.9762
389.0477	299.9762
389.0477	300.4882
388.5358	300.4882
388.5358	301.5120
388.0239	301.5120
388.0239	302.5358
387.5120	302.5358
387.5120	304.0715
387.0001	304.0715
387.0001	305.6072
386.4882	305.6072
386.4882	306.6310
385.9763	306.6310
385.9763	308.6786
385.4644	308.6786
385.4644	310.2143
384.9525	310.2143
384.9525	311.7501
384.4405	311.7501
384.4405	312.7739
383.9286	312.7739
383.9286	314.3096
383.4167	314.3096
383.4167	314.8215
382.9048	314.8215
382.9048	315.3334
382.3929	315.3334
382.3929	315.8453
381.8810	315.8453
381.8810	316.3572
380.8572	316.3572
380.8572	316.8691
380.3453	316.8691
380.3453	317.3810
379.8334	317.3810
379.8334	317.8929
378.2977	317.8929
378.2977	318.4048
375.7382	318.4048
375.7382	318.9167
373.6905	318.9167
373.6905	319.4286
369.5953	319.4286
369.5953	319.9405
367.0358	319.9405
367.0358	319.4286
361.4048	319.4286
361.4048	319.9405
354.2382	319.9405
354.2382	319.4286
353.2144	319.4286
353.2144	318.9167
352.1905	318.9167
352.1905	318.4048
349.6310	318.4048
349.6310	317.8929
345.0239	317.8929
345.0239	317.3810
342.4644	317.3810
342.4644	316.8691
337.8572	316.8691
337.8572	317.3810
336.3215	317.3810
336.3215	316.8691
335.2977	316.8691
335.2977	316.3572
334.2739	316.3572
334.2739	315.8453
333.2501	315.8453
333.2501	315.3334
332.7382	315.3334
332.7382	314.8215
332.2263	314.8215
332.2263	314.3096
331.7143	314.3096
331.7143	313.7977
330.6905	313.7977
330.6905	313.2858
330.1786	313.2858
330.1786	312.7739
329.6667	312.7739
329.6667	312.2620
329.1548	312.2620
329.1548	311.2382
328.6429	311.2382
328.6429	310.7262
328.1310	310.7262
328.1310	310.2143
327.6191	310.2143
327.6191	309.7024
327.1072	309.7024
327.1072	309.1905
326.5953	309.1905
326.5953	308.6786
325.5715	308.6786
325.5715	308.1667
324.5477	308.1667
324.5477	307.6548
323.0120	307.6548
323.0120	307.1429
322.5001	307.1429
322.5001	306.6310
321.9882	306.6310
321.9882	306.1191
321.4763	306.1191
321.4763	305.6072
320.9643	305.6072
320.9643	305.0953
320.4524	305.0953
320.4524	304.5834
319.9405	304.5834
319.9405	304.0715
319.4286	304.0715
319.4286	303.5596
318.9167	303.5596
318.9167	302.5358
318.4048	302.5358
318.4048	301.5120
317.8929	301.5120
317.8929	301.0001
317.3810	301.0001
317.3810	300.4882
316.8691	300.4882
316.8691	299.9762
316.3572	299.9762
316.3572	299.4643
315.8453	299.4643
315.8453	298.9524
314.8215	298.9524
314.8215	298.4405
314.3096	298.4405
314.3096	297.9286
314.8215	297.9286
314.8215	297.4167
315.3334	297.4167
315.3334	296.9048
315.8453	296.9048
315.8453	296.3929
316.3572	296.3929
316.3572	295.8810
316.8691	295.8810
316.8691	294.8572
317.3810	294.8572
317.3810	293.8334
317.8929	293.8334
317.8929	291.2739
318.4048	291.2739
318.4048	288.7143
317.8929	288.7143
317.8929	286.1548
317.3810	286.1548
317.3810	284.6191
317.8929	284.6191
317.8929	280.0120
317.3810	280.0120
317.3810	277.4524
316.8691	277.4524
316.8691	276.4286
316.3572	276.4286
316.3572	275.4048
315.8453	275.4048
315.8453	274.8929
315.3334	274.8929
315.3334	274.3810
314.8215	274.3810
314.8215	273.8691
314.3096	273.8691
314.3096	271.8215
313.7977	271.8215
313.7977	268.2381
314.3096	268.2381
314.3096	262.6072
313.7977	262.6072
313.7977	260.0477
313.2858	260.0477
313.2858	259.0239
312.7739	259.0239
312.7739	258.0000
312.2620	258.0000
312.2620	256.9762
311.7501	256.9762
311.7501	256.4643
311.2382	256.4643
311.2382	255.4405
310.7262	255.4405
310.7262	254.4167
311.2382	254.4167
311.2382	253.3929
311.7501	253.3929
311.7501	252.3691
312.2620	252.3691
312.2620	250.3215
312.7739	250.3215
312.7739	247.7620
313.2858	247.7620
313.2858	246.7381
313.7977	246.7381
313.7977	246.2262
314.3096	246.2262
314.3096	245.2024
314.8215	245.2024
314.8215	244.1786
315.3334	244.1786
315.3334	241.6191
315.8453	241.6191
315.8453	233.9405
315.3334	233.9405
315.3334	231.3810
314.8215	231.3810
314.8215	228.3096
315.3334	228.3096
315.3334	227.2858
315.8453	227.2858
315.8453	226.2619
316.3572	226.2619
316.3572	224.7262
316.8691	224.7262
316.8691	223.1905
317.3810	223.1905
317.3810	222.6786
317.8929	222.6786
317.8929	222.1667
318.4048	222.1667
318.4048	221.6548
318.9167	221.6548
318.9167	221.1429
319.4286	221.1429
319.4286	220.6310
319.9405	220.6310
319.9405	220.1191
320.4524	220.1191
320.4524	219.6072
320.9643	219.6072
320.9643	219.0953
321.4763	219.0953
321.4763	218.0715
321.9882	218.0715
321.9882	217.0477
322.5001	217.0477
322.5001	216.5358
323.0120	216.5358
323.0120	216.0239
323.5239	216.0239
323.5239	215.0000
324.0358	215.0000
324.0358	214.4881
324.5477	214.4881
324.5477	213.9762
325.0596	213.9762
325.0596	213.4643
325.5715	213.4643
325.5715	212.9524
326.0834	212.9524
326.0834	212.4405
326.5953	212.4405
326.5953	211.9286
327.1072	211.9286
327.1072	210.9048
327.6191	210.9048
327.6191	210.3929
328.1310	210.3929
328.1310	209.8810
328.6429	209.8810
328.6429	209.3691
329.6667	209.3691
329.6667	208.8572
330.6905	208.8572
330.6905	208.3453
331.7143	208.3453
331.7143	207.8334
334.2739	207.8334
334.2739	207.3215
335.2977	207.3215
335.2977	206.8096
336.3215	206.8096
336.3215	206.2977
338.8810	206.2977
338.8810	205.7858
342.4644	205.7858
