346.0477	205.7858
349.6310	205.7858
349.6310	206.2977
350.6548	206.2977
350.6548	206.8096
351.6786	206.8096
351.6786	207.3215
353.7263	207.3215
353.7263	207.8334
356.2858	207.8334
356.2858	208.3453
359.3572	208.3453
359.3572	208.8572
361.9167	208.8572
361.9167	209.3691
366.0120	209.3691
366.0120	209.8810
366.5239	209.8810
366.5239	210.3929
367.0358	210.3929
367.0358	210.9048
368.0596	210.9048
368.0596	211.4167
369.0834	211.4167
369.0834	211.9286
370.6191	211.9286
370.6191	212.4405
371.6429	212.4405
371.6429	212.9524
372.1548	212.9524
372.1548	213.4643
372.6667	213.4643
372.6667	213.9762
373.1786	213.9762
373.1786	214.4881
374.2025	214.4881
374.2025	215.0000
374.7144	215.0000
374.7144	215.5119
375.2263	215.5119
375.2263	216.0239
375.7382	216.0239
375.7382	216.5358
376.7620	216.5358
376.7620	217.0477
377.7858	217.0477
377.7858	217.5596
379.8334	217.5596
379.8334	218.0715
380.3453	218.0715
380.3453	218.5834
381.3691	218.5834
381.3691	219.6072
381.8810	219.6072
381.8810	220.1191
382.3929	220.1191
382.3929	220.6310
382.9048	220.6310
382.9048	221.1429
383.4167	221.1429
383.4167	222.1667
383.9286	222.1667
383.9286	223.1905
384.4405	223.1905
384.4405	223.7024
384.9525	223.7024
384.9525	224.7262
385.4644	224.7262
385.4644	225.7500
385.9763	225.7500
385.9763	226.2619
386.4882	226.2619
386.4882	226.7739
387.0001	226.7739
387.0001	227.7977
387.5120	227.7977
387.5120	228.3096
388.0239	228.3096
388.0239	229.3334
388.5358	229.3334
388.5358	230.3572
389.0477	230.3572
389.0477	230.8691
389.5596	230.8691
389.5596	231.8929
390.0715	231.8929
390.0715	232.9167
390.5834	232.9167
390.5834	233.9405
391.0953	233.9405
391.0953	235.9881
391.6072	235.9881
391.6072	237.0119
392.1191	237.0119
392.1191	238.0358
392.6310	238.0358
392.6310	239.0596
393.1429	239.0596
393.1429	240.5953
393.6548	240.5953
393.6548	241.6191
394.1667	241.6191
394.1667	243.1548
394.6786	243.1548
394.6786	244.1786
395.1906	244.1786
395.1906	245.2024
395.7025	245.2024
395.7025	249.8096
396.2144	249.8096
396.2144	252.3691
396.7263	252.3691
396.7263	254.4167
397.2382	254.4167
397.2382	255.9524
397.7501	255.9524
397.7501	256.9762
398.2620	256.9762
398.2620	258.0000
398.7739	258.0000
398.7739	259.0239
399.2858	259.0239
399.2858	259.5358
399.7977	259.5358
399.7977	260.0477
400.3096	260.0477
400.3096	262.0953
400.8215	262.0953
400.8215	263.1191
401.3334	263.1191
401.3334	264.1429
400.8215	264.1429
400.8215	268.7501
400.3096	268.7501
400.3096	271.8215
400.8215	271.8215
400.8215	274.3810
401.3334	274.3810
401.3334	274.8929
400.8215	274.8929
400.8215	275.4048
400.3096	275.4048
400.3096	275.9167
399.7977	275.9167
399.7977	276.4286
399.2858	276.4286
399.2858	276.9405
398.7739	276.9405
398.7739	277.4524
398.2620	277.4524
398.2620	278.4762
397.7501	278.4762
397.7501	279.5001
397.2382	279.5001
397.2382	281.5477
396.7263	281.5477
396.7263	284.1072
396.2144	284.1072
396.2144	287.6905
395.7025	287.6905
395.7025	288.7143
395.1906	288.7143
395.1906	291.2739
394.6786	291.2739
394.6786	295.8810
394.1667	295.8810
394.1667	296.9048
393.6548	296.9048
393.6548	299.4643
393.1429	299.4643
393.1429	303.5596
392.6310	303.5596
392.6310	304.5834
392.1191	304.5834
392.1191	305.6072
391.6072	305.6072
391.6072	307.6548
391.0953	307.6548
391.0953	308.6786
390.5834	308.6786
390.5834	309.7024
390.0715	309.7024
390.0715	310.7262
389.5596	310.7262
389.5596	311.2382
389.0477	311.2382
389.0477	312.2620
388.5358	312.2620
388.5358	313.2858
388.0239	313.2858
388.0239	314.3096
387.5120	314.3096
387.5120	314.8215
387.0001	314.8215
387.0001	315.8453
386.4882	315.8453
386.4882	316.3572
385.9763	316.3572
385.9763	316.8691
385.4644	316.8691
385.4644	317.3810
384.9525	317.3810
384.9525	317.8929
384.4405	317.8929
384.4405	318.4048
383.9286	318.4048
383.9286	318.9167
382.9048	318.9167
382.9048	319.4286
382.3929	319.4286
382.3929	319.9405
381.3691	319.9405
381.3691	320.4524
380.3453	320.4524
380.3453	320.9643
379.3215	320.9643
379.3215	321.4763
378.2977	321.4763
378.2977	321.9882
377.7858	321.9882
377.7858	322.5001
376.7620	322.5001
376.7620	323.0120
375.2263	323.0120
375.2263	323.5239
374.2025	323.5239
374.2025	324.0358
371.6429	324.0358
371.6429	324.5477
370.6191	324.5477
370.6191	325.0596
369.5953	325.0596
369.5953	324.5477
369.0834	324.5477
369.0834	324.0358
368.0596	324.0358
368.0596	323.5239
367.0358	323.5239
367.0358	323.0120
366.0120	323.0120
366.0120	322.5001
363.4525	322.5001
363.4525	321.9882
358.8453	321.9882
358.8453	321.4763
358.3334	321.4763
358.3334	320.9643
357.8215	320.9643
357.8215	320.4524
356.7977	320.4524
356.7977	319.9405
355.7739	319.9405
355.7739	319.4286
353.2144	319.4286
353.2144	318.9167
350.6548	318.9167
350.6548	319.4286
348.0953	319.4286
348.0953	319.9405
345.5358	319.9405
345.5358	319.4286
344.0001	319.4286
344.0001	318.9167
343.4882	318.9167
343.4882	318.4048
342.9763	318.4048
342.9763	317.8929
342.4644	317.8929
342.4644	317.3810
341.9524	317.3810
341.9524	316.8691
340.9286	316.8691
340.9286	316.3572
340.4167	316.3572
340.4167	315.8453
339.9048	315.8453
339.9048	315.3334
339.3929	315.3334
339.3929	314.3096
338.8810	314.3096
338.8810	313.7977
338.3691	313.7977
338.3691	312.7739
337.8572	312.7739
337.8572	311.7501
337.3453	311.7501
337.3453	310.7262
336.8334	310.7262
336.8334	310.2143
336.3215	310.2143
336.3215	309.7024
335.8096	309.7024
335.8096	309.1905
335.2977	309.1905
335.2977	308.6786
334.7858	308.6786
334.7858	308.1667
333.7620	308.1667
333.7620	307.6548
332.7382	307.6548
332.7382	307.1429
331.7143	307.1429
331.7143	306.6310
331.2024	306.6310
331.2024	306.1191
330.6905	306.1191
330.6905	305.6072
329.6667	305.6072
329.6667	305.0953
329.1548	305.0953
329.1548	304.5834
328.1310	304.5834
328.1310	304.0715
327.1072	304.0715
327.1072	303.5596
326.0834	303.5596
326.0834	303.0477
325.0596	303.0477
325.0596	302.0239
324.5477	302.0239
324.5477	301.0001
324.0358	301.0001
324.0358	300.4882
323.5239	300.4882
323.5239	299.4643
323.0120	299.4643
323.0120	298.9524
322.5001	298.9524
322.5001	298.4405
321.9882	298.4405
321.9882	297.9286
321.4763	297.9286
321.4763	297.4167
320.9643	297.4167
320.9643	296.9048
320.4524	296.9048
320.4524	296.3929
319.9405	296.3929
319.9405	295.8810
318.9167	295.8810
318.9167	295.3691
318.4048	295.3691
318.4048	294.8572
317.8929	294.8572
317.8929	294.3453
317.3810	294.3453
317.3810	293.8334
316.8691	293.8334
316.8691	293.3215
316.3572	293.3215
316.3572	292.8096
315.8453	292.8096
315.8453	292.2977
316.3572	292.2977
316.3572	291.2739
316.8691	291.2739
316.8691	290.2501
317.3810	290.2501
317.3810	287.6905
317.8929	287.6905
317.8929	282.0596
317.3810	282.0596
317.3810	279.5001
316.8691	279.5001
316.8691	278.4762
316.3572	278.4762
316.3572	277.4524
315.8453	277.4524
315.8453	276.9405
315.3334	276.9405
315.3334	274.8929
314.8215	274.8929
314.8215	273.8691
314.3096	273.8691
314.3096	270.7977
313.7977	270.7977
313.7977	268.2381
313.2858	268.2381
313.2858	267.2143
312.7739	267.2143
312.7739	265.6786
313.2858	265.6786
313.2858	260.0477
312.7739	260.0477
312.7739	257.4881
312.2620	257.4881
312.2620	255.9524
312.7739	255.9524
312.7739	252.8810
312.2620	252.8810
312.2620	250.8334
312.7739	250.8334
312.7739	250.3215
313.2858	250.3215
313.2858	249.2977
313.7977	249.2977
313.7977	248.2739
314.3096	248.2739
314.3096	245.7143
314.8215	245.7143
314.8215	241.1072
315.3334	241.1072
315.3334	239.5715
315.8453	239.5715
315.8453	237.0119
316.3572	237.0119
316.3572	234.4524
316.8691	234.4524
316.8691	229.3334
316.3572	229.3334
316.3572	228.3096
316.8691	228.3096
316.8691	226.7739
317.3810	226.7739
317.3810	225.7500
317.8929	225.7500
317.8929	224.7262
318.4048	224.7262
318.4048	223.7024
318.9167	223.7024
318.9167	222.6786
319.4286	222.6786
319.4286	221.6548
319.9405	221.6548
319.9405	220.6310
320.4524	220.6310
320.4524	219.0953
320.9643	219.0953
320.9643	218.5834
321.4763	218.5834
321.4763	218.0715
321.9882	218.0715
321.9882	217.0477
322.5001	217.0477
322.5001	216.5358
323.0120	216.5358
323.0120	216.0239
323.5239	216.0239
323.5239	215.5119
324.0358	215.5119
324.0358	215.0000
324.5477	215.0000
324.5477	214.4881
325.0596	214.4881
325.0596	213.9762
325.5715	213.9762
325.5715	213.4643
326.0834	213.4643
326.0834	212.9524
326.5953	212.9524
326.5953	212.4405
327.1072	212.4405
327.1072	211.4167
327.6191	211.4167
327.6191	210.3929
328.1310	210.3929
328.1310	209.8810
328.6429	209.8810
328.6429	208.8572
329.6667	208.8572
329.6667	208.3453
330.1786	208.3453
330.1786	207.8334
330.6905	207.8334
330.6905	207.3215
331.7143	207.3215
331.7143	206.8096
333.7620	206.8096
333.7620	206.2977
336.3215	206.2977
336.3215	205.7858
338.3691	205.7858
338.3691	205.2738
346.0477	205.2738
