357.8215	189.4048
358.8453	189.4048
358.8453	189.9167
361.4048	189.9167
361.4048	190.4286
362.4286	190.4286
362.4286	190.9405
363.4525	190.9405
363.4525	191.4524
364.4763	191.4524
364.4763	191.9643
365.5001	191.9643
365.5001	192.4762
366.0120	192.4762
366.0120	192.9881
367.0358	192.9881
367.0358	193.5000
368.0596	193.5000
368.0596	194.0119
368.5715	194.0119
368.5715	194.5238
369.0834	194.5238
369.0834	195.0358
369.5953	195.0358
369.5953	195.5477
370.6191	195.5477
370.6191	196.0596
371.1310	196.0596
371.1310	196.5715
372.1548	196.5715
372.1548	197.0834
372.6667	197.0834
372.6667	197.5953
373.1786	197.5953
373.1786	198.1072
373.6905	198.1072
373.6905	198.6191
374.2025	198.6191
374.2025	199.1310
374.7144	199.1310
374.7144	199.6429
375.7382	199.6429
375.7382	200.1548
376.7620	200.1548
376.7620	200.6667
378.2977	200.6667
378.2977	201.1786
378.8096	201.1786
378.8096	201.6905
379.3215	201.6905
379.3215	202.2024
379.8334	202.2024
379.8334	202.7143
380.3453	202.7143
380.3453	203.2262
380.8572	203.2262
380.8572	204.2500
381.3691	204.2500
381.3691	204.7619
381.8810	204.7619
381.8810	205.2738
382.3929	205.2738
382.3929	206.2977
382.9048	206.2977
382.9048	206.8096
383.4167	206.8096
383.4167	207.3215
383.9286	207.3215
383.9286	207.8334
384.4405	207.8334
384.4405	208.3453
384.9525	208.3453
384.9525	209.3691
385.4644	209.3691
385.4644	210.3929
385.9763	210.3929
385.9763	210.9048
386.4882	210.9048
386.4882	211.4167
387.0001	211.4167
387.0001	211.9286
387.5120	211.9286
387.5120	212.4405
388.0239	212.4405
388.0239	212.9524
388.5358	212.9524
388.5358	213.4643
389.0477	213.4643
389.0477	213.9762
389.5596	213.9762
389.5596	214.4881
390.5834	214.4881
390.5834	215.0000
391.0953	215.0000
391.0953	215.5119
392.1191	215.5119
392.1191	216.0239
392.6310	216.0239
392.6310	216.5358
393.1429	216.5358
393.1429	217.0477
393.6548	217.0477
393.6548	217.5596
394.1667	217.5596
394.1667	218.0715
394.6786	218.0715
394.6786	218.5834
395.1906	218.5834
395.1906	219.0953
395.7025	219.0953
395.7025	219.6072
396.2144	219.6072
396.2144	220.6310
396.7263	220.6310
396.7263	221.6548
397.2382	221.6548
397.2382	222.1667
397.7501	222.1667
397.7501	223.1905
398.2620	223.1905
398.2620	223.7024
398.7739	223.7024
398.7739	224.2143
399.2858	224.2143
399.2858	225.2381
399.7977	225.2381
399.7977	225.7500
400.3096	225.7500
400.3096	226.7739
400.8215	226.7739
400.8215	227.2858
401.3334	227.2858
401.3334	229.3334
401.8453	229.3334
401.8453	230.3572
402.3572	230.3572
402.3572	231.3810
402.8691	231.3810
402.8691	231.8929
403.3810	231.8929
403.3810	232.4048
403.8929	232.4048
403.8929	238.0358
404.4048	238.0358
404.4048	242.6429
404.9167	242.6429
404.9167	245.2024
405.4286	245.2024
405.4286	246.7381
405.9406	246.7381
405.9406	249.2977
406.4525	249.2977
406.4525	250.3215
406.9644	250.3215
406.9644	251.3453
407.4763	251.3453
407.4763	251.8572
407.9882	251.8572
407.9882	252.8810
408.5001	252.8810
408.5001	253.3929
409.0120	253.3929
409.0120	253.9048
409.5239	253.9048
409.5239	256.4643
410.0358	256.4643
410.0358	258.0000
410.5477	258.0000
410.5477	259.0239
411.0596	259.0239
411.0596	260.0477
411.5715	260.0477
411.5715	260.5596
412.0834	260.5596
412.0834	261.0715
412.5953	261.0715
412.5953	263.1191
412.0834	263.1191
412.0834	266.1905
412.5953	266.1905
412.5953	267.2143
412.0834	267.2143
412.0834	268.2381
411.5715	268.2381
411.5715	270.7977
411.0596	270.7977
411.0596	273.3572
410.5477	273.3572
410.5477	275.9167
410.0358	275.9167
410.0358	287.6905
410.5477	287.6905
410.5477	290.2501
411.0596	290.2501
411.0596	291.2739
411.5715	291.2739
411.5715	292.2977
412.0834	292.2977
412.0834	293.3215
412.5953	293.3215
412.5953	293.8334
413.1072	293.8334
413.1072	294.8572
413.6191	294.8572
413.6191	295.3691
414.1310	295.3691
414.1310	296.9048
414.6429	296.9048
414.6429	297.9286
415.1548	297.9286
415.1548	298.9524
415.6667	298.9524
415.6667	299.9762
416.1787	299.9762
416.1787	300.4882
416.6906	300.4882
416.6906	303.0477
417.2025	303.0477
417.2025	304.0715
417.7144	304.0715
417.7144	305.0953
418.2263	305.0953
418.2263	305.6072
418.7382	305.6072
418.7382	306.1191
419.2501	306.1191
419.2501	307.1429
419.7620	307.1429
419.7620	308.1667
420.2739	308.1667
420.2739	309.1905
420.7858	309.1905
420.7858	310.2143
421.2977	310.2143
421.2977	310.7262
421.8096	310.7262
421.8096	311.2382
422.3215	311.2382
422.3215	311.7501
422.8334	311.7501
422.8334	312.2620
423.3453	312.2620
423.3453	312.7739
423.8572	312.7739
423.8572	313.2858
424.3691	313.2858
424.3691	313.7977
424.8810	313.7977
424.8810	314.8215
425.3929	314.8215
425.3929	315.8453
425.9048	315.8453
425.9048	316.3572
426.4167	316.3572
426.4167	317.3810
426.9287	317.3810
426.9287	318.4048
427.4406	318.4048
427.4406	318.9167
427.9525	318.9167
427.9525	319.9405
428.4644	319.9405
428.4644	320.9643
428.9763	320.9643
428.9763	321.4763
429.4882	321.4763
429.4882	321.9882
430.0001	321.9882
430.0001	322.5001
430.5120	322.5001
430.5120	328.6429
431.0239	328.6429
431.0239	334.7858
431.5358	334.7858
431.5358	336.8334
431.0239	336.8334
431.0239	338.3691
430.5120	338.3691
430.5120	340.4167
430.0001	340.4167
430.0001	341.4405
429.4882	341.4405
429.4882	342.4644
428.9763	342.4644
428.9763	344.0001
428.4644	344.0001
428.4644	344.5120
427.9525	344.5120
427.9525	345.0239
427.4406	345.0239
427.4406	345.5358
426.9287	345.5358
426.9287	346.0477
425.3929	346.0477
425.3929	345.5358
424.3691	345.5358
424.3691	345.0239
423.8572	345.0239
423.8572	344.5120
423.3453	344.5120
423.3453	344.0001
422.8334	344.0001
422.8334	343.4882
422.3215	343.4882
422.3215	342.9763
421.2977	342.9763
421.2977	342.4644
420.2739	342.4644
420.2739	341.9524
417.7144	341.9524
417.7144	341.4405
414.1310	341.4405
414.1310	341.9524
411.5715	341.9524
411.5715	342.4644
411.0596	342.4644
411.0596	341.9524
410.5477	341.9524
410.5477	339.9048
410.0358	339.9048
410.0358	338.8810
409.5239	338.8810
409.5239	337.8572
409.0120	337.8572
409.0120	337.3453
408.5001	337.3453
408.5001	336.8334
407.9882	336.8334
407.9882	336.3215
407.4763	336.3215
407.4763	335.8096
406.9644	335.8096
406.9644	335.2977
406.4525	335.2977
406.4525	334.7858
405.4286	334.7858
405.4286	334.2739
404.4048	334.2739
404.4048	333.7620
401.8453	333.7620
401.8453	333.2501
401.3334	333.2501
401.3334	332.7382
400.3096	332.7382
400.3096	331.2024
399.7977	331.2024
399.7977	328.6429
399.2858	328.6429
399.2858	327.6191
398.7739	327.6191
398.7739	326.5953
398.2620	326.5953
398.2620	326.0834
397.7501	326.0834
397.7501	325.5715
397.2382	325.5715
397.2382	325.0596
396.7263	325.0596
396.7263	324.5477
396.2144	324.5477
396.2144	324.0358
395.7025	324.0358
395.7025	323.5239
394.6786	323.5239
394.6786	323.0120
394.1667	323.0120
394.1667	322.5001
393.1429	322.5001
393.1429	321.9882
392.1191	321.9882
392.1191	321.4763
390.0715	321.4763
390.0715	320.4524
389.5596	320.4524
389.5596	319.4286
389.0477	319.4286
389.0477	318.9167
388.5358	318.9167
388.5358	318.4048
388.0239	318.4048
388.0239	317.8929
387.5120	317.8929
387.5120	317.3810
387.0001	317.3810
387.0001	316.8691
386.4882	316.8691
386.4882	316.3572
385.9763	316.3572
385.9763	315.8453
384.9525	315.8453
384.9525	315.3334
383.9286	315.3334
383.9286	314.8215
381.3691	314.8215
381.3691	314.3096
377.7858	314.3096
377.7858	314.8215
375.2263	314.8215
375.2263	315.3334
374.2025	315.3334
374.2025	315.8453
373.6905	315.8453
373.6905	315.3334
373.1786	315.3334
373.1786	314.8215
372.6667	314.8215
372.6667	313.7977
372.1548	313.7977
372.1548	313.2858
371.6429	313.2858
371.6429	312.7739
371.1310	312.7739
371.1310	312.2620
370.6191	312.2620
370.6191	311.7501
370.1072	311.7501
370.1072	311.2382
369.0834	311.2382
369.0834	310.7262
368.0596	310.7262
368.0596	310.2143
365.5001	310.2143
365.5001	309.7024
362.9405	309.7024
362.9405	310.2143
360.3810	310.2143
360.3810	310.7262
359.3572	310.7262
359.3572	311.2382
358.3334	311.2382
358.3334	311.7501
357.8215	311.7501
357.8215	312.2620
357.3096	312.2620
357.3096	312.7739
356.7977	312.7739
356.7977	313.2858
356.2858	313.2858
356.2858	312.7739
354.7501	312.7739
354.7501	311.2382
355.2620	311.2382
355.2620	307.6548
354.7501	307.6548
354.7501	305.0953
354.2382	305.0953
354.2382	304.0715
353.7263	304.0715
353.7263	303.0477
353.2144	303.0477
353.2144	302.5358
352.7024	302.5358
352.7024	302.0239
352.1905	302.0239
352.1905	301.5120
351.6786	301.5120
351.6786	301.0001
351.1667	301.0001
351.1667	300.4882
350.1429	300.4882
350.1429	299.9762
349.1191	299.9762
349.1191	299.4643
346.5596	299.4643
346.5596	298.9524
344.0001	298.9524
344.0001	299.4643
341.4405	299.4643
341.4405	299.9762
340.4167	299.9762
340.4167	298.9524
339.9048	298.9524
339.9048	297.9286
339.3929	297.9286
339.3929	297.4167
338.8810	297.4167
338.8810	294.8572
338.3691	294.8572
338.3691	293.8334
337.8572	293.8334
337.8572	292.8096
337.3453	292.8096
337.3453	292.2977
336.8334	292.2977
336.8334	291.7858
336.3215	291.7858
336.3215	291.2739
335.8096	291.2739
335.8096	290.7620
335.2977	290.7620
335.2977	290.2501
334.7858	290.2501
334.7858	287.6905
334.2739	287.6905
334.2739	285.6429
333.7620	285.6429
333.7620	284.6191
333.2501	284.6191
333.2501	283.5953
332.7382	283.5953
332.7382	283.0834
332.2263	283.0834
332.2263	282.5715
331.7143	282.5715
331.7143	282.0596
331.2024	282.0596
331.2024	281.5477
330.6905	281.5477
330.6905	281.0358
330.1786	281.0358
330.1786	280.5239
329.6667	280.5239
329.6667	280.0120
329.1548	280.0120
329.1548	279.5001
328.6429	279.5001
328.6429	276.9405
328.1310	276.9405
328.1310	274.8929
327.6191	274.8929
327.6191	273.8691
327.1072	273.8691
327.1072	272.8453
326.5953	272.8453
326.5953	271.8215
326.0834	271.8215
326.0834	270.7977
325.5715	270.7977
325.5715	268.2381
325.0596	268.2381
325.0596	267.2143
324.5477	267.2143
324.5477	266.1905
324.0358	266.1905
324.0358	265.6786
323.5239	265.6786
323.5239	264.1429
323.0120	264.1429
323.0120	263.1191
322.5001	263.1191
322.5001	262.0953
321.9882	262.0953
321.9882	259.0239
321.4763	259.0239
321.4763	255.4405
320.9643	255.4405
320.9643	254.4167
321.4763	254.4167
321.4763	251.8572
320.9643	251.8572
320.9643	249.2977
320.4524	249.2977
320.4524	248.2739
319.9405	248.2739
319.9405	247.2500
319.4286	247.2500
319.4286	246.7381
318.9167	246.7381
318.9167	245.7143
318.4048	245.7143
318.4048	245.2024
317.8929	245.2024
317.8929	244.6905
317.3810	244.6905
317.3810	242.6429
316.8691	242.6429
316.8691	241.1072
316.3572	241.1072
316.3572	239.5715
315.8453	239.5715
315.8453	235.9881
315.3334	235.9881
315.3334	228.8215
315.8453	228.8215
315.8453	226.7739
316.3572	226.7739
316.3572	224.2143
316.8691	224.2143
316.8691	222.1667
317.3810	222.1667
317.3810	219.6072
317.8929	219.6072
317.8929	210.3929
318.4048	210.3929
318.4048	209.3691
318.9167	209.3691
318.9167	208.3453
319.4286	208.3453
319.4286	207.3215
319.9405	207.3215
319.9405	205.7858
320.4524	205.7858
320.4524	205.2738
320.9643	205.2738
320.9643	204.7619
321.4763	204.7619
321.4763	203.7381
321.9882	203.7381
321.9882	202.7143
322.5001	202.7143
322.5001	201.6905
323.5239	201.6905
323.5239	201.1786
324.0358	201.1786
324.0358	200.6667
324.5477	200.6667
324.5477	200.1548
325.0596	200.1548
325.0596	199.6429
325.5715	199.6429
325.5715	199.1310
326.0834	199.1310
326.0834	198.6191
326.5953	198.6191
326.5953	198.1072
327.1072	198.1072
327.1072	197.5953
327.6191	197.5953
327.6191	197.0834
328.1310	197.0834
328.1310	196.5715
329.1548	196.5715
329.1548	196.0596
329.6667	196.0596
329.6667	195.5477
330.6905	195.5477
330.6905	195.0358
331.2024	195.0358
331.2024	194.5238
332.2263	194.5238
332.2263	194.0119
333.2501	194.0119
333.2501	193.5000
334.2739	193.5000
334.2739	192.9881
335.2977	192.9881
335.2977	192.4762
335.8096	192.4762
335.8096	191.9643
336.8334	191.9643
336.8334	191.4524
338.8810	191.4524
338.8810	190.9405
339.9048	190.9405
339.9048	190.4286
342.4644	190.4286
342.4644	189.9167
344.0001	189.9167
344.0001	189.4048
345.5358	189.4048
345.5358	188.8929
357.8215	188.8929
