350.1429	189.9167
352.7024	189.9167
352.7024	190.4286
354.7501	190.4286
354.7501	190.9405
355.7739	190.9405
355.7739	191.4524
358.3334	191.4524
358.3334	191.9643
361.9167	191.9643
361.9167	192.4762
364.9882	192.4762
364.9882	192.9881
367.0358	192.9881
367.0358	193.5000
368.5715	193.5000
368.5715	194.0119
369.5953	194.0119
369.5953	194.5238
370.1072	194.5238
370.1072	195.0358
371.1310	195.0358
371.1310	195.5477
372.1548	195.5477
372.1548	196.0596
373.6905	196.0596
373.6905	196.5715
374.7144	196.5715
374.7144	197.0834
375.2263	197.0834
375.2263	197.5953
376.2501	197.5953
376.2501	198.1072
377.2739	198.1072
377.2739	198.6191
378.2977	198.6191
378.2977	199.1310
379.3215	199.1310
379.3215	199.6429
380.3453	199.6429
380.3453	200.1548
380.8572	200.1548
380.8572	200.6667
381.3691	200.6667
381.3691	201.6905
381.8810	201.6905
381.8810	202.2024
382.3929	202.2024
382.3929	202.7143
382.9048	202.7143
382.9048	203.2262
383.4167	203.2262
383.4167	203.7381
383.9286	203.7381
383.9286	204.2500
384.9525	204.2500
384.9525	204.7619
385.9763	204.7619
385.9763	205.2738
386.4882	205.2738
386.4882	205.7858
387.0001	205.7858
387.0001	206.2977
387.5120	206.2977
387.5120	206.8096
388.0239	206.8096
388.0239	207.3215
388.5358	207.3215
388.5358	207.8334
389.0477	207.8334
389.0477	208.3453
389.5596	208.3453
389.5596	208.8572
390.0715	208.8572
390.0715	209.3691
390.5834	209.3691
390.5834	209.8810
391.0953	209.8810
391.0953	210.3929
391.6072	210.3929
391.6072	210.9048
392.1191	210.9048
392.1191	211.4167
392.6310	211.4167
392.6310	211.9286
393.1429	211.9286
393.1429	212.4405
393.6548	212.4405
393.6548	212.9524
394.1667	212.9524
394.1667	213.4643
394.6786	213.4643
394.6786	213.9762
395.1906	213.9762
395.1906	214.4881
395.7025	214.4881
395.7025	215.0000
396.2144	215.0000
396.2144	215.5119
396.7263	215.5119
396.7263	216.0239
397.2382	216.0239
397.2382	216.5358
397.7501	216.5358
397.7501	217.5596
398.2620	217.5596
398.2620	218.5834
398.7739	218.5834
398.7739	219.6072
399.2858	219.6072
399.2858	220.6310
399.7977	220.6310
399.7977	221.1429
400.3096	221.1429
400.3096	221.6548
400.8215	221.6548
400.8215	222.1667
401.3334	222.1667
401.3334	223.1905
401.8453	223.1905
401.8453	224.2143
402.3572	224.2143
402.3572	225.2381
402.8691	225.2381
402.8691	226.2619
403.3810	226.2619
403.3810	227.2858
403.8929	227.2858
403.8929	228.8215
404.4048	228.8215
404.4048	229.8453
404.9167	229.8453
404.9167	230.8691
405.4286	230.8691
405.4286	231.8929
405.9406	231.8929
405.9406	232.9167
406.4525	232.9167
406.4525	233.9405
406.9644	233.9405
406.9644	236.5000
407.4763	236.5000
407.4763	239.0596
407.9882	239.0596
407.9882	241.1072
408.5001	241.1072
408.5001	243.6667
409.0120	243.6667
409.0120	244.6905
409.5239	244.6905
409.5239	246.2262
410.0358	246.2262
410.0358	248.7858
410.5477	248.7858
410.5477	250.8334
411.0596	250.8334
411.0596	253.9048
411.5715	253.9048
411.5715	256.9762
412.0834	256.9762
412.0834	259.5358
412.5953	259.5358
412.5953	261.5834
413.1072	261.5834
413.1072	262.6072
413.6191	262.6072
413.6191	263.6310
414.1310	263.6310
414.1310	264.1429
414.6429	264.1429
414.6429	264.6548
415.1548	264.6548
415.1548	269.7739
414.6429	269.7739
414.6429	275.9167
414.1310	275.9167
414.1310	278.4762
413.6191	278.4762
413.6191	282.5715
414.1310	282.5715
414.1310	285.1310
414.6429	285.1310
414.6429	286.1548
415.1548	286.1548
415.1548	287.1786
415.6667	287.1786
415.6667	288.2024
416.1787	288.2024
416.1787	288.7143
416.6906	288.7143
416.6906	289.2262
417.2025	289.2262
417.2025	289.7382
417.7144	289.7382
417.7144	290.2501
418.2263	290.2501
418.2263	290.7620
418.7382	290.7620
418.7382	291.7858
419.2501	291.7858
419.2501	292.8096
419.7620	292.8096
419.7620	293.8334
420.2739	293.8334
420.2739	294.8572
420.7858	294.8572
420.7858	295.8810
421.2977	295.8810
421.2977	296.9048
421.8096	296.9048
421.8096	297.4167
422.3215	297.4167
422.3215	298.4405
422.8334	298.4405
422.8334	299.4643
423.3453	299.4643
423.3453	300.4882
423.8572	300.4882
423.8572	301.5120
424.3691	301.5120
424.3691	302.5358
424.8810	302.5358
424.8810	303.0477
425.3929	303.0477
425.3929	303.5596
425.9048	303.5596
425.9048	304.0715
426.4167	304.0715
426.4167	304.5834
426.9287	304.5834
426.9287	305.6072
427.4406	305.6072
427.4406	306.6310
427.9525	306.6310
427.9525	307.1429
428.4644	307.1429
428.4644	307.6548
428.9763	307.6548
428.9763	310.2143
429.4882	310.2143
429.4882	311.2382
430.0001	311.2382
430.0001	312.2620
430.5120	312.2620
430.5120	312.7739
431.0239	312.7739
431.0239	313.2858
431.5358	313.2858
431.5358	313.7977
432.0477	313.7977
432.0477	314.3096
432.5596	314.3096
432.5596	315.3334
433.0715	315.3334
433.0715	316.3572
433.5834	316.3572
433.5834	317.3810
434.0953	317.3810
434.0953	317.8929
434.6072	317.8929
434.6072	319.4286
435.1191	319.4286
435.1191	320.4524
435.6310	320.4524
435.6310	321.9882
436.1429	321.9882
436.1429	323.5239
436.6548	323.5239
436.6548	325.0596
437.1667	325.0596
437.1667	326.0834
437.6787	326.0834
437.6787	329.6667
438.1906	329.6667
438.1906	332.2263
438.7025	332.2263
438.7025	337.3453
438.1906	337.3453
438.1906	339.3929
437.6787	339.3929
437.6787	341.9524
437.1667	341.9524
437.1667	347.0715
436.6548	347.0715
436.6548	349.1191
436.1429	349.1191
436.1429	351.6786
435.6310	351.6786
435.6310	352.7024
435.1191	352.7024
435.1191	353.7263
434.6072	353.7263
434.6072	354.7501
434.0953	354.7501
434.0953	356.7977
433.0715	356.7977
433.0715	357.3096
426.9287	357.3096
426.9287	357.8215
425.3929	357.8215
425.3929	353.2144
424.8810	353.2144
424.8810	349.6310
424.3691	349.6310
424.3691	347.0715
423.8572	347.0715
423.8572	346.0477
423.3453	346.0477
423.3453	345.0239
422.8334	345.0239
422.8334	344.5120
422.3215	344.5120
422.3215	344.0001
421.8096	344.0001
421.8096	343.4882
421.2977	343.4882
421.2977	342.9763
420.7858	342.9763
420.7858	342.4644
419.7620	342.4644
419.7620	341.9524
418.7382	341.9524
418.7382	341.4405
416.1787	341.4405
416.1787	340.9286
413.1072	340.9286
413.1072	340.4167
412.5953	340.4167
412.5953	339.3929
412.0834	339.3929
412.0834	337.8572
411.5715	337.8572
411.5715	336.8334
411.0596	336.8334
411.0596	335.8096
410.5477	335.8096
410.5477	334.7858
410.0358	334.7858
410.0358	334.2739
409.5239	334.2739
409.5239	331.7143
409.0120	331.7143
409.0120	329.6667
408.5001	329.6667
408.5001	328.6429
407.9882	328.6429
407.9882	327.6191
407.4763	327.6191
407.4763	327.1072
406.9644	327.1072
406.9644	326.5953
406.4525	326.5953
406.4525	326.0834
405.9406	326.0834
405.9406	325.5715
405.4286	325.5715
405.4286	325.0596
404.4048	325.0596
404.4048	324.5477
403.3810	324.5477
403.3810	324.0358
402.3572	324.0358
402.3572	323.5239
401.8453	323.5239
401.8453	323.0120
401.3334	323.0120
401.3334	322.5001
400.8215	322.5001
400.8215	321.9882
400.3096	321.9882
400.3096	321.4763
399.7977	321.4763
399.7977	320.9643
399.2858	320.9643
399.2858	320.4524
398.7739	320.4524
398.7739	319.9405
397.7501	319.9405
397.7501	319.4286
396.7263	319.4286
396.7263	316.8691
396.2144	316.8691
396.2144	314.3096
395.7025	314.3096
395.7025	313.2858
395.1906	313.2858
395.1906	312.2620
394.6786	312.2620
394.6786	311.7501
394.1667	311.7501
394.1667	311.2382
393.6548	311.2382
393.6548	310.7262
393.1429	310.7262
393.1429	310.2143
392.6310	310.2143
392.6310	309.7024
391.6072	309.7024
391.6072	309.1905
390.5834	309.1905
390.5834	308.6786
388.0239	308.6786
388.0239	308.1667
384.9525	308.1667
384.9525	308.6786
382.3929	308.6786
382.3929	309.1905
380.3453	309.1905
380.3453	309.7024
377.7858	309.7024
377.7858	310.2143
376.7620	310.2143
376.7620	310.7262
375.7382	310.7262
375.7382	311.2382
374.7144	311.2382
374.7144	311.7501
374.2025	311.7501
374.2025	312.2620
373.6905	312.2620
373.6905	311.7501
373.1786	311.7501
373.1786	310.7262
372.6667	310.7262
372.6667	309.7024
372.1548	309.7024
372.1548	309.1905
371.6429	309.1905
371.6429	308.6786
371.1310	308.6786
371.1310	308.1667
370.6191	308.1667
370.6191	307.6548
370.1072	307.6548
370.1072	307.1429
369.0834	307.1429
369.0834	306.6310
368.0596	306.6310
368.0596	304.0715
367.5477	304.0715
367.5477	301.5120
367.0358	301.5120
367.0358	300.4882
366.5239	300.4882
366.5239	299.4643
366.0120	299.4643
366.0120	298.9524
365.5001	298.9524
365.5001	298.4405
364.9882	298.4405
364.9882	297.9286
364.4763	297.9286
364.4763	297.4167
363.9644	297.4167
363.9644	296.9048
362.9405	296.9048
362.9405	296.3929
361.9167	296.3929
361.9167	295.8810
360.3810	295.8810
360.3810	295.3691
357.8215	295.3691
357.8215	294.8572
357.3096	294.8572
357.3096	294.3453
356.7977	294.3453
356.7977	291.7858
356.2858	291.7858
356.2858	290.7620
355.7739	290.7620
355.7739	289.7382
355.2620	289.7382
355.2620	289.2262
354.7501	289.2262
354.7501	288.7143
354.2382	288.7143
354.2382	288.2024
353.7263	288.2024
353.7263	287.6905
353.2144	287.6905
353.2144	287.1786
352.1905	287.1786
352.1905	286.6667
351.1667	286.6667
351.1667	286.1548
348.6072	286.1548
348.6072	285.6429
345.5358	285.6429
345.5358	286.1548
342.9763	286.1548
342.9763	286.6667
341.9524	286.6667
341.9524	287.1786
340.9286	287.1786
340.9286	287.6905
339.9048	287.6905
339.9048	287.1786
339.3929	287.1786
339.3929	286.6667
338.3691	286.6667
338.3691	286.1548
337.3453	286.1548
337.3453	285.6429
335.8096	285.6429
335.8096	285.1310
333.2501	285.1310
333.2501	284.6191
332.7382	284.6191
332.7382	284.1072
332.2263	284.1072
332.2263	283.5953
331.7143	283.5953
331.7143	283.0834
331.2024	283.0834
331.2024	282.5715
330.6905	282.5715
330.6905	282.0596
330.1786	282.0596
330.1786	279.5001
329.6667	279.5001
329.6667	276.9405
329.1548	276.9405
329.1548	274.3810
328.6429	274.3810
328.6429	272.3334
328.1310	272.3334
328.1310	271.3096
327.6191	271.3096
327.6191	270.2858
327.1072	270.2858
327.1072	269.7739
326.5953	269.7739
326.5953	269.2620
326.0834	269.2620
326.0834	268.7501
325.5715	268.7501
325.5715	268.2381
325.0596	268.2381
325.0596	265.6786
324.5477	265.6786
324.5477	264.1429
324.0358	264.1429
324.0358	260.5596
323.5239	260.5596
323.5239	258.0000
323.0120	258.0000
323.0120	256.9762
322.5001	256.9762
322.5001	255.9524
321.9882	255.9524
321.9882	255.4405
321.4763	255.4405
321.4763	254.4167
320.9643	254.4167
320.9643	253.9048
320.4524	253.9048
320.4524	253.3929
319.9405	253.3929
319.9405	250.3215
319.4286	250.3215
319.4286	247.7620
318.9167	247.7620
318.9167	245.7143
318.4048	245.7143
318.4048	244.6905
317.8929	244.6905
317.8929	243.6667
317.3810	243.6667
317.3810	242.6429
316.8691	242.6429
316.8691	241.6191
317.3810	241.6191
317.3810	240.5953
317.8929	240.5953
317.8929	239.5715
318.4048	239.5715
318.4048	237.5239
318.9167	237.5239
318.9167	237.0119
319.4286	237.0119
319.4286	235.9881
319.9405	235.9881
319.9405	234.9643
320.4524	234.9643
320.4524	232.4048
320.9643	232.4048
320.9643	229.8453
320.4524	229.8453
320.4524	227.2858
319.9405	227.2858
319.9405	226.2619
319.4286	226.2619
319.4286	225.2381
318.9167	225.2381
318.9167	224.7262
318.4048	224.7262
318.4048	224.2143
317.8929	224.2143
317.8929	223.7024
317.3810	223.7024
317.3810	223.1905
316.8691	223.1905
316.8691	222.6786
315.8453	222.6786
315.8453	222.1667
314.8215	222.1667
314.8215	219.6072
315.3334	219.6072
315.3334	218.5834
315.8453	218.5834
315.8453	218.0715
316.3572	218.0715
316.3572	217.0477
316.8691	217.0477
316.8691	216.0239
317.3810	216.0239
317.3810	214.4881
317.8929	214.4881
317.8929	211.9286
318.4048	211.9286
318.4048	207.8334
317.8929	207.8334
317.8929	206.2977
318.4048	206.2977
318.4048	205.2738
318.9167	205.2738
318.9167	204.7619
319.4286	204.7619
319.4286	204.2500
319.9405	204.2500
319.9405	203.2262
320.4524	203.2262
320.4524	202.7143
320.9643	202.7143
320.9643	202.2024
321.4763	202.2024
321.4763	201.6905
321.9882	201.6905
321.9882	201.1786
322.5001	201.1786
322.5001	200.6667
323.0120	200.6667
323.0120	199.6429
323.5239	199.6429
323.5239	199.1310
324.0358	199.1310
324.0358	198.6191
324.5477	198.6191
324.5477	198.1072
325.0596	198.1072
325.0596	197.5953
326.0834	197.5953
326.0834	197.0834
326.5953	197.0834
326.5953	196.5715
327.6191	196.5715
327.6191	196.0596
328.1310	196.0596
328.1310	195.5477
328.6429	195.5477
328.6429	195.0358
329.6667	195.0358
329.6667	194.5238
331.7143	194.5238
331.7143	194.0119
332.7382	194.0119
332.7382	193.5000
333.7620	193.5000
333.7620	192.9881
334.2739	192.9881
334.2739	192.4762
335.2977	192.4762
335.2977	191.9643
336.3215	191.9643
336.3215	191.4524
338.3691	191.4524
338.3691	190.9405
339.3929	190.9405
339.3929	190.4286
343.4882	190.4286
343.4882	189.9167
346.5596	189.9167
346.5596	189.4048
350.1429	189.4048
