350.6548	187.8691
353.2144	187.8691
353.2144	188.3810
356.2858	188.3810
356.2858	187.8691
359.8691	187.8691
359.8691	188.3810
362.9405	188.3810
362.9405	188.8929
364.9882	188.8929
364.9882	189.4048
367.5477	189.4048
367.5477	189.9167
368.0596	189.9167
368.0596	190.4286
369.0834	190.4286
369.0834	190.9405
370.1072	190.9405
370.1072	191.4524
371.6429	191.4524
371.6429	191.9643
372.1548	191.9643
372.1548	192.4762
372.6667	192.4762
372.6667	192.9881
373.6905	192.9881
373.6905	193.5000
374.2025	193.5000
374.2025	194.0119
375.2263	194.0119
375.2263	194.5238
375.7382	194.5238
375.7382	195.0358
376.2501	195.0358
376.2501	195.5477
376.7620	195.5477
376.7620	196.0596
377.2739	196.0596
377.2739	196.5715
377.7858	196.5715
377.7858	197.0834
378.2977	197.0834
378.2977	197.5953
379.3215	197.5953
379.3215	198.1072
380.3453	198.1072
380.3453	198.6191
381.3691	198.6191
381.3691	199.1310
382.9048	199.1310
382.9048	199.6429
383.9286	199.6429
383.9286	200.1548
384.4405	200.1548
384.4405	200.6667
384.9525	200.6667
384.9525	201.1786
385.4644	201.1786
385.4644	201.6905
385.9763	201.6905
385.9763	202.2024
386.4882	202.2024
386.4882	202.7143
387.0001	202.7143
387.0001	203.2262
388.0239	203.2262
388.0239	203.7381
388.5358	203.7381
388.5358	204.2500
389.0477	204.2500
389.0477	204.7619
389.5596	204.7619
389.5596	205.2738
390.0715	205.2738
390.0715	205.7858
390.5834	205.7858
390.5834	206.2977
391.0953	206.2977
391.0953	207.3215
391.6072	207.3215
391.6072	208.3453
392.1191	208.3453
392.1191	209.3691
392.6310	209.3691
392.6310	210.3929
393.1429	210.3929
393.1429	211.4167
393.6548	211.4167
393.6548	212.4405
394.1667	212.4405
394.1667	212.9524
394.6786	212.9524
394.6786	213.4643
395.1906	213.4643
395.1906	213.9762
395.7025	213.9762
395.7025	214.4881
396.2144	214.4881
396.2144	215.0000
396.7263	215.0000
396.7263	216.0239
397.2382	216.0239
397.2382	216.5358
397.7501	216.5358
397.7501	217.0477
398.2620	217.0477
398.2620	217.5596
398.7739	217.5596
398.7739	218.0715
399.2858	218.0715
399.2858	219.0953
399.7977	219.0953
399.7977	220.1191
400.3096	220.1191
400.3096	220.6310
400.8215	220.6310
400.8215	221.1429
401.3334	221.1429
401.3334	222.6786
401.8453	222.6786
401.8453	223.7024
402.3572	223.7024
402.3572	224.7262
402.8691	224.7262
402.8691	225.2381
403.3810	225.2381
403.3810	225.7500
403.8929	225.7500
403.8929	226.2619
404.4048	226.2619
404.4048	226.7739
404.9167	226.7739
404.9167	227.2858
405.4286	227.2858
405.4286	229.3334
405.9406	229.3334
405.9406	230.3572
406.4525	230.3572
406.4525	231.3810
406.9644	231.3810
406.9644	231.8929
407.4763	231.8929
407.4763	232.9167
407.9882	232.9167
407.9882	233.9405
408.5001	233.9405
408.5001	234.9643
409.0120	234.9643
409.0120	235.4762
409.5239	235.4762
409.5239	238.0358
410.0358	238.0358
410.0358	239.5715
410.5477	239.5715
410.5477	241.1072
411.0596	241.1072
411.0596	242.6429
411.5715	242.6429
411.5715	244.1786
412.0834	244.1786
412.0834	245.7143
412.5953	245.7143
412.5953	246.7381
413.1072	246.7381
413.1072	247.7620
413.6191	247.7620
413.6191	250.3215
414.1310	250.3215
414.1310	252.8810
414.6429	252.8810
414.6429	253.9048
415.1548	253.9048
415.1548	259.5358
415.6667	259.5358
415.6667	260.0477
415.1548	260.0477
415.1548	265.6786
415.6667	265.6786
415.6667	269.2620
416.1787	269.2620
416.1787	272.3334
416.6906	272.3334
416.6906	274.8929
417.2025	274.8929
417.2025	277.9643
416.6906	277.9643
416.6906	282.5715
417.2025	282.5715
417.2025	287.6905
416.6906	287.6905
416.6906	290.7620
417.2025	290.7620
417.2025	293.8334
417.7144	293.8334
417.7144	296.3929
418.2263	296.3929
418.2263	299.9762
418.7382	299.9762
418.7382	303.5596
419.2501	303.5596
419.2501	306.1191
419.7620	306.1191
419.7620	307.6548
420.2739	307.6548
420.2739	308.6786
420.7858	308.6786
420.7858	310.2143
421.2977	310.2143
421.2977	311.2382
421.8096	311.2382
421.8096	312.2620
422.3215	312.2620
422.3215	313.2858
422.8334	313.2858
422.8334	314.3096
423.3453	314.3096
423.3453	315.3334
423.8572	315.3334
423.8572	315.8453
424.3691	315.8453
424.3691	317.3810
424.8810	317.3810
424.8810	321.4763
425.3929	321.4763
425.3929	324.0358
425.9048	324.0358
425.9048	325.0596
426.4167	325.0596
426.4167	326.0834
426.9287	326.0834
426.9287	326.5953
427.4406	326.5953
427.4406	327.1072
427.9525	327.1072
427.9525	327.6191
428.4644	327.6191
428.4644	328.1310
428.9763	328.1310
428.9763	328.6429
429.4882	328.6429
429.4882	329.1548
430.5120	329.1548
430.5120	330.1786
431.0239	330.1786
431.0239	332.2263
431.5358	332.2263
431.5358	333.7620
432.0477	333.7620
432.0477	336.8334
432.5596	336.8334
432.5596	339.3929
433.0715	339.3929
433.0715	340.4167
433.5834	340.4167
433.5834	341.4405
434.0953	341.4405
434.0953	342.9763
433.5834	342.9763
433.5834	347.0715
434.0953	347.0715
434.0953	349.6310
434.6072	349.6310
434.6072	352.7024
435.1191	352.7024
435.1191	355.7739
434.6072	355.7739
434.6072	358.8453
434.0953	358.8453
434.0953	359.8691
433.5834	359.8691
433.5834	361.4048
433.0715	361.4048
433.0715	362.4286
432.5596	362.4286
432.5596	364.9882
432.0477	364.9882
432.0477	367.5477
432.5596	367.5477
432.5596	368.0596
432.0477	368.0596
432.0477	368.5715
431.5358	368.5715
431.5358	369.0834
431.0239	369.0834
431.0239	369.5953
430.5120	369.5953
430.5120	370.1072
430.0001	370.1072
430.0001	371.1310
429.4882	371.1310
429.4882	372.1548
428.9763	372.1548
428.9763	374.7144
428.4644	374.7144
428.4644	375.7382
427.4406	375.7382
427.4406	376.2501
426.4167	376.2501
426.4167	376.7620
425.3929	376.7620
425.3929	377.2739
424.8810	377.2739
424.8810	377.7858
424.3691	377.7858
424.3691	378.2977
423.8572	378.2977
423.8572	378.8096
423.3453	378.8096
423.3453	379.3215
422.8334	379.3215
422.8334	379.8334
422.3215	379.8334
422.3215	380.8572
421.8096	380.8572
421.8096	381.8810
420.7858	381.8810
420.7858	382.3929
420.2739	382.3929
420.2739	382.9048
416.1787	382.9048
416.1787	383.4167
413.6191	383.4167
413.6191	383.9286
412.5953	383.9286
412.5953	384.4405
411.5715	384.4405
411.5715	384.9525
411.0596	384.9525
411.0596	385.4644
410.5477	385.4644
410.5477	385.9763
409.5239	385.9763
409.5239	386.4882
409.0120	386.4882
409.0120	387.0001
407.9882	387.0001
407.9882	387.5120
405.9406	387.5120
405.9406	388.0239
404.9167	388.0239
404.9167	388.5358
404.4048	388.5358
404.4048	388.0239
400.8215	388.0239
400.8215	388.5358
398.2620	388.5358
398.2620	389.0477
397.2382	389.0477
397.2382	389.5596
396.2144	389.5596
396.2144	390.0715
395.7025	390.0715
395.7025	390.5834
395.1906	390.5834
395.1906	391.0953
394.6786	391.0953
394.6786	391.6072
394.1667	391.6072
394.1667	392.1191
393.6548	392.1191
393.6548	393.1429
393.1429	393.1429
393.1429	394.1667
392.6310	394.1667
392.6310	395.1906
392.1191	395.1906
392.1191	394.6786
391.6072	394.6786
391.6072	394.1667
391.0953	394.1667
391.0953	393.6548
390.5834	393.6548
390.5834	393.1429
390.0715	393.1429
390.0715	392.6310
389.5596	392.6310
389.5596	392.1191
388.5358	392.1191
388.5358	390.0715
389.0477	390.0715
389.0477	389.5596
389.5596	389.5596
389.5596	388.5358
390.0715	388.5358
390.0715	388.0239
391.0953	388.0239
391.0953	388.5358
394.1667	388.5358
394.1667	388.0239
396.7263	388.0239
396.7263	387.5120
397.7501	387.5120
397.7501	387.0001
398.7739	387.0001
398.7739	386.4882
399.2858	386.4882
399.2858	385.9763
399.7977	385.9763
399.7977	385.4644
400.3096	385.4644
400.3096	384.9525
400.8215	384.9525
400.8215	384.4405
401.3334	384.4405
401.3334	383.4167
401.8453	383.4167
401.8453	382.3929
402.3572	382.3929
402.3572	381.3691
402.8691	381.3691
402.8691	379.3215
403.3810	379.3215
403.3810	376.7620
403.8929	376.7620
403.8929	374.2025
404.4048	374.2025
404.4048	365.5001
403.8929	365.5001
403.8929	362.9405
403.3810	362.9405
403.3810	360.3810
402.8691	360.3810
402.8691	357.8215
402.3572	357.8215
402.3572	356.7977
401.8453	356.7977
401.8453	355.7739
401.3334	355.7739
401.3334	355.2620
400.8215	355.2620
400.8215	354.7501
400.3096	354.7501
400.3096	354.2382
399.7977	354.2382
399.7977	353.7263
399.2858	353.7263
399.2858	353.2144
398.2620	353.2144
398.2620	352.7024
397.2382	352.7024
397.2382	352.1905
395.7025	352.1905
395.7025	351.6786
395.1906	351.6786
395.1906	351.1667
394.1667	351.1667
394.1667	350.6548
393.1429	350.6548
393.1429	350.1429
390.5834	350.1429
390.5834	349.6310
388.0239	349.6310
388.0239	350.1429
385.4644	350.1429
385.4644	350.6548
384.4405	350.6548
384.4405	351.1667
383.4167	351.1667
383.4167	351.6786
382.9048	351.6786
382.9048	351.1667
381.8810	351.1667
381.8810	350.6548
380.8572	350.6548
380.8572	350.1429
379.8334	350.1429
379.8334	349.6310
378.2977	349.6310
378.2977	349.1191
377.7858	349.1191
377.7858	344.5120
377.2739	344.5120
377.2739	342.9763
377.7858	342.9763
377.7858	340.4167
378.2977	340.4167
378.2977	336.8334
378.8096	336.8334
378.8096	337.3453
383.4167	337.3453
383.4167	336.8334
385.9763	336.8334
385.9763	336.3215
387.0001	336.3215
387.0001	335.8096
388.0239	335.8096
388.0239	335.2977
388.5358	335.2977
388.5358	334.7858
389.0477	334.7858
389.0477	334.2739
389.5596	334.2739
389.5596	333.7620
390.0715	333.7620
390.0715	333.2501
390.5834	333.2501
390.5834	332.2263
391.0953	332.2263
391.0953	331.2024
391.6072	331.2024
391.6072	328.6429
392.1191	328.6429
392.1191	325.5715
391.6072	325.5715
391.6072	323.0120
391.0953	323.0120
391.0953	321.9882
390.5834	321.9882
390.5834	320.9643
390.0715	320.9643
390.0715	319.9405
389.5596	319.9405
389.5596	319.4286
389.0477	319.4286
389.0477	318.4048
388.5358	318.4048
388.5358	317.3810
388.0239	317.3810
388.0239	316.3572
387.5120	316.3572
387.5120	315.8453
387.0001	315.8453
387.0001	315.3334
386.4882	315.3334
386.4882	314.8215
385.9763	314.8215
385.9763	314.3096
385.4644	314.3096
385.4644	313.7977
384.9525	313.7977
384.9525	313.2858
383.9286	313.2858
383.9286	312.7739
382.9048	312.7739
382.9048	312.2620
380.3453	312.2620
380.3453	311.7501
377.7858	311.7501
377.7858	312.2620
375.2263	312.2620
375.2263	312.7739
374.2025	312.7739
374.2025	313.2858
373.1786	313.2858
373.1786	313.7977
372.6667	313.7977
372.6667	314.3096
372.1548	314.3096
372.1548	314.8215
371.6429	314.8215
371.6429	315.3334
371.1310	315.3334
371.1310	315.8453
370.6191	315.8453
370.6191	314.8215
370.1072	314.8215
370.1072	313.7977
369.5953	313.7977
369.5953	312.7739
369.0834	312.7739
369.0834	311.7501
368.5715	311.7501
368.5715	311.2382
368.0596	311.2382
368.0596	310.7262
367.5477	310.7262
367.5477	310.2143
367.0358	310.2143
367.0358	309.7024
366.5239	309.7024
366.5239	309.1905
366.0120	309.1905
366.0120	308.6786
364.9882	308.6786
364.9882	306.1191
364.4763	306.1191
364.4763	303.5596
363.9644	303.5596
363.9644	302.5358
363.4525	302.5358
363.4525	301.5120
362.9405	301.5120
362.9405	301.0001
362.4286	301.0001
362.4286	300.4882
361.9167	300.4882
361.9167	299.9762
361.4048	299.9762
361.4048	299.4643
360.8929	299.4643
360.8929	298.9524
360.3810	298.9524
360.3810	298.4405
359.8691	298.4405
359.8691	297.9286
359.3572	297.9286
359.3572	296.3929
359.8691	296.3929
359.8691	293.8334
359.3572	293.8334
359.3572	291.2739
358.8453	291.2739
358.8453	290.2501
358.3334	290.2501
358.3334	289.2262
357.8215	289.2262
357.8215	288.7143
357.3096	288.7143
357.3096	288.2024
356.7977	288.2024
356.7977	287.6905
356.2858	287.6905
356.2858	287.1786
355.7739	287.1786
355.7739	286.6667
354.7501	286.6667
354.7501	286.1548
353.7263	286.1548
353.7263	285.6429
351.1667	285.6429
351.1667	285.1310
347.5834	285.1310
347.5834	284.6191
346.5596	284.6191
346.5596	284.1072
344.0001	284.1072
344.0001	283.5953
340.4167	283.5953
340.4167	284.1072
337.8572	284.1072
337.8572	284.6191
336.8334	284.6191
336.8334	285.1310
335.8096	285.1310
335.8096	285.6429
335.2977	285.6429
335.2977	286.1548
334.7858	286.1548
334.7858	286.6667
334.2739	286.6667
334.2739	287.1786
333.7620	287.1786
333.7620	287.6905
333.2501	287.6905
333.2501	288.2024
332.7382	288.2024
332.7382	288.7143
332.2263	288.7143
332.2263	289.7382
331.7143	289.7382
331.7143	290.7620
331.2024	290.7620
331.2024	293.3215
330.6905	293.3215
330.6905	295.8810
330.1786	295.8810
330.1786	296.3929
329.6667	296.3929
329.6667	296.9048
329.1548	296.9048
329.1548	297.4167
328.6429	297.4167
328.6429	297.9286
327.1072	297.9286
327.1072	297.4167
326.5953	297.4167
326.5953	296.9048
326.0834	296.9048
326.0834	296.3929
325.5715	296.3929
325.5715	295.8810
325.0596	295.8810
325.0596	295.3691
324.5477	295.3691
324.5477	294.8572
323.5239	294.8572
323.5239	294.3453
322.5001	294.3453
322.5001	293.8334
320.4524	293.8334
320.4524	293.3215
317.8929	293.3215
317.8929	292.8096
318.9167	292.8096
318.9167	292.2977
319.4286	292.2977
319.4286	291.7858
319.9405	291.7858
319.9405	291.2739
320.4524	291.2739
320.4524	290.7620
320.9643	290.7620
320.9643	290.2501
321.4763	290.2501
321.4763	289.2262
321.9882	289.2262
321.9882	288.2024
322.5001	288.2024
322.5001	285.6429
323.0120	285.6429
323.0120	282.0596
322.5001	282.0596
322.5001	279.5001
321.9882	279.5001
321.9882	277.4524
321.4763	277.4524
321.4763	276.4286
320.9643	276.4286
320.9643	275.4048
320.4524	275.4048
320.4524	274.8929
319.9405	274.8929
319.9405	273.8691
320.4524	273.8691
320.4524	267.7262
319.9405	267.7262
319.9405	265.1667
319.4286	265.1667
319.4286	264.1429
318.9167	264.1429
318.9167	263.1191
318.4048	263.1191
318.4048	262.6072
317.8929	262.6072
317.8929	260.5596
317.3810	260.5596
317.3810	259.5358
316.8691	259.5358
316.8691	258.5120
316.3572	258.5120
316.3572	258.0000
315.8453	258.0000
315.8453	256.9762
315.3334	256.9762
315.3334	255.9524
314.8215	255.9524
314.8215	254.9286
314.3096	254.9286
314.3096	253.9048
314.8215	253.9048
314.8215	250.8334
314.3096	250.8334
314.3096	246.7381
314.8215	246.7381
314.8215	241.6191
314.3096	241.6191
314.3096	239.0596
313.7977	239.0596
313.7977	238.0358
313.2858	238.0358
313.2858	237.0119
312.7739	237.0119
312.7739	236.5000
312.2620	236.5000
312.2620	235.9881
311.7501	235.9881
311.7501	235.4762
311.2382	235.4762
311.2382	234.9643
310.7262	234.9643
310.7262	233.9405
311.2382	233.9405
311.2382	231.3810
311.7501	231.3810
311.7501	226.7739
312.2620	226.7739
312.2620	224.2143
312.7739	224.2143
312.7739	221.1429
313.2858	221.1429
313.2858	220.1191
313.7977	220.1191
313.7977	217.5596
314.3096	217.5596
314.3096	212.9524
313.7977	212.9524
313.7977	212.4405
314.3096	212.4405
314.3096	209.8810
313.7977	209.8810
313.7977	208.3453
314.3096	208.3453
314.3096	207.8334
314.8215	207.8334
314.8215	206.8096
315.3334	206.8096
315.3334	205.7858
315.8453	205.7858
315.8453	205.2738
316.3572	205.2738
316.3572	204.7619
316.8691	204.7619
316.8691	203.7381
317.3810	203.7381
317.3810	203.2262
317.8929	203.2262
317.8929	202.7143
318.4048	202.7143
318.4048	202.2024
318.9167	202.2024
318.9167	201.1786
319.4286	201.1786
319.4286	200.6667
319.9405	200.6667
319.9405	200.1548
320.4524	200.1548
320.4524	199.6429
320.9643	199.6429
320.9643	199.1310
321.4763	199.1310
321.4763	198.6191
321.9882	198.6191
321.9882	198.1072
322.5001	198.1072
322.5001	197.5953
323.0120	197.5953
323.0120	197.0834
324.0358	197.0834
324.0358	196.5715
325.0596	196.5715
325.0596	196.0596
325.5715	196.0596
325.5715	195.5477
326.5953	195.5477
326.5953	195.0358
327.1072	195.0358
327.1072	194.5238
328.1310	194.5238
328.1310	194.0119
329.1548	194.0119
329.1548	193.5000
330.1786	193.5000
330.1786	192.9881
330.6905	192.9881
330.6905	192.4762
331.7143	192.4762
331.7143	191.9643
332.7382	191.9643
332.7382	191.4524
333.2501	191.4524
333.2501	190.9405
334.2739	190.9405
334.2739	190.4286
335.2977	190.4286
335.2977	189.9167
336.3215	189.9167
336.3215	189.4048
339.3929	189.4048
339.3929	188.8929
341.9524	188.8929
341.9524	188.3810
345.5358	188.3810
345.5358	187.8691
349.1191	187.8691
349.1191	187.3572
350.6548	187.3572
