354.2382	201.6905
359.3572	201.6905
359.3572	202.2024
360.3810	202.2024
360.3810	202.7143
361.4048	202.7143
361.4048	203.2262
362.4286	203.2262
362.4286	203.7381
362.9405	203.7381
362.9405	204.2500
363.9644	204.2500
363.9644	204.7619
364.9882	204.7619
364.9882	205.2738
366.0120	205.2738
366.0120	205.7858
366.5239	205.7858
366.5239	206.2977
367.0358	206.2977
367.0358	206.8096
367.5477	206.8096
367.5477	207.3215
368.5715	207.3215
368.5715	207.8334
369.0834	207.8334
369.0834	208.3453
370.1072	208.3453
370.1072	208.8572
370.6191	208.8572
370.6191	209.3691
371.6429	209.3691
371.6429	209.8810
372.6667	209.8810
372.6667	210.3929
374.7144	210.3929
374.7144	210.9048
375.2263	210.9048
375.2263	211.4167
376.2501	211.4167
376.2501	211.9286
377.2739	211.9286
377.2739	212.4405
378.8096	212.4405
378.8096	212.9524
379.3215	212.9524
379.3215	213.4643
379.8334	213.4643
379.8334	213.9762
380.3453	213.9762
380.3453	214.4881
380.8572	214.4881
380.8572	215.0000
381.3691	215.0000
381.3691	215.5119
382.3929	215.5119
382.3929	216.0239
382.9048	216.0239
382.9048	217.0477
383.4167	217.0477
383.4167	218.0715
383.9286	218.0715
383.9286	218.5834
384.4405	218.5834
384.4405	223.1905
384.9525	223.1905
384.9525	225.7500
385.4644	225.7500
385.4644	227.2858
385.9763	227.2858
385.9763	228.3096
386.4882	228.3096
386.4882	229.3334
387.0001	229.3334
387.0001	230.8691
387.5120	230.8691
387.5120	231.8929
388.0239	231.8929
388.0239	232.9167
388.5358	232.9167
388.5358	233.4286
389.0477	233.4286
389.0477	234.4524
389.5596	234.4524
389.5596	234.9643
390.0715	234.9643
390.0715	236.5000
389.5596	236.5000
389.5596	237.5239
389.0477	237.5239
389.0477	240.0834
388.5358	240.0834
388.5358	244.1786
389.0477	244.1786
389.0477	246.7381
389.5596	246.7381
389.5596	248.7858
390.0715	248.7858
390.0715	249.8096
390.5834	249.8096
390.5834	250.8334
391.0953	250.8334
391.0953	251.3453
391.6072	251.3453
391.6072	252.8810
392.1191	252.8810
392.1191	253.9048
392.6310	253.9048
392.6310	254.9286
393.1429	254.9286
393.1429	255.9524
393.6548	255.9524
393.6548	256.4643
394.1667	256.4643
394.1667	257.4881
394.6786	257.4881
394.6786	258.0000
395.1906	258.0000
395.1906	259.0239
395.7025	259.0239
395.7025	260.0477
396.2144	260.0477
396.2144	260.5596
396.7263	260.5596
396.7263	261.0715
397.2382	261.0715
397.2382	261.5834
397.7501	261.5834
397.7501	262.0953
398.2620	262.0953
398.2620	262.6072
398.7739	262.6072
398.7739	263.1191
399.7977	263.1191
399.7977	263.6310
400.3096	263.6310
400.3096	264.1429
401.3334	264.1429
401.3334	264.6548
402.3572	264.6548
402.3572	265.6786
402.8691	265.6786
402.8691	266.1905
403.3810	266.1905
403.3810	266.7024
403.8929	266.7024
403.8929	269.2620
402.8691	269.2620
402.8691	269.7739
402.3572	269.7739
402.3572	270.2858
401.8453	270.2858
401.8453	270.7977
400.8215	270.7977
400.8215	271.3096
400.3096	271.3096
400.3096	271.8215
399.7977	271.8215
399.7977	272.3334
399.2858	272.3334
399.2858	272.8453
398.7739	272.8453
398.7739	273.3572
398.2620	273.3572
398.2620	273.8691
397.7501	273.8691
397.7501	274.3810
397.2382	274.3810
397.2382	274.8929
396.7263	274.8929
396.7263	275.9167
396.2144	275.9167
396.2144	276.9405
395.7025	276.9405
395.7025	279.5001
395.1906	279.5001
395.1906	283.5953
394.6786	283.5953
394.6786	284.6191
394.1667	284.6191
394.1667	285.6429
393.6548	285.6429
393.6548	288.2024
393.1429	288.2024
393.1429	290.7620
392.1191	290.7620
392.1191	291.2739
391.6072	291.2739
391.6072	291.7858
391.0953	291.7858
391.0953	292.2977
390.5834	292.2977
390.5834	292.8096
390.0715	292.8096
390.0715	293.3215
389.5596	293.3215
389.5596	293.8334
389.0477	293.8334
389.0477	294.3453
388.5358	294.3453
388.5358	294.8572
388.0239	294.8572
388.0239	295.3691
387.5120	295.3691
387.5120	296.3929
387.0001	296.3929
387.0001	297.4167
386.4882	297.4167
386.4882	299.4643
385.9763	299.4643
385.9763	300.4882
385.4644	300.4882
385.4644	301.0001
384.9525	301.0001
384.9525	302.0239
384.4405	302.0239
384.4405	302.5358
383.9286	302.5358
383.9286	303.5596
383.4167	303.5596
383.4167	304.0715
382.9048	304.0715
382.9048	304.5834
382.3929	304.5834
382.3929	305.6072
381.8810	305.6072
381.8810	306.1191
381.3691	306.1191
381.3691	306.6310
380.8572	306.6310
380.8572	307.1429
380.3453	307.1429
380.3453	307.6548
379.8334	307.6548
379.8334	308.1667
379.3215	308.1667
379.3215	308.6786
378.8096	308.6786
378.8096	309.1905
375.2263	309.1905
375.2263	309.7024
372.6667	309.7024
372.6667	310.2143
371.6429	310.2143
371.6429	310.7262
369.5953	310.7262
369.5953	311.2382
368.5715	311.2382
368.5715	311.7501
367.5477	311.7501
367.5477	312.2620
367.0358	312.2620
367.0358	312.7739
366.5239	312.7739
366.5239	313.2858
366.0120	313.2858
366.0120	313.7977
363.9644	313.7977
363.9644	313.2858
357.3096	313.2858
357.3096	312.7739
353.2144	312.7739
353.2144	313.2858
350.6548	313.2858
350.6548	313.7977
349.1191	313.7977
349.1191	313.2858
347.0715	313.2858
347.0715	312.7739
346.5596	312.7739
346.5596	312.2620
345.5358	312.2620
345.5358	311.7501
345.0239	311.7501
345.0239	311.2382
344.0001	311.2382
344.0001	310.7262
342.9763	310.7262
342.9763	310.2143
342.4644	310.2143
342.4644	309.7024
341.9524	309.7024
341.9524	309.1905
341.4405	309.1905
341.4405	308.6786
340.9286	308.6786
340.9286	308.1667
340.4167	308.1667
340.4167	307.6548
339.9048	307.6548
339.9048	307.1429
339.3929	307.1429
339.3929	306.6310
338.8810	306.6310
338.8810	306.1191
338.3691	306.1191
338.3691	305.6072
337.8572	305.6072
337.8572	305.0953
336.8334	305.0953
336.8334	304.5834
335.8096	304.5834
335.8096	304.0715
335.2977	304.0715
335.2977	303.5596
334.7858	303.5596
334.7858	303.0477
334.2739	303.0477
334.2739	302.5358
333.7620	302.5358
333.7620	302.0239
332.7382	302.0239
332.7382	301.5120
332.2263	301.5120
332.2263	301.0001
331.7143	301.0001
331.7143	300.4882
330.6905	300.4882
330.6905	299.9762
329.6667	299.9762
329.6667	299.4643
328.6429	299.4643
328.6429	298.9524
326.0834	298.9524
326.0834	298.4405
325.5715	298.4405
325.5715	297.9286
325.0596	297.9286
325.0596	297.4167
324.5477	297.4167
324.5477	296.9048
324.0358	296.9048
324.0358	296.3929
323.0120	296.3929
323.0120	295.8810
321.9882	295.8810
321.9882	295.3691
320.9643	295.3691
320.9643	294.8572
319.9405	294.8572
319.9405	293.8334
320.4524	293.8334
320.4524	292.2977
320.9643	292.2977
320.9643	291.7858
321.4763	291.7858
321.4763	291.2739
321.9882	291.2739
321.9882	290.7620
322.5001	290.7620
322.5001	290.2501
323.0120	290.2501
323.0120	289.2262
323.5239	289.2262
323.5239	288.2024
324.0358	288.2024
324.0358	285.6429
324.5477	285.6429
324.5477	282.5715
324.0358	282.5715
324.0358	280.0120
323.5239	280.0120
323.5239	278.4762
323.0120	278.4762
323.0120	275.9167
322.5001	275.9167
322.5001	272.8453
321.9882	272.8453
321.9882	270.2858
321.4763	270.2858
321.4763	268.7501
320.9643	268.7501
320.9643	268.2381
321.4763	268.2381
321.4763	261.5834
320.9643	261.5834
320.9643	259.0239
320.4524	259.0239
320.4524	256.4643
319.9405	256.4643
319.9405	254.4167
319.4286	254.4167
319.4286	253.3929
318.9167	253.3929
318.9167	252.3691
318.4048	252.3691
318.4048	251.8572
317.8929	251.8572
317.8929	251.3453
317.3810	251.3453
317.3810	250.8334
316.8691	250.8334
316.8691	250.3215
316.3572	250.3215
316.3572	247.7620
315.8453	247.7620
315.8453	246.2262
315.3334	246.2262
315.3334	245.2024
314.8215	245.2024
314.8215	243.6667
314.3096	243.6667
314.3096	242.1310
314.8215	242.1310
314.8215	239.5715
315.3334	239.5715
315.3334	234.9643
315.8453	234.9643
315.8453	233.9405
316.3572	233.9405
316.3572	232.9167
316.8691	232.9167
316.8691	231.3810
317.3810	231.3810
317.3810	229.8453
317.8929	229.8453
317.8929	227.2858
318.9167	227.2858
318.9167	226.7739
319.4286	226.7739
319.4286	226.2619
319.9405	226.2619
319.9405	225.7500
320.4524	225.7500
320.4524	225.2381
320.9643	225.2381
320.9643	224.7262
321.4763	224.7262
321.4763	223.7024
321.9882	223.7024
321.9882	222.6786
322.5001	222.6786
322.5001	221.6548
323.0120	221.6548
323.0120	220.6310
323.5239	220.6310
323.5239	219.6072
324.0358	219.6072
324.0358	219.0953
324.5477	219.0953
324.5477	218.5834
325.0596	218.5834
325.0596	218.0715
325.5715	218.0715
325.5715	217.5596
326.0834	217.5596
326.0834	217.0477
326.5953	217.0477
326.5953	216.5358
327.1072	216.5358
327.1072	216.0239
327.6191	216.0239
327.6191	215.5119
328.1310	215.5119
328.1310	214.4881
329.1548	214.4881
329.1548	213.9762
329.6667	213.9762
329.6667	213.4643
330.1786	213.4643
330.1786	212.9524
330.6905	212.9524
330.6905	212.4405
331.7143	212.4405
331.7143	211.9286
332.2263	211.9286
332.2263	211.4167
333.2501	211.4167
333.2501	210.9048
334.2739	210.9048
334.2739	210.3929
335.2977	210.3929
335.2977	209.8810
335.8096	209.8810
335.8096	209.3691
336.3215	209.3691
336.3215	208.8572
337.3453	208.8572
337.3453	208.3453
338.3691	208.3453
338.3691	207.8334
338.8810	207.8334
338.8810	207.3215
339.3929	207.3215
339.3929	206.8096
339.9048	206.8096
339.9048	206.2977
340.4167	206.2977
340.4167	205.7858
340.9286	205.7858
340.9286	204.7619
341.4405	204.7619
341.4405	203.7381
341.9524	203.7381
341.9524	202.7143
349.1191	202.7143
349.1191	202.2024
351.6786	202.2024
351.6786	201.6905
352.7024	201.6905
352.7024	201.1786
354.2382	201.1786
