352.7024	211.9286
357.8215	211.9286
357.8215	212.4405
361.4048	212.4405
361.4048	212.9524
362.9405	212.9524
362.9405	213.4643
364.9882	213.4643
364.9882	213.9762
366.0120	213.9762
366.0120	214.4881
367.0358	214.4881
367.0358	215.0000
368.0596	215.0000
368.0596	215.5119
369.0834	215.5119
369.0834	216.0239
369.5953	216.0239
369.5953	216.5358
370.1072	216.5358
370.1072	217.0477
370.6191	217.0477
370.6191	217.5596
371.1310	217.5596
371.1310	218.0715
372.1548	218.0715
372.1548	218.5834
373.1786	218.5834
373.1786	219.0953
373.6905	219.0953
373.6905	219.6072
374.2025	219.6072
374.2025	220.1191
375.2263	220.1191
375.2263	220.6310
376.2501	220.6310
376.2501	221.1429
378.8096	221.1429
378.8096	221.6548
381.3691	221.6548
381.3691	221.1429
382.3929	221.1429
382.3929	221.6548
383.9286	221.6548
383.9286	222.1667
384.9525	222.1667
384.9525	222.6786
385.4644	222.6786
385.4644	223.7024
385.9763	223.7024
385.9763	228.3096
386.4882	228.3096
386.4882	230.8691
387.0001	230.8691
387.0001	231.8929
387.5120	231.8929
387.5120	232.9167
388.0239	232.9167
388.0239	233.4286
388.5358	233.4286
388.5358	234.4524
389.0477	234.4524
389.0477	235.4762
389.5596	235.4762
389.5596	236.5000
390.0715	236.5000
390.0715	237.0119
390.5834	237.0119
390.5834	238.0358
391.0953	238.0358
391.0953	238.5477
391.6072	238.5477
391.6072	239.0596
392.1191	239.0596
392.1191	241.1072
392.6310	241.1072
392.6310	243.1548
393.1429	243.1548
393.1429	245.7143
393.6548	245.7143
393.6548	251.8572
394.1667	251.8572
394.1667	254.4167
394.6786	254.4167
394.6786	255.4405
395.1906	255.4405
395.1906	256.4643
395.7025	256.4643
395.7025	257.4881
396.2144	257.4881
396.2144	258.0000
396.7263	258.0000
396.7263	258.5120
397.2382	258.5120
397.2382	259.0239
397.7501	259.0239
397.7501	259.5358
398.2620	259.5358
398.2620	260.0477
398.7739	260.0477
398.7739	260.5596
399.2858	260.5596
399.2858	261.5834
399.7977	261.5834
399.7977	262.6072
400.3096	262.6072
400.3096	263.6310
400.8215	263.6310
400.8215	264.1429
400.3096	264.1429
400.3096	267.2143
400.8215	267.2143
400.8215	269.7739
401.3334	269.7739
401.3334	270.7977
401.8453	270.7977
401.8453	271.8215
402.3572	271.8215
402.3572	272.8453
402.8691	272.8453
402.8691	273.3572
403.3810	273.3572
403.3810	273.8691
403.8929	273.8691
403.8929	278.4762
404.4048	278.4762
404.4048	280.0120
403.8929	280.0120
403.8929	280.5239
403.3810	280.5239
403.3810	281.0358
402.8691	281.0358
402.8691	281.5477
402.3572	281.5477
402.3572	282.0596
401.8453	282.0596
401.8453	283.0834
401.3334	283.0834
401.3334	284.1072
400.8215	284.1072
400.8215	286.1548
400.3096	286.1548
400.3096	287.6905
399.7977	287.6905
399.7977	288.2024
399.2858	288.2024
399.2858	289.2262
398.7739	289.2262
398.7739	290.2501
398.2620	290.2501
398.2620	292.8096
397.7501	292.8096
397.7501	293.8334
397.2382	293.8334
397.2382	294.8572
396.7263	294.8572
396.7263	296.3929
396.2144	296.3929
396.2144	297.4167
395.7025	297.4167
395.7025	298.4405
395.1906	298.4405
395.1906	299.4643
394.6786	299.4643
394.6786	301.0001
394.1667	301.0001
394.1667	301.5120
393.6548	301.5120
393.6548	302.0239
393.1429	302.0239
393.1429	302.5358
392.6310	302.5358
392.6310	303.0477
392.1191	303.0477
392.1191	303.5596
391.6072	303.5596
391.6072	304.0715
391.0953	304.0715
391.0953	305.0953
390.5834	305.0953
390.5834	306.1191
390.0715	306.1191
390.0715	307.1429
389.5596	307.1429
389.5596	308.6786
389.0477	308.6786
389.0477	309.1905
388.5358	309.1905
388.5358	309.7024
388.0239	309.7024
388.0239	310.2143
387.5120	310.2143
387.5120	310.7262
387.0001	310.7262
387.0001	311.2382
386.4882	311.2382
386.4882	311.7501
385.9763	311.7501
385.9763	312.7739
385.4644	312.7739
385.4644	313.2858
384.9525	313.2858
384.9525	313.7977
383.9286	313.7977
383.9286	314.3096
382.9048	314.3096
382.9048	314.8215
382.3929	314.8215
382.3929	315.3334
381.8810	315.3334
381.8810	315.8453
381.3691	315.8453
381.3691	316.3572
380.8572	316.3572
380.8572	316.8691
380.3453	316.8691
380.3453	317.3810
379.8334	317.3810
379.8334	317.8929
379.3215	317.8929
379.3215	318.4048
378.8096	318.4048
378.8096	318.9167
378.2977	318.9167
378.2977	319.4286
377.7858	319.4286
377.7858	319.9405
376.7620	319.9405
376.7620	320.4524
376.2501	320.4524
376.2501	320.9643
375.2263	320.9643
375.2263	321.4763
374.7144	321.4763
374.7144	321.9882
374.2025	321.9882
374.2025	322.5001
373.6905	322.5001
373.6905	323.0120
372.6667	323.0120
372.6667	323.5239
369.0834	323.5239
369.0834	323.0120
368.0596	323.0120
368.0596	322.5001
367.0358	322.5001
367.0358	321.9882
364.4763	321.9882
364.4763	321.4763
359.3572	321.4763
359.3572	321.9882
355.7739	321.9882
355.7739	321.4763
353.7263	321.4763
353.7263	320.9643
352.7024	320.9643
352.7024	320.4524
350.6548	320.4524
350.6548	319.9405
348.0953	319.9405
348.0953	319.4286
347.5834	319.4286
347.5834	318.9167
347.0715	318.9167
347.0715	318.4048
346.0477	318.4048
346.0477	317.8929
345.0239	317.8929
345.0239	317.3810
344.5120	317.3810
344.5120	316.8691
343.4882	316.8691
343.4882	315.8453
342.9763	315.8453
342.9763	315.3334
342.4644	315.3334
342.4644	314.8215
341.9524	314.8215
341.9524	314.3096
341.4405	314.3096
341.4405	313.2858
340.9286	313.2858
340.9286	312.2620
340.4167	312.2620
340.4167	311.7501
339.9048	311.7501
339.9048	311.2382
339.3929	311.2382
339.3929	310.7262
338.8810	310.7262
338.8810	310.2143
338.3691	310.2143
338.3691	309.7024
337.8572	309.7024
337.8572	309.1905
337.3453	309.1905
337.3453	308.6786
336.8334	308.6786
336.8334	307.6548
336.3215	307.6548
336.3215	307.1429
335.8096	307.1429
335.8096	306.6310
335.2977	306.6310
335.2977	306.1191
334.7858	306.1191
334.7858	305.6072
334.2739	305.6072
334.2739	305.0953
333.7620	305.0953
333.7620	304.5834
333.2501	304.5834
333.2501	304.0715
332.2263	304.0715
332.2263	303.5596
331.7143	303.5596
331.7143	303.0477
331.2024	303.0477
331.2024	302.5358
330.6905	302.5358
330.6905	302.0239
329.6667	302.0239
329.6667	301.5120
328.6429	301.5120
328.6429	301.0001
326.5953	301.0001
326.5953	300.4882
326.0834	300.4882
326.0834	299.9762
325.5715	299.9762
325.5715	299.4643
325.0596	299.4643
325.0596	298.9524
324.5477	298.9524
324.5477	298.4405
323.5239	298.4405
323.5239	297.9286
322.5001	297.9286
322.5001	296.9048
323.0120	296.9048
323.0120	295.8810
323.5239	295.8810
323.5239	294.8572
324.0358	294.8572
324.0358	292.2977
324.5477	292.2977
324.5477	287.1786
324.0358	287.1786
324.0358	285.1310
324.5477	285.1310
324.5477	281.5477
324.0358	281.5477
324.0358	278.9881
323.5239	278.9881
323.5239	277.9643
323.0120	277.9643
323.0120	275.4048
322.5001	275.4048
322.5001	274.3810
321.9882	274.3810
321.9882	273.3572
321.4763	273.3572
321.4763	272.3334
320.9643	272.3334
320.9643	270.2858
320.4524	270.2858
320.4524	268.7501
319.9405	268.7501
319.9405	267.7262
319.4286	267.7262
319.4286	265.1667
318.9167	265.1667
318.9167	262.6072
318.4048	262.6072
318.4048	261.5834
317.8929	261.5834
317.8929	260.5596
317.3810	260.5596
317.3810	259.5358
316.8691	259.5358
316.8691	259.0239
316.3572	259.0239
316.3572	258.5120
315.8453	258.5120
315.8453	258.0000
315.3334	258.0000
315.3334	257.4881
314.8215	257.4881
314.8215	256.9762
314.3096	256.9762
314.3096	256.4643
313.7977	256.4643
313.7977	255.9524
313.2858	255.9524
313.2858	254.4167
312.7739	254.4167
312.7739	252.8810
312.2620	252.8810
312.2620	251.3453
312.7739	251.3453
312.7739	244.1786
313.2858	244.1786
313.2858	240.5953
312.7739	240.5953
312.7739	237.5239
313.2858	237.5239
313.2858	235.9881
313.7977	235.9881
313.7977	234.4524
314.3096	234.4524
314.3096	232.4048
314.8215	232.4048
314.8215	231.8929
315.3334	231.8929
315.3334	231.3810
315.8453	231.3810
315.8453	230.3572
316.3572	230.3572
316.3572	229.3334
316.8691	229.3334
316.8691	228.8215
317.3810	228.8215
317.3810	228.3096
317.8929	228.3096
317.8929	227.2858
318.4048	227.2858
318.4048	226.7739
318.9167	226.7739
318.9167	226.2619
319.4286	226.2619
319.4286	225.2381
319.9405	225.2381
319.9405	224.7262
320.4524	224.7262
320.4524	224.2143
320.9643	224.2143
320.9643	223.7024
321.4763	223.7024
321.4763	223.1905
321.9882	223.1905
321.9882	222.6786
322.5001	222.6786
322.5001	222.1667
323.0120	222.1667
323.0120	221.6548
323.5239	221.6548
323.5239	221.1429
324.0358	221.1429
324.0358	220.6310
324.5477	220.6310
324.5477	220.1191
325.0596	220.1191
325.0596	219.0953
325.5715	219.0953
325.5715	218.5834
326.5953	218.5834
326.5953	218.0715
327.1072	218.0715
327.1072	217.5596
328.1310	217.5596
328.1310	217.0477
328.6429	217.0477
328.6429	216.5358
329.1548	216.5358
329.1548	216.0239
330.1786	216.0239
330.1786	215.5119
330.6905	215.5119
330.6905	215.0000
331.2024	215.0000
331.2024	214.4881
331.7143	214.4881
331.7143	213.9762
332.7382	213.9762
332.7382	213.4643
333.7620	213.4643
333.7620	212.9524
337.8572	212.9524
337.8572	212.4405
344.0001	212.4405
344.0001	211.9286
346.5596	211.9286
346.5596	211.4167
352.7024	211.4167
