359.3572	211.9286
362.4286	211.9286
362.4286	212.4405
363.9644	212.4405
363.9644	212.9524
364.9882	212.9524
364.9882	213.4643
365.5001	213.4643
365.5001	213.9762
366.5239	213.9762
366.5239	214.4881
367.5477	214.4881
367.5477	215.0000
368.5715	215.0000
368.5715	215.5119
369.0834	215.5119
369.0834	216.0239
370.1072	216.0239
370.1072	216.5358
370.6191	216.5358
370.6191	217.0477
371.1310	217.0477
371.1310	217.5596
372.1548	217.5596
372.1548	218.0715
373.1786	218.0715
373.1786	218.5834
374.2025	218.5834
374.2025	219.0953
375.2263	219.0953
375.2263	219.6072
377.7858	219.6072
377.7858	220.1191
381.8810	220.1191
381.8810	220.6310
382.3929	220.6310
382.3929	221.1429
383.4167	221.1429
383.4167	221.6548
384.4405	221.6548
384.4405	222.1667
384.9525	222.1667
384.9525	222.6786
385.4644	222.6786
385.4644	223.7024
385.9763	223.7024
385.9763	225.2381
386.4882	225.2381
386.4882	226.2619
387.0001	226.2619
387.0001	227.2858
387.5120	227.2858
387.5120	227.7977
388.0239	227.7977
388.0239	228.3096
388.5358	228.3096
388.5358	229.3334
389.0477	229.3334
389.0477	229.8453
389.5596	229.8453
389.5596	230.8691
390.0715	230.8691
390.0715	231.8929
390.5834	231.8929
390.5834	232.4048
391.0953	232.4048
391.0953	232.9167
391.6072	232.9167
391.6072	233.9405
392.1191	233.9405
392.1191	234.9643
392.6310	234.9643
392.6310	236.5000
393.1429	236.5000
393.1429	237.5239
393.6548	237.5239
393.6548	238.5477
394.1667	238.5477
394.1667	240.5953
394.6786	240.5953
394.6786	243.1548
395.1906	243.1548
395.1906	245.2024
395.7025	245.2024
395.7025	247.7620
396.2144	247.7620
396.2144	249.8096
396.7263	249.8096
396.7263	251.3453
397.2382	251.3453
397.2382	253.3929
397.7501	253.3929
397.7501	254.9286
398.2620	254.9286
398.2620	255.9524
398.7739	255.9524
398.7739	256.9762
399.2858	256.9762
399.2858	258.5120
399.7977	258.5120
399.7977	259.5358
400.3096	259.5358
400.3096	260.5596
400.8215	260.5596
400.8215	261.5834
401.3334	261.5834
401.3334	262.6072
401.8453	262.6072
401.8453	263.6310
402.3572	263.6310
402.3572	264.6548
402.8691	264.6548
402.8691	265.1667
403.3810	265.1667
403.3810	267.2143
403.8929	267.2143
403.8929	268.2381
404.4048	268.2381
404.4048	269.2620
404.9167	269.2620
404.9167	270.2858
405.4286	270.2858
405.4286	271.3096
405.9406	271.3096
405.9406	272.3334
406.4525	272.3334
406.4525	272.8453
406.9644	272.8453
406.9644	273.3572
407.4763	273.3572
407.4763	274.3810
407.9882	274.3810
407.9882	276.4286
407.4763	276.4286
407.4763	277.4524
406.9644	277.4524
406.9644	278.4762
406.4525	278.4762
406.4525	280.0120
405.9406	280.0120
405.9406	281.0358
405.4286	281.0358
405.4286	281.5477
404.9167	281.5477
404.9167	282.0596
404.4048	282.0596
404.4048	282.5715
403.8929	282.5715
403.8929	283.5953
403.3810	283.5953
403.3810	284.1072
402.8691	284.1072
402.8691	285.1310
402.3572	285.1310
402.3572	286.1548
401.8453	286.1548
401.8453	287.6905
401.3334	287.6905
401.3334	290.2501
400.8215	290.2501
400.8215	291.2739
400.3096	291.2739
400.3096	292.2977
399.7977	292.2977
399.7977	293.8334
399.2858	293.8334
399.2858	294.8572
398.7739	294.8572
398.7739	296.3929
398.2620	296.3929
398.2620	297.9286
397.7501	297.9286
397.7501	298.9524
397.2382	298.9524
397.2382	299.4643
396.7263	299.4643
396.7263	299.9762
396.2144	299.9762
396.2144	301.0001
395.7025	301.0001
395.7025	301.5120
395.1906	301.5120
395.1906	302.0239
394.6786	302.0239
394.6786	302.5358
394.1667	302.5358
394.1667	303.5596
393.6548	303.5596
393.6548	304.5834
393.1429	304.5834
393.1429	305.6072
392.6310	305.6072
392.6310	306.1191
392.1191	306.1191
392.1191	307.1429
391.6072	307.1429
391.6072	308.1667
391.0953	308.1667
391.0953	308.6786
390.5834	308.6786
390.5834	309.7024
390.0715	309.7024
390.0715	310.7262
389.5596	310.7262
389.5596	311.2382
389.0477	311.2382
389.0477	311.7501
388.5358	311.7501
388.5358	312.7739
388.0239	312.7739
388.0239	313.7977
387.5120	313.7977
387.5120	314.8215
387.0001	314.8215
387.0001	315.3334
385.9763	315.3334
385.9763	315.8453
385.4644	315.8453
385.4644	316.3572
384.9525	316.3572
384.9525	316.8691
383.9286	316.8691
383.9286	317.3810
382.9048	317.3810
382.9048	317.8929
382.3929	317.8929
382.3929	318.4048
381.8810	318.4048
381.8810	318.9167
381.3691	318.9167
381.3691	319.4286
380.8572	319.4286
380.8572	319.9405
378.2977	319.9405
378.2977	320.4524
374.2025	320.4524
374.2025	319.9405
373.1786	319.9405
373.1786	319.4286
370.6191	319.4286
370.6191	318.9167
367.0358	318.9167
367.0358	319.4286
364.4763	319.4286
364.4763	319.9405
356.2858	319.9405
356.2858	319.4286
355.2620	319.4286
355.2620	318.9167
354.2382	318.9167
354.2382	318.4048
352.1905	318.4048
352.1905	317.8929
351.6786	317.8929
351.6786	317.3810
350.6548	317.3810
350.6548	316.8691
349.6310	316.8691
349.6310	316.3572
348.6072	316.3572
348.6072	315.8453
348.0953	315.8453
348.0953	315.3334
347.5834	315.3334
347.5834	314.8215
347.0715	314.8215
347.0715	314.3096
346.5596	314.3096
346.5596	313.7977
346.0477	313.7977
346.0477	313.2858
345.5358	313.2858
345.5358	312.2620
345.0239	312.2620
345.0239	311.2382
344.5120	311.2382
344.5120	310.2143
344.0001	310.2143
344.0001	309.7024
343.4882	309.7024
343.4882	309.1905
342.9763	309.1905
342.9763	308.6786
342.4644	308.6786
342.4644	308.1667
341.9524	308.1667
341.9524	307.6548
340.9286	307.6548
340.9286	307.1429
340.4167	307.1429
340.4167	306.6310
339.9048	306.6310
339.9048	306.1191
339.3929	306.1191
339.3929	305.6072
338.3691	305.6072
338.3691	305.0953
337.8572	305.0953
337.8572	304.5834
336.8334	304.5834
336.8334	304.0715
335.8096	304.0715
335.8096	303.5596
335.2977	303.5596
335.2977	303.0477
334.2739	303.0477
334.2739	302.5358
333.2501	302.5358
333.2501	302.0239
332.2263	302.0239
332.2263	301.5120
331.7143	301.5120
331.7143	301.0001
330.6905	301.0001
330.6905	300.4882
329.6667	300.4882
329.6667	299.9762
328.1310	299.9762
328.1310	299.4643
327.1072	299.4643
327.1072	298.9524
326.0834	298.9524
326.0834	298.4405
324.0358	298.4405
324.0358	297.4167
323.5239	297.4167
323.5239	296.9048
323.0120	296.9048
323.0120	296.3929
323.5239	296.3929
323.5239	295.3691
324.0358	295.3691
324.0358	292.8096
324.5477	292.8096
324.5477	288.2024
324.0358	288.2024
324.0358	285.6429
323.5239	285.6429
323.5239	284.6191
323.0120	284.6191
323.0120	279.5001
322.5001	279.5001
322.5001	271.3096
321.9882	271.3096
321.9882	268.7501
321.4763	268.7501
321.4763	267.2143
320.9643	267.2143
320.9643	266.1905
320.4524	266.1905
320.4524	265.1667
319.9405	265.1667
319.9405	264.6548
319.4286	264.6548
319.4286	264.1429
318.9167	264.1429
318.9167	263.6310
318.4048	263.6310
318.4048	263.1191
317.8929	263.1191
317.8929	262.6072
317.3810	262.6072
317.3810	262.0953
316.3572	262.0953
316.3572	261.0715
315.8453	261.0715
315.8453	260.0477
315.3334	260.0477
315.3334	259.0239
314.8215	259.0239
314.8215	258.5120
314.3096	258.5120
314.3096	258.0000
313.7977	258.0000
313.7977	256.4643
313.2858	256.4643
313.2858	254.4167
312.7739	254.4167
312.7739	251.3453
312.2620	251.3453
312.2620	248.7858
311.7501	248.7858
311.7501	247.7620
311.2382	247.7620
311.2382	242.1310
311.7501	242.1310
311.7501	239.5715
312.2620	239.5715
312.2620	236.5000
312.7739	236.5000
312.7739	235.4762
313.2858	235.4762
313.2858	234.4524
313.7977	234.4524
313.7977	232.4048
314.3096	232.4048
314.3096	229.8453
314.8215	229.8453
314.8215	229.3334
315.3334	229.3334
315.3334	228.8215
315.8453	228.8215
315.8453	228.3096
316.3572	228.3096
316.3572	227.7977
316.8691	227.7977
316.8691	227.2858
317.3810	227.2858
317.3810	226.7739
317.8929	226.7739
317.8929	226.2619
318.4048	226.2619
318.4048	225.7500
318.9167	225.7500
318.9167	225.2381
319.4286	225.2381
319.4286	224.7262
319.9405	224.7262
319.9405	223.7024
320.4524	223.7024
320.4524	222.6786
320.9643	222.6786
320.9643	221.6548
321.4763	221.6548
321.4763	220.6310
322.5001	220.6310
322.5001	220.1191
323.0120	220.1191
323.0120	219.6072
323.5239	219.6072
323.5239	219.0953
324.0358	219.0953
324.0358	218.5834
324.5477	218.5834
324.5477	218.0715
325.0596	218.0715
325.0596	217.5596
325.5715	217.5596
325.5715	217.0477
326.5953	217.0477
326.5953	216.5358
327.1072	216.5358
327.1072	216.0239
328.1310	216.0239
328.1310	215.5119
328.6429	215.5119
328.6429	215.0000
329.6667	215.0000
329.6667	214.4881
332.2263	214.4881
332.2263	213.9762
333.2501	213.9762
333.2501	213.4643
335.8096	213.4643
335.8096	212.9524
337.8572	212.9524
337.8572	212.4405
340.4167	212.4405
340.4167	211.9286
347.0715	211.9286
347.0715	211.4167
359.3572	211.4167
