357.8215	203.2262
364.9882	203.2262
364.9882	203.7381
368.0596	203.7381
368.0596	204.2500
370.6191	204.2500
370.6191	204.7619
374.2025	204.7619
374.2025	205.2738
377.2739	205.2738
377.2739	205.7858
381.3691	205.7858
381.3691	206.2977
385.4644	206.2977
385.4644	206.8096
388.0239	206.8096
388.0239	207.3215
390.0715	207.3215
390.0715	207.8334
392.6310	207.8334
392.6310	208.3453
394.1667	208.3453
394.1667	208.8572
395.1906	208.8572
395.1906	209.3691
396.7263	209.3691
396.7263	209.8810
397.2382	209.8810
397.2382	210.3929
397.7501	210.3929
397.7501	210.9048
398.7739	210.9048
398.7739	211.4167
399.7977	211.4167
399.7977	212.4405
400.3096	212.4405
400.3096	212.9524
400.8215	212.9524
400.8215	213.4643
401.3334	213.4643
401.3334	213.9762
401.8453	213.9762
401.8453	214.4881
402.3572	214.4881
402.3572	215.0000
403.3810	215.0000
403.3810	215.5119
403.8929	215.5119
403.8929	216.0239
404.4048	216.0239
404.4048	216.5358
404.9167	216.5358
404.9167	217.0477
405.9406	217.0477
405.9406	217.5596
406.4525	217.5596
406.4525	218.0715
406.9644	218.0715
406.9644	218.5834
407.9882	218.5834
407.9882	219.0953
409.0120	219.0953
409.0120	219.6072
410.0358	219.6072
410.0358	220.1191
410.5477	220.1191
410.5477	220.6310
411.0596	220.6310
411.0596	221.1429
411.5715	221.1429
411.5715	221.6548
412.0834	221.6548
412.0834	222.1667
412.5953	222.1667
412.5953	222.6786
413.6191	222.6786
413.6191	223.1905
414.1310	223.1905
414.1310	223.7024
415.1548	223.7024
415.1548	224.2143
416.1787	224.2143
416.1787	224.7262
417.2025	224.7262
417.2025	225.2381
417.7144	225.2381
417.7144	225.7500
418.2263	225.7500
418.2263	226.2619
419.2501	226.2619
419.2501	226.7739
419.7620	226.7739
419.7620	227.2858
420.2739	227.2858
420.2739	227.7977
420.7858	227.7977
420.7858	228.3096
421.2977	228.3096
421.2977	228.8215
422.3215	228.8215
422.3215	229.3334
422.8334	229.3334
422.8334	229.8453
423.3453	229.8453
423.3453	230.3572
423.8572	230.3572
423.8572	230.8691
424.3691	230.8691
424.3691	231.3810
424.8810	231.3810
424.8810	231.8929
425.3929	231.8929
425.3929	232.4048
425.9048	232.4048
425.9048	232.9167
426.4167	232.9167
426.4167	233.4286
426.9287	233.4286
426.9287	234.4524
427.4406	234.4524
427.4406	234.9643
427.9525	234.9643
427.9525	235.4762
428.4644	235.4762
428.4644	235.9881
428.9763	235.9881
428.9763	236.5000
429.4882	236.5000
429.4882	237.0119
430.0001	237.0119
430.0001	237.5239
431.0239	237.5239
431.0239	238.0358
431.5358	238.0358
431.5358	238.5477
432.0477	238.5477
432.0477	239.0596
432.5596	239.0596
432.5596	239.5715
433.5834	239.5715
433.5834	240.5953
434.0953	240.5953
434.0953	241.6191
434.6072	241.6191
434.6072	242.1310
435.1191	242.1310
435.1191	243.6667
435.6310	243.6667
435.6310	245.2024
436.1429	245.2024
436.1429	247.7620
436.6548	247.7620
436.6548	250.3215
437.1667	250.3215
437.1667	252.8810
437.6787	252.8810
437.6787	256.9762
438.1906	256.9762
438.1906	260.0477
438.7025	260.0477
438.7025	264.6548
438.1906	264.6548
438.1906	267.2143
437.6787	267.2143
437.6787	267.7262
437.1667	267.7262
437.1667	268.7501
436.6548	268.7501
436.6548	269.7739
436.1429	269.7739
436.1429	270.7977
435.6310	270.7977
435.6310	272.3334
435.1191	272.3334
435.1191	272.8453
434.6072	272.8453
434.6072	273.3572
434.0953	273.3572
434.0953	273.8691
433.5834	273.8691
433.5834	274.3810
433.0715	274.3810
433.0715	275.4048
432.5596	275.4048
432.5596	275.9167
432.0477	275.9167
432.0477	276.9405
431.5358	276.9405
431.5358	277.4524
431.0239	277.4524
431.0239	277.9643
430.5120	277.9643
430.5120	278.4762
430.0001	278.4762
430.0001	278.9881
429.4882	278.9881
429.4882	279.5001
428.9763	279.5001
428.9763	280.0120
428.4644	280.0120
428.4644	280.5239
427.9525	280.5239
427.9525	281.5477
427.4406	281.5477
427.4406	282.0596
426.9287	282.0596
426.9287	282.5715
426.4167	282.5715
426.4167	283.5953
425.9048	283.5953
425.9048	284.1072
425.3929	284.1072
425.3929	284.6191
424.8810	284.6191
424.8810	285.6429
424.3691	285.6429
424.3691	286.6667
423.8572	286.6667
423.8572	287.6905
423.3453	287.6905
423.3453	288.2024
422.8334	288.2024
422.8334	288.7143
422.3215	288.7143
422.3215	289.7382
421.8096	289.7382
421.8096	290.7620
421.2977	290.7620
421.2977	291.7858
420.7858	291.7858
420.7858	292.2977
420.2739	292.2977
420.2739	293.3215
419.7620	293.3215
419.7620	294.3453
419.2501	294.3453
419.2501	295.3691
418.7382	295.3691
418.7382	295.8810
418.2263	295.8810
418.2263	296.3929
417.7144	296.3929
417.7144	296.9048
417.2025	296.9048
417.2025	297.4167
416.6906	297.4167
416.6906	298.4405
416.1787	298.4405
416.1787	298.9524
415.6667	298.9524
415.6667	299.4643
415.1548	299.4643
415.1548	300.4882
414.6429	300.4882
414.6429	301.5120
414.1310	301.5120
414.1310	302.0239
413.6191	302.0239
413.6191	303.0477
413.1072	303.0477
413.1072	303.5596
412.5953	303.5596
412.5953	304.0715
412.0834	304.0715
412.0834	305.0953
411.5715	305.0953
411.5715	306.1191
411.0596	306.1191
411.0596	307.1429
410.5477	307.1429
410.5477	307.6548
410.0358	307.6548
410.0358	308.1667
407.4763	308.1667
407.4763	308.6786
405.9406	308.6786
405.9406	309.1905
404.9167	309.1905
404.9167	309.7024
403.8929	309.7024
403.8929	310.2143
402.8691	310.2143
402.8691	310.7262
402.3572	310.7262
402.3572	311.2382
401.3334	311.2382
401.3334	311.7501
400.8215	311.7501
400.8215	312.2620
400.3096	312.2620
400.3096	312.7739
399.2858	312.7739
399.2858	313.2858
398.2620	313.2858
398.2620	313.7977
397.7501	313.7977
397.7501	314.3096
397.2382	314.3096
397.2382	314.8215
396.7263	314.8215
396.7263	315.3334
396.2144	315.3334
396.2144	315.8453
395.7025	315.8453
395.7025	316.3572
395.1906	316.3572
395.1906	316.8691
394.6786	316.8691
394.6786	317.3810
392.6310	317.3810
392.6310	316.8691
390.0715	316.8691
390.0715	316.3572
387.5120	316.3572
387.5120	316.8691
384.9525	316.8691
384.9525	317.3810
382.9048	317.3810
382.9048	317.8929
381.8810	317.8929
381.8810	318.4048
380.3453	318.4048
380.3453	318.9167
377.7858	318.9167
377.7858	319.4286
376.7620	319.4286
376.7620	319.9405
375.2263	319.9405
375.2263	320.4524
374.2025	320.4524
374.2025	320.9643
371.6429	320.9643
371.6429	321.4763
370.6191	321.4763
370.6191	321.9882
369.5953	321.9882
369.5953	322.5001
369.0834	322.5001
369.0834	323.0120
368.0596	323.0120
368.0596	323.5239
367.5477	323.5239
367.5477	324.0358
366.5239	324.0358
366.5239	324.5477
363.4525	324.5477
363.4525	325.0596
360.8929	325.0596
360.8929	325.5715
359.8691	325.5715
359.8691	326.0834
358.8453	326.0834
358.8453	326.5953
358.3334	326.5953
358.3334	327.1072
354.2382	327.1072
354.2382	327.6191
347.0715	327.6191
347.0715	328.1310
339.9048	328.1310
339.9048	327.6191
334.7858	327.6191
334.7858	328.1310
331.7143	328.1310
331.7143	328.6429
329.1548	328.6429
329.1548	329.1548
328.1310	329.1548
328.1310	328.6429
327.6191	328.6429
327.6191	328.1310
326.5953	328.1310
326.5953	327.6191
325.5715	327.6191
325.5715	327.1072
323.0120	327.1072
323.0120	326.5953
321.9882	326.5953
321.9882	326.0834
319.4286	326.0834
319.4286	325.5715
314.3096	325.5715
314.3096	326.0834
312.7739	326.0834
312.7739	325.5715
310.2143	325.5715
310.2143	325.0596
309.1905	325.0596
309.1905	324.5477
308.1667	324.5477
308.1667	324.0358
306.1191	324.0358
306.1191	323.5239
303.5596	323.5239
303.5596	323.0120
302.5358	323.0120
302.5358	322.5001
301.5120	322.5001
301.5120	321.9882
298.9524	321.9882
298.9524	321.4763
296.3929	321.4763
296.3929	321.9882
294.8572	321.9882
294.8572	321.4763
294.3453	321.4763
294.3453	320.9643
293.8334	320.9643
293.8334	320.4524
293.3215	320.4524
293.3215	319.9405
292.2977	319.9405
292.2977	319.4286
291.2739	319.4286
291.2739	318.9167
290.2501	318.9167
290.2501	318.4048
289.2262	318.4048
289.2262	317.8929
288.2024	317.8929
288.2024	317.3810
287.6905	317.3810
287.6905	316.8691
286.6667	316.8691
286.6667	316.3572
286.1548	316.3572
286.1548	315.8453
285.6429	315.8453
285.6429	315.3334
284.6191	315.3334
284.6191	314.8215
284.1072	314.8215
284.1072	314.3096
283.5953	314.3096
283.5953	313.7977
283.0834	313.7977
283.0834	313.2858
282.5715	313.2858
282.5715	312.7739
282.0596	312.7739
282.0596	312.2620
281.5477	312.2620
281.5477	311.7501
281.0358	311.7501
281.0358	311.2382
280.5239	311.2382
280.5239	310.2143
280.0120	310.2143
280.0120	309.1905
279.5001	309.1905
279.5001	308.1667
278.9881	308.1667
278.9881	307.6548
278.4762	307.6548
278.4762	307.1429
277.9643	307.1429
277.9643	304.5834
277.4524	304.5834
277.4524	302.0239
276.9405	302.0239
276.9405	301.0001
276.4286	301.0001
276.4286	297.9286
275.9167	297.9286
275.9167	292.8096
275.4048	292.8096
275.4048	290.2501
274.8929	290.2501
274.8929	289.2262
274.3810	289.2262
274.3810	287.6905
273.8691	287.6905
273.8691	276.4286
273.3572	276.4286
273.3572	271.3096
273.8691	271.3096
273.8691	269.7739
274.3810	269.7739
274.3810	269.2620
274.8929	269.2620
274.8929	268.2381
275.4048	268.2381
275.4048	267.2143
275.9167	267.2143
275.9167	266.1905
276.4286	266.1905
276.4286	264.1429
276.9405	264.1429
276.9405	263.1191
277.4524	263.1191
277.4524	262.0953
277.9643	262.0953
277.9643	259.5358
278.4762	259.5358
278.4762	256.4643
277.9643	256.4643
277.9643	253.3929
278.4762	253.3929
278.4762	251.8572
278.9881	251.8572
278.9881	249.8096
279.5001	249.8096
279.5001	247.7620
280.0120	247.7620
280.0120	245.2024
280.5239	245.2024
280.5239	241.6191
281.0358	241.6191
281.0358	240.5953
281.5477	240.5953
281.5477	239.5715
282.0596	239.5715
282.0596	238.5477
282.5715	238.5477
282.5715	237.5239
283.0834	237.5239
283.0834	235.9881
283.5953	235.9881
283.5953	234.9643
284.1072	234.9643
284.1072	234.4524
284.6191	234.4524
284.6191	233.9405
285.1310	233.9405
285.1310	233.4286
285.6429	233.4286
285.6429	232.9167
286.1548	232.9167
286.1548	232.4048
286.6667	232.4048
286.6667	231.8929
287.1786	231.8929
287.1786	230.8691
287.6905	230.8691
287.6905	230.3572
288.2024	230.3572
288.2024	229.3334
288.7143	229.3334
288.7143	228.8215
289.2262	228.8215
289.2262	227.7977
289.7382	227.7977
289.7382	226.7739
290.2501	226.7739
290.2501	225.7500
290.7620	225.7500
290.7620	223.1905
293.3215	223.1905
293.3215	222.6786
294.3453	222.6786
294.3453	222.1667
295.3691	222.1667
295.3691	221.6548
296.3929	221.6548
296.3929	221.1429
296.9048	221.1429
296.9048	220.6310
297.9286	220.6310
297.9286	220.1191
298.9524	220.1191
298.9524	219.6072
299.9762	219.6072
299.9762	219.0953
300.4882	219.0953
300.4882	218.5834
303.0477	218.5834
303.0477	218.0715
305.0953	218.0715
305.0953	217.5596
306.1191	217.5596
306.1191	217.0477
307.1429	217.0477
307.1429	216.5358
308.1667	216.5358
308.1667	216.0239
309.1905	216.0239
309.1905	215.5119
310.2143	215.5119
310.2143	215.0000
310.7262	215.0000
310.7262	214.4881
311.7501	214.4881
311.7501	213.9762
312.7739	213.9762
312.7739	213.4643
313.7977	213.4643
313.7977	212.9524
315.3334	212.9524
315.3334	212.4405
317.3810	212.4405
317.3810	211.9286
318.9167	211.9286
318.9167	211.4167
319.9405	211.4167
319.9405	210.9048
320.9643	210.9048
320.9643	210.3929
322.5001	210.3929
322.5001	209.8810
324.0358	209.8810
324.0358	209.3691
325.0596	209.3691
325.0596	208.8572
326.5953	208.8572
326.5953	208.3453
329.1548	208.3453
329.1548	207.8334
330.6905	207.8334
330.6905	207.3215
332.2263	207.3215
332.2263	206.8096
333.2501	206.8096
333.2501	206.2977
336.3215	206.2977
336.3215	205.7858
338.8810	205.7858
338.8810	205.2738
340.9286	205.2738
340.9286	204.7619
342.9763	204.7619
342.9763	204.2500
348.6072	204.2500
348.6072	203.7381
352.1905	203.7381
352.1905	203.2262
354.7501	203.2262
354.7501	202.7143
357.8215	202.7143
