384.9525	215.0000
385.9763	215.0000
385.9763	215.5119
387.0001	215.5119
387.0001	216.0239
389.0477	216.0239
389.0477	216.5358
391.0953	216.5358
391.0953	217.0477
391.6072	217.0477
391.6072	217.5596
392.1191	217.5596
392.1191	218.0715
392.6310	218.0715
392.6310	218.5834
393.6548	218.5834
393.6548	219.0953
394.1667	219.0953
394.1667	219.6072
395.1906	219.6072
395.1906	220.1191
395.7025	220.1191
395.7025	220.6310
396.2144	220.6310
396.2144	221.1429
396.7263	221.1429
396.7263	221.6548
397.2382	221.6548
397.2382	222.1667
397.7501	222.1667
397.7501	222.6786
398.2620	222.6786
398.2620	223.1905
398.7739	223.1905
398.7739	223.7024
399.2858	223.7024
399.2858	224.2143
399.7977	224.2143
399.7977	224.7262
400.3096	224.7262
400.3096	225.2381
400.8215	225.2381
400.8215	225.7500
401.3334	225.7500
401.3334	226.2619
401.8453	226.2619
401.8453	226.7739
402.3572	226.7739
402.3572	227.2858
402.8691	227.2858
402.8691	227.7977
403.3810	227.7977
403.3810	228.3096
403.8929	228.3096
403.8929	228.8215
404.4048	228.8215
404.4048	229.3334
404.9167	229.3334
404.9167	229.8453
405.4286	229.8453
405.4286	230.3572
405.9406	230.3572
405.9406	230.8691
406.4525	230.8691
406.4525	231.3810
407.4763	231.3810
407.4763	231.8929
408.5001	231.8929
408.5001	232.4048
409.5239	232.4048
409.5239	232.9167
412.0834	232.9167
412.0834	233.4286
413.1072	233.4286
413.1072	233.9405
414.1310	233.9405
414.1310	234.4524
416.6906	234.4524
416.6906	234.9643
421.8096	234.9643
421.8096	235.9881
422.3215	235.9881
422.3215	236.5000
422.8334	236.5000
422.8334	237.0119
423.3453	237.0119
423.3453	239.5715
422.8334	239.5715
422.8334	240.5953
422.3215	240.5953
422.3215	241.1072
421.8096	241.1072
421.8096	242.1310
421.2977	242.1310
421.2977	243.1548
420.7858	243.1548
420.7858	245.7143
420.2739	245.7143
420.2739	249.2977
420.7858	249.2977
420.7858	251.8572
421.2977	251.8572
421.2977	252.8810
421.8096	252.8810
421.8096	253.9048
422.3215	253.9048
422.3215	254.4167
422.8334	254.4167
422.8334	254.9286
423.3453	254.9286
423.3453	255.4405
423.8572	255.4405
423.8572	255.9524
424.3691	255.9524
424.3691	256.4643
425.3929	256.4643
425.3929	256.9762
426.4167	256.9762
426.4167	258.0000
426.9287	258.0000
426.9287	260.5596
426.4167	260.5596
426.4167	262.0953
425.9048	262.0953
425.9048	263.1191
425.3929	263.1191
425.3929	264.6548
424.8810	264.6548
424.8810	267.2143
424.3691	267.2143
424.3691	268.2381
423.8572	268.2381
423.8572	270.7977
423.3453	270.7977
423.3453	274.3810
423.8572	274.3810
423.8572	276.9405
423.3453	276.9405
423.3453	277.4524
422.8334	277.4524
422.8334	277.9643
422.3215	277.9643
422.3215	278.4762
421.2977	278.4762
421.2977	278.9881
420.2739	278.9881
420.2739	279.5001
419.7620	279.5001
419.7620	280.0120
419.2501	280.0120
419.2501	280.5239
418.7382	280.5239
418.7382	281.0358
418.2263	281.0358
418.2263	281.5477
417.7144	281.5477
417.7144	282.0596
417.2025	282.0596
417.2025	282.5715
416.6906	282.5715
416.6906	283.5953
416.1787	283.5953
416.1787	284.1072
415.6667	284.1072
415.6667	284.6191
415.1548	284.6191
415.1548	285.1310
414.6429	285.1310
414.6429	285.6429
414.1310	285.6429
414.1310	286.1548
413.6191	286.1548
413.6191	286.6667
413.1072	286.6667
413.1072	287.1786
412.5953	287.1786
412.5953	287.6905
412.0834	287.6905
412.0834	288.2024
411.5715	288.2024
411.5715	288.7143
411.0596	288.7143
411.0596	289.2262
410.0358	289.2262
410.0358	289.7382
409.5239	289.7382
409.5239	290.2501
409.0120	290.2501
409.0120	290.7620
407.9882	290.7620
407.9882	291.2739
406.9644	291.2739
406.9644	291.7858
405.9406	291.7858
405.9406	292.2977
405.4286	292.2977
405.4286	292.8096
403.3810	292.8096
403.3810	293.3215
402.3572	293.3215
402.3572	293.8334
401.3334	293.8334
401.3334	294.3453
396.7263	294.3453
396.7263	294.8572
394.1667	294.8572
394.1667	295.3691
393.1429	295.3691
393.1429	295.8810
392.1191	295.8810
392.1191	296.3929
391.6072	296.3929
391.6072	296.9048
391.0953	296.9048
391.0953	297.4167
390.5834	297.4167
390.5834	297.9286
390.0715	297.9286
390.0715	298.4405
389.5596	298.4405
389.5596	299.4643
389.0477	299.4643
389.0477	300.4882
385.9763	300.4882
385.9763	301.0001
383.4167	301.0001
383.4167	301.5120
382.3929	301.5120
382.3929	302.0239
381.3691	302.0239
381.3691	302.5358
380.8572	302.5358
380.8572	303.0477
379.8334	303.0477
379.8334	303.5596
378.8096	303.5596
378.8096	304.0715
378.2977	304.0715
378.2977	304.5834
377.7858	304.5834
377.7858	305.0953
377.2739	305.0953
377.2739	305.6072
376.7620	305.6072
376.7620	306.1191
376.2501	306.1191
376.2501	306.6310
375.7382	306.6310
375.7382	307.1429
375.2263	307.1429
375.2263	307.6548
374.7144	307.6548
374.7144	307.1429
372.1548	307.1429
372.1548	306.6310
369.0834	306.6310
369.0834	307.1429
366.5239	307.1429
366.5239	307.6548
365.5001	307.6548
365.5001	308.1667
364.4763	308.1667
364.4763	308.6786
363.9644	308.6786
363.9644	309.1905
363.4525	309.1905
363.4525	309.7024
362.9405	309.7024
362.9405	310.2143
362.4286	310.2143
362.4286	310.7262
359.8691	310.7262
359.8691	310.2143
357.3096	310.2143
357.3096	309.7024
352.1905	309.7024
352.1905	310.2143
349.6310	310.2143
349.6310	310.7262
348.6072	310.7262
348.6072	310.2143
345.0239	310.2143
345.0239	309.7024
337.8572	309.7024
337.8572	309.1905
335.8096	309.1905
335.8096	308.6786
334.7858	308.6786
334.7858	308.1667
333.2501	308.1667
333.2501	307.6548
331.7143	307.6548
331.7143	307.1429
330.6905	307.1429
330.6905	306.6310
329.6667	306.6310
329.6667	306.1191
328.6429	306.1191
328.6429	305.6072
326.0834	305.6072
326.0834	305.0953
325.5715	305.0953
325.5715	304.5834
325.0596	304.5834
325.0596	304.0715
324.5477	304.0715
324.5477	303.5596
324.0358	303.5596
324.0358	303.0477
323.5239	303.0477
323.5239	302.5358
322.5001	302.5358
322.5001	302.0239
321.4763	302.0239
321.4763	301.5120
320.9643	301.5120
320.9643	301.0001
320.4524	301.0001
320.4524	300.4882
319.9405	300.4882
319.9405	299.9762
319.4286	299.9762
319.4286	299.4643
318.9167	299.4643
318.9167	298.9524
317.8929	298.9524
317.8929	298.4405
316.8691	298.4405
316.8691	297.9286
314.3096	297.9286
314.3096	297.4167
311.7501	297.4167
311.7501	297.9286
311.2382	297.9286
311.2382	297.4167
309.1905	297.4167
309.1905	296.9048
308.6786	296.9048
308.6786	296.3929
308.1667	296.3929
308.1667	295.8810
307.1429	295.8810
307.1429	295.3691
306.1191	295.3691
306.1191	294.8572
305.6072	294.8572
305.6072	294.3453
305.0953	294.3453
305.0953	293.8334
304.5834	293.8334
304.5834	292.8096
304.0715	292.8096
304.0715	291.7858
303.5596	291.7858
303.5596	291.2739
303.0477	291.2739
303.0477	290.7620
302.5358	290.7620
302.5358	290.2501
302.0239	290.2501
302.0239	289.7382
301.5120	289.7382
301.5120	289.2262
301.0001	289.2262
301.0001	288.7143
300.4882	288.7143
300.4882	288.2024
299.9762	288.2024
299.9762	287.6905
299.4643	287.6905
299.4643	287.1786
298.9524	287.1786
298.9524	286.6667
298.4405	286.6667
298.4405	286.1548
297.9286	286.1548
297.9286	285.6429
297.4167	285.6429
297.4167	285.1310
296.9048	285.1310
296.9048	284.6191
296.3929	284.6191
296.3929	283.0834
295.8810	283.0834
295.8810	282.0596
295.3691	282.0596
295.3691	281.0358
294.8572	281.0358
294.8572	280.5239
294.3453	280.5239
294.3453	278.9881
293.8334	278.9881
293.8334	277.9643
293.3215	277.9643
293.3215	276.9405
292.8096	276.9405
292.8096	276.4286
292.2977	276.4286
292.2977	274.8929
291.7858	274.8929
291.7858	273.8691
291.2739	273.8691
291.2739	272.8453
290.7620	272.8453
290.7620	271.8215
290.2501	271.8215
290.2501	269.7739
289.7382	269.7739
289.7382	267.2143
289.2262	267.2143
289.2262	266.1905
288.7143	266.1905
288.7143	259.5358
288.2024	259.5358
288.2024	258.0000
288.7143	258.0000
288.7143	257.4881
289.7382	257.4881
289.7382	256.9762
290.2501	256.9762
290.2501	256.4643
290.7620	256.4643
290.7620	255.9524
291.2739	255.9524
291.2739	255.4405
291.7858	255.4405
291.7858	254.9286
292.2977	254.9286
292.2977	254.4167
292.8096	254.4167
292.8096	253.3929
293.3215	253.3929
293.3215	252.3691
293.8334	252.3691
293.8334	250.8334
294.3453	250.8334
294.3453	249.8096
294.8572	249.8096
294.8572	248.7858
295.3691	248.7858
295.3691	247.7620
295.8810	247.7620
295.8810	247.2500
296.3929	247.2500
296.3929	246.2262
296.9048	246.2262
296.9048	245.7143
297.4167	245.7143
297.4167	245.2024
297.9286	245.2024
297.9286	244.6905
298.4405	244.6905
298.4405	244.1786
299.4643	244.1786
299.4643	243.6667
299.9762	243.6667
299.9762	243.1548
300.4882	243.1548
300.4882	242.6429
301.0001	242.6429
301.0001	242.1310
301.5120	242.1310
301.5120	241.6191
302.0239	241.6191
302.0239	241.1072
302.5358	241.1072
302.5358	240.5953
303.0477	240.5953
303.0477	240.0834
304.0715	240.0834
304.0715	239.5715
304.5834	239.5715
304.5834	239.0596
305.6072	239.0596
305.6072	238.5477
306.1191	238.5477
306.1191	238.0358
307.1429	238.0358
307.1429	237.5239
307.6548	237.5239
307.6548	237.0119
308.1667	237.0119
308.1667	236.5000
308.6786	236.5000
308.6786	235.9881
309.1905	235.9881
309.1905	235.4762
310.2143	235.4762
310.2143	234.9643
311.2382	234.9643
311.2382	234.4524
311.7501	234.4524
311.7501	233.9405
313.2858	233.9405
313.2858	233.4286
314.3096	233.4286
314.3096	232.9167
315.8453	232.9167
315.8453	232.4048
316.8691	232.4048
316.8691	231.8929
317.8929	231.8929
317.8929	231.3810
318.4048	231.3810
318.4048	230.8691
323.5239	230.8691
323.5239	230.3572
326.0834	230.3572
326.0834	229.8453
327.1072	229.8453
327.1072	229.3334
328.1310	229.3334
328.1310	228.8215
329.6667	228.8215
329.6667	228.3096
331.7143	228.3096
331.7143	227.7977
335.8096	227.7977
335.8096	228.3096
338.8810	228.3096
338.8810	227.7977
341.4405	227.7977
341.4405	227.2858
342.4644	227.2858
342.4644	226.7739
343.4882	226.7739
343.4882	227.2858
345.0239	227.2858
345.0239	227.7977
347.5834	227.7977
347.5834	228.3096
352.1905	228.3096
352.1905	227.7977
354.7501	227.7977
354.7501	227.2858
357.3096	227.2858
357.3096	226.7739
358.3334	226.7739
358.3334	226.2619
359.3572	226.2619
359.3572	225.7500
359.8691	225.7500
359.8691	225.2381
360.3810	225.2381
360.3810	224.7262
360.8929	224.7262
360.8929	224.2143
361.4048	224.2143
361.4048	223.7024
361.9167	223.7024
361.9167	222.6786
362.4286	222.6786
362.4286	222.1667
363.4525	222.1667
363.4525	221.6548
364.4763	221.6548
364.4763	221.1429
366.5239	221.1429
366.5239	220.6310
368.5715	220.6310
368.5715	220.1191
370.1072	220.1191
370.1072	219.6072
371.1310	219.6072
371.1310	219.0953
372.6667	219.0953
372.6667	218.5834
373.6905	218.5834
373.6905	218.0715
374.7144	218.0715
374.7144	217.5596
377.2739	217.5596
377.2739	217.0477
379.8334	217.0477
379.8334	216.5358
380.8572	216.5358
380.8572	216.0239
381.8810	216.0239
381.8810	215.5119
382.3929	215.5119
382.3929	215.0000
382.9048	215.0000
382.9048	214.4881
384.9525	214.4881
