347.0715	210.9048
347.5834	210.9048
347.5834	211.4167
348.0953	211.4167
348.0953	211.9286
349.1191	211.9286
349.1191	212.4405
350.1429	212.4405
350.1429	212.9524
352.1905	212.9524
352.1905	213.4643
354.7501	213.4643
354.7501	213.9762
357.3096	213.9762
357.3096	213.4643
359.8691	213.4643
359.8691	213.9762
360.8929	213.9762
360.8929	214.4881
361.9167	214.4881
361.9167	215.0000
364.4763	215.0000
364.4763	215.5119
368.0596	215.5119
368.0596	215.0000
370.6191	215.0000
370.6191	214.4881
372.6667	214.4881
372.6667	213.9762
378.8096	213.9762
378.8096	214.4881
381.8810	214.4881
381.8810	215.0000
383.4167	215.0000
383.4167	215.5119
385.4644	215.5119
385.4644	216.0239
388.0239	216.0239
388.0239	216.5358
390.5834	216.5358
390.5834	217.0477
392.1191	217.0477
392.1191	217.5596
393.1429	217.5596
393.1429	218.0715
395.1906	218.0715
395.1906	218.5834
396.7263	218.5834
396.7263	219.0953
397.7501	219.0953
397.7501	219.6072
398.7739	219.6072
398.7739	220.1191
400.3096	220.1191
400.3096	220.6310
400.8215	220.6310
400.8215	221.1429
401.3334	221.1429
401.3334	221.6548
401.8453	221.6548
401.8453	222.1667
402.8691	222.1667
402.8691	222.6786
403.8929	222.6786
403.8929	223.1905
404.9167	223.1905
404.9167	223.7024
405.9406	223.7024
405.9406	224.2143
406.9644	224.2143
406.9644	224.7262
407.9882	224.7262
407.9882	225.2381
410.0358	225.2381
410.0358	225.7500
411.0596	225.7500
411.0596	226.2619
411.5715	226.2619
411.5715	226.7739
412.0834	226.7739
412.0834	227.2858
412.5953	227.2858
412.5953	227.7977
413.6191	227.7977
413.6191	228.3096
414.1310	228.3096
414.1310	228.8215
414.6429	228.8215
414.6429	229.3334
415.1548	229.3334
415.1548	229.8453
415.6667	229.8453
415.6667	230.3572
416.1787	230.3572
416.1787	230.8691
416.6906	230.8691
416.6906	231.3810
417.2025	231.3810
417.2025	231.8929
418.2263	231.8929
418.2263	232.4048
418.7382	232.4048
418.7382	232.9167
419.7620	232.9167
419.7620	233.4286
420.2739	233.4286
420.2739	233.9405
420.7858	233.9405
420.7858	234.4524
421.2977	234.4524
421.2977	234.9643
421.8096	234.9643
421.8096	235.4762
422.3215	235.4762
422.3215	235.9881
422.8334	235.9881
422.8334	237.0119
423.3453	237.0119
423.3453	239.0596
423.8572	239.0596
423.8572	240.0834
424.3691	240.0834
424.3691	241.1072
424.8810	241.1072
424.8810	241.6191
425.3929	241.6191
425.3929	242.1310
425.9048	242.1310
425.9048	242.6429
426.4167	242.6429
426.4167	243.1548
426.9287	243.1548
426.9287	245.2024
427.4406	245.2024
427.4406	246.2262
427.9525	246.2262
427.9525	247.2500
428.4644	247.2500
428.4644	248.2739
428.9763	248.2739
428.9763	249.2977
429.4882	249.2977
429.4882	250.8334
430.0001	250.8334
430.0001	252.3691
430.5120	252.3691
430.5120	254.9286
430.0001	254.9286
430.0001	258.5120
429.4882	258.5120
429.4882	261.0715
428.9763	261.0715
428.9763	262.6072
428.4644	262.6072
428.4644	264.6548
427.9525	264.6548
427.9525	267.2143
427.4406	267.2143
427.4406	268.2381
426.9287	268.2381
426.9287	269.2620
426.4167	269.2620
426.4167	270.2858
425.9048	270.2858
425.9048	271.8215
425.3929	271.8215
425.3929	273.3572
424.8810	273.3572
424.8810	273.8691
424.3691	273.8691
424.3691	274.8929
423.8572	274.8929
423.8572	275.9167
423.3453	275.9167
423.3453	276.4286
422.8334	276.4286
422.8334	277.4524
422.3215	277.4524
422.3215	277.9643
421.8096	277.9643
421.8096	278.4762
421.2977	278.4762
421.2977	278.9881
420.7858	278.9881
420.7858	280.0120
420.2739	280.0120
420.2739	280.5239
419.7620	280.5239
419.7620	281.5477
419.2501	281.5477
419.2501	282.0596
418.2263	282.0596
418.2263	282.5715
417.2025	282.5715
417.2025	283.0834
416.6906	283.0834
416.6906	283.5953
416.1787	283.5953
416.1787	284.1072
415.6667	284.1072
415.6667	284.6191
415.1548	284.6191
415.1548	285.1310
414.6429	285.1310
414.6429	285.6429
413.6191	285.6429
413.6191	286.1548
412.5953	286.1548
412.5953	286.6667
411.5715	286.6667
411.5715	287.1786
409.0120	287.1786
409.0120	287.6905
407.9882	287.6905
407.9882	288.2024
406.9644	288.2024
406.9644	288.7143
406.4525	288.7143
406.4525	289.2262
405.4286	289.2262
405.4286	289.7382
404.9167	289.7382
404.9167	290.2501
404.4048	290.2501
404.4048	290.7620
403.8929	290.7620
403.8929	291.2739
403.3810	291.2739
403.3810	291.7858
402.8691	291.7858
402.8691	292.2977
402.3572	292.2977
402.3572	292.8096
401.8453	292.8096
401.8453	293.3215
401.3334	293.3215
401.3334	293.8334
400.8215	293.8334
400.8215	294.3453
399.7977	294.3453
399.7977	294.8572
397.7501	294.8572
397.7501	295.3691
395.7025	295.3691
395.7025	295.8810
394.6786	295.8810
394.6786	296.3929
393.6548	296.3929
393.6548	296.9048
392.6310	296.9048
392.6310	297.4167
388.0239	297.4167
388.0239	297.9286
385.4644	297.9286
385.4644	298.4405
384.4405	298.4405
384.4405	298.9524
383.4167	298.9524
383.4167	299.4643
382.9048	299.4643
382.9048	299.9762
382.3929	299.9762
382.3929	300.4882
381.8810	300.4882
381.8810	301.0001
381.3691	301.0001
381.3691	301.5120
380.8572	301.5120
380.8572	302.0239
379.8334	302.0239
379.8334	302.5358
378.8096	302.5358
378.8096	303.0477
377.7858	303.0477
377.7858	303.5596
377.2739	303.5596
377.2739	304.0715
376.7620	304.0715
376.7620	304.5834
376.2501	304.5834
376.2501	305.0953
375.7382	305.0953
375.7382	305.6072
375.2263	305.6072
375.2263	306.1191
372.6667	306.1191
372.6667	306.6310
371.6429	306.6310
371.6429	307.1429
370.6191	307.1429
370.6191	307.6548
370.1072	307.6548
370.1072	308.1667
369.5953	308.1667
369.5953	308.6786
367.0358	308.6786
367.0358	309.1905
366.0120	309.1905
366.0120	309.7024
364.9882	309.7024
364.9882	310.2143
361.9167	310.2143
361.9167	310.7262
359.3572	310.7262
359.3572	311.2382
357.3096	311.2382
357.3096	311.7501
356.2858	311.7501
356.2858	312.2620
355.2620	312.2620
355.2620	312.7739
353.7263	312.7739
353.7263	313.2858
352.7024	313.2858
352.7024	313.7977
345.5358	313.7977
345.5358	314.3096
339.3929	314.3096
339.3929	314.8215
337.3453	314.8215
337.3453	314.3096
333.2501	314.3096
333.2501	313.7977
332.2263	313.7977
332.2263	313.2858
329.6667	313.2858
329.6667	312.7739
324.0358	312.7739
324.0358	312.2620
321.4763	312.2620
321.4763	311.7501
318.4048	311.7501
318.4048	311.2382
315.3334	311.2382
315.3334	310.7262
313.7977	310.7262
313.7977	310.2143
311.7501	310.2143
311.7501	309.7024
310.2143	309.7024
310.2143	309.1905
309.1905	309.1905
309.1905	308.6786
308.6786	308.6786
308.6786	308.1667
308.1667	308.1667
308.1667	307.6548
307.1429	307.6548
307.1429	307.1429
306.1191	307.1429
306.1191	306.6310
305.0953	306.6310
305.0953	306.1191
304.0715	306.1191
304.0715	305.6072
302.0239	305.6072
302.0239	305.0953
301.0001	305.0953
301.0001	304.5834
300.4882	304.5834
300.4882	304.0715
299.9762	304.0715
299.9762	303.5596
298.9524	303.5596
298.9524	303.0477
297.9286	303.0477
297.9286	302.5358
297.4167	302.5358
297.4167	302.0239
296.9048	302.0239
296.9048	301.5120
296.3929	301.5120
296.3929	301.0001
295.8810	301.0001
295.8810	300.4882
295.3691	300.4882
295.3691	299.9762
294.8572	299.9762
294.8572	298.9524
294.3453	298.9524
294.3453	297.9286
293.8334	297.9286
293.8334	296.9048
293.3215	296.9048
293.3215	295.8810
292.8096	295.8810
292.8096	295.3691
292.2977	295.3691
292.2977	294.3453
291.7858	294.3453
291.7858	293.3215
291.2739	293.3215
291.2739	292.8096
290.7620	292.8096
290.7620	292.2977
290.2501	292.2977
290.2501	290.2501
289.7382	290.2501
289.7382	289.2262
289.2262	289.2262
289.2262	288.2024
288.7143	288.2024
288.7143	287.1786
288.2024	287.1786
288.2024	286.1548
287.6905	286.1548
287.6905	285.1310
287.1786	285.1310
287.1786	284.1072
286.6667	284.1072
286.6667	281.5477
286.1548	281.5477
286.1548	275.9167
285.6429	275.9167
285.6429	272.3334
285.1310	272.3334
285.1310	269.7739
284.6191	269.7739
284.6191	267.7262
284.1072	267.7262
284.1072	266.7024
283.5953	266.7024
283.5953	265.6786
283.0834	265.6786
283.0834	265.1667
282.5715	265.1667
282.5715	264.6548
282.0596	264.6548
282.0596	260.5596
282.5715	260.5596
282.5715	256.4643
283.0834	256.4643
283.0834	255.4405
283.5953	255.4405
283.5953	252.8810
284.1072	252.8810
284.1072	243.1548
284.6191	243.1548
284.6191	241.6191
285.1310	241.6191
285.1310	240.5953
285.6429	240.5953
285.6429	239.0596
286.1548	239.0596
286.1548	237.5239
286.6667	237.5239
286.6667	236.5000
287.1786	236.5000
287.1786	235.4762
287.6905	235.4762
287.6905	234.4524
288.2024	234.4524
288.2024	233.4286
288.7143	233.4286
288.7143	232.4048
290.2501	232.4048
290.2501	231.8929
291.2739	231.8929
291.2739	231.3810
292.2977	231.3810
292.2977	230.8691
293.3215	230.8691
293.3215	230.3572
293.8334	230.3572
293.8334	229.8453
294.3453	229.8453
294.3453	229.3334
294.8572	229.3334
294.8572	228.8215
295.3691	228.8215
295.3691	228.3096
295.8810	228.3096
295.8810	227.2858
296.3929	227.2858
296.3929	226.2619
297.4167	226.2619
297.4167	225.7500
298.4405	225.7500
298.4405	225.2381
299.4643	225.2381
299.4643	224.7262
299.9762	224.7262
299.9762	224.2143
301.0001	224.2143
301.0001	223.7024
302.0239	223.7024
302.0239	223.1905
302.5358	223.1905
302.5358	222.6786
303.5596	222.6786
303.5596	222.1667
304.5834	222.1667
304.5834	221.6548
305.0953	221.6548
305.0953	221.1429
305.6072	221.1429
305.6072	220.6310
306.6310	220.6310
306.6310	220.1191
307.1429	220.1191
307.1429	219.6072
308.1667	219.6072
308.1667	219.0953
308.6786	219.0953
308.6786	218.5834
309.1905	218.5834
309.1905	218.0715
310.7262	218.0715
310.7262	217.5596
311.7501	217.5596
311.7501	217.0477
313.2858	217.0477
313.2858	216.5358
314.8215	216.5358
314.8215	216.0239
316.8691	216.0239
316.8691	215.5119
317.8929	215.5119
317.8929	215.0000
321.4763	215.0000
321.4763	214.4881
325.0596	214.4881
325.0596	213.9762
327.6191	213.9762
327.6191	213.4643
330.1786	213.4643
330.1786	212.9524
332.7382	212.9524
332.7382	212.4405
338.3691	212.4405
338.3691	211.9286
341.4405	211.9286
341.4405	211.4167
344.0001	211.4167
344.0001	210.9048
345.0239	210.9048
345.0239	210.3929
347.0715	210.3929
