361.9167	209.3691
364.4763	209.3691
364.4763	209.8810
373.6905	209.8810
373.6905	210.3929
374.7144	210.3929
374.7144	210.9048
376.7620	210.9048
376.7620	211.4167
377.7858	211.4167
377.7858	211.9286
379.3215	211.9286
379.3215	212.4405
380.8572	212.4405
380.8572	212.9524
383.4167	212.9524
383.4167	213.4643
384.9525	213.4643
384.9525	213.9762
385.9763	213.9762
385.9763	214.4881
388.0239	214.4881
388.0239	215.0000
390.5834	215.0000
390.5834	215.5119
394.6786	215.5119
394.6786	216.0239
395.7025	216.0239
395.7025	216.5358
396.7263	216.5358
396.7263	217.0477
398.7739	217.0477
398.7739	217.5596
399.7977	217.5596
399.7977	218.0715
400.8215	218.0715
400.8215	218.5834
401.8453	218.5834
401.8453	219.0953
402.8691	219.0953
402.8691	219.6072
403.8929	219.6072
403.8929	220.1191
405.4286	220.1191
405.4286	220.6310
406.9644	220.6310
406.9644	221.1429
408.5001	221.1429
408.5001	221.6548
409.5239	221.6548
409.5239	222.1667
410.0358	222.1667
410.0358	222.6786
411.0596	222.6786
411.0596	223.1905
412.0834	223.1905
412.0834	223.7024
413.1072	223.7024
413.1072	224.2143
413.6191	224.2143
413.6191	224.7262
414.6429	224.7262
414.6429	225.2381
415.1548	225.2381
415.1548	225.7500
416.1787	225.7500
416.1787	226.2619
416.6906	226.2619
416.6906	226.7739
417.2025	226.7739
417.2025	227.2858
418.2263	227.2858
418.2263	227.7977
418.7382	227.7977
418.7382	228.3096
419.7620	228.3096
419.7620	228.8215
420.2739	228.8215
420.2739	229.3334
420.7858	229.3334
420.7858	229.8453
421.2977	229.8453
421.2977	230.3572
421.8096	230.3572
421.8096	230.8691
422.3215	230.8691
422.3215	231.3810
422.8334	231.3810
422.8334	231.8929
423.3453	231.8929
423.3453	232.9167
423.8572	232.9167
423.8572	233.4286
424.3691	233.4286
424.3691	234.4524
424.8810	234.4524
424.8810	234.9643
425.3929	234.9643
425.3929	235.9881
425.9048	235.9881
425.9048	237.0119
426.4167	237.0119
426.4167	237.5239
426.9287	237.5239
426.9287	239.0596
427.4406	239.0596
427.4406	240.5953
427.9525	240.5953
427.9525	241.6191
428.4644	241.6191
428.4644	243.6667
428.9763	243.6667
428.9763	252.3691
428.4644	252.3691
428.4644	255.4405
427.9525	255.4405
427.9525	256.9762
427.4406	256.9762
427.4406	258.0000
426.9287	258.0000
426.9287	259.5358
426.4167	259.5358
426.4167	261.0715
425.9048	261.0715
425.9048	262.0953
425.3929	262.0953
425.3929	263.1191
424.8810	263.1191
424.8810	265.1667
424.3691	265.1667
424.3691	265.6786
423.8572	265.6786
423.8572	266.1905
423.3453	266.1905
423.3453	267.2143
422.8334	267.2143
422.8334	268.2381
422.3215	268.2381
422.3215	268.7501
421.8096	268.7501
421.8096	269.2620
421.2977	269.2620
421.2977	269.7739
420.7858	269.7739
420.7858	270.7977
420.2739	270.7977
420.2739	271.3096
419.7620	271.3096
419.7620	271.8215
419.2501	271.8215
419.2501	272.3334
418.7382	272.3334
418.7382	273.3572
418.2263	273.3572
418.2263	274.3810
417.7144	274.3810
417.7144	274.8929
417.2025	274.8929
417.2025	275.9167
416.6906	275.9167
416.6906	276.9405
416.1787	276.9405
416.1787	277.9643
415.6667	277.9643
415.6667	278.4762
415.1548	278.4762
415.1548	279.5001
414.6429	279.5001
414.6429	280.5239
414.1310	280.5239
414.1310	281.5477
413.6191	281.5477
413.6191	283.0834
412.5953	283.0834
412.5953	283.5953
412.0834	283.5953
412.0834	284.1072
411.5715	284.1072
411.5715	284.6191
411.0596	284.6191
411.0596	285.1310
410.5477	285.1310
410.5477	285.6429
410.0358	285.6429
410.0358	286.1548
409.5239	286.1548
409.5239	286.6667
409.0120	286.6667
409.0120	287.6905
408.5001	287.6905
408.5001	288.2024
407.9882	288.2024
407.9882	288.7143
407.4763	288.7143
407.4763	289.2262
406.9644	289.2262
406.9644	289.7382
406.4525	289.7382
406.4525	290.2501
405.4286	290.2501
405.4286	290.7620
404.4048	290.7620
404.4048	291.2739
403.3810	291.2739
403.3810	291.7858
402.8691	291.7858
402.8691	292.2977
401.8453	292.2977
401.8453	291.7858
399.2858	291.7858
399.2858	292.2977
396.7263	292.2977
396.7263	292.8096
395.7025	292.8096
395.7025	293.3215
394.6786	293.3215
394.6786	293.8334
392.1191	293.8334
392.1191	294.3453
391.0953	294.3453
391.0953	294.8572
390.0715	294.8572
390.0715	295.3691
389.5596	295.3691
389.5596	295.8810
389.0477	295.8810
389.0477	296.3929
388.5358	296.3929
388.5358	296.9048
386.4882	296.9048
386.4882	297.4167
385.4644	297.4167
385.4644	297.9286
384.4405	297.9286
384.4405	298.4405
383.9286	298.4405
383.9286	298.9524
383.4167	298.9524
383.4167	299.4643
382.9048	299.4643
382.9048	299.9762
382.3929	299.9762
382.3929	300.4882
381.8810	300.4882
381.8810	301.0001
381.3691	301.0001
381.3691	301.5120
380.8572	301.5120
380.8572	302.0239
379.8334	302.0239
379.8334	302.5358
378.8096	302.5358
378.8096	303.0477
377.7858	303.0477
377.7858	303.5596
377.2739	303.5596
377.2739	304.0715
376.7620	304.0715
376.7620	304.5834
376.2501	304.5834
376.2501	305.0953
375.7382	305.0953
375.7382	305.6072
375.2263	305.6072
375.2263	306.6310
374.7144	306.6310
374.7144	307.1429
374.2025	307.1429
374.2025	307.6548
373.6905	307.6548
373.6905	308.1667
373.1786	308.1667
373.1786	308.6786
372.1548	308.6786
372.1548	309.1905
371.1310	309.1905
371.1310	309.7024
370.6191	309.7024
370.6191	310.2143
370.1072	310.2143
370.1072	310.7262
369.5953	310.7262
369.5953	311.2382
368.5715	311.2382
368.5715	311.7501
367.5477	311.7501
367.5477	312.2620
366.5239	312.2620
366.5239	312.7739
364.9882	312.7739
364.9882	313.2858
363.9644	313.2858
363.9644	313.7977
360.3810	313.7977
360.3810	314.3096
357.8215	314.3096
357.8215	314.8215
355.7739	314.8215
355.7739	315.3334
354.7501	315.3334
354.7501	315.8453
353.7263	315.8453
353.7263	316.3572
353.2144	316.3572
353.2144	316.8691
352.7024	316.8691
352.7024	317.3810
348.0953	317.3810
348.0953	316.8691
346.5596	316.8691
346.5596	316.3572
344.0001	316.3572
344.0001	315.8453
336.3215	315.8453
336.3215	315.3334
334.7858	315.3334
334.7858	314.8215
333.7620	314.8215
333.7620	314.3096
331.2024	314.3096
331.2024	313.7977
327.6191	313.7977
327.6191	313.2858
321.9882	313.2858
321.9882	312.7739
318.9167	312.7739
318.9167	313.2858
317.3810	313.2858
317.3810	312.7739
316.3572	312.7739
316.3572	312.2620
315.3334	312.2620
315.3334	311.7501
313.7977	311.7501
313.7977	311.2382
313.2858	311.2382
313.2858	310.7262
312.7739	310.7262
312.7739	310.2143
312.2620	310.2143
312.2620	309.7024
311.7501	309.7024
311.7501	309.1905
310.7262	309.1905
310.7262	308.6786
309.7024	308.6786
309.7024	308.1667
308.1667	308.1667
308.1667	307.6548
305.6072	307.6548
305.6072	307.1429
304.5834	307.1429
304.5834	306.6310
303.5596	306.6310
303.5596	306.1191
301.5120	306.1191
301.5120	305.6072
298.9524	305.6072
298.9524	305.0953
297.9286	305.0953
297.9286	304.5834
297.4167	304.5834
297.4167	304.0715
296.9048	304.0715
296.9048	303.5596
295.8810	303.5596
295.8810	303.0477
294.8572	303.0477
294.8572	302.5358
294.3453	302.5358
294.3453	302.0239
293.8334	302.0239
293.8334	301.5120
293.3215	301.5120
293.3215	301.0001
292.8096	301.0001
292.8096	300.4882
292.2977	300.4882
292.2977	299.9762
291.7858	299.9762
291.7858	299.4643
291.2739	299.4643
291.2739	298.9524
290.7620	298.9524
290.7620	298.4405
290.2501	298.4405
290.2501	297.4167
289.7382	297.4167
289.7382	296.3929
289.2262	296.3929
289.2262	295.3691
288.7143	295.3691
288.7143	294.8572
288.2024	294.8572
288.2024	292.2977
287.6905	292.2977
287.6905	291.2739
287.1786	291.2739
287.1786	290.2501
286.6667	290.2501
286.6667	289.2262
286.1548	289.2262
286.1548	288.2024
285.6429	288.2024
285.6429	287.6905
285.1310	287.6905
285.1310	286.6667
284.6191	286.6667
284.6191	286.1548
284.1072	286.1548
284.1072	285.1310
283.5953	285.1310
283.5953	284.1072
283.0834	284.1072
283.0834	283.0834
282.5715	283.0834
282.5715	281.5477
282.0596	281.5477
282.0596	268.7501
282.5715	268.7501
282.5715	267.2143
283.0834	267.2143
283.0834	266.1905
283.5953	266.1905
283.5953	263.6310
284.1072	263.6310
284.1072	255.4405
284.6191	255.4405
284.6191	253.9048
285.1310	253.9048
285.1310	253.3929
285.6429	253.3929
285.6429	252.3691
286.1548	252.3691
286.1548	251.3453
286.6667	251.3453
286.6667	250.3215
287.1786	250.3215
287.1786	248.2739
287.6905	248.2739
287.6905	245.7143
288.2024	245.7143
288.2024	243.1548
288.7143	243.1548
288.7143	240.0834
289.2262	240.0834
289.2262	239.0596
289.7382	239.0596
289.7382	238.5477
290.2501	238.5477
290.2501	238.0358
290.7620	238.0358
290.7620	237.5239
291.2739	237.5239
291.2739	236.5000
291.7858	236.5000
291.7858	235.4762
292.2977	235.4762
292.2977	234.9643
292.8096	234.9643
292.8096	234.4524
293.3215	234.4524
293.3215	233.9405
293.8334	233.9405
293.8334	232.9167
294.3453	232.9167
294.3453	232.4048
294.8572	232.4048
294.8572	231.8929
295.3691	231.8929
295.3691	231.3810
295.8810	231.3810
295.8810	230.8691
296.3929	230.8691
296.3929	230.3572
296.9048	230.3572
296.9048	229.3334
297.4167	229.3334
297.4167	228.3096
297.9286	228.3096
297.9286	226.7739
298.4405	226.7739
298.4405	225.7500
298.9524	225.7500
298.9524	224.7262
299.4643	224.7262
299.4643	223.7024
299.9762	223.7024
299.9762	223.1905
300.4882	223.1905
300.4882	222.6786
301.5120	222.6786
301.5120	222.1667
302.0239	222.1667
302.0239	221.6548
302.5358	221.6548
302.5358	221.1429
303.5596	221.1429
303.5596	220.6310
304.5834	220.6310
304.5834	220.1191
305.0953	220.1191
305.0953	219.6072
305.6072	219.6072
305.6072	219.0953
306.6310	219.0953
306.6310	218.5834
307.1429	218.5834
307.1429	218.0715
307.6548	218.0715
307.6548	217.5596
308.6786	217.5596
308.6786	217.0477
309.7024	217.0477
309.7024	216.5358
310.7262	216.5358
310.7262	216.0239
311.7501	216.0239
311.7501	215.5119
313.7977	215.5119
313.7977	215.0000
315.8453	215.0000
315.8453	214.4881
318.4048	214.4881
318.4048	213.9762
320.4524	213.9762
320.4524	213.4643
321.9882	213.4643
321.9882	212.9524
323.0120	212.9524
323.0120	212.4405
325.5715	212.4405
325.5715	211.9286
328.1310	211.9286
328.1310	211.4167
335.8096	211.4167
335.8096	210.9048
338.3691	210.9048
338.3691	210.3929
339.3929	210.3929
339.3929	209.8810
342.4644	209.8810
342.4644	210.3929
343.4882	210.3929
343.4882	210.9048
346.0477	210.9048
346.0477	211.4167
350.6548	211.4167
350.6548	210.9048
353.2144	210.9048
353.2144	210.3929
354.2382	210.3929
354.2382	209.8810
355.2620	209.8810
355.2620	209.3691
358.3334	209.3691
358.3334	208.8572
361.9167	208.8572
