368.0596	218.5834
370.6191	218.5834
370.6191	219.0953
374.7144	219.0953
374.7144	218.5834
382.3929	218.5834
382.3929	219.0953
382.9048	219.0953
382.9048	219.6072
383.4167	219.6072
383.4167	220.1191
383.9286	220.1191
383.9286	220.6310
384.4405	220.6310
384.4405	221.1429
385.4644	221.1429
385.4644	221.6548
385.9763	221.6548
385.9763	222.1667
386.4882	222.1667
386.4882	222.6786
387.0001	222.6786
387.0001	223.1905
388.0239	223.1905
388.0239	223.7024
389.0477	223.7024
389.0477	224.2143
390.5834	224.2143
390.5834	224.7262
391.6072	224.7262
391.6072	225.2381
393.1429	225.2381
393.1429	225.7500
395.7025	225.7500
395.7025	226.2619
396.2144	226.2619
396.2144	227.7977
396.7263	227.7977
396.7263	228.8215
397.2382	228.8215
397.2382	229.8453
397.7501	229.8453
397.7501	230.3572
398.2620	230.3572
398.2620	230.8691
398.7739	230.8691
398.7739	231.3810
399.2858	231.3810
399.2858	231.8929
399.7977	231.8929
399.7977	232.9167
400.3096	232.9167
400.3096	233.4286
400.8215	233.4286
400.8215	233.9405
401.3334	233.9405
401.3334	234.9643
401.8453	234.9643
401.8453	235.4762
402.3572	235.4762
402.3572	238.0358
402.8691	238.0358
402.8691	240.5953
403.3810	240.5953
403.3810	241.6191
403.8929	241.6191
403.8929	243.1548
404.4048	243.1548
404.4048	246.2262
404.9167	246.2262
404.9167	248.7858
405.4286	248.7858
405.4286	251.3453
405.9406	251.3453
405.9406	254.9286
406.4525	254.9286
406.4525	256.9762
405.9406	256.9762
405.9406	259.5358
405.4286	259.5358
405.4286	262.0953
404.9167	262.0953
404.9167	265.6786
404.4048	265.6786
404.4048	268.2381
403.8929	268.2381
403.8929	270.7977
403.3810	270.7977
403.3810	272.3334
402.8691	272.3334
402.8691	274.8929
402.3572	274.8929
402.3572	275.4048
401.8453	275.4048
401.8453	275.9167
401.3334	275.9167
401.3334	276.4286
400.8215	276.4286
400.8215	276.9405
400.3096	276.9405
400.3096	277.4524
399.7977	277.4524
399.7977	277.9643
399.2858	277.9643
399.2858	278.4762
398.7739	278.4762
398.7739	278.9881
398.2620	278.9881
398.2620	279.5001
397.7501	279.5001
397.7501	280.0120
397.2382	280.0120
397.2382	280.5239
396.7263	280.5239
396.7263	281.0358
396.2144	281.0358
396.2144	282.0596
395.7025	282.0596
395.7025	283.0834
395.1906	283.0834
395.1906	284.6191
394.6786	284.6191
394.6786	285.1310
394.1667	285.1310
394.1667	285.6429
393.6548	285.6429
393.6548	286.6667
393.1429	286.6667
393.1429	287.6905
392.6310	287.6905
392.6310	288.7143
392.1191	288.7143
392.1191	291.2739
391.6072	291.2739
391.6072	291.7858
391.0953	291.7858
391.0953	292.2977
390.5834	292.2977
390.5834	292.8096
390.0715	292.8096
390.0715	293.3215
387.5120	293.3215
387.5120	293.8334
385.9763	293.8334
385.9763	294.3453
384.9525	294.3453
384.9525	294.8572
383.9286	294.8572
383.9286	295.3691
383.4167	295.3691
383.4167	295.8810
382.9048	295.8810
382.9048	296.3929
381.8810	296.3929
381.8810	296.9048
378.2977	296.9048
378.2977	297.4167
374.2025	297.4167
374.2025	297.9286
371.6429	297.9286
371.6429	298.4405
370.1072	298.4405
370.1072	297.9286
360.3810	297.9286
360.3810	298.4405
359.3572	298.4405
359.3572	297.9286
356.7977	297.9286
356.7977	297.4167
352.7024	297.4167
352.7024	297.9286
350.1429	297.9286
350.1429	298.4405
349.1191	298.4405
349.1191	298.9524
346.5596	298.9524
346.5596	299.4643
346.0477	299.4643
346.0477	298.9524
340.4167	298.9524
340.4167	295.3691
339.9048	295.3691
339.9048	292.8096
339.3929	292.8096
339.3929	291.7858
338.8810	291.7858
338.8810	290.7620
338.3691	290.7620
338.3691	290.2501
337.8572	290.2501
337.8572	289.7382
337.3453	289.7382
337.3453	289.2262
336.8334	289.2262
336.8334	288.7143
336.3215	288.7143
336.3215	286.1548
335.8096	286.1548
335.8096	285.1310
335.2977	285.1310
335.2977	284.1072
334.7858	284.1072
334.7858	283.5953
334.2739	283.5953
334.2739	283.0834
333.7620	283.0834
333.7620	282.5715
333.2501	282.5715
333.2501	282.0596
332.7382	282.0596
332.7382	281.5477
332.2263	281.5477
332.2263	281.0358
331.7143	281.0358
331.7143	280.5239
330.6905	280.5239
330.6905	280.0120
329.6667	280.0120
329.6667	279.5001
327.1072	279.5001
327.1072	278.9881
324.5477	278.9881
324.5477	278.4762
319.9405	278.4762
319.9405	278.9881
316.8691	278.9881
316.8691	278.4762
315.8453	278.4762
315.8453	277.9643
313.2858	277.9643
313.2858	277.4524
308.6786	277.4524
308.6786	277.9643
307.6548	277.9643
307.6548	277.4524
307.1429	277.4524
307.1429	276.9405
306.1191	276.9405
306.1191	274.8929
307.1429	274.8929
307.1429	274.3810
308.1667	274.3810
308.1667	273.8691
309.1905	273.8691
309.1905	273.3572
309.7024	273.3572
309.7024	272.8453
310.2143	272.8453
310.2143	272.3334
310.7262	272.3334
310.7262	271.8215
311.2382	271.8215
311.2382	271.3096
311.7501	271.3096
311.7501	270.2858
312.2620	270.2858
312.2620	269.2620
312.7739	269.2620
312.7739	266.7024
313.2858	266.7024
313.2858	264.1429
312.7739	264.1429
312.7739	261.5834
312.2620	261.5834
312.2620	260.5596
311.7501	260.5596
311.7501	259.5358
311.2382	259.5358
311.2382	259.0239
310.7262	259.0239
310.7262	258.0000
310.2143	258.0000
310.2143	257.4881
309.7024	257.4881
309.7024	256.9762
309.1905	256.9762
309.1905	256.4643
308.6786	256.4643
308.6786	255.9524
308.1667	255.9524
308.1667	255.4405
307.6548	255.4405
307.6548	254.9286
307.1429	254.9286
307.1429	254.4167
306.6310	254.4167
306.6310	253.9048
306.1191	253.9048
306.1191	252.8810
306.6310	252.8810
306.6310	252.3691
307.1429	252.3691
307.1429	251.8572
307.6548	251.8572
307.6548	251.3453
308.1667	251.3453
308.1667	250.8334
308.6786	250.8334
308.6786	250.3215
309.1905	250.3215
309.1905	249.2977
309.7024	249.2977
309.7024	248.2739
310.2143	248.2739
310.2143	245.7143
310.7262	245.7143
310.7262	245.2024
311.2382	245.2024
311.2382	244.6905
311.7501	244.6905
311.7501	244.1786
312.2620	244.1786
312.2620	243.6667
312.7739	243.6667
312.7739	242.6429
313.2858	242.6429
313.2858	241.6191
313.7977	241.6191
313.7977	239.5715
314.3096	239.5715
314.3096	237.0119
314.8215	237.0119
314.8215	233.4286
314.3096	233.4286
314.3096	230.8691
313.7977	230.8691
313.7977	229.8453
313.2858	229.8453
313.2858	228.8215
315.8453	228.8215
315.8453	228.3096
317.8929	228.3096
317.8929	227.7977
318.9167	227.7977
318.9167	227.2858
320.9643	227.2858
320.9643	226.7739
322.5001	226.7739
322.5001	227.2858
325.5715	227.2858
325.5715	227.7977
329.1548	227.7977
329.1548	227.2858
331.7143	227.2858
331.7143	226.7739
332.7382	226.7739
332.7382	226.2619
333.2501	226.2619
333.2501	226.7739
337.3453	226.7739
337.3453	226.2619
337.8572	226.2619
337.8572	226.7739
340.9286	226.7739
340.9286	226.2619
343.4882	226.2619
343.4882	225.7500
344.5120	225.7500
344.5120	225.2381
345.5358	225.2381
345.5358	224.7262
346.0477	224.7262
346.0477	224.2143
346.5596	224.2143
346.5596	223.7024
348.0953	223.7024
348.0953	223.1905
351.6786	223.1905
351.6786	222.6786
354.2382	222.6786
354.2382	222.1667
355.2620	222.1667
355.2620	221.6548
356.2858	221.6548
356.2858	221.1429
356.7977	221.1429
356.7977	220.6310
357.3096	220.6310
357.3096	220.1191
357.8215	220.1191
357.8215	219.6072
358.3334	219.6072
358.3334	219.0953
358.8453	219.0953
358.8453	218.5834
360.3810	218.5834
360.3810	218.0715
368.0596	218.0715
