368.0596	218.0715
370.6191	218.0715
370.6191	218.5834
378.8096	218.5834
378.8096	219.0953
380.8572	219.0953
380.8572	219.6072
382.9048	219.6072
382.9048	220.1191
383.9286	220.1191
383.9286	220.6310
384.9525	220.6310
384.9525	221.1429
385.9763	221.1429
385.9763	221.6548
387.0001	221.6548
387.0001	222.1667
389.5596	222.1667
389.5596	222.6786
390.0715	222.6786
390.0715	223.1905
390.5834	223.1905
390.5834	223.7024
391.0953	223.7024
391.0953	224.2143
392.1191	224.2143
392.1191	224.7262
392.6310	224.7262
392.6310	225.2381
393.1429	225.2381
393.1429	225.7500
394.1667	225.7500
394.1667	226.2619
395.1906	226.2619
395.1906	226.7739
396.7263	226.7739
396.7263	227.2858
397.7501	227.2858
397.7501	228.3096
398.2620	228.3096
398.2620	230.3572
398.7739	230.3572
398.7739	231.3810
399.2858	231.3810
399.2858	232.4048
399.7977	232.4048
399.7977	232.9167
400.3096	232.9167
400.3096	233.4286
400.8215	233.4286
400.8215	233.9405
401.3334	233.9405
401.3334	234.4524
401.8453	234.4524
401.8453	234.9643
402.3572	234.9643
402.3572	235.4762
402.8691	235.4762
402.8691	238.0358
403.3810	238.0358
403.3810	240.0834
403.8929	240.0834
403.8929	241.6191
403.3810	241.6191
403.3810	245.2024
403.8929	245.2024
403.8929	247.7620
404.4048	247.7620
404.4048	248.7858
404.9167	248.7858
404.9167	249.8096
405.4286	249.8096
405.4286	250.8334
405.9406	250.8334
405.9406	251.3453
406.4525	251.3453
406.4525	251.8572
406.9644	251.8572
406.9644	252.3691
407.4763	252.3691
407.4763	257.4881
406.9644	257.4881
406.9644	258.5120
406.4525	258.5120
406.4525	259.5358
405.9406	259.5358
405.9406	262.0953
405.4286	262.0953
405.4286	265.1667
404.9167	265.1667
404.9167	271.3096
404.4048	271.3096
404.4048	272.3334
403.8929	272.3334
403.8929	273.3572
403.3810	273.3572
403.3810	274.8929
402.8691	274.8929
402.8691	275.9167
402.3572	275.9167
402.3572	276.4286
401.8453	276.4286
401.8453	276.9405
401.3334	276.9405
401.3334	277.4524
400.8215	277.4524
400.8215	278.4762
400.3096	278.4762
400.3096	279.5001
399.2858	279.5001
399.2858	280.0120
398.7739	280.0120
398.7739	280.5239
398.2620	280.5239
398.2620	281.0358
397.7501	281.0358
397.7501	281.5477
397.2382	281.5477
397.2382	282.0596
396.7263	282.0596
396.7263	282.5715
396.2144	282.5715
396.2144	283.0834
395.7025	283.0834
395.7025	284.1072
395.1906	284.1072
395.1906	285.1310
394.6786	285.1310
394.6786	285.6429
394.1667	285.6429
394.1667	286.1548
393.6548	286.1548
393.6548	286.6667
391.0953	286.6667
391.0953	287.1786
389.5596	287.1786
389.5596	287.6905
388.5358	287.6905
388.5358	288.2024
387.5120	288.2024
387.5120	288.7143
387.0001	288.7143
387.0001	289.2262
386.4882	289.2262
386.4882	289.7382
385.9763	289.7382
385.9763	290.2501
383.4167	290.2501
383.4167	290.7620
381.8810	290.7620
381.8810	291.2739
380.8572	291.2739
380.8572	291.7858
379.8334	291.7858
379.8334	292.2977
379.3215	292.2977
379.3215	292.8096
378.8096	292.8096
378.8096	293.3215
378.2977	293.3215
378.2977	293.8334
377.7858	293.8334
377.7858	294.3453
377.2739	294.3453
377.2739	294.8572
376.2501	294.8572
376.2501	295.3691
374.7144	295.3691
374.7144	295.8810
373.6905	295.8810
373.6905	296.3929
372.6667	296.3929
372.6667	296.9048
371.6429	296.9048
371.6429	297.4167
370.6191	297.4167
370.6191	297.9286
370.1072	297.9286
370.1072	298.4405
369.5953	298.4405
369.5953	298.9524
369.0834	298.9524
369.0834	299.4643
368.0596	299.4643
368.0596	298.9524
362.9405	298.9524
362.9405	299.4643
360.3810	299.4643
360.3810	299.9762
357.3096	299.9762
357.3096	300.4882
354.7501	300.4882
354.7501	301.0001
353.7263	301.0001
353.7263	301.5120
352.7024	301.5120
352.7024	301.0001
350.1429	301.0001
350.1429	300.4882
347.5834	300.4882
347.5834	299.9762
347.0715	299.9762
347.0715	299.4643
346.5596	299.4643
346.5596	298.9524
346.0477	298.9524
346.0477	298.4405
345.5358	298.4405
345.5358	297.9286
344.5120	297.9286
344.5120	297.4167
343.4882	297.4167
343.4882	296.9048
341.9524	296.9048
341.9524	295.8810
341.4405	295.8810
341.4405	295.3691
340.9286	295.3691
340.9286	294.8572
340.4167	294.8572
340.4167	294.3453
339.9048	294.3453
339.9048	293.8334
339.3929	293.8334
339.3929	293.3215
338.3691	293.3215
338.3691	292.8096
337.3453	292.8096
337.3453	292.2977
334.7858	292.2977
334.7858	291.7858
332.2263	291.7858
332.2263	288.2024
331.7143	288.2024
331.7143	285.6429
331.2024	285.6429
331.2024	284.6191
330.6905	284.6191
330.6905	283.5953
330.1786	283.5953
330.1786	283.0834
329.6667	283.0834
329.6667	282.5715
329.1548	282.5715
329.1548	282.0596
328.6429	282.0596
328.6429	281.5477
328.1310	281.5477
328.1310	281.0358
327.1072	281.0358
327.1072	280.5239
326.0834	280.5239
326.0834	280.0120
323.5239	280.0120
323.5239	279.5001
320.4524	279.5001
320.4524	280.0120
319.9405	280.0120
319.9405	279.5001
319.4286	279.5001
319.4286	278.9881
318.9167	278.9881
318.9167	278.4762
317.8929	278.4762
317.8929	277.9643
316.8691	277.9643
316.8691	277.4524
314.3096	277.4524
314.3096	276.9405
309.7024	276.9405
309.7024	277.4524
308.1667	277.4524
308.1667	276.9405
307.6548	276.9405
307.6548	276.4286
307.1429	276.4286
307.1429	275.9167
306.6310	275.9167
306.6310	273.8691
307.6548	273.8691
307.6548	273.3572
308.6786	273.3572
308.6786	272.8453
309.7024	272.8453
309.7024	272.3334
310.2143	272.3334
310.2143	271.8215
310.7262	271.8215
310.7262	271.3096
311.2382	271.3096
311.2382	270.7977
311.7501	270.7977
311.7501	270.2858
312.2620	270.2858
312.2620	269.2620
312.7739	269.2620
312.7739	268.2381
313.2858	268.2381
313.2858	265.6786
313.7977	265.6786
313.7977	263.1191
313.2858	263.1191
313.2858	260.5596
312.7739	260.5596
312.7739	259.5358
312.2620	259.5358
312.2620	258.5120
311.7501	258.5120
311.7501	258.0000
311.2382	258.0000
311.2382	257.4881
310.7262	257.4881
310.7262	256.9762
310.2143	256.9762
310.2143	256.4643
309.7024	256.4643
309.7024	255.9524
308.6786	255.9524
308.6786	255.4405
307.6548	255.4405
307.6548	254.9286
305.6072	254.9286
305.6072	254.4167
305.0953	254.4167
305.0953	253.3929
305.6072	253.3929
305.6072	252.8810
306.1191	252.8810
306.1191	252.3691
306.6310	252.3691
306.6310	251.8572
307.1429	251.8572
307.1429	251.3453
307.6548	251.3453
307.6548	250.3215
308.1667	250.3215
308.1667	249.2977
308.6786	249.2977
308.6786	247.2500
309.1905	247.2500
309.1905	244.6905
309.7024	244.6905
309.7024	243.6667
310.2143	243.6667
310.2143	241.1072
310.7262	241.1072
310.7262	238.5477
311.2382	238.5477
311.2382	234.9643
310.7262	234.9643
310.7262	232.4048
310.2143	232.4048
310.2143	231.3810
309.7024	231.3810
309.7024	230.3572
309.1905	230.3572
309.1905	229.8453
309.7024	229.8453
309.7024	229.3334
310.7262	229.3334
310.7262	228.8215
311.2382	228.8215
311.2382	228.3096
311.7501	228.3096
311.7501	227.7977
312.2620	227.7977
312.2620	227.2858
312.7739	227.2858
312.7739	226.7739
313.2858	226.7739
313.2858	226.2619
313.7977	226.2619
313.7977	225.2381
314.3096	225.2381
314.3096	224.2143
314.8215	224.2143
314.8215	223.1905
315.8453	223.1905
315.8453	223.7024
318.4048	223.7024
318.4048	224.2143
319.4286	224.2143
319.4286	224.7262
321.9882	224.7262
321.9882	225.2381
325.0596	225.2381
325.0596	224.7262
327.6191	224.7262
327.6191	224.2143
328.6429	224.2143
328.6429	224.7262
329.1548	224.7262
329.1548	225.2381
330.1786	225.2381
330.1786	225.7500
331.2024	225.7500
331.2024	226.2619
332.2263	226.2619
332.2263	226.7739
334.7858	226.7739
334.7858	227.2858
337.8572	227.2858
337.8572	226.7739
340.4167	226.7739
340.4167	226.2619
341.4405	226.2619
341.4405	225.7500
342.4644	225.7500
342.4644	225.2381
342.9763	225.2381
342.9763	224.7262
343.4882	224.7262
343.4882	224.2143
344.0001	224.2143
344.0001	223.7024
345.0239	223.7024
345.0239	223.1905
349.1191	223.1905
349.1191	222.6786
351.6786	222.6786
351.6786	222.1667
352.7024	222.1667
352.7024	221.6548
353.7263	221.6548
353.7263	221.1429
354.7501	221.1429
354.7501	220.6310
355.2620	220.6310
355.2620	220.1191
355.7739	220.1191
355.7739	219.6072
356.2858	219.6072
356.2858	219.0953
356.7977	219.0953
356.7977	218.5834
357.3096	218.5834
357.3096	218.0715
360.3810	218.0715
360.3810	217.5596
368.0596	217.5596
