366.0120	223.1905
366.5239	223.1905
366.5239	223.7024
367.0358	223.7024
367.0358	224.2143
367.5477	224.2143
367.5477	224.7262
368.5715	224.7262
368.5715	225.2381
369.5953	225.2381
369.5953	225.7500
372.1548	225.7500
372.1548	226.2619
376.2501	226.2619
376.2501	226.7739
376.7620	226.7739
376.7620	227.2858
377.2739	227.2858
377.2739	227.7977
378.2977	227.7977
378.2977	228.3096
378.8096	228.3096
378.8096	228.8215
379.3215	228.8215
379.3215	229.3334
380.3453	229.3334
380.3453	229.8453
381.3691	229.8453
381.3691	230.3572
383.4167	230.3572
383.4167	230.8691
384.4405	230.8691
384.4405	231.3810
384.9525	231.3810
384.9525	231.8929
385.4644	231.8929
385.4644	232.4048
385.9763	232.4048
385.9763	232.9167
387.0001	232.9167
387.0001	233.4286
388.0239	233.4286
388.0239	233.9405
389.5596	233.9405
389.5596	234.4524
390.5834	234.4524
390.5834	234.9643
391.0953	234.9643
391.0953	235.9881
391.6072	235.9881
391.6072	236.5000
392.1191	236.5000
392.1191	237.0119
392.6310	237.0119
392.6310	237.5239
393.1429	237.5239
393.1429	238.0358
393.6548	238.0358
393.6548	238.5477
394.6786	238.5477
394.6786	239.0596
395.7025	239.0596
395.7025	239.5715
396.7263	239.5715
396.7263	240.0834
397.2382	240.0834
397.2382	241.1072
397.7501	241.1072
397.7501	242.1310
398.2620	242.1310
398.2620	242.6429
398.7739	242.6429
398.7739	243.1548
399.2858	243.1548
399.2858	243.6667
399.7977	243.6667
399.7977	245.2024
400.3096	245.2024
400.3096	247.7620
400.8215	247.7620
400.8215	249.2977
401.3334	249.2977
401.3334	250.3215
401.8453	250.3215
401.8453	253.9048
402.3572	253.9048
402.3572	256.4643
402.8691	256.4643
402.8691	258.5120
403.3810	258.5120
403.3810	259.5358
403.8929	259.5358
403.8929	260.5596
404.4048	260.5596
404.4048	261.0715
404.9167	261.0715
404.9167	261.5834
405.4286	261.5834
405.4286	262.0953
405.9406	262.0953
405.9406	262.6072
406.4525	262.6072
406.4525	263.1191
407.4763	263.1191
407.4763	263.6310
408.5001	263.6310
408.5001	264.1429
409.0120	264.1429
409.0120	265.6786
408.5001	265.6786
408.5001	266.1905
407.4763	266.1905
407.4763	266.7024
406.4525	266.7024
406.4525	267.2143
405.9406	267.2143
405.9406	267.7262
405.4286	267.7262
405.4286	268.2381
404.9167	268.2381
404.9167	268.7501
404.4048	268.7501
404.4048	269.2620
403.8929	269.2620
403.8929	269.7739
403.3810	269.7739
403.3810	270.7977
402.8691	270.7977
402.8691	271.8215
400.8215	271.8215
400.8215	272.3334
399.7977	272.3334
399.7977	272.8453
398.7739	272.8453
398.7739	273.3572
398.2620	273.3572
398.2620	273.8691
397.7501	273.8691
397.7501	274.3810
397.2382	274.3810
397.2382	274.8929
396.7263	274.8929
396.7263	275.4048
396.2144	275.4048
396.2144	275.9167
395.7025	275.9167
395.7025	276.4286
395.1906	276.4286
395.1906	277.4524
394.6786	277.4524
394.6786	277.9643
394.1667	277.9643
394.1667	278.4762
393.6548	278.4762
393.6548	278.9881
393.1429	278.9881
393.1429	280.0120
392.6310	280.0120
392.6310	281.0358
392.1191	281.0358
392.1191	282.5715
391.6072	282.5715
391.6072	283.0834
391.0953	283.0834
391.0953	283.5953
390.5834	283.5953
390.5834	284.6191
390.0715	284.6191
390.0715	285.6429
389.5596	285.6429
389.5596	286.6667
389.0477	286.6667
389.0477	287.6905
388.5358	287.6905
388.5358	288.7143
385.9763	288.7143
385.9763	289.2262
383.9286	289.2262
383.9286	289.7382
382.9048	289.7382
382.9048	290.2501
381.8810	290.2501
381.8810	290.7620
381.3691	290.7620
381.3691	291.2739
380.8572	291.2739
380.8572	291.7858
380.3453	291.7858
380.3453	292.2977
379.8334	292.2977
379.8334	292.8096
378.8096	292.8096
378.8096	293.3215
378.2977	293.3215
378.2977	293.8334
377.7858	293.8334
377.7858	294.3453
377.2739	294.3453
377.2739	294.8572
376.7620	294.8572
376.7620	295.3691
375.7382	295.3691
375.7382	295.8810
375.2263	295.8810
375.2263	296.3929
374.7144	296.3929
374.7144	296.9048
373.6905	296.9048
373.6905	297.4167
373.1786	297.4167
373.1786	297.9286
371.6429	297.9286
371.6429	298.4405
369.5953	298.4405
369.5953	297.9286
367.0358	297.9286
367.0358	298.4405
364.4763	298.4405
364.4763	298.9524
363.4525	298.9524
363.4525	299.4643
362.4286	299.4643
362.4286	299.9762
361.9167	299.9762
361.9167	300.4882
361.4048	300.4882
361.4048	301.0001
360.8929	301.0001
360.8929	301.5120
360.3810	301.5120
360.3810	302.0239
359.8691	302.0239
359.8691	302.5358
359.3572	302.5358
359.3572	303.5596
358.8453	303.5596
358.8453	304.5834
358.3334	304.5834
358.3334	305.0953
357.3096	305.0953
357.3096	304.5834
356.7977	304.5834
356.7977	304.0715
356.2858	304.0715
356.2858	303.5596
355.7739	303.5596
355.7739	303.0477
355.2620	303.0477
355.2620	302.5358
354.2382	302.5358
354.2382	302.0239
353.2144	302.0239
353.2144	301.5120
351.1667	301.5120
351.1667	301.0001
350.1429	301.0001
350.1429	300.4882
347.5834	300.4882
347.5834	299.9762
344.0001	299.9762
344.0001	299.4643
343.4882	299.4643
343.4882	298.9524
342.9763	298.9524
342.9763	298.4405
342.4644	298.4405
342.4644	297.9286
341.9524	297.9286
341.9524	297.4167
341.4405	297.4167
341.4405	296.9048
340.9286	296.9048
340.9286	296.3929
340.4167	296.3929
340.4167	295.8810
339.9048	295.8810
339.9048	295.3691
339.3929	295.3691
339.3929	294.8572
338.3691	294.8572
338.3691	294.3453
337.3453	294.3453
337.3453	293.8334
334.7858	293.8334
334.7858	293.3215
330.6905	293.3215
330.6905	292.8096
330.1786	292.8096
330.1786	291.7858
329.6667	291.7858
329.6667	289.2262
329.1548	289.2262
329.1548	288.2024
328.6429	288.2024
328.6429	287.1786
328.1310	287.1786
328.1310	286.1548
327.6191	286.1548
327.6191	285.6429
327.1072	285.6429
327.1072	285.1310
326.5953	285.1310
326.5953	284.6191
326.0834	284.6191
326.0834	284.1072
325.5715	284.1072
325.5715	283.5953
324.5477	283.5953
324.5477	283.0834
323.5239	283.0834
323.5239	282.5715
321.4763	282.5715
321.4763	282.0596
318.9167	282.0596
318.9167	281.5477
317.8929	281.5477
317.8929	281.0358
315.3334	281.0358
315.3334	280.5239
310.2143	280.5239
310.2143	281.0358
309.1905	281.0358
309.1905	280.5239
308.6786	280.5239
308.6786	280.0120
308.1667	280.0120
308.1667	278.9881
309.1905	278.9881
309.1905	278.4762
310.2143	278.4762
310.2143	277.9643
310.7262	277.9643
310.7262	277.4524
311.2382	277.4524
311.2382	276.9405
311.7501	276.9405
311.7501	276.4286
312.2620	276.4286
312.2620	275.9167
312.7739	275.9167
312.7739	275.4048
313.2858	275.4048
313.2858	274.3810
313.7977	274.3810
313.7977	273.3572
314.3096	273.3572
314.3096	270.7977
314.8215	270.7977
314.8215	268.2381
314.3096	268.2381
314.3096	265.6786
313.7977	265.6786
313.7977	264.6548
313.2858	264.6548
313.2858	263.6310
312.7739	263.6310
312.7739	263.1191
312.2620	263.1191
312.2620	262.6072
311.7501	262.6072
311.7501	262.0953
311.2382	262.0953
311.2382	259.0239
310.7262	259.0239
310.7262	256.4643
310.2143	256.4643
310.2143	255.4405
309.7024	255.4405
309.7024	254.4167
309.1905	254.4167
309.1905	253.9048
308.6786	253.9048
308.6786	253.3929
308.1667	253.3929
308.1667	252.8810
307.6548	252.8810
307.6548	252.3691
307.1429	252.3691
307.1429	249.2977
307.6548	249.2977
307.6548	248.7858
308.1667	248.7858
308.1667	247.7620
308.6786	247.7620
308.6786	246.7381
309.1905	246.7381
309.1905	245.7143
309.7024	245.7143
309.7024	245.2024
310.7262	245.2024
310.7262	244.6905
311.7501	244.6905
311.7501	244.1786
312.2620	244.1786
312.2620	243.6667
312.7739	243.6667
312.7739	243.1548
313.2858	243.1548
313.2858	242.6429
313.7977	242.6429
313.7977	242.1310
314.3096	242.1310
314.3096	241.6191
314.8215	241.6191
314.8215	240.5953
315.3334	240.5953
315.3334	239.5715
315.8453	239.5715
315.8453	237.5239
316.3572	237.5239
316.3572	237.0119
318.9167	237.0119
318.9167	236.5000
319.9405	236.5000
319.9405	235.9881
321.4763	235.9881
321.4763	236.5000
323.5239	236.5000
323.5239	237.0119
326.0834	237.0119
326.0834	237.5239
328.6429	237.5239
328.6429	237.0119
331.2024	237.0119
331.2024	236.5000
332.2263	236.5000
332.2263	235.9881
333.2501	235.9881
333.2501	235.4762
334.2739	235.4762
334.2739	234.9643
334.7858	234.9643
334.7858	234.4524
335.2977	234.4524
335.2977	233.9405
336.3215	233.9405
336.3215	233.4286
337.3453	233.4286
337.3453	233.9405
340.4167	233.9405
340.4167	233.4286
342.9763	233.4286
342.9763	232.9167
344.5120	232.9167
344.5120	232.4048
345.5358	232.4048
345.5358	231.8929
346.5596	231.8929
346.5596	231.3810
347.0715	231.3810
347.0715	230.8691
348.0953	230.8691
348.0953	230.3572
348.6072	230.3572
348.6072	229.8453
349.1191	229.8453
349.1191	229.3334
349.6310	229.3334
349.6310	228.8215
350.1429	228.8215
350.1429	228.3096
350.6548	228.3096
350.6548	227.2858
351.1667	227.2858
351.1667	226.7739
353.7263	226.7739
353.7263	226.2619
356.2858	226.2619
356.2858	225.7500
359.8691	225.7500
359.8691	225.2381
362.4286	225.2381
362.4286	224.7262
363.4525	224.7262
363.4525	224.2143
364.4763	224.2143
364.4763	223.7024
364.9882	223.7024
364.9882	223.1905
365.5001	223.1905
365.5001	222.6786
366.0120	222.6786
