366.0120	223.1905
366.5239	223.1905
366.5239	223.7024
367.0358	223.7024
367.0358	224.2143
367.5477	224.2143
367.5477	224.7262
368.5715	224.7262
368.5715	225.2381
369.5953	225.2381
369.5953	225.7500
371.6429	225.7500
371.6429	226.2619
374.2025	226.2619
374.2025	226.7739
375.7382	226.7739
375.7382	227.2858
377.2739	227.2858
377.2739	227.7977
377.7858	227.7977
377.7858	228.3096
378.2977	228.3096
378.2977	228.8215
379.3215	228.8215
379.3215	229.3334
380.3453	229.3334
380.3453	229.8453
382.9048	229.8453
382.9048	230.3572
383.9286	230.3572
383.9286	230.8691
384.4405	230.8691
384.4405	231.3810
384.9525	231.3810
384.9525	231.8929
385.9763	231.8929
385.9763	232.4048
387.0001	232.4048
387.0001	232.9167
388.0239	232.9167
388.0239	233.4286
389.5596	233.4286
389.5596	233.9405
390.0715	233.9405
390.0715	234.4524
390.5834	234.4524
390.5834	234.9643
391.0953	234.9643
391.0953	235.4762
391.6072	235.4762
391.6072	235.9881
392.1191	235.9881
392.1191	236.5000
392.6310	236.5000
392.6310	237.0119
393.1429	237.0119
393.1429	237.5239
394.1667	237.5239
394.1667	238.0358
395.1906	238.0358
395.1906	238.5477
397.2382	238.5477
397.2382	239.0596
397.7501	239.0596
397.7501	240.0834
398.2620	240.0834
398.2620	240.5953
398.7739	240.5953
398.7739	241.1072
399.2858	241.1072
399.2858	241.6191
399.7977	241.6191
399.7977	242.1310
400.3096	242.1310
400.3096	243.1548
400.8215	243.1548
400.8215	245.7143
401.3334	245.7143
401.3334	247.2500
401.8453	247.2500
401.8453	248.2739
402.3572	248.2739
402.3572	249.2977
402.8691	249.2977
402.8691	250.8334
403.3810	250.8334
403.3810	252.3691
402.8691	252.3691
402.8691	255.9524
403.3810	255.9524
403.3810	258.5120
403.8929	258.5120
403.8929	259.5358
404.4048	259.5358
404.4048	260.5596
404.9167	260.5596
404.9167	261.0715
405.4286	261.0715
405.4286	261.5834
405.9406	261.5834
405.9406	262.0953
406.4525	262.0953
406.4525	262.6072
406.9644	262.6072
406.9644	263.1191
407.4763	263.1191
407.4763	263.6310
408.5001	263.6310
408.5001	264.1429
409.0120	264.1429
409.0120	264.6548
409.5239	264.6548
409.5239	265.6786
409.0120	265.6786
409.0120	266.1905
407.9882	266.1905
407.9882	266.7024
406.9644	266.7024
406.9644	267.2143
405.9406	267.2143
405.9406	267.7262
405.4286	267.7262
405.4286	268.2381
404.9167	268.2381
404.9167	268.7501
404.4048	268.7501
404.4048	269.2620
403.8929	269.2620
403.8929	269.7739
403.3810	269.7739
403.3810	270.2858
402.8691	270.2858
402.8691	271.3096
402.3572	271.3096
402.3572	271.8215
401.8453	271.8215
401.8453	272.3334
401.3334	272.3334
401.3334	272.8453
400.8215	272.8453
400.8215	273.3572
400.3096	273.3572
400.3096	273.8691
399.7977	273.8691
399.7977	274.3810
399.2858	274.3810
399.2858	275.4048
398.7739	275.4048
398.7739	275.9167
398.2620	275.9167
398.2620	276.4286
397.7501	276.4286
397.7501	277.4524
397.2382	277.4524
397.2382	277.9643
396.7263	277.9643
396.7263	278.4762
396.2144	278.4762
396.2144	278.9881
395.7025	278.9881
395.7025	279.5001
395.1906	279.5001
395.1906	280.0120
394.6786	280.0120
394.6786	280.5239
394.1667	280.5239
394.1667	281.0358
393.6548	281.0358
393.6548	281.5477
393.1429	281.5477
393.1429	282.5715
392.6310	282.5715
392.6310	283.0834
392.1191	283.0834
392.1191	284.1072
391.6072	284.1072
391.6072	284.6191
391.0953	284.6191
391.0953	285.6429
390.5834	285.6429
390.5834	286.1548
390.0715	286.1548
390.0715	286.6667
389.5596	286.6667
389.5596	287.1786
389.0477	287.1786
389.0477	287.6905
388.5358	287.6905
388.5358	288.2024
388.0239	288.2024
388.0239	288.7143
387.5120	288.7143
387.5120	289.2262
383.9286	289.2262
383.9286	289.7382
381.3691	289.7382
381.3691	290.2501
380.3453	290.2501
380.3453	290.7620
379.3215	290.7620
379.3215	291.2739
378.8096	291.2739
378.8096	291.7858
378.2977	291.7858
378.2977	292.2977
377.7858	292.2977
377.7858	292.8096
377.2739	292.8096
377.2739	293.3215
376.7620	293.3215
376.7620	293.8334
376.2501	293.8334
376.2501	294.8572
375.7382	294.8572
375.7382	295.8810
374.2025	295.8810
374.2025	296.3929
373.1786	296.3929
373.1786	296.9048
372.1548	296.9048
372.1548	297.4167
371.6429	297.4167
371.6429	297.9286
371.1310	297.9286
371.1310	298.4405
370.6191	298.4405
370.6191	297.9286
368.0596	297.9286
368.0596	298.4405
365.5001	298.4405
365.5001	298.9524
364.4763	298.9524
364.4763	299.4643
363.4525	299.4643
363.4525	299.9762
362.9405	299.9762
362.9405	300.4882
362.4286	300.4882
362.4286	301.0001
361.9167	301.0001
361.9167	301.5120
361.4048	301.5120
361.4048	302.0239
360.8929	302.0239
360.8929	302.5358
360.3810	302.5358
360.3810	303.5596
359.8691	303.5596
359.8691	304.5834
359.3572	304.5834
359.3572	305.0953
358.8453	305.0953
358.8453	304.5834
358.3334	304.5834
358.3334	304.0715
357.8215	304.0715
357.8215	303.5596
357.3096	303.5596
357.3096	303.0477
356.7977	303.0477
356.7977	302.5358
355.7739	302.5358
355.7739	302.0239
354.7501	302.0239
354.7501	301.5120
352.1905	301.5120
352.1905	301.0001
351.6786	301.0001
351.6786	300.4882
351.1667	300.4882
351.1667	299.9762
350.1429	299.9762
350.1429	299.4643
350.6548	299.4643
350.6548	296.9048
350.1429	296.9048
350.1429	294.3453
349.6310	294.3453
349.6310	293.3215
349.1191	293.3215
349.1191	292.2977
348.6072	292.2977
348.6072	291.7858
348.0953	291.7858
348.0953	291.2739
347.5834	291.2739
347.5834	290.7620
347.0715	290.7620
347.0715	290.2501
346.5596	290.2501
346.5596	289.7382
345.5358	289.7382
345.5358	289.2262
344.5120	289.2262
344.5120	288.7143
343.4882	288.7143
343.4882	287.6905
342.9763	287.6905
342.9763	286.6667
342.4644	286.6667
342.4644	285.6429
341.9524	285.6429
341.9524	285.1310
341.4405	285.1310
341.4405	284.6191
340.9286	284.6191
340.9286	284.1072
340.4167	284.1072
340.4167	283.5953
339.9048	283.5953
339.9048	282.5715
339.3929	282.5715
339.3929	282.0596
338.8810	282.0596
338.8810	281.5477
338.3691	281.5477
338.3691	281.0358
337.8572	281.0358
337.8572	280.5239
337.3453	280.5239
337.3453	280.0120
336.3215	280.0120
336.3215	279.5001
335.2977	279.5001
335.2977	278.9881
332.7382	278.9881
332.7382	278.4762
329.1548	278.4762
329.1548	278.9881
326.5953	278.9881
326.5953	279.5001
325.5715	279.5001
325.5715	280.0120
324.5477	280.0120
324.5477	280.5239
324.0358	280.5239
324.0358	281.0358
323.5239	281.0358
323.5239	281.5477
323.0120	281.5477
323.0120	282.0596
322.5001	282.0596
322.5001	282.5715
321.9882	282.5715
321.9882	283.0834
320.4524	283.0834
320.4524	282.5715
319.4286	282.5715
319.4286	282.0596
318.4048	282.0596
318.4048	281.5477
315.8453	281.5477
315.8453	281.0358
311.2382	281.0358
311.2382	281.5477
310.2143	281.5477
310.2143	281.0358
309.7024	281.0358
309.7024	280.5239
309.1905	280.5239
309.1905	280.0120
309.7024	280.0120
309.7024	279.5001
310.7262	279.5001
310.7262	278.9881
311.2382	278.9881
311.2382	278.4762
311.7501	278.4762
311.7501	277.9643
312.2620	277.9643
312.2620	277.4524
312.7739	277.4524
312.7739	276.9405
313.2858	276.9405
313.2858	275.9167
313.7977	275.9167
313.7977	274.8929
314.3096	274.8929
314.3096	272.3334
314.8215	272.3334
314.8215	269.2620
314.3096	269.2620
314.3096	266.7024
313.7977	266.7024
313.7977	265.6786
313.2858	265.6786
313.2858	264.6548
312.7739	264.6548
312.7739	264.1429
312.2620	264.1429
312.2620	263.6310
311.7501	263.6310
311.7501	263.1191
311.2382	263.1191
311.2382	261.5834
311.7501	261.5834
311.7501	258.5120
311.2382	258.5120
311.2382	255.9524
310.7262	255.9524
310.7262	254.9286
310.2143	254.9286
310.2143	253.9048
309.7024	253.9048
309.7024	253.3929
309.1905	253.3929
309.1905	252.8810
308.6786	252.8810
308.6786	251.8572
308.1667	251.8572
308.1667	250.3215
310.2143	250.3215
310.2143	249.8096
311.2382	249.8096
311.2382	249.2977
312.2620	249.2977
312.2620	248.7858
312.7739	248.7858
312.7739	248.2739
313.2858	248.2739
313.2858	247.7620
313.7977	247.7620
313.7977	247.2500
314.3096	247.2500
314.3096	246.7381
314.8215	246.7381
314.8215	246.2262
315.3334	246.2262
315.3334	245.7143
315.8453	245.7143
315.8453	244.6905
316.3572	244.6905
316.3572	243.6667
316.8691	243.6667
316.8691	243.1548
317.3810	243.1548
317.3810	242.6429
317.8929	242.6429
317.8929	241.6191
318.4048	241.6191
318.4048	240.5953
318.9167	240.5953
318.9167	238.0358
319.9405	238.0358
319.9405	237.5239
320.4524	237.5239
320.4524	237.0119
321.4763	237.0119
321.4763	236.5000
321.9882	236.5000
321.9882	235.9881
323.0120	235.9881
323.0120	236.5000
324.0358	236.5000
324.0358	237.0119
326.5953	237.0119
326.5953	237.5239
330.1786	237.5239
330.1786	237.0119
332.7382	237.0119
332.7382	236.5000
333.7620	236.5000
333.7620	235.9881
334.7858	235.9881
334.7858	235.4762
335.8096	235.4762
335.8096	234.9643
336.3215	234.9643
336.3215	234.4524
336.8334	234.4524
336.8334	233.9405
340.9286	233.9405
340.9286	233.4286
343.4882	233.4286
343.4882	232.9167
345.5358	232.9167
345.5358	232.4048
346.5596	232.4048
346.5596	231.8929
347.5834	231.8929
347.5834	231.3810
348.6072	231.3810
348.6072	230.8691
349.1191	230.8691
349.1191	230.3572
349.6310	230.3572
349.6310	229.8453
350.1429	229.8453
350.1429	229.3334
350.6548	229.3334
350.6548	228.8215
351.1667	228.8215
351.1667	227.7977
353.2144	227.7977
353.2144	227.2858
354.2382	227.2858
354.2382	226.7739
355.2620	226.7739
355.2620	226.2619
355.7739	226.2619
355.7739	225.7500
359.8691	225.7500
359.8691	225.2381
362.4286	225.2381
362.4286	224.7262
363.4525	224.7262
363.4525	224.2143
364.4763	224.2143
364.4763	223.7024
364.9882	223.7024
364.9882	223.1905
365.5001	223.1905
365.5001	222.6786
366.0120	222.6786
