348.0953	217.0477
348.6072	217.0477
348.6072	217.5596
349.1191	217.5596
349.1191	218.0715
350.1429	218.0715
350.1429	218.5834
351.1667	218.5834
351.1667	219.0953
353.7263	219.0953
353.7263	219.6072
356.7977	219.6072
356.7977	220.1191
362.4286	220.1191
362.4286	219.6072
367.0358	219.6072
367.0358	219.0953
369.5953	219.0953
369.5953	218.5834
371.6429	218.5834
371.6429	218.0715
373.1786	218.0715
373.1786	218.5834
375.7382	218.5834
375.7382	218.0715
378.2977	218.0715
378.2977	217.5596
379.3215	217.5596
379.3215	217.0477
380.3453	217.0477
380.3453	216.5358
381.8810	216.5358
381.8810	217.0477
382.9048	217.0477
382.9048	217.5596
383.4167	217.5596
383.4167	218.0715
383.9286	218.0715
383.9286	218.5834
384.4405	218.5834
384.4405	219.0953
385.4644	219.0953
385.4644	219.6072
386.4882	219.6072
386.4882	220.1191
389.0477	220.1191
389.0477	220.6310
389.5596	220.6310
389.5596	221.6548
390.0715	221.6548
390.0715	222.6786
390.5834	222.6786
390.5834	223.1905
391.0953	223.1905
391.0953	223.7024
391.6072	223.7024
391.6072	224.2143
392.1191	224.2143
392.1191	224.7262
392.6310	224.7262
392.6310	225.2381
393.1429	225.2381
393.1429	225.7500
394.1667	225.7500
394.1667	226.2619
395.1906	226.2619
395.1906	226.7739
397.2382	226.7739
397.2382	227.2858
399.7977	227.2858
399.7977	227.7977
400.8215	227.7977
400.8215	228.8215
401.3334	228.8215
401.3334	229.8453
401.8453	229.8453
401.8453	230.3572
402.3572	230.3572
402.3572	231.3810
402.8691	231.3810
402.8691	232.4048
403.3810	232.4048
403.3810	233.4286
403.8929	233.4286
403.8929	233.9405
404.4048	233.9405
404.4048	234.4524
404.9167	234.4524
404.9167	234.9643
405.4286	234.9643
405.4286	235.4762
405.9406	235.4762
405.9406	235.9881
406.4525	235.9881
406.4525	236.5000
406.9644	236.5000
406.9644	237.0119
407.4763	237.0119
407.4763	237.5239
407.9882	237.5239
407.9882	238.0358
408.5001	238.0358
408.5001	239.0596
409.0120	239.0596
409.0120	239.5715
409.5239	239.5715
409.5239	240.0834
410.0358	240.0834
410.0358	241.1072
410.5477	241.1072
410.5477	242.1310
411.0596	242.1310
411.0596	243.6667
411.5715	243.6667
411.5715	244.6905
412.0834	244.6905
412.0834	246.2262
412.5953	246.2262
412.5953	248.7858
413.1072	248.7858
413.1072	251.3453
413.6191	251.3453
413.6191	253.9048
414.1310	253.9048
414.1310	256.4643
414.6429	256.4643
414.6429	259.0239
415.1548	259.0239
415.1548	261.0715
415.6667	261.0715
415.6667	262.0953
416.1787	262.0953
416.1787	263.6310
415.6667	263.6310
415.6667	264.6548
415.1548	264.6548
415.1548	267.2143
414.6429	267.2143
414.6429	269.7739
414.1310	269.7739
414.1310	271.3096
413.6191	271.3096
413.6191	273.3572
413.1072	273.3572
413.1072	274.8929
412.5953	274.8929
412.5953	277.4524
412.0834	277.4524
412.0834	278.4762
411.5715	278.4762
411.5715	279.5001
411.0596	279.5001
411.0596	280.0120
410.5477	280.0120
410.5477	280.5239
410.0358	280.5239
410.0358	281.0358
409.5239	281.0358
409.5239	281.5477
409.0120	281.5477
409.0120	282.0596
408.5001	282.0596
408.5001	282.5715
407.9882	282.5715
407.9882	283.0834
407.4763	283.0834
407.4763	283.5953
406.4525	283.5953
406.4525	284.1072
405.9406	284.1072
405.9406	284.6191
405.4286	284.6191
405.4286	285.1310
404.9167	285.1310
404.9167	285.6429
404.4048	285.6429
404.4048	286.1548
403.8929	286.1548
403.8929	286.6667
403.3810	286.6667
403.3810	287.1786
402.8691	287.1786
402.8691	288.2024
401.8453	288.2024
401.8453	288.7143
400.8215	288.7143
400.8215	289.2262
400.3096	289.2262
400.3096	289.7382
399.7977	289.7382
399.7977	290.2501
399.2858	290.2501
399.2858	290.7620
398.2620	290.7620
398.2620	291.2739
396.7263	291.2739
396.7263	291.7858
395.7025	291.7858
395.7025	292.2977
394.1667	292.2977
394.1667	292.8096
393.1429	292.8096
393.1429	293.3215
392.1191	293.3215
392.1191	293.8334
391.6072	293.8334
391.6072	294.3453
389.5596	294.3453
389.5596	294.8572
388.0239	294.8572
388.0239	295.3691
386.4882	295.3691
386.4882	295.8810
385.4644	295.8810
385.4644	296.3929
384.4405	296.3929
384.4405	296.9048
383.9286	296.9048
383.9286	297.4167
383.4167	297.4167
383.4167	297.9286
381.3691	297.9286
381.3691	298.4405
380.3453	298.4405
380.3453	298.9524
379.3215	298.9524
379.3215	299.4643
378.8096	299.4643
378.8096	299.9762
377.7858	299.9762
377.7858	300.4882
376.7620	300.4882
376.7620	301.0001
376.2501	301.0001
376.2501	301.5120
375.7382	301.5120
375.7382	302.0239
375.2263	302.0239
375.2263	302.5358
374.7144	302.5358
374.7144	303.0477
374.2025	303.0477
374.2025	304.0715
373.6905	304.0715
373.6905	304.5834
371.1310	304.5834
371.1310	305.0953
370.1072	305.0953
370.1072	305.6072
369.0834	305.6072
369.0834	306.1191
368.0596	306.1191
368.0596	306.6310
367.5477	306.6310
367.5477	307.1429
367.0358	307.1429
367.0358	307.6548
366.5239	307.6548
366.5239	308.1667
364.9882	308.1667
364.9882	308.6786
363.9644	308.6786
363.9644	309.1905
362.9405	309.1905
362.9405	309.7024
361.9167	309.7024
361.9167	310.2143
360.8929	310.2143
360.8929	310.7262
360.3810	310.7262
360.3810	311.2382
359.3572	311.2382
359.3572	311.7501
358.8453	311.7501
358.8453	312.2620
358.3334	312.2620
358.3334	312.7739
357.8215	312.7739
357.8215	313.2858
357.3096	313.2858
357.3096	313.7977
356.7977	313.7977
356.7977	314.3096
356.2858	314.3096
356.2858	314.8215
355.7739	314.8215
355.7739	315.3334
355.2620	315.3334
355.2620	316.3572
354.7501	316.3572
354.7501	317.3810
354.2382	317.3810
354.2382	317.8929
353.7263	317.8929
353.7263	318.9167
352.7024	318.9167
352.7024	319.4286
352.1905	319.4286
352.1905	319.9405
351.6786	319.9405
351.6786	320.4524
351.1667	320.4524
351.1667	320.9643
350.1429	320.9643
350.1429	321.4763
349.6310	321.4763
349.6310	321.9882
348.6072	321.9882
348.6072	322.5001
347.5834	322.5001
347.5834	323.0120
346.5596	323.0120
346.5596	323.5239
345.5358	323.5239
345.5358	324.0358
344.5120	324.0358
344.5120	323.5239
342.4644	323.5239
342.4644	323.0120
341.4405	323.0120
341.4405	322.5001
340.9286	322.5001
340.9286	321.9882
340.4167	321.9882
340.4167	321.4763
339.9048	321.4763
339.9048	320.9643
339.3929	320.9643
339.3929	320.4524
338.8810	320.4524
338.8810	319.9405
337.8572	319.9405
337.8572	319.4286
336.8334	319.4286
336.8334	318.9167
335.8096	318.9167
335.8096	318.4048
334.7858	318.4048
334.7858	317.8929
333.7620	317.8929
333.7620	317.3810
331.2024	317.3810
331.2024	316.8691
328.6429	316.8691
328.6429	317.3810
326.0834	317.3810
326.0834	317.8929
325.0596	317.8929
325.0596	318.4048
324.0358	318.4048
324.0358	318.9167
323.5239	318.9167
323.5239	319.4286
323.0120	319.4286
323.0120	319.9405
322.5001	319.9405
322.5001	320.4524
321.9882	320.4524
321.9882	319.9405
321.4763	319.9405
321.4763	319.4286
320.9643	319.4286
320.9643	318.4048
320.4524	318.4048
320.4524	317.3810
319.9405	317.3810
319.9405	316.3572
319.4286	316.3572
319.4286	315.8453
318.9167	315.8453
318.9167	315.3334
318.4048	315.3334
318.4048	314.8215
317.8929	314.8215
317.8929	314.3096
317.3810	314.3096
317.3810	313.7977
316.8691	313.7977
316.8691	313.2858
315.8453	313.2858
315.8453	312.7739
314.8215	312.7739
314.8215	312.2620
312.2620	312.2620
312.2620	311.7501
308.6786	311.7501
308.6786	311.2382
307.6548	311.2382
307.6548	310.7262
305.6072	310.7262
305.6072	310.2143
303.0477	310.2143
303.0477	309.7024
302.5358	309.7024
302.5358	309.1905
302.0239	309.1905
302.0239	308.6786
301.5120	308.6786
301.5120	308.1667
301.0001	308.1667
301.0001	307.6548
299.9762	307.6548
299.9762	306.6310
299.4643	306.6310
299.4643	305.6072
298.9524	305.6072
298.9524	305.0953
298.4405	305.0953
298.4405	304.5834
297.9286	304.5834
297.9286	304.0715
297.4167	304.0715
297.4167	303.5596
296.9048	303.5596
296.9048	303.0477
296.3929	303.0477
296.3929	302.0239
295.8810	302.0239
295.8810	300.4882
295.3691	300.4882
295.3691	299.4643
294.8572	299.4643
294.8572	298.4405
294.3453	298.4405
294.3453	297.9286
294.8572	297.9286
294.8572	294.8572
294.3453	294.8572
294.3453	292.2977
293.8334	292.2977
293.8334	291.2739
293.3215	291.2739
293.3215	290.2501
292.8096	290.2501
292.8096	289.7382
292.2977	289.7382
292.2977	289.2262
291.7858	289.2262
291.7858	288.7143
291.2739	288.7143
291.2739	288.2024
290.7620	288.2024
290.7620	287.6905
289.7382	287.6905
289.7382	287.1786
288.7143	287.1786
288.7143	286.6667
288.2024	286.6667
288.2024	286.1548
287.6905	286.1548
287.6905	284.1072
287.1786	284.1072
287.1786	283.0834
286.6667	283.0834
286.6667	281.5477
287.1786	281.5477
287.1786	280.5239
287.6905	280.5239
287.6905	279.5001
288.2024	279.5001
288.2024	278.4762
288.7143	278.4762
288.7143	275.9167
289.2262	275.9167
289.2262	271.8215
288.7143	271.8215
288.7143	271.3096
289.2262	271.3096
289.2262	270.7977
289.7382	270.7977
289.7382	270.2858
290.2501	270.2858
290.2501	269.7739
290.7620	269.7739
290.7620	269.2620
291.2739	269.2620
291.2739	268.2381
291.7858	268.2381
291.7858	267.2143
292.2977	267.2143
292.2977	264.6548
292.8096	264.6548
292.8096	262.0953
292.2977	262.0953
292.2977	259.5358
291.7858	259.5358
291.7858	258.5120
291.2739	258.5120
291.2739	257.4881
290.7620	257.4881
290.7620	256.9762
290.2501	256.9762
290.2501	256.4643
289.7382	256.4643
289.7382	255.9524
289.2262	255.9524
289.2262	255.4405
288.7143	255.4405
288.7143	254.9286
287.6905	254.9286
287.6905	253.9048
288.2024	253.9048
288.2024	253.3929
288.7143	253.3929
288.7143	252.8810
289.2262	252.8810
289.2262	252.3691
289.7382	252.3691
289.7382	251.8572
291.7858	251.8572
291.7858	251.3453
292.8096	251.3453
292.8096	250.8334
293.8334	250.8334
293.8334	250.3215
294.3453	250.3215
294.3453	249.8096
295.3691	249.8096
295.3691	249.2977
295.8810	249.2977
295.8810	248.7858
296.3929	248.7858
296.3929	248.2739
296.9048	248.2739
296.9048	247.7620
297.4167	247.7620
297.4167	247.2500
297.9286	247.2500
297.9286	246.7381
298.4405	246.7381
298.4405	246.2262
298.9524	246.2262
298.9524	245.2024
299.4643	245.2024
299.4643	244.1786
299.9762	244.1786
299.9762	241.6191
302.0239	241.6191
302.0239	241.1072
304.5834	241.1072
304.5834	240.5953
305.6072	240.5953
305.6072	240.0834
306.6310	240.0834
306.6310	239.5715
307.1429	239.5715
307.1429	239.0596
308.1667	239.0596
308.1667	238.5477
308.6786	238.5477
308.6786	238.0358
309.7024	238.0358
309.7024	237.5239
310.7262	237.5239
310.7262	237.0119
313.2858	237.0119
313.2858	236.5000
314.3096	236.5000
314.3096	235.9881
315.8453	235.9881
315.8453	235.4762
317.3810	235.4762
317.3810	234.9643
321.4763	234.9643
321.4763	234.4524
324.0358	234.4524
324.0358	233.9405
325.0596	233.9405
325.0596	233.4286
327.6191	233.4286
327.6191	232.9167
329.1548	232.9167
329.1548	232.4048
330.1786	232.4048
330.1786	231.8929
332.7382	231.8929
332.7382	231.3810
334.7858	231.3810
334.7858	230.8691
335.8096	230.8691
335.8096	230.3572
336.8334	230.3572
336.8334	229.8453
337.3453	229.8453
337.3453	229.3334
337.8572	229.3334
337.8572	228.8215
338.3691	228.8215
338.3691	228.3096
338.8810	228.3096
338.8810	227.7977
339.3929	227.7977
339.3929	227.2858
339.9048	227.2858
339.9048	226.2619
340.4167	226.2619
340.4167	225.2381
340.9286	225.2381
340.9286	224.7262
341.4405	224.7262
341.4405	224.2143
341.9524	224.2143
341.9524	223.7024
342.4644	223.7024
342.4644	223.1905
342.9763	223.1905
342.9763	222.6786
343.4882	222.6786
343.4882	221.6548
344.0001	221.6548
344.0001	220.6310
344.5120	220.6310
344.5120	219.6072
345.0239	219.6072
345.0239	217.0477
345.5358	217.0477
345.5358	216.5358
348.0953	216.5358
