377.2739	215.5119
378.2977	215.5119
378.2977	216.0239
379.3215	216.0239
379.3215	216.5358
380.8572	216.5358
380.8572	217.0477
383.4167	217.0477
383.4167	217.5596
384.9525	217.5596
384.9525	218.0715
385.4644	218.0715
385.4644	218.5834
385.9763	218.5834
385.9763	219.0953
387.0001	219.0953
387.0001	219.6072
387.5120	219.6072
387.5120	220.1191
388.5358	220.1191
388.5358	220.6310
389.5596	220.6310
389.5596	221.1429
391.0953	221.1429
391.0953	221.6548
392.1191	221.6548
392.1191	222.1667
392.6310	222.1667
392.6310	222.6786
393.1429	222.6786
393.1429	223.1905
393.6548	223.1905
393.6548	223.7024
394.1667	223.7024
394.1667	224.2143
394.6786	224.2143
394.6786	224.7262
395.1906	224.7262
395.1906	225.2381
395.7025	225.2381
395.7025	225.7500
396.2144	225.7500
396.2144	226.2619
397.2382	226.2619
397.2382	226.7739
398.2620	226.7739
398.2620	227.2858
399.2858	227.2858
399.2858	228.3096
399.7977	228.3096
399.7977	229.3334
400.3096	229.3334
400.3096	229.8453
400.8215	229.8453
400.8215	230.3572
401.3334	230.3572
401.3334	230.8691
401.8453	230.8691
401.8453	231.3810
402.3572	231.3810
402.3572	231.8929
402.8691	231.8929
402.8691	232.4048
403.3810	232.4048
403.3810	232.9167
404.4048	232.9167
404.4048	233.4286
405.4286	233.4286
405.4286	233.9405
407.9882	233.9405
407.9882	234.4524
408.5001	234.4524
408.5001	239.0596
409.0120	239.0596
409.0120	241.6191
409.5239	241.6191
409.5239	242.6429
410.0358	242.6429
410.0358	244.1786
410.5477	244.1786
410.5477	245.2024
411.0596	245.2024
411.0596	247.7620
411.5715	247.7620
411.5715	249.8096
412.0834	249.8096
412.0834	250.8334
412.5953	250.8334
412.5953	253.3929
413.1072	253.3929
413.1072	254.4167
413.6191	254.4167
413.6191	255.9524
413.1072	255.9524
413.1072	259.0239
412.5953	259.0239
412.5953	262.0953
413.1072	262.0953
413.1072	263.1191
412.5953	263.1191
412.5953	264.6548
412.0834	264.6548
412.0834	267.2143
411.5715	267.2143
411.5715	268.2381
411.0596	268.2381
411.0596	269.2620
410.5477	269.2620
410.5477	270.2858
410.0358	270.2858
410.0358	272.3334
409.5239	272.3334
409.5239	272.8453
409.0120	272.8453
409.0120	273.3572
408.5001	273.3572
408.5001	274.3810
407.9882	274.3810
407.9882	275.4048
407.4763	275.4048
407.4763	275.9167
406.9644	275.9167
406.9644	276.4286
406.4525	276.4286
406.4525	277.4524
405.9406	277.4524
405.9406	277.9643
405.4286	277.9643
405.4286	278.4762
404.9167	278.4762
404.9167	278.9881
404.4048	278.9881
404.4048	279.5001
403.8929	279.5001
403.8929	280.0120
403.3810	280.0120
403.3810	280.5239
402.8691	280.5239
402.8691	281.0358
402.3572	281.0358
402.3572	281.5477
401.8453	281.5477
401.8453	282.0596
401.3334	282.0596
401.3334	283.0834
400.8215	283.0834
400.8215	284.1072
400.3096	284.1072
400.3096	284.6191
399.7977	284.6191
399.7977	285.1310
399.2858	285.1310
399.2858	286.1548
398.7739	286.1548
398.7739	286.6667
398.2620	286.6667
398.2620	287.1786
397.7501	287.1786
397.7501	287.6905
397.2382	287.6905
397.2382	288.2024
396.7263	288.2024
396.7263	289.2262
396.2144	289.2262
396.2144	290.2501
395.7025	290.2501
395.7025	290.7620
395.1906	290.7620
395.1906	291.2739
394.1667	291.2739
394.1667	291.7858
393.6548	291.7858
393.6548	292.2977
392.6310	292.2977
392.6310	292.8096
392.1191	292.8096
392.1191	293.3215
391.0953	293.3215
391.0953	293.8334
390.0715	293.8334
390.0715	294.3453
389.5596	294.3453
389.5596	294.8572
388.5358	294.8572
388.5358	295.3691
387.5120	295.3691
387.5120	295.8810
386.4882	295.8810
386.4882	296.3929
385.4644	296.3929
385.4644	296.9048
384.4405	296.9048
384.4405	297.4167
381.8810	297.4167
381.8810	297.9286
380.8572	297.9286
380.8572	298.4405
379.8334	298.4405
379.8334	298.9524
378.2977	298.9524
378.2977	299.4643
376.2501	299.4643
376.2501	299.9762
375.2263	299.9762
375.2263	300.4882
372.6667	300.4882
372.6667	301.0001
371.6429	301.0001
371.6429	301.5120
370.6191	301.5120
370.6191	302.0239
369.5953	302.0239
369.5953	302.5358
368.5715	302.5358
368.5715	303.0477
368.0596	303.0477
368.0596	303.5596
367.0358	303.5596
367.0358	304.0715
366.0120	304.0715
366.0120	304.5834
364.9882	304.5834
364.9882	305.0953
363.9644	305.0953
363.9644	305.6072
362.9405	305.6072
362.9405	306.1191
361.9167	306.1191
361.9167	306.6310
360.8929	306.6310
360.8929	307.1429
359.8691	307.1429
359.8691	307.6548
358.8453	307.6548
358.8453	308.1667
357.8215	308.1667
357.8215	308.6786
356.7977	308.6786
356.7977	309.1905
356.2858	309.1905
356.2858	309.7024
355.2620	309.7024
355.2620	310.2143
354.2382	310.2143
354.2382	310.7262
353.2144	310.7262
353.2144	311.2382
352.1905	311.2382
352.1905	311.7501
351.1667	311.7501
351.1667	312.2620
350.6548	312.2620
350.6548	312.7739
350.1429	312.7739
350.1429	313.2858
349.1191	313.2858
349.1191	313.7977
348.0953	313.7977
348.0953	314.3096
347.5834	314.3096
347.5834	314.8215
345.0239	314.8215
345.0239	314.3096
344.0001	314.3096
344.0001	313.7977
342.4644	313.7977
342.4644	313.2858
341.9524	313.2858
341.9524	312.7739
341.4405	312.7739
341.4405	312.2620
340.9286	312.2620
340.9286	311.7501
340.4167	311.7501
340.4167	311.2382
339.9048	311.2382
339.9048	310.7262
338.8810	310.7262
338.8810	310.2143
337.8572	310.2143
337.8572	309.7024
335.2977	309.7024
335.2977	309.1905
330.6905	309.1905
330.6905	309.7024
320.9643	309.7024
320.9643	309.1905
319.9405	309.1905
319.9405	308.6786
317.3810	308.6786
317.3810	308.1667
313.7977	308.1667
313.7977	308.6786
311.2382	308.6786
311.2382	309.1905
310.2143	309.1905
310.2143	309.7024
309.1905	309.7024
309.1905	310.2143
308.1667	310.2143
308.1667	309.7024
307.1429	309.7024
307.1429	309.1905
306.1191	309.1905
306.1191	308.1667
305.6072	308.1667
305.6072	307.6548
305.0953	307.6548
305.0953	307.1429
304.5834	307.1429
304.5834	306.6310
304.0715	306.6310
304.0715	306.1191
303.5596	306.1191
303.5596	305.6072
302.5358	305.6072
302.5358	305.0953
301.5120	305.0953
301.5120	304.5834
299.4643	304.5834
299.4643	304.0715
298.4405	304.0715
298.4405	303.5596
297.9286	303.5596
297.9286	302.0239
297.4167	302.0239
297.4167	301.0001
296.9048	301.0001
296.9048	299.9762
296.3929	299.9762
296.3929	297.9286
295.8810	297.9286
295.8810	296.9048
295.3691	296.9048
295.3691	295.8810
294.8572	295.8810
294.8572	295.3691
294.3453	295.3691
294.3453	294.8572
293.8334	294.8572
293.8334	294.3453
293.3215	294.3453
293.3215	293.8334
292.8096	293.8334
292.8096	293.3215
291.7858	293.3215
291.7858	292.8096
291.2739	292.8096
291.2739	291.2739
290.7620	291.2739
290.7620	290.2501
290.2501	290.2501
290.2501	289.2262
289.7382	289.2262
289.7382	288.7143
289.2262	288.7143
289.2262	288.2024
288.7143	288.2024
288.7143	287.1786
288.2024	287.1786
288.2024	285.6429
288.7143	285.6429
288.7143	284.6191
289.2262	284.6191
289.2262	282.0596
289.7382	282.0596
289.7382	279.5001
289.2262	279.5001
289.2262	276.9405
288.7143	276.9405
288.7143	275.9167
288.2024	275.9167
288.2024	274.8929
287.6905	274.8929
287.6905	274.3810
287.1786	274.3810
287.1786	271.8215
287.6905	271.8215
287.6905	270.7977
288.2024	270.7977
288.2024	268.2381
288.7143	268.2381
288.7143	265.1667
288.2024	265.1667
288.2024	262.6072
287.6905	262.6072
287.6905	261.0715
288.2024	261.0715
288.2024	258.5120
288.7143	258.5120
288.7143	258.0000
289.2262	258.0000
289.2262	256.9762
289.7382	256.9762
289.7382	255.9524
290.2501	255.9524
290.2501	253.3929
290.7620	253.3929
290.7620	249.2977
290.2501	249.2977
290.2501	247.2500
290.7620	247.2500
290.7620	246.7381
291.2739	246.7381
291.2739	246.2262
292.2977	246.2262
292.2977	245.7143
292.8096	245.7143
292.8096	245.2024
293.8334	245.2024
293.8334	244.6905
294.8572	244.6905
294.8572	244.1786
297.4167	244.1786
297.4167	243.6667
298.9524	243.6667
298.9524	243.1548
299.9762	243.1548
299.9762	242.6429
301.0001	242.6429
301.0001	242.1310
301.5120	242.1310
301.5120	241.6191
302.0239	241.6191
302.0239	241.1072
302.5358	241.1072
302.5358	240.5953
303.0477	240.5953
303.0477	240.0834
303.5596	240.0834
303.5596	239.0596
304.0715	239.0596
304.0715	238.0358
304.5834	238.0358
304.5834	237.5239
305.0953	237.5239
305.0953	237.0119
305.6072	237.0119
305.6072	235.9881
306.1191	235.9881
306.1191	234.9643
306.6310	234.9643
306.6310	233.4286
309.7024	233.4286
309.7024	232.9167
312.2620	232.9167
312.2620	232.4048
313.2858	232.4048
313.2858	231.8929
317.8929	231.8929
317.8929	231.3810
319.9405	231.3810
319.9405	231.8929
322.5001	231.8929
322.5001	231.3810
326.0834	231.3810
326.0834	230.8691
328.6429	230.8691
328.6429	230.3572
330.1786	230.3572
330.1786	229.8453
332.7382	229.8453
332.7382	229.3334
333.7620	229.3334
333.7620	228.8215
334.7858	228.8215
334.7858	228.3096
335.2977	228.3096
335.2977	227.7977
335.8096	227.7977
335.8096	227.2858
336.3215	227.2858
336.3215	226.7739
336.8334	226.7739
336.8334	226.2619
337.3453	226.2619
337.3453	225.7500
337.8572	225.7500
337.8572	225.2381
338.3691	225.2381
338.3691	224.2143
338.8810	224.2143
338.8810	223.1905
339.3929	223.1905
339.3929	222.6786
339.9048	222.6786
339.9048	222.1667
340.4167	222.1667
340.4167	221.6548
340.9286	221.6548
340.9286	221.1429
341.4405	221.1429
341.4405	220.6310
341.9524	220.6310
341.9524	220.1191
342.4644	220.1191
342.4644	219.0953
342.9763	219.0953
342.9763	218.0715
343.4882	218.0715
343.4882	216.0239
344.5120	216.0239
344.5120	215.5119
345.0239	215.5119
345.0239	216.0239
346.5596	216.0239
346.5596	216.5358
347.5834	216.5358
347.5834	217.0477
350.1429	217.0477
350.1429	217.5596
355.2620	217.5596
355.2620	218.0715
362.4286	218.0715
362.4286	217.5596
364.9882	217.5596
364.9882	217.0477
366.0120	217.0477
366.0120	216.5358
368.0596	216.5358
368.0596	216.0239
369.0834	216.0239
369.0834	215.5119
373.6905	215.5119
373.6905	215.0000
377.2739	215.0000
