370.6191	212.9524
371.1310	212.9524
371.1310	213.4643
371.6429	213.4643
371.6429	213.9762
372.1548	213.9762
372.1548	214.4881
373.1786	214.4881
373.1786	215.0000
374.2025	215.0000
374.2025	215.5119
376.7620	215.5119
376.7620	216.0239
379.3215	216.0239
379.3215	216.5358
379.8334	216.5358
379.8334	217.0477
380.3453	217.0477
380.3453	217.5596
381.3691	217.5596
381.3691	218.0715
382.3929	218.0715
382.3929	218.5834
383.9286	218.5834
383.9286	219.0953
384.4405	219.0953
384.4405	219.6072
384.9525	219.6072
384.9525	220.1191
385.4644	220.1191
385.4644	220.6310
386.4882	220.6310
386.4882	221.6548
387.0001	221.6548
387.0001	222.1667
387.5120	222.1667
387.5120	222.6786
388.0239	222.6786
388.0239	223.1905
388.5358	223.1905
388.5358	223.7024
389.0477	223.7024
389.0477	224.2143
389.5596	224.2143
389.5596	224.7262
390.0715	224.7262
390.0715	225.2381
391.0953	225.2381
391.0953	225.7500
391.6072	225.7500
391.6072	226.2619
392.6310	226.2619
392.6310	226.7739
393.1429	226.7739
393.1429	227.2858
393.6548	227.2858
393.6548	227.7977
394.1667	227.7977
394.1667	228.3096
394.6786	228.3096
394.6786	228.8215
395.7025	228.8215
395.7025	229.3334
396.2144	229.3334
396.2144	229.8453
397.2382	229.8453
397.2382	230.8691
397.7501	230.8691
397.7501	231.3810
398.2620	231.3810
398.2620	231.8929
398.7739	231.8929
398.7739	232.4048
399.2858	232.4048
399.2858	232.9167
399.7977	232.9167
399.7977	233.4286
400.3096	233.4286
400.3096	233.9405
400.8215	233.9405
400.8215	234.4524
401.3334	234.4524
401.3334	234.9643
401.8453	234.9643
401.8453	235.9881
402.3572	235.9881
402.3572	237.0119
402.8691	237.0119
402.8691	238.0358
403.3810	238.0358
403.3810	239.0596
403.8929	239.0596
403.8929	239.5715
404.4048	239.5715
404.4048	240.5953
404.9167	240.5953
404.9167	242.1310
405.4286	242.1310
405.4286	245.7143
405.9406	245.7143
405.9406	249.2977
406.4525	249.2977
406.4525	257.4881
406.9644	257.4881
406.9644	259.0239
406.4525	259.0239
406.4525	261.5834
405.9406	261.5834
405.9406	262.6072
405.4286	262.6072
405.4286	263.6310
404.9167	263.6310
404.9167	264.6548
404.4048	264.6548
404.4048	266.7024
403.8929	266.7024
403.8929	268.7501
403.3810	268.7501
403.3810	269.2620
402.8691	269.2620
402.8691	270.2858
402.3572	270.2858
402.3572	271.3096
401.8453	271.3096
401.8453	272.3334
401.3334	272.3334
401.3334	273.8691
400.8215	273.8691
400.8215	274.8929
400.3096	274.8929
400.3096	275.4048
399.7977	275.4048
399.7977	275.9167
399.2858	275.9167
399.2858	276.4286
398.7739	276.4286
398.7739	276.9405
397.7501	276.9405
397.7501	277.4524
397.2382	277.4524
397.2382	277.9643
396.2144	277.9643
396.2144	278.4762
395.7025	278.4762
395.7025	278.9881
395.1906	278.9881
395.1906	279.5001
394.6786	279.5001
394.6786	280.0120
394.1667	280.0120
394.1667	280.5239
393.6548	280.5239
393.6548	281.0358
393.1429	281.0358
393.1429	281.5477
392.6310	281.5477
392.6310	282.5715
392.1191	282.5715
392.1191	283.0834
391.6072	283.0834
391.6072	283.5953
391.0953	283.5953
391.0953	284.1072
390.5834	284.1072
390.5834	284.6191
390.0715	284.6191
390.0715	285.6429
389.5596	285.6429
389.5596	286.1548
389.0477	286.1548
389.0477	286.6667
388.5358	286.6667
388.5358	287.1786
388.0239	287.1786
388.0239	287.6905
387.5120	287.6905
387.5120	288.2024
387.0001	288.2024
387.0001	288.7143
385.9763	288.7143
385.9763	289.2262
384.9525	289.2262
384.9525	289.7382
384.4405	289.7382
384.4405	290.2501
383.9286	290.2501
383.9286	290.7620
383.4167	290.7620
383.4167	291.2739
382.9048	291.2739
382.9048	291.7858
382.3929	291.7858
382.3929	292.8096
381.8810	292.8096
381.8810	293.8334
381.3691	293.8334
381.3691	294.8572
380.8572	294.8572
380.8572	295.3691
377.2739	295.3691
377.2739	295.8810
374.7144	295.8810
374.7144	296.3929
373.6905	296.3929
373.6905	296.9048
372.6667	296.9048
372.6667	297.4167
372.1548	297.4167
372.1548	297.9286
371.6429	297.9286
371.6429	298.4405
370.6191	298.4405
370.6191	298.9524
369.0834	298.9524
369.0834	299.4643
367.5477	299.4643
367.5477	299.9762
366.5239	299.9762
366.5239	300.4882
365.5001	300.4882
365.5001	301.0001
364.9882	301.0001
364.9882	301.5120
363.9644	301.5120
363.9644	302.0239
362.4286	302.0239
362.4286	302.5358
360.8929	302.5358
360.8929	303.0477
359.8691	303.0477
359.8691	303.5596
358.8453	303.5596
358.8453	304.0715
358.3334	304.0715
358.3334	304.5834
357.3096	304.5834
357.3096	305.0953
355.2620	305.0953
355.2620	305.6072
354.2382	305.6072
354.2382	306.1191
353.2144	306.1191
353.2144	306.6310
350.6548	306.6310
350.6548	307.1429
349.1191	307.1429
349.1191	307.6548
346.5596	307.6548
346.5596	308.1667
344.0001	308.1667
344.0001	308.6786
342.4644	308.6786
342.4644	309.1905
338.8810	309.1905
338.8810	309.7024
335.2977	309.7024
335.2977	309.1905
334.7858	309.1905
334.7858	308.1667
334.2739	308.1667
334.2739	307.6548
333.7620	307.6548
333.7620	307.1429
333.2501	307.1429
333.2501	306.6310
332.7382	306.6310
332.7382	306.1191
332.2263	306.1191
332.2263	305.6072
331.7143	305.6072
331.7143	305.0953
330.6905	305.0953
330.6905	304.5834
329.6667	304.5834
329.6667	304.0715
327.1072	304.0715
327.1072	303.5596
324.5477	303.5596
324.5477	304.0715
321.9882	304.0715
321.9882	304.5834
320.9643	304.5834
320.9643	305.0953
319.9405	305.0953
319.9405	305.6072
319.4286	305.6072
319.4286	306.1191
318.9167	306.1191
318.9167	305.6072
316.8691	305.6072
316.8691	305.0953
314.8215	305.0953
314.8215	304.5834
312.2620	304.5834
312.2620	304.0715
310.2143	304.0715
310.2143	303.5596
309.1905	303.5596
309.1905	303.0477
308.1667	303.0477
308.1667	302.5358
307.1429	302.5358
307.1429	302.0239
306.6310	302.0239
306.6310	301.5120
306.1191	301.5120
306.1191	301.0001
305.6072	301.0001
305.6072	300.4882
304.5834	300.4882
304.5834	299.9762
303.5596	299.9762
303.5596	299.4643
303.0477	299.4643
303.0477	298.9524
302.5358	298.9524
302.5358	298.4405
301.5120	298.4405
301.5120	297.9286
301.0001	297.9286
301.0001	297.4167
299.9762	297.4167
299.9762	296.9048
299.4643	296.9048
299.4643	296.3929
298.9524	296.3929
298.9524	295.8810
298.4405	295.8810
298.4405	295.3691
297.9286	295.3691
297.9286	294.8572
297.4167	294.8572
297.4167	294.3453
296.9048	294.3453
296.9048	293.3215
296.3929	293.3215
296.3929	292.2977
295.8810	292.2977
295.8810	291.7858
295.3691	291.7858
295.3691	291.2739
294.8572	291.2739
294.8572	290.7620
294.3453	290.7620
294.3453	290.2501
293.8334	290.2501
293.8334	289.7382
293.3215	289.7382
293.3215	289.2262
292.8096	289.2262
292.8096	288.7143
292.2977	288.7143
292.2977	288.2024
291.7858	288.2024
291.7858	287.6905
290.7620	287.6905
290.7620	287.1786
290.2501	287.1786
290.2501	286.6667
289.7382	286.6667
289.7382	286.1548
289.2262	286.1548
289.2262	285.6429
288.7143	285.6429
288.7143	285.1310
288.2024	285.1310
288.2024	284.6191
287.6905	284.6191
287.6905	284.1072
287.1786	284.1072
287.1786	282.5715
286.6667	282.5715
286.6667	281.5477
286.1548	281.5477
286.1548	280.5239
285.6429	280.5239
285.6429	280.0120
285.1310	280.0120
285.1310	279.5001
284.6191	279.5001
284.6191	278.9881
284.1072	278.9881
284.1072	278.4762
283.5953	278.4762
283.5953	277.9643
283.0834	277.9643
283.0834	277.4524
282.5715	277.4524
282.5715	274.8929
283.0834	274.8929
283.0834	273.8691
283.5953	273.8691
283.5953	271.3096
284.1072	271.3096
284.1072	268.7501
283.5953	268.7501
283.5953	266.1905
283.0834	266.1905
283.0834	265.1667
282.5715	265.1667
282.5715	264.1429
282.0596	264.1429
282.0596	261.5834
281.5477	261.5834
281.5477	260.5596
281.0358	260.5596
281.0358	259.5358
280.5239	259.5358
280.5239	258.5120
280.0120	258.5120
280.0120	258.0000
279.5001	258.0000
279.5001	257.4881
278.9881	257.4881
278.9881	256.9762
278.4762	256.9762
278.4762	256.4643
277.9643	256.4643
277.9643	255.9524
276.9405	255.9524
276.9405	255.4405
275.9167	255.4405
275.9167	254.9286
273.3572	254.9286
273.3572	254.4167
272.3334	254.4167
272.3334	253.9048
271.3096	253.9048
271.3096	253.3929
268.7501	253.3929
268.7501	252.8810
265.6786	252.8810
265.6786	252.3691
265.1667	252.3691
265.1667	251.3453
267.2143	251.3453
267.2143	251.8572
268.2381	251.8572
268.2381	252.3691
270.2858	252.3691
270.2858	252.8810
272.8453	252.8810
272.8453	253.3929
275.9167	253.3929
275.9167	253.9048
279.5001	253.9048
279.5001	253.3929
282.0596	253.3929
282.0596	252.8810
284.1072	252.8810
284.1072	252.3691
286.1548	252.3691
286.1548	251.8572
287.1786	251.8572
287.1786	251.3453
288.2024	251.3453
288.2024	250.8334
288.7143	250.8334
288.7143	250.3215
289.2262	250.3215
289.2262	249.8096
289.7382	249.8096
289.7382	249.2977
290.2501	249.2977
290.2501	248.7858
290.7620	248.7858
290.7620	248.2739
291.2739	248.2739
291.2739	247.7620
291.7858	247.7620
291.7858	247.2500
292.2977	247.2500
292.2977	246.2262
292.8096	246.2262
292.8096	245.2024
293.3215	245.2024
293.3215	243.6667
293.8334	243.6667
293.8334	241.1072
294.3453	241.1072
294.3453	240.5953
296.9048	240.5953
296.9048	240.0834
298.4405	240.0834
298.4405	239.5715
299.4643	239.5715
299.4643	239.0596
300.4882	239.0596
300.4882	238.5477
301.0001	238.5477
301.0001	238.0358
301.5120	238.0358
301.5120	237.5239
302.0239	237.5239
302.0239	237.0119
302.5358	237.0119
302.5358	236.5000
303.5596	236.5000
303.5596	235.9881
304.5834	235.9881
304.5834	235.4762
305.0953	235.4762
305.0953	234.9643
305.6072	234.9643
305.6072	234.4524
306.6310	234.4524
306.6310	233.9405
307.1429	233.9405
307.1429	233.4286
307.6548	233.4286
307.6548	232.9167
308.1667	232.9167
308.1667	232.4048
313.7977	232.4048
313.7977	231.8929
317.3810	231.8929
317.3810	231.3810
319.9405	231.3810
319.9405	230.8691
321.4763	230.8691
321.4763	230.3572
323.5239	230.3572
323.5239	229.8453
324.5477	229.8453
324.5477	229.3334
325.5715	229.3334
325.5715	228.8215
326.5953	228.8215
326.5953	228.3096
327.1072	228.3096
327.1072	227.7977
328.1310	227.7977
328.1310	227.2858
329.6667	227.2858
329.6667	226.7739
331.2024	226.7739
331.2024	226.2619
333.7620	226.2619
333.7620	225.7500
334.7858	225.7500
334.7858	225.2381
335.8096	225.2381
335.8096	224.7262
336.3215	224.7262
336.3215	224.2143
336.8334	224.2143
336.8334	223.7024
337.3453	223.7024
337.3453	223.1905
337.8572	223.1905
337.8572	222.6786
338.3691	222.6786
338.3691	222.1667
338.8810	222.1667
338.8810	221.6548
339.3929	221.6548
339.3929	220.6310
339.9048	220.6310
339.9048	219.6072
340.4167	219.6072
340.4167	217.0477
340.9286	217.0477
340.9286	214.4881
341.4405	214.4881
341.4405	213.9762
342.9763	213.9762
342.9763	213.4643
344.0001	213.4643
344.0001	213.9762
344.5120	213.9762
344.5120	214.4881
345.5358	214.4881
345.5358	215.0000
346.5596	215.0000
346.5596	215.5119
349.1191	215.5119
349.1191	216.0239
352.1905	216.0239
352.1905	216.5358
353.7263	216.5358
353.7263	217.0477
356.2858	217.0477
356.2858	217.5596
358.8453	217.5596
358.8453	217.0477
362.9405	217.0477
362.9405	216.5358
365.5001	216.5358
365.5001	216.0239
366.5239	216.0239
366.5239	215.5119
367.5477	215.5119
367.5477	215.0000
368.0596	215.0000
368.0596	214.4881
368.5715	214.4881
368.5715	213.9762
369.0834	213.9762
369.0834	213.4643
369.5953	213.4643
369.5953	212.9524
370.1072	212.9524
370.1072	212.4405
370.6191	212.4405
