345.5358	220.6310
347.0715	220.6310
347.0715	221.1429
348.0953	221.1429
348.0953	221.6548
350.6548	221.6548
350.6548	222.1667
355.2620	222.1667
355.2620	221.6548
355.7739	221.6548
355.7739	222.1667
361.9167	222.1667
361.9167	221.6548
364.4763	221.6548
364.4763	222.1667
364.9882	222.1667
364.9882	222.6786
365.5001	222.6786
365.5001	223.1905
366.0120	223.1905
366.0120	223.7024
366.5239	223.7024
366.5239	224.2143
367.5477	224.2143
367.5477	224.7262
368.5715	224.7262
368.5715	225.2381
369.5953	225.2381
369.5953	225.7500
371.1310	225.7500
371.1310	226.2619
372.6667	226.2619
372.6667	226.7739
374.7144	226.7739
374.7144	227.2858
375.2263	227.2858
375.2263	227.7977
376.2501	227.7977
376.2501	228.3096
376.7620	228.3096
376.7620	228.8215
377.2739	228.8215
377.2739	229.3334
377.7858	229.3334
377.7858	229.8453
378.8096	229.8453
378.8096	230.3572
379.3215	230.3572
379.3215	230.8691
379.8334	230.8691
379.8334	231.3810
380.3453	231.3810
380.3453	231.8929
380.8572	231.8929
380.8572	232.4048
381.3691	232.4048
381.3691	232.9167
382.3929	232.9167
382.3929	233.4286
383.4167	233.4286
383.4167	233.9405
384.4405	233.9405
384.4405	234.4524
385.4644	234.4524
385.4644	234.9643
385.9763	234.9643
385.9763	235.4762
386.4882	235.4762
386.4882	235.9881
387.5120	235.9881
387.5120	236.5000
388.5358	236.5000
388.5358	237.0119
390.0715	237.0119
390.0715	237.5239
391.6072	237.5239
391.6072	238.5477
392.1191	238.5477
392.1191	239.5715
392.6310	239.5715
392.6310	240.0834
393.1429	240.0834
393.1429	240.5953
393.6548	240.5953
393.6548	241.1072
394.1667	241.1072
394.1667	241.6191
394.6786	241.6191
394.6786	242.1310
395.7025	242.1310
395.7025	242.6429
396.2144	242.6429
396.2144	243.1548
396.7263	243.1548
396.7263	243.6667
397.2382	243.6667
397.2382	244.1786
398.2620	244.1786
398.2620	244.6905
398.7739	244.6905
398.7739	245.7143
399.2858	245.7143
399.2858	246.7381
399.7977	246.7381
399.7977	247.7620
400.3096	247.7620
400.3096	248.2739
400.8215	248.2739
400.8215	248.7858
401.3334	248.7858
401.3334	249.2977
401.8453	249.2977
401.8453	250.3215
401.3334	250.3215
401.3334	250.8334
400.8215	250.8334
400.8215	251.3453
400.3096	251.3453
400.3096	252.3691
399.7977	252.3691
399.7977	253.3929
399.2858	253.3929
399.2858	255.9524
398.7739	255.9524
398.7739	260.5596
399.2858	260.5596
399.2858	263.1191
399.7977	263.1191
399.7977	263.6310
399.2858	263.6310
399.2858	268.7501
399.7977	268.7501
399.7977	270.2858
398.7739	270.2858
398.7739	270.7977
398.2620	270.7977
398.2620	271.3096
397.7501	271.3096
397.7501	271.8215
397.2382	271.8215
397.2382	272.3334
396.7263	272.3334
396.7263	272.8453
396.2144	272.8453
396.2144	273.3572
395.7025	273.3572
395.7025	274.3810
395.1906	274.3810
395.1906	275.4048
394.6786	275.4048
394.6786	276.4286
394.1667	276.4286
394.1667	277.4524
393.6548	277.4524
393.6548	278.4762
393.1429	278.4762
393.1429	278.9881
392.6310	278.9881
392.6310	280.0120
392.1191	280.0120
392.1191	281.0358
391.6072	281.0358
391.6072	281.5477
391.0953	281.5477
391.0953	282.5715
390.5834	282.5715
390.5834	283.0834
390.0715	283.0834
390.0715	283.5953
389.5596	283.5953
389.5596	284.1072
389.0477	284.1072
389.0477	284.6191
388.5358	284.6191
388.5358	285.1310
388.0239	285.1310
388.0239	286.1548
387.5120	286.1548
387.5120	286.6667
387.0001	286.6667
387.0001	287.6905
386.4882	287.6905
386.4882	288.7143
385.9763	288.7143
385.9763	289.7382
385.4644	289.7382
385.4644	290.2501
384.9525	290.2501
384.9525	290.7620
384.4405	290.7620
384.4405	291.2739
383.9286	291.2739
383.9286	292.2977
383.4167	292.2977
383.4167	292.8096
382.9048	292.8096
382.9048	293.3215
382.3929	293.3215
382.3929	294.3453
381.3691	294.3453
381.3691	294.8572
380.8572	294.8572
380.8572	295.3691
380.3453	295.3691
380.3453	295.8810
379.8334	295.8810
379.8334	296.3929
378.8096	296.3929
378.8096	296.9048
377.7858	296.9048
377.7858	297.4167
377.2739	297.4167
377.2739	297.9286
376.7620	297.9286
376.7620	298.4405
374.7144	298.4405
374.7144	298.9524
373.6905	298.9524
373.6905	299.4643
372.6667	299.4643
372.6667	299.9762
372.1548	299.9762
372.1548	300.4882
371.6429	300.4882
371.6429	301.0001
371.1310	301.0001
371.1310	301.5120
370.1072	301.5120
370.1072	302.0239
369.5953	302.0239
369.5953	302.5358
368.5715	302.5358
368.5715	303.0477
367.5477	303.0477
367.5477	303.5596
366.5239	303.5596
366.5239	304.0715
365.5001	304.0715
365.5001	304.5834
364.4763	304.5834
364.4763	305.0953
355.2620	305.0953
355.2620	305.6072
352.7024	305.6072
352.7024	306.1191
352.1905	306.1191
352.1905	305.6072
351.6786	305.6072
351.6786	305.0953
350.6548	305.0953
350.6548	304.5834
350.1429	304.5834
350.1429	304.0715
349.1191	304.0715
349.1191	303.5596
348.0953	303.5596
348.0953	303.0477
345.5358	303.0477
345.5358	302.5358
341.4405	302.5358
341.4405	302.0239
337.8572	302.0239
337.8572	301.5120
336.8334	301.5120
336.8334	301.0001
334.7858	301.0001
334.7858	300.4882
334.2739	300.4882
334.2739	299.9762
333.2501	299.9762
333.2501	299.4643
332.2263	299.4643
332.2263	298.9524
330.6905	298.9524
330.6905	298.4405
330.1786	298.4405
330.1786	297.9286
329.6667	297.9286
329.6667	297.4167
329.1548	297.4167
329.1548	296.9048
328.6429	296.9048
328.6429	296.3929
327.6191	296.3929
327.6191	295.8810
327.1072	295.8810
327.1072	295.3691
326.0834	295.3691
326.0834	294.8572
325.0596	294.8572
325.0596	294.3453
324.5477	294.3453
324.5477	293.8334
324.0358	293.8334
324.0358	293.3215
323.5239	293.3215
323.5239	292.8096
323.0120	292.8096
323.0120	291.7858
322.5001	291.7858
322.5001	290.7620
321.9882	290.7620
321.9882	289.7382
321.4763	289.7382
321.4763	288.7143
320.9643	288.7143
320.9643	288.2024
320.4524	288.2024
320.4524	287.6905
319.9405	287.6905
319.9405	287.1786
319.4286	287.1786
319.4286	286.6667
318.9167	286.6667
318.9167	285.6429
318.4048	285.6429
318.4048	284.6191
317.8929	284.6191
317.8929	283.0834
317.3810	283.0834
317.3810	282.0596
316.8691	282.0596
316.8691	281.0358
316.3572	281.0358
316.3572	280.5239
315.8453	280.5239
315.8453	280.0120
315.3334	280.0120
315.3334	279.5001
314.8215	279.5001
314.8215	277.9643
314.3096	277.9643
314.3096	276.9405
313.7977	276.9405
313.7977	271.8215
313.2858	271.8215
313.2858	270.7977
313.7977	270.7977
313.7977	270.2858
314.3096	270.2858
314.3096	269.7739
314.8215	269.7739
314.8215	269.2620
315.3334	269.2620
315.3334	268.2381
315.8453	268.2381
315.8453	267.2143
316.3572	267.2143
316.3572	264.6548
316.8691	264.6548
316.8691	259.5358
316.3572	259.5358
316.3572	258.5120
316.8691	258.5120
316.8691	255.4405
317.3810	255.4405
317.3810	252.8810
317.8929	252.8810
317.8929	248.2739
317.3810	248.2739
317.3810	247.7620
317.8929	247.7620
317.8929	245.7143
318.4048	245.7143
318.4048	245.2024
318.9167	245.2024
318.9167	244.6905
319.4286	244.6905
319.4286	244.1786
319.9405	244.1786
319.9405	243.6667
320.4524	243.6667
320.4524	243.1548
320.9643	243.1548
320.9643	242.1310
321.4763	242.1310
321.4763	241.1072
322.5001	241.1072
322.5001	240.5953
323.5239	240.5953
323.5239	240.0834
324.0358	240.0834
324.0358	239.5715
324.5477	239.5715
324.5477	239.0596
325.0596	239.0596
325.0596	238.5477
325.5715	238.5477
325.5715	238.0358
326.0834	238.0358
326.0834	237.0119
326.5953	237.0119
326.5953	235.9881
327.6191	235.9881
327.6191	235.4762
328.6429	235.4762
328.6429	234.9643
329.1548	234.9643
329.1548	234.4524
329.6667	234.4524
329.6667	233.9405
330.1786	233.9405
330.1786	233.4286
330.6905	233.4286
330.6905	232.9167
331.7143	232.9167
331.7143	232.4048
332.2263	232.4048
332.2263	231.8929
332.7382	231.8929
332.7382	231.3810
333.2501	231.3810
333.2501	230.8691
333.7620	230.8691
333.7620	230.3572
334.2739	230.3572
334.2739	229.8453
334.7858	229.8453
334.7858	228.8215
335.2977	228.8215
335.2977	228.3096
335.8096	228.3096
335.8096	227.7977
336.3215	227.7977
336.3215	227.2858
336.8334	227.2858
336.8334	226.7739
337.3453	226.7739
337.3453	226.2619
337.8572	226.2619
337.8572	225.7500
338.3691	225.7500
338.3691	224.7262
338.8810	224.7262
338.8810	223.7024
339.3929	223.7024
339.3929	221.6548
340.4167	221.6548
340.4167	221.1429
341.4405	221.1429
341.4405	220.6310
342.4644	220.6310
342.4644	220.1191
345.5358	220.1191
