346.5596	218.5834
347.5834	218.5834
347.5834	219.0953
350.1429	219.0953
350.1429	219.6072
354.2382	219.6072
354.2382	219.0953
356.7977	219.0953
356.7977	218.5834
358.3334	218.5834
358.3334	218.0715
359.8691	218.0715
359.8691	218.5834
361.4048	218.5834
361.4048	219.0953
362.4286	219.0953
362.4286	219.6072
363.4525	219.6072
363.4525	220.1191
363.9644	220.1191
363.9644	220.6310
364.4763	220.6310
364.4763	221.1429
364.9882	221.1429
364.9882	221.6548
365.5001	221.6548
365.5001	222.1667
366.0120	222.1667
366.0120	222.6786
367.0358	222.6786
367.0358	223.1905
368.0596	223.1905
368.0596	223.7024
370.1072	223.7024
370.1072	224.2143
371.1310	224.2143
371.1310	224.7262
373.1786	224.7262
373.1786	225.2381
374.2025	225.2381
374.2025	225.7500
376.7620	225.7500
376.7620	226.2619
377.2739	226.2619
377.2739	226.7739
377.7858	226.7739
377.7858	227.2858
378.8096	227.2858
378.8096	227.7977
379.8334	227.7977
379.8334	228.3096
380.3453	228.3096
380.3453	228.8215
380.8572	228.8215
380.8572	229.3334
381.3691	229.3334
381.3691	229.8453
382.3929	229.8453
382.3929	230.3572
383.4167	230.3572
383.4167	230.8691
383.9286	230.8691
383.9286	231.3810
384.9525	231.3810
384.9525	231.8929
385.9763	231.8929
385.9763	232.4048
387.0001	232.4048
387.0001	232.9167
388.0239	232.9167
388.0239	233.4286
390.0715	233.4286
390.0715	233.9405
390.5834	233.9405
390.5834	234.4524
391.0953	234.4524
391.0953	234.9643
391.6072	234.9643
391.6072	235.4762
392.6310	235.4762
392.6310	235.9881
393.1429	235.9881
393.1429	236.5000
393.6548	236.5000
393.6548	237.0119
394.1667	237.0119
394.1667	237.5239
394.6786	237.5239
394.6786	238.0358
395.1906	238.0358
395.1906	238.5477
396.2144	238.5477
396.2144	239.0596
396.7263	239.0596
396.7263	240.0834
397.2382	240.0834
397.2382	240.5953
397.7501	240.5953
397.7501	241.1072
398.2620	241.1072
398.2620	241.6191
398.7739	241.6191
398.7739	242.1310
399.2858	242.1310
399.2858	243.1548
399.7977	243.1548
399.7977	243.6667
400.3096	243.6667
400.3096	244.1786
400.8215	244.1786
400.8215	246.2262
401.3334	246.2262
401.3334	247.2500
401.8453	247.2500
401.8453	249.8096
402.3572	249.8096
402.3572	250.3215
401.8453	250.3215
401.8453	251.3453
401.3334	251.3453
401.3334	253.9048
400.8215	253.9048
400.8215	258.5120
401.3334	258.5120
401.3334	261.0715
401.8453	261.0715
401.8453	261.5834
401.3334	261.5834
401.3334	264.1429
400.8215	264.1429
400.8215	266.7024
401.3334	266.7024
401.3334	269.2620
401.8453	269.2620
401.8453	270.7977
402.3572	270.7977
402.3572	271.3096
401.8453	271.3096
401.8453	272.3334
401.3334	272.3334
401.3334	273.8691
400.8215	273.8691
400.8215	274.3810
400.3096	274.3810
400.3096	274.8929
399.7977	274.8929
399.7977	275.4048
399.2858	275.4048
399.2858	275.9167
398.7739	275.9167
398.7739	276.9405
398.2620	276.9405
398.2620	277.9643
397.7501	277.9643
397.7501	280.0120
397.2382	280.0120
397.2382	280.5239
396.7263	280.5239
396.7263	281.0358
396.2144	281.0358
396.2144	281.5477
395.7025	281.5477
395.7025	282.0596
395.1906	282.0596
395.1906	283.0834
394.6786	283.0834
394.6786	284.1072
394.1667	284.1072
394.1667	285.6429
393.6548	285.6429
393.6548	286.6667
393.1429	286.6667
393.1429	288.2024
390.5834	288.2024
390.5834	288.7143
388.5358	288.7143
388.5358	289.2262
387.5120	289.2262
387.5120	289.7382
386.4882	289.7382
386.4882	290.2501
385.9763	290.2501
385.9763	290.7620
385.4644	290.7620
385.4644	291.2739
384.9525	291.2739
384.9525	291.7858
384.4405	291.7858
384.4405	292.2977
383.9286	292.2977
383.9286	292.8096
383.4167	292.8096
383.4167	293.3215
382.9048	293.3215
382.9048	293.8334
382.3929	293.8334
382.3929	294.8572
381.8810	294.8572
381.8810	295.3691
380.8572	295.3691
380.8572	295.8810
379.8334	295.8810
379.8334	296.3929
378.8096	296.3929
378.8096	296.9048
378.2977	296.9048
378.2977	297.4167
377.2739	297.4167
377.2739	297.9286
376.2501	297.9286
376.2501	298.4405
375.2263	298.4405
375.2263	298.9524
374.2025	298.9524
374.2025	299.4643
373.6905	299.4643
373.6905	299.9762
373.1786	299.9762
373.1786	300.4882
372.6667	300.4882
372.6667	301.0001
372.1548	301.0001
372.1548	301.5120
371.6429	301.5120
371.6429	302.0239
371.1310	302.0239
371.1310	302.5358
370.6191	302.5358
370.6191	303.0477
370.1072	303.0477
370.1072	303.5596
369.5953	303.5596
369.5953	304.0715
368.5715	304.0715
368.5715	304.5834
367.0358	304.5834
367.0358	305.0953
364.9882	305.0953
364.9882	305.6072
363.9644	305.6072
363.9644	306.1191
357.8215	306.1191
357.8215	306.6310
355.7739	306.6310
355.7739	306.1191
353.2144	306.1191
353.2144	305.6072
351.1667	305.6072
351.1667	305.0953
349.6310	305.0953
349.6310	304.5834
347.0715	304.5834
347.0715	304.0715
345.5358	304.0715
345.5358	303.5596
344.5120	303.5596
344.5120	303.0477
342.9763	303.0477
342.9763	302.5358
341.9524	302.5358
341.9524	302.0239
340.4167	302.0239
340.4167	301.5120
339.3929	301.5120
339.3929	301.0001
338.3691	301.0001
338.3691	300.4882
336.3215	300.4882
336.3215	299.9762
333.7620	299.9762
333.7620	299.4643
333.2501	299.4643
333.2501	298.9524
332.7382	298.9524
332.7382	298.4405
332.2263	298.4405
332.2263	297.9286
331.2024	297.9286
331.2024	297.4167
330.6905	297.4167
330.6905	296.9048
330.1786	296.9048
330.1786	296.3929
329.6667	296.3929
329.6667	295.8810
329.1548	295.8810
329.1548	295.3691
328.1310	295.3691
328.1310	294.8572
327.1072	294.8572
327.1072	294.3453
325.5715	294.3453
325.5715	293.8334
325.0596	293.8334
325.0596	293.3215
324.5477	293.3215
324.5477	292.8096
324.0358	292.8096
324.0358	292.2977
323.5239	292.2977
323.5239	291.7858
323.0120	291.7858
323.0120	291.2739
322.5001	291.2739
322.5001	290.2501
321.9882	290.2501
321.9882	289.7382
321.4763	289.7382
321.4763	289.2262
320.9643	289.2262
320.9643	288.7143
320.4524	288.7143
320.4524	288.2024
319.9405	288.2024
319.9405	287.6905
319.4286	287.6905
319.4286	287.1786
318.9167	287.1786
318.9167	286.6667
318.4048	286.6667
318.4048	286.1548
317.8929	286.1548
317.8929	285.6429
317.3810	285.6429
317.3810	284.6191
316.8691	284.6191
316.8691	284.1072
316.3572	284.1072
316.3572	283.5953
315.8453	283.5953
315.8453	283.0834
315.3334	283.0834
315.3334	281.5477
314.8215	281.5477
314.8215	280.5239
314.3096	280.5239
314.3096	275.9167
313.7977	275.9167
313.7977	273.3572
313.2858	273.3572
313.2858	271.8215
312.7739	271.8215
312.7739	270.7977
312.2620	270.7977
312.2620	269.7739
311.7501	269.7739
311.7501	267.2143
311.2382	267.2143
311.2382	256.4643
311.7501	256.4643
311.7501	253.9048
312.2620	253.9048
312.2620	248.2739
312.7739	248.2739
312.7739	247.7620
313.2858	247.7620
313.2858	247.2500
313.7977	247.2500
313.7977	246.2262
314.3096	246.2262
314.3096	245.2024
314.8215	245.2024
314.8215	244.6905
315.3334	244.6905
315.3334	243.6667
315.8453	243.6667
315.8453	242.6429
316.3572	242.6429
316.3572	241.1072
316.8691	241.1072
316.8691	240.0834
317.3810	240.0834
317.3810	238.5477
317.8929	238.5477
317.8929	238.0358
318.4048	238.0358
318.4048	237.5239
318.9167	237.5239
318.9167	236.5000
319.4286	236.5000
319.4286	235.9881
319.9405	235.9881
319.9405	235.4762
320.4524	235.4762
320.4524	234.9643
320.9643	234.9643
320.9643	234.4524
321.4763	234.4524
321.4763	233.9405
321.9882	233.9405
321.9882	233.4286
322.5001	233.4286
322.5001	232.9167
323.0120	232.9167
323.0120	232.4048
323.5239	232.4048
323.5239	231.8929
324.0358	231.8929
324.0358	231.3810
324.5477	231.3810
324.5477	230.8691
325.0596	230.8691
325.0596	230.3572
325.5715	230.3572
325.5715	229.8453
326.0834	229.8453
326.0834	229.3334
327.1072	229.3334
327.1072	228.8215
327.6191	228.8215
327.6191	228.3096
328.1310	228.3096
328.1310	227.7977
328.6429	227.7977
328.6429	227.2858
329.1548	227.2858
329.1548	226.7739
330.1786	226.7739
330.1786	226.2619
330.6905	226.2619
330.6905	225.7500
331.7143	225.7500
331.7143	225.2381
332.2263	225.2381
332.2263	224.7262
333.2501	224.7262
333.2501	224.2143
334.2739	224.2143
334.2739	223.7024
334.7858	223.7024
334.7858	223.1905
335.2977	223.1905
335.2977	222.6786
335.8096	222.6786
335.8096	222.1667
336.3215	222.1667
336.3215	221.6548
336.8334	221.6548
336.8334	221.1429
337.3453	221.1429
337.3453	220.6310
337.8572	220.6310
337.8572	219.6072
338.3691	219.6072
338.3691	219.0953
338.8810	219.0953
338.8810	218.5834
339.3929	218.5834
339.3929	218.0715
346.5596	218.0715
