358.8453	223.1905
359.8691	223.1905
359.8691	223.7024
360.3810	223.7024
360.3810	224.2143
360.8929	224.2143
360.8929	224.7262
361.4048	224.7262
361.4048	225.2381
361.9167	225.2381
361.9167	227.7977
362.4286	227.7977
362.4286	229.3334
362.9405	229.3334
362.9405	230.3572
363.4525	230.3572
363.4525	231.3810
363.9644	231.3810
363.9644	231.8929
364.4763	231.8929
364.4763	232.4048
364.9882	232.4048
364.9882	232.9167
365.5001	232.9167
365.5001	233.4286
366.0120	233.4286
366.0120	233.9405
367.0358	233.9405
367.0358	234.4524
368.0596	234.4524
368.0596	234.9643
369.0834	234.9643
369.0834	235.4762
371.1310	235.4762
371.1310	235.9881
372.1548	235.9881
372.1548	236.5000
372.6667	236.5000
372.6667	237.0119
373.1786	237.0119
373.1786	237.5239
373.6905	237.5239
373.6905	238.0358
374.7144	238.0358
374.7144	238.5477
375.7382	238.5477
375.7382	239.0596
376.7620	239.0596
376.7620	239.5715
378.2977	239.5715
378.2977	240.0834
379.3215	240.0834
379.3215	240.5953
380.3453	240.5953
380.3453	241.1072
381.3691	241.1072
381.3691	241.6191
381.8810	241.6191
381.8810	242.1310
382.3929	242.1310
382.3929	242.6429
382.9048	242.6429
382.9048	243.1548
383.4167	243.1548
383.4167	243.6667
383.9286	243.6667
383.9286	244.1786
384.4405	244.1786
384.4405	244.6905
384.9525	244.6905
384.9525	245.2024
385.4644	245.2024
385.4644	245.7143
386.4882	245.7143
386.4882	246.2262
387.5120	246.2262
387.5120	246.7381
390.0715	246.7381
390.0715	247.2500
393.1429	247.2500
393.1429	246.7381
395.7025	246.7381
395.7025	246.2262
396.7263	246.2262
396.7263	245.7143
397.7501	245.7143
397.7501	245.2024
398.7739	245.2024
398.7739	247.7620
399.2858	247.7620
399.2858	249.2977
399.7977	249.2977
399.7977	250.3215
400.3096	250.3215
400.3096	251.3453
399.7977	251.3453
399.7977	251.8572
399.2858	251.8572
399.2858	252.3691
398.7739	252.3691
398.7739	253.3929
398.2620	253.3929
398.2620	254.4167
397.7501	254.4167
397.7501	256.9762
397.2382	256.9762
397.2382	260.0477
397.7501	260.0477
397.7501	263.6310
398.2620	263.6310
398.2620	266.1905
398.7739	266.1905
398.7739	267.2143
399.2858	267.2143
399.2858	268.2381
399.7977	268.2381
399.7977	268.7501
400.3096	268.7501
400.3096	269.2620
400.8215	269.2620
400.8215	269.7739
401.3334	269.7739
401.3334	270.2858
401.8453	270.2858
401.8453	270.7977
402.3572	270.7977
402.3572	271.3096
403.3810	271.3096
403.3810	271.8215
402.8691	271.8215
402.8691	272.3334
402.3572	272.3334
402.3572	272.8453
401.8453	272.8453
401.8453	273.8691
401.3334	273.8691
401.3334	274.8929
400.8215	274.8929
400.8215	276.4286
400.3096	276.4286
400.3096	278.9881
399.7977	278.9881
399.7977	278.4762
395.1906	278.4762
395.1906	278.9881
392.6310	278.9881
392.6310	279.5001
391.6072	279.5001
391.6072	280.0120
390.5834	280.0120
390.5834	280.5239
390.0715	280.5239
390.0715	281.0358
389.5596	281.0358
389.5596	281.5477
388.5358	281.5477
388.5358	282.0596
388.0239	282.0596
388.0239	282.5715
387.0001	282.5715
387.0001	283.0834
385.9763	283.0834
385.9763	283.5953
384.9525	283.5953
384.9525	284.1072
384.4405	284.1072
384.4405	284.6191
383.9286	284.6191
383.9286	285.1310
383.4167	285.1310
383.4167	285.6429
382.9048	285.6429
382.9048	286.1548
382.3929	286.1548
382.3929	287.1786
381.8810	287.1786
381.8810	288.2024
381.3691	288.2024
381.3691	288.7143
380.3453	288.7143
380.3453	289.2262
379.3215	289.2262
379.3215	289.7382
378.2977	289.7382
378.2977	290.2501
377.2739	290.2501
377.2739	290.7620
376.7620	290.7620
376.7620	291.2739
376.2501	291.2739
376.2501	291.7858
375.7382	291.7858
375.7382	292.2977
375.2263	292.2977
375.2263	292.8096
374.7144	292.8096
374.7144	293.8334
372.1548	293.8334
372.1548	294.3453
370.6191	294.3453
370.6191	294.8572
369.5953	294.8572
369.5953	295.3691
367.5477	295.3691
367.5477	295.8810
364.9882	295.8810
364.9882	296.3929
363.9644	296.3929
363.9644	296.9048
362.9405	296.9048
362.9405	297.4167
362.4286	297.4167
362.4286	297.9286
361.9167	297.9286
361.9167	298.4405
361.4048	298.4405
361.4048	297.9286
357.3096	297.9286
357.3096	298.4405
356.2858	298.4405
356.2858	297.9286
355.2620	297.9286
355.2620	297.4167
354.2382	297.4167
354.2382	296.9048
351.6786	296.9048
351.6786	296.3929
347.0715	296.3929
347.0715	296.9048
346.0477	296.9048
346.0477	296.3929
345.0239	296.3929
345.0239	295.8810
343.4882	295.8810
343.4882	295.3691
340.9286	295.3691
340.9286	294.8572
336.8334	294.8572
336.8334	295.3691
335.2977	295.3691
335.2977	294.8572
334.2739	294.8572
334.2739	294.3453
333.2501	294.3453
333.2501	293.8334
331.7143	293.8334
331.7143	293.3215
331.2024	293.3215
331.2024	292.8096
330.6905	292.8096
330.6905	292.2977
330.1786	292.2977
330.1786	291.7858
329.1548	291.7858
329.1548	290.7620
328.6429	290.7620
328.6429	289.7382
328.1310	289.7382
328.1310	289.2262
327.6191	289.2262
327.6191	288.7143
327.1072	288.7143
327.1072	286.1548
326.5953	286.1548
326.5953	284.6191
326.0834	284.6191
326.0834	283.5953
325.5715	283.5953
325.5715	282.5715
325.0596	282.5715
325.0596	282.0596
324.5477	282.0596
324.5477	281.5477
324.0358	281.5477
324.0358	281.0358
323.5239	281.0358
323.5239	280.5239
323.0120	280.5239
323.0120	278.9881
323.5239	278.9881
323.5239	277.9643
324.0358	277.9643
324.0358	276.9405
324.5477	276.9405
324.5477	274.3810
325.0596	274.3810
325.0596	271.8215
324.5477	271.8215
324.5477	269.2620
324.0358	269.2620
324.0358	268.2381
323.5239	268.2381
323.5239	267.2143
323.0120	267.2143
323.0120	266.7024
322.5001	266.7024
322.5001	265.6786
321.9882	265.6786
321.9882	265.1667
321.4763	265.1667
321.4763	263.1191
321.9882	263.1191
321.9882	262.0953
322.5001	262.0953
322.5001	261.0715
323.0120	261.0715
323.0120	259.5358
323.5239	259.5358
323.5239	259.0239
324.0358	259.0239
324.0358	258.0000
324.5477	258.0000
324.5477	256.9762
325.0596	256.9762
325.0596	254.4167
325.5715	254.4167
325.5715	253.3929
326.0834	253.3929
326.0834	250.8334
326.5953	250.8334
326.5953	247.7620
327.1072	247.7620
327.1072	245.2024
326.5953	245.2024
326.5953	242.6429
326.0834	242.6429
326.0834	241.6191
325.5715	241.6191
325.5715	241.1072
326.5953	241.1072
326.5953	240.5953
327.6191	240.5953
327.6191	240.0834
328.1310	240.0834
328.1310	239.5715
328.6429	239.5715
328.6429	239.0596
329.1548	239.0596
329.1548	238.5477
329.6667	238.5477
329.6667	238.0358
330.1786	238.0358
330.1786	237.5239
330.6905	237.5239
330.6905	237.0119
331.2024	237.0119
331.2024	236.5000
331.7143	236.5000
331.7143	235.9881
332.2263	235.9881
332.2263	234.9643
332.7382	234.9643
332.7382	233.9405
333.2501	233.9405
333.2501	232.9167
333.7620	232.9167
333.7620	231.8929
334.2739	231.8929
334.2739	231.3810
334.7858	231.3810
334.7858	230.8691
335.2977	230.8691
335.2977	230.3572
335.8096	230.3572
335.8096	229.8453
336.3215	229.8453
336.3215	229.3334
336.8334	229.3334
336.8334	228.3096
337.3453	228.3096
337.3453	227.2858
337.8572	227.2858
337.8572	226.7739
341.9524	226.7739
341.9524	226.2619
344.5120	226.2619
344.5120	225.7500
345.5358	225.7500
345.5358	225.2381
351.6786	225.2381
351.6786	224.7262
354.2382	224.7262
354.2382	224.2143
355.7739	224.2143
355.7739	223.7024
356.7977	223.7024
356.7977	223.1905
357.8215	223.1905
357.8215	222.6786
358.8453	222.6786
