365.5001	214.4881
366.0120	214.4881
366.0120	215.0000
367.0358	215.0000
367.0358	215.5119
367.5477	215.5119
367.5477	216.0239
368.0596	216.0239
368.0596	216.5358
368.5715	216.5358
368.5715	217.0477
369.0834	217.0477
369.0834	217.5596
369.5953	217.5596
369.5953	218.0715
370.6191	218.0715
370.6191	218.5834
371.1310	218.5834
371.1310	219.0953
371.6429	219.0953
371.6429	219.6072
372.1548	219.6072
372.1548	220.1191
373.1786	220.1191
373.1786	220.6310
374.2025	220.6310
374.2025	221.1429
375.7382	221.1429
375.7382	221.6548
377.2739	221.6548
377.2739	222.1667
378.8096	222.1667
378.8096	222.6786
379.3215	222.6786
379.3215	223.1905
379.8334	223.1905
379.8334	223.7024
380.8572	223.7024
380.8572	224.2143
381.8810	224.2143
381.8810	224.7262
382.9048	224.7262
382.9048	225.2381
383.9286	225.2381
383.9286	225.7500
384.9525	225.7500
384.9525	226.2619
385.4644	226.2619
385.4644	226.7739
386.4882	226.7739
386.4882	227.2858
387.5120	227.2858
387.5120	227.7977
388.0239	227.7977
388.0239	228.3096
388.5358	228.3096
388.5358	228.8215
389.0477	228.8215
389.0477	229.3334
390.0715	229.3334
390.0715	229.8453
391.0953	229.8453
391.0953	230.3572
392.1191	230.3572
392.1191	231.3810
392.6310	231.3810
392.6310	231.8929
393.1429	231.8929
393.1429	232.4048
393.6548	232.4048
393.6548	232.9167
394.1667	232.9167
394.1667	233.4286
394.6786	233.4286
394.6786	233.9405
395.1906	233.9405
395.1906	234.9643
395.7025	234.9643
395.7025	235.9881
396.2144	235.9881
396.2144	236.5000
396.7263	236.5000
396.7263	237.5239
397.2382	237.5239
397.2382	238.0358
397.7501	238.0358
397.7501	238.5477
398.2620	238.5477
398.2620	239.0596
398.7739	239.0596
398.7739	239.5715
399.2858	239.5715
399.2858	240.0834
399.7977	240.0834
399.7977	240.5953
400.3096	240.5953
400.3096	241.1072
400.8215	241.1072
400.8215	241.6191
401.3334	241.6191
401.3334	242.1310
401.8453	242.1310
401.8453	242.6429
402.3572	242.6429
402.3572	244.1786
402.8691	244.1786
402.8691	248.2739
402.3572	248.2739
402.3572	252.3691
402.8691	252.3691
402.8691	254.9286
403.3810	254.9286
403.3810	256.9762
403.8929	256.9762
403.8929	260.5596
404.4048	260.5596
404.4048	264.1429
403.8929	264.1429
403.8929	264.6548
403.3810	264.6548
403.3810	265.6786
402.8691	265.6786
402.8691	266.7024
402.3572	266.7024
402.3572	268.2381
401.8453	268.2381
401.8453	269.7739
400.8215	269.7739
400.8215	270.2858
400.3096	270.2858
400.3096	270.7977
399.7977	270.7977
399.7977	271.3096
399.2858	271.3096
399.2858	271.8215
398.7739	271.8215
398.7739	272.3334
398.2620	272.3334
398.2620	273.3572
397.7501	273.3572
397.7501	274.3810
397.2382	274.3810
397.2382	276.4286
396.7263	276.4286
396.7263	276.9405
396.2144	276.9405
396.2144	277.9643
395.7025	277.9643
395.7025	278.9881
395.1906	278.9881
395.1906	280.0120
394.6786	280.0120
394.6786	280.5239
394.1667	280.5239
394.1667	281.5477
393.6548	281.5477
393.6548	282.5715
392.6310	282.5715
392.6310	283.0834
392.1191	283.0834
392.1191	283.5953
391.6072	283.5953
391.6072	284.1072
391.0953	284.1072
391.0953	284.6191
390.5834	284.6191
390.5834	285.1310
390.0715	285.1310
390.0715	285.6429
389.5596	285.6429
389.5596	286.6667
389.0477	286.6667
389.0477	287.1786
388.5358	287.1786
388.5358	287.6905
388.0239	287.6905
388.0239	288.2024
387.5120	288.2024
387.5120	288.7143
387.0001	288.7143
387.0001	289.2262
386.4882	289.2262
386.4882	290.2501
385.9763	290.2501
385.9763	290.7620
385.4644	290.7620
385.4644	291.7858
384.9525	291.7858
384.9525	292.8096
383.9286	292.8096
383.9286	293.3215
383.4167	293.3215
383.4167	293.8334
382.9048	293.8334
382.9048	294.3453
381.8810	294.3453
381.8810	294.8572
381.3691	294.8572
381.3691	295.3691
380.8572	295.3691
380.8572	295.8810
380.3453	295.8810
380.3453	296.3929
378.8096	296.3929
378.8096	296.9048
377.7858	296.9048
377.7858	297.4167
376.2501	297.4167
376.2501	297.9286
375.2263	297.9286
375.2263	298.4405
374.2025	298.4405
374.2025	298.9524
373.1786	298.9524
373.1786	299.4643
371.6429	299.4643
371.6429	299.9762
370.6191	299.9762
370.6191	300.4882
369.0834	300.4882
369.0834	301.0001
367.5477	301.0001
367.5477	301.5120
364.9882	301.5120
364.9882	302.0239
363.4525	302.0239
363.4525	302.5358
361.4048	302.5358
361.4048	302.0239
360.3810	302.0239
360.3810	301.5120
359.3572	301.5120
359.3572	301.0001
356.7977	301.0001
356.7977	300.4882
354.2382	300.4882
354.2382	301.0001
353.7263	301.0001
353.7263	300.4882
350.1429	300.4882
350.1429	301.0001
348.0953	301.0001
348.0953	300.4882
346.0477	300.4882
346.0477	299.9762
343.4882	299.9762
343.4882	299.4643
340.4167	299.4643
340.4167	299.9762
338.8810	299.9762
338.8810	299.4643
336.3215	299.4643
336.3215	298.9524
333.7620	298.9524
333.7620	298.4405
332.7382	298.4405
332.7382	297.9286
331.7143	297.9286
331.7143	297.4167
330.6905	297.4167
330.6905	296.9048
330.1786	296.9048
330.1786	296.3929
329.6667	296.3929
329.6667	295.8810
328.6429	295.8810
328.6429	295.3691
327.6191	295.3691
327.6191	293.3215
327.1072	293.3215
327.1072	292.2977
326.5953	292.2977
326.5953	291.2739
326.0834	291.2739
326.0834	290.7620
325.5715	290.7620
325.5715	290.2501
325.0596	290.2501
325.0596	289.7382
324.5477	289.7382
324.5477	289.2262
324.0358	289.2262
324.0358	288.7143
323.5239	288.7143
323.5239	288.2024
322.5001	288.2024
322.5001	287.6905
321.4763	287.6905
321.4763	287.1786
319.4286	287.1786
319.4286	286.6667
318.9167	286.6667
318.9167	286.1548
318.4048	286.1548
318.4048	285.6429
317.8929	285.6429
317.8929	285.1310
317.3810	285.1310
317.3810	284.6191
316.8691	284.6191
316.8691	284.1072
316.3572	284.1072
316.3572	283.5953
315.3334	283.5953
315.3334	283.0834
314.8215	283.0834
314.8215	282.0596
314.3096	282.0596
314.3096	280.0120
313.7977	280.0120
313.7977	278.9881
313.2858	278.9881
313.2858	276.4286
312.7739	276.4286
312.7739	274.8929
313.2858	274.8929
313.2858	270.7977
312.7739	270.7977
312.7739	268.2381
312.2620	268.2381
312.2620	262.0953
312.7739	262.0953
312.7739	259.5358
313.2858	259.5358
313.2858	255.9524
312.7739	255.9524
312.7739	253.3929
312.2620	253.3929
312.2620	252.3691
311.7501	252.3691
311.7501	250.8334
312.2620	250.8334
312.2620	249.8096
312.7739	249.8096
312.7739	249.2977
313.2858	249.2977
313.2858	248.7858
313.7977	248.7858
313.7977	248.2739
314.3096	248.2739
314.3096	247.2500
314.8215	247.2500
314.8215	246.2262
315.3334	246.2262
315.3334	243.6667
315.8453	243.6667
315.8453	243.1548
316.3572	243.1548
316.3572	242.1310
316.8691	242.1310
316.8691	241.1072
317.3810	241.1072
317.3810	239.0596
317.8929	239.0596
317.8929	238.0358
318.4048	238.0358
318.4048	237.5239
318.9167	237.5239
318.9167	237.0119
319.4286	237.0119
319.4286	236.5000
319.9405	236.5000
319.9405	235.9881
320.4524	235.9881
320.4524	235.4762
320.9643	235.4762
320.9643	234.9643
321.4763	234.9643
321.4763	234.4524
321.9882	234.4524
321.9882	233.4286
322.5001	233.4286
322.5001	232.9167
323.0120	232.9167
323.0120	231.8929
323.5239	231.8929
323.5239	230.8691
324.0358	230.8691
324.0358	229.3334
324.5477	229.3334
324.5477	228.3096
325.0596	228.3096
325.0596	227.7977
325.5715	227.7977
325.5715	227.2858
326.0834	227.2858
326.0834	226.7739
326.5953	226.7739
326.5953	226.2619
327.1072	226.2619
327.1072	225.2381
327.6191	225.2381
327.6191	224.7262
328.1310	224.7262
328.1310	224.2143
328.6429	224.2143
328.6429	223.7024
329.1548	223.7024
329.1548	223.1905
329.6667	223.1905
329.6667	222.6786
330.6905	222.6786
330.6905	222.1667
331.7143	222.1667
331.7143	221.6548
332.7382	221.6548
332.7382	221.1429
333.2501	221.1429
333.2501	220.6310
334.2739	220.6310
334.2739	220.1191
335.2977	220.1191
335.2977	219.6072
335.8096	219.6072
335.8096	219.0953
336.8334	219.0953
336.8334	218.5834
337.8572	218.5834
337.8572	218.0715
338.8810	218.0715
338.8810	217.5596
339.3929	217.5596
339.3929	217.0477
339.9048	217.0477
339.9048	216.5358
340.4167	216.5358
340.4167	216.0239
340.9286	216.0239
340.9286	215.5119
341.4405	215.5119
341.4405	214.4881
343.4882	214.4881
343.4882	215.0000
347.0715	215.0000
347.0715	215.5119
352.7024	215.5119
352.7024	216.0239
357.3096	216.0239
357.3096	215.5119
359.8691	215.5119
359.8691	215.0000
360.8929	215.0000
360.8929	214.4881
361.9167	214.4881
361.9167	213.9762
365.5001	213.9762
