348.6072	201.6905
352.1905	201.6905
352.1905	202.2024
353.2144	202.2024
353.2144	202.7143
355.2620	202.7143
355.2620	203.2262
357.8215	203.2262
357.8215	203.7381
360.8929	203.7381
360.8929	204.2500
361.9167	204.2500
361.9167	204.7619
362.9405	204.7619
362.9405	205.2738
363.9644	205.2738
363.9644	205.7858
364.9882	205.7858
364.9882	206.2977
367.0358	206.2977
367.0358	206.8096
368.0596	206.8096
368.0596	207.3215
369.5953	207.3215
369.5953	207.8334
370.1072	207.8334
370.1072	208.3453
371.1310	208.3453
371.1310	208.8572
372.1548	208.8572
372.1548	209.3691
372.6667	209.3691
372.6667	209.8810
373.6905	209.8810
373.6905	210.3929
374.7144	210.3929
374.7144	210.9048
375.7382	210.9048
375.7382	211.4167
377.2739	211.4167
377.2739	211.9286
377.7858	211.9286
377.7858	212.4405
378.2977	212.4405
378.2977	212.9524
378.8096	212.9524
378.8096	213.4643
379.8334	213.4643
379.8334	213.9762
380.3453	213.9762
380.3453	214.4881
380.8572	214.4881
380.8572	215.0000
381.3691	215.0000
381.3691	215.5119
381.8810	215.5119
381.8810	216.0239
382.9048	216.0239
382.9048	216.5358
383.4167	216.5358
383.4167	217.0477
383.9286	217.0477
383.9286	217.5596
384.4405	217.5596
384.4405	218.0715
384.9525	218.0715
384.9525	218.5834
385.4644	218.5834
385.4644	219.0953
385.9763	219.0953
385.9763	219.6072
386.4882	219.6072
386.4882	220.1191
387.0001	220.1191
387.0001	220.6310
387.5120	220.6310
387.5120	221.1429
388.0239	221.1429
388.0239	221.6548
388.5358	221.6548
388.5358	222.1667
389.5596	222.1667
389.5596	222.6786
390.0715	222.6786
390.0715	223.7024
390.5834	223.7024
390.5834	224.7262
391.0953	224.7262
391.0953	225.2381
391.6072	225.2381
391.6072	226.2619
392.1191	226.2619
392.1191	226.7739
392.6310	226.7739
392.6310	227.2858
393.1429	227.2858
393.1429	227.7977
393.6548	227.7977
393.6548	228.3096
394.1667	228.3096
394.1667	228.8215
395.1906	228.8215
395.1906	229.3334
396.2144	229.3334
396.2144	229.8453
397.7501	229.8453
397.7501	231.8929
398.2620	231.8929
398.2620	233.4286
398.7739	233.4286
398.7739	234.4524
399.2858	234.4524
399.2858	235.4762
399.7977	235.4762
399.7977	237.5239
400.3096	237.5239
400.3096	238.5477
400.8215	238.5477
400.8215	240.0834
401.3334	240.0834
401.3334	243.1548
401.8453	243.1548
401.8453	244.1786
401.3334	244.1786
401.3334	246.7381
401.8453	246.7381
401.8453	249.2977
402.3572	249.2977
402.3572	251.8572
402.8691	251.8572
402.8691	252.8810
403.3810	252.8810
403.3810	253.9048
403.8929	253.9048
403.8929	254.9286
404.4048	254.9286
404.4048	256.4643
403.8929	256.4643
403.8929	259.0239
404.4048	259.0239
404.4048	261.5834
404.9167	261.5834
404.9167	262.6072
404.4048	262.6072
404.4048	263.6310
403.8929	263.6310
403.8929	265.6786
403.3810	265.6786
403.3810	268.2381
402.8691	268.2381
402.8691	268.7501
402.3572	268.7501
402.3572	269.2620
401.8453	269.2620
401.8453	269.7739
401.3334	269.7739
401.3334	270.2858
400.8215	270.2858
400.8215	270.7977
400.3096	270.7977
400.3096	271.3096
399.7977	271.3096
399.7977	272.3334
399.2858	272.3334
399.2858	273.3572
398.7739	273.3572
398.7739	274.8929
398.2620	274.8929
398.2620	277.4524
397.7501	277.4524
397.7501	278.4762
397.2382	278.4762
397.2382	279.5001
396.7263	279.5001
396.7263	281.0358
396.2144	281.0358
396.2144	281.5477
395.7025	281.5477
395.7025	282.0596
395.1906	282.0596
395.1906	283.0834
394.6786	283.0834
394.6786	283.5953
394.1667	283.5953
394.1667	284.1072
393.6548	284.1072
393.6548	284.6191
393.1429	284.6191
393.1429	285.1310
392.6310	285.1310
392.6310	285.6429
392.1191	285.6429
392.1191	286.1548
391.6072	286.1548
391.6072	286.6667
391.0953	286.6667
391.0953	287.1786
390.5834	287.1786
390.5834	287.6905
390.0715	287.6905
390.0715	288.7143
389.5596	288.7143
389.5596	289.7382
389.0477	289.7382
389.0477	290.7620
388.5358	290.7620
388.5358	291.2739
388.0239	291.2739
388.0239	291.7858
387.0001	291.7858
387.0001	292.2977
385.9763	292.2977
385.9763	292.8096
385.4644	292.8096
385.4644	293.3215
384.9525	293.3215
384.9525	293.8334
384.4405	293.8334
384.4405	294.3453
383.9286	294.3453
383.9286	294.8572
383.4167	294.8572
383.4167	295.3691
382.9048	295.3691
382.9048	295.8810
382.3929	295.8810
382.3929	296.3929
381.8810	296.3929
381.8810	297.4167
381.3691	297.4167
381.3691	297.9286
380.8572	297.9286
380.8572	298.4405
380.3453	298.4405
380.3453	298.9524
379.8334	298.9524
379.8334	299.4643
379.3215	299.4643
379.3215	299.9762
378.8096	299.9762
378.8096	300.4882
377.7858	300.4882
377.7858	301.0001
376.7620	301.0001
376.7620	301.5120
376.2501	301.5120
376.2501	302.0239
375.7382	302.0239
375.7382	302.5358
375.2263	302.5358
375.2263	303.0477
374.7144	303.0477
374.7144	303.5596
374.2025	303.5596
374.2025	304.0715
373.1786	304.0715
373.1786	304.5834
372.1548	304.5834
372.1548	305.0953
371.6429	305.0953
371.6429	305.6072
371.1310	305.6072
371.1310	306.1191
368.5715	306.1191
368.5715	306.6310
367.5477	306.6310
367.5477	307.1429
366.5239	307.1429
366.5239	307.6548
366.0120	307.6548
366.0120	308.1667
364.4763	308.1667
364.4763	308.6786
363.4525	308.6786
363.4525	309.1905
362.4286	309.1905
362.4286	309.7024
359.3572	309.7024
359.3572	310.2143
352.7024	310.2143
352.7024	310.7262
350.1429	310.7262
350.1429	311.2382
349.1191	311.2382
349.1191	311.7501
347.5834	311.7501
347.5834	311.2382
346.5596	311.2382
346.5596	310.7262
345.5358	310.7262
345.5358	310.2143
343.4882	310.2143
343.4882	309.7024
340.9286	309.7024
340.9286	309.1905
338.3691	309.1905
338.3691	308.6786
335.8096	308.6786
335.8096	308.1667
331.2024	308.1667
331.2024	307.6548
330.6905	307.6548
330.6905	307.1429
330.1786	307.1429
330.1786	306.6310
329.1548	306.6310
329.1548	306.1191
328.1310	306.1191
328.1310	305.6072
327.1072	305.6072
327.1072	305.0953
326.0834	305.0953
326.0834	304.5834
324.5477	304.5834
324.5477	304.0715
321.9882	304.0715
321.9882	303.5596
320.9643	303.5596
320.9643	303.0477
319.9405	303.0477
319.9405	302.5358
318.9167	302.5358
318.9167	302.0239
317.8929	302.0239
317.8929	301.5120
316.3572	301.5120
316.3572	301.0001
315.8453	301.0001
315.8453	300.4882
314.8215	300.4882
314.8215	299.9762
313.7977	299.9762
313.7977	299.4643
313.2858	299.4643
313.2858	298.9524
312.7739	298.9524
312.7739	298.4405
312.2620	298.4405
312.2620	297.9286
311.2382	297.9286
311.2382	297.4167
310.2143	297.4167
310.2143	296.9048
309.1905	296.9048
309.1905	296.3929
308.6786	296.3929
308.6786	295.8810
308.1667	295.8810
308.1667	294.8572
307.6548	294.8572
307.6548	294.3453
307.1429	294.3453
307.1429	293.8334
306.6310	293.8334
306.6310	293.3215
306.1191	293.3215
306.1191	292.8096
305.6072	292.8096
305.6072	292.2977
305.0953	292.2977
305.0953	291.7858
304.5834	291.7858
304.5834	291.2739
304.0715	291.2739
304.0715	290.7620
303.5596	290.7620
303.5596	290.2501
303.0477	290.2501
303.0477	289.7382
302.5358	289.7382
302.5358	288.7143
302.0239	288.7143
302.0239	288.2024
301.5120	288.2024
301.5120	287.6905
301.0001	287.6905
301.0001	286.6667
300.4882	286.6667
300.4882	285.6429
299.9762	285.6429
299.9762	283.0834
299.4643	283.0834
299.4643	282.0596
298.9524	282.0596
298.9524	281.0358
298.4405	281.0358
298.4405	280.0120
297.9286	280.0120
297.9286	278.9881
297.4167	278.9881
297.4167	277.4524
296.9048	277.4524
296.9048	275.4048
296.3929	275.4048
296.3929	273.8691
295.8810	273.8691
295.8810	272.8453
295.3691	272.8453
295.3691	270.2858
294.8572	270.2858
294.8572	268.2381
294.3453	268.2381
294.3453	266.7024
293.8334	266.7024
293.8334	265.6786
293.3215	265.6786
293.3215	264.6548
292.8096	264.6548
292.8096	264.1429
292.2977	264.1429
292.2977	262.6072
292.8096	262.6072
292.8096	260.0477
293.3215	260.0477
293.3215	257.4881
292.8096	257.4881
292.8096	254.9286
292.2977	254.9286
292.2977	253.9048
292.8096	253.9048
292.8096	251.3453
293.3215	251.3453
293.3215	248.2739
293.8334	248.2739
293.8334	247.2500
294.3453	247.2500
294.3453	246.2262
294.8572	246.2262
294.8572	243.6667
295.3691	243.6667
295.3691	239.5715
295.8810	239.5715
295.8810	238.5477
296.3929	238.5477
296.3929	237.5239
296.9048	237.5239
296.9048	236.5000
297.4167	236.5000
297.4167	235.9881
297.9286	235.9881
297.9286	235.4762
298.4405	235.4762
298.4405	234.9643
298.9524	234.9643
298.9524	233.9405
299.4643	233.9405
299.4643	232.9167
299.9762	232.9167
299.9762	231.8929
300.4882	231.8929
300.4882	230.8691
301.0001	230.8691
301.0001	229.8453
301.5120	229.8453
301.5120	228.8215
302.0239	228.8215
302.0239	228.3096
302.5358	228.3096
302.5358	227.7977
303.0477	227.7977
303.0477	226.7739
303.5596	226.7739
303.5596	225.7500
304.0715	225.7500
304.0715	224.7262
304.5834	224.7262
304.5834	224.2143
305.0953	224.2143
305.0953	223.7024
306.1191	223.7024
306.1191	223.1905
306.6310	223.1905
306.6310	222.6786
307.1429	222.6786
307.1429	222.1667
307.6548	222.1667
307.6548	221.6548
308.1667	221.6548
308.1667	221.1429
309.1905	221.1429
309.1905	220.6310
310.2143	220.6310
310.2143	220.1191
310.7262	220.1191
310.7262	219.6072
311.2382	219.6072
311.2382	219.0953
311.7501	219.0953
311.7501	218.5834
312.2620	218.5834
312.2620	218.0715
312.7739	218.0715
312.7739	217.5596
313.2858	217.5596
313.2858	217.0477
313.7977	217.0477
313.7977	216.5358
314.3096	216.5358
314.3096	216.0239
314.8215	216.0239
314.8215	215.5119
315.3334	215.5119
315.3334	215.0000
316.3572	215.0000
316.3572	214.4881
317.3810	214.4881
317.3810	213.9762
317.8929	213.9762
317.8929	213.4643
318.9167	213.4643
318.9167	212.9524
319.9405	212.9524
319.9405	212.4405
320.4524	212.4405
320.4524	211.9286
320.9643	211.9286
320.9643	211.4167
321.4763	211.4167
321.4763	210.9048
321.9882	210.9048
321.9882	210.3929
323.0120	210.3929
323.0120	209.8810
324.0358	209.8810
324.0358	209.3691
325.0596	209.3691
325.0596	208.8572
325.5715	208.8572
325.5715	208.3453
326.0834	208.3453
326.0834	207.8334
326.5953	207.8334
326.5953	207.3215
327.6191	207.3215
327.6191	206.8096
328.6429	206.8096
328.6429	206.2977
329.1548	206.2977
329.1548	205.7858
330.6905	205.7858
330.6905	205.2738
331.7143	205.2738
331.7143	204.7619
332.7382	204.7619
332.7382	204.2500
333.2501	204.2500
333.2501	203.7381
333.7620	203.7381
333.7620	203.2262
334.2739	203.2262
334.2739	202.7143
339.9048	202.7143
339.9048	202.2024
342.4644	202.2024
342.4644	201.6905
347.5834	201.6905
347.5834	201.1786
348.6072	201.1786
