340.9286	198.1072
342.4644	198.1072
342.4644	198.6191
345.0239	198.6191
345.0239	199.1310
349.6310	199.1310
349.6310	199.6429
350.6548	199.6429
350.6548	200.1548
352.1905	200.1548
352.1905	200.6667
354.7501	200.6667
354.7501	201.1786
357.3096	201.1786
357.3096	201.6905
360.3810	201.6905
360.3810	202.2024
362.4286	202.2024
362.4286	202.7143
362.9405	202.7143
362.9405	203.2262
363.9644	203.2262
363.9644	203.7381
364.9882	203.7381
364.9882	204.2500
365.5001	204.2500
365.5001	204.7619
366.0120	204.7619
366.0120	205.2738
366.5239	205.2738
366.5239	205.7858
367.0358	205.7858
367.0358	206.2977
368.0596	206.2977
368.0596	206.8096
369.0834	206.8096
369.0834	207.3215
371.1310	207.3215
371.1310	207.8334
371.6429	207.8334
371.6429	208.3453
372.1548	208.3453
372.1548	208.8572
372.6667	208.8572
372.6667	209.3691
373.6905	209.3691
373.6905	209.8810
374.7144	209.8810
374.7144	210.3929
375.2263	210.3929
375.2263	210.9048
376.2501	210.9048
376.2501	211.4167
376.7620	211.4167
376.7620	211.9286
377.2739	211.9286
377.2739	212.4405
378.2977	212.4405
378.2977	212.9524
378.8096	212.9524
378.8096	213.4643
379.3215	213.4643
379.3215	213.9762
379.8334	213.9762
379.8334	214.4881
380.3453	214.4881
380.3453	215.0000
381.3691	215.0000
381.3691	215.5119
382.3929	215.5119
382.3929	216.0239
384.4405	216.0239
384.4405	216.5358
385.4644	216.5358
385.4644	217.0477
387.0001	217.0477
387.0001	218.0715
387.5120	218.0715
387.5120	218.5834
388.0239	218.5834
388.0239	219.0953
388.5358	219.0953
388.5358	220.1191
389.0477	220.1191
389.0477	221.1429
389.5596	221.1429
389.5596	221.6548
390.0715	221.6548
390.0715	222.1667
390.5834	222.1667
390.5834	222.6786
391.0953	222.6786
391.0953	223.7024
391.6072	223.7024
391.6072	224.7262
392.1191	224.7262
392.1191	225.2381
392.6310	225.2381
392.6310	225.7500
393.1429	225.7500
393.1429	226.2619
393.6548	226.2619
393.6548	226.7739
394.1667	226.7739
394.1667	227.2858
395.1906	227.2858
395.1906	227.7977
395.7025	227.7977
395.7025	228.3096
396.2144	228.3096
396.2144	228.8215
396.7263	228.8215
396.7263	229.3334
397.2382	229.3334
397.2382	229.8453
397.7501	229.8453
397.7501	230.3572
398.2620	230.3572
398.2620	230.8691
398.7739	230.8691
398.7739	231.8929
399.2858	231.8929
399.2858	232.9167
399.7977	232.9167
399.7977	233.4286
400.3096	233.4286
400.3096	235.4762
400.8215	235.4762
400.8215	237.0119
401.3334	237.0119
401.3334	238.0358
401.8453	238.0358
401.8453	239.0596
402.3572	239.0596
402.3572	241.6191
402.8691	241.6191
402.8691	244.1786
403.3810	244.1786
403.3810	246.2262
403.8929	246.2262
403.8929	250.3215
404.4048	250.3215
404.4048	252.8810
404.9167	252.8810
404.9167	253.9048
405.4286	253.9048
405.4286	254.9286
405.9406	254.9286
405.9406	255.4405
406.4525	255.4405
406.4525	255.9524
406.9644	255.9524
406.9644	258.5120
406.4525	258.5120
406.4525	261.0715
405.9406	261.0715
405.9406	263.6310
405.4286	263.6310
405.4286	266.1905
404.9167	266.1905
404.9167	268.7501
404.4048	268.7501
404.4048	269.2620
403.8929	269.2620
403.8929	269.7739
403.3810	269.7739
403.3810	270.2858
402.8691	270.2858
402.8691	270.7977
402.3572	270.7977
402.3572	271.3096
401.8453	271.3096
401.8453	271.8215
401.3334	271.8215
401.3334	272.8453
400.8215	272.8453
400.8215	273.8691
400.3096	273.8691
400.3096	274.8929
399.7977	274.8929
399.7977	275.9167
399.2858	275.9167
399.2858	276.9405
398.7739	276.9405
398.7739	277.9643
398.2620	277.9643
398.2620	280.5239
397.7501	280.5239
397.7501	282.5715
397.2382	282.5715
397.2382	283.0834
396.7263	283.0834
396.7263	283.5953
396.2144	283.5953
396.2144	284.1072
395.7025	284.1072
395.7025	284.6191
394.6786	284.6191
394.6786	285.1310
394.1667	285.1310
394.1667	285.6429
393.6548	285.6429
393.6548	286.1548
393.1429	286.1548
393.1429	286.6667
392.6310	286.6667
392.6310	287.1786
392.1191	287.1786
392.1191	287.6905
391.6072	287.6905
391.6072	288.7143
391.0953	288.7143
391.0953	289.7382
390.5834	289.7382
390.5834	290.2501
390.0715	290.2501
390.0715	290.7620
389.5596	290.7620
389.5596	291.7858
389.0477	291.7858
389.0477	292.2977
388.0239	292.2977
388.0239	292.8096
387.5120	292.8096
387.5120	293.3215
386.4882	293.3215
386.4882	293.8334
385.9763	293.8334
385.9763	294.3453
385.4644	294.3453
385.4644	294.8572
384.9525	294.8572
384.9525	295.3691
384.4405	295.3691
384.4405	295.8810
383.9286	295.8810
383.9286	296.3929
383.4167	296.3929
383.4167	297.4167
382.9048	297.4167
382.9048	297.9286
382.3929	297.9286
382.3929	298.4405
381.8810	298.4405
381.8810	298.9524
381.3691	298.9524
381.3691	299.4643
380.8572	299.4643
380.8572	299.9762
379.3215	299.9762
379.3215	300.4882
378.2977	300.4882
378.2977	301.0001
377.2739	301.0001
377.2739	301.5120
376.2501	301.5120
376.2501	302.0239
375.7382	302.0239
375.7382	302.5358
375.2263	302.5358
375.2263	303.0477
374.7144	303.0477
374.7144	303.5596
374.2025	303.5596
374.2025	304.0715
373.6905	304.0715
373.6905	304.5834
372.1548	304.5834
372.1548	305.0953
371.1310	305.0953
371.1310	305.6072
370.1072	305.6072
370.1072	306.1191
367.5477	306.1191
367.5477	306.6310
366.5239	306.6310
366.5239	307.1429
365.5001	307.1429
365.5001	307.6548
364.4763	307.6548
364.4763	308.1667
363.4525	308.1667
363.4525	308.6786
362.9405	308.6786
362.9405	309.1905
361.9167	309.1905
361.9167	309.7024
360.8929	309.7024
360.8929	310.2143
358.3334	310.2143
358.3334	309.7024
355.7739	309.7024
355.7739	310.2143
353.2144	310.2143
353.2144	310.7262
352.1905	310.7262
352.1905	311.2382
351.1667	311.2382
351.1667	311.7501
347.5834	311.7501
347.5834	311.2382
346.5596	311.2382
346.5596	310.7262
345.5358	310.7262
345.5358	310.2143
342.9763	310.2143
342.9763	309.7024
338.8810	309.7024
338.8810	309.1905
336.3215	309.1905
336.3215	308.6786
331.2024	308.6786
331.2024	308.1667
329.1548	308.1667
329.1548	307.6548
328.6429	307.6548
328.6429	307.1429
328.1310	307.1429
328.1310	306.6310
327.1072	306.6310
327.1072	306.1191
326.0834	306.1191
326.0834	305.6072
325.0596	305.6072
325.0596	305.0953
324.0358	305.0953
324.0358	304.5834
321.9882	304.5834
321.9882	304.0715
320.9643	304.0715
320.9643	303.5596
319.9405	303.5596
319.9405	303.0477
318.4048	303.0477
318.4048	302.5358
316.8691	302.5358
316.8691	302.0239
314.3096	302.0239
314.3096	301.0001
313.7977	301.0001
313.7977	300.4882
313.2858	300.4882
313.2858	299.9762
312.7739	299.9762
312.7739	299.4643
312.2620	299.4643
312.2620	298.9524
311.7501	298.9524
311.7501	298.4405
310.7262	298.4405
310.7262	297.4167
310.2143	297.4167
310.2143	296.9048
309.7024	296.9048
309.7024	296.3929
309.1905	296.3929
309.1905	295.8810
308.6786	295.8810
308.6786	295.3691
308.1667	295.3691
308.1667	294.8572
307.6548	294.8572
307.6548	294.3453
307.1429	294.3453
307.1429	293.8334
306.6310	293.8334
306.6310	293.3215
306.1191	293.3215
306.1191	292.8096
305.6072	292.8096
305.6072	292.2977
304.5834	292.2977
304.5834	291.7858
304.0715	291.7858
304.0715	291.2739
303.5596	291.2739
303.5596	289.7382
303.0477	289.7382
303.0477	288.7143
302.5358	288.7143
302.5358	286.6667
302.0239	286.6667
302.0239	285.6429
301.5120	285.6429
301.5120	284.6191
301.0001	284.6191
301.0001	284.1072
300.4882	284.1072
300.4882	283.5953
299.9762	283.5953
299.9762	283.0834
299.4643	283.0834
299.4643	280.5239
298.9524	280.5239
298.9524	277.9643
298.4405	277.9643
298.4405	276.4286
297.9286	276.4286
297.9286	275.4048
297.4167	275.4048
297.4167	274.3810
296.9048	274.3810
296.9048	270.7977
296.3929	270.7977
296.3929	268.2381
295.8810	268.2381
295.8810	267.2143
295.3691	267.2143
295.3691	265.6786
294.8572	265.6786
294.8572	264.6548
294.3453	264.6548
294.3453	262.0953
293.8334	262.0953
293.8334	260.5596
293.3215	260.5596
293.3215	255.9524
292.8096	255.9524
292.8096	253.3929
292.2977	253.3929
292.2977	252.3691
291.7858	252.3691
291.7858	251.3453
292.2977	251.3453
292.2977	250.3215
292.8096	250.3215
292.8096	248.7858
293.3215	248.7858
293.3215	247.7620
293.8334	247.7620
293.8334	246.7381
294.3453	246.7381
294.3453	245.7143
294.8572	245.7143
294.8572	243.1548
295.3691	243.1548
295.3691	238.0358
295.8810	238.0358
295.8810	237.5239
296.3929	237.5239
296.3929	236.5000
296.9048	236.5000
296.9048	235.4762
297.4167	235.4762
297.4167	234.4524
297.9286	234.4524
297.9286	231.8929
298.4405	231.8929
298.4405	231.3810
298.9524	231.3810
298.9524	230.8691
299.4643	230.8691
299.4643	230.3572
299.9762	230.3572
299.9762	229.8453
300.4882	229.8453
300.4882	229.3334
301.0001	229.3334
301.0001	228.8215
301.5120	228.8215
301.5120	227.7977
302.0239	227.7977
302.0239	226.7739
302.5358	226.7739
302.5358	225.7500
303.0477	225.7500
303.0477	224.7262
303.5596	224.7262
303.5596	223.7024
304.0715	223.7024
304.0715	222.6786
304.5834	222.6786
304.5834	221.6548
305.6072	221.6548
305.6072	221.1429
306.6310	221.1429
306.6310	220.6310
307.1429	220.6310
307.1429	220.1191
307.6548	220.1191
307.6548	219.6072
308.1667	219.6072
308.1667	219.0953
308.6786	219.0953
308.6786	218.5834
309.1905	218.5834
309.1905	218.0715
309.7024	218.0715
309.7024	217.5596
310.2143	217.5596
310.2143	216.5358
311.2382	216.5358
311.2382	216.0239
311.7501	216.0239
311.7501	215.5119
312.2620	215.5119
312.2620	215.0000
312.7739	215.0000
312.7739	214.4881
313.2858	214.4881
313.2858	213.9762
313.7977	213.9762
313.7977	213.4643
314.3096	213.4643
314.3096	212.9524
315.8453	212.9524
315.8453	212.4405
317.3810	212.4405
317.3810	211.9286
318.4048	211.9286
318.4048	211.4167
319.4286	211.4167
319.4286	210.9048
319.9405	210.9048
319.9405	210.3929
320.4524	210.3929
320.4524	209.8810
321.4763	209.8810
321.4763	209.3691
321.9882	209.3691
321.9882	208.8572
322.5001	208.8572
322.5001	208.3453
323.0120	208.3453
323.0120	207.8334
323.5239	207.8334
323.5239	207.3215
324.0358	207.3215
324.0358	206.2977
325.0596	206.2977
325.0596	205.7858
326.0834	205.7858
326.0834	205.2738
326.5953	205.2738
326.5953	204.7619
327.6191	204.7619
327.6191	204.2500
328.6429	204.2500
328.6429	203.7381
329.6667	203.7381
329.6667	203.2262
330.6905	203.2262
330.6905	202.7143
331.2024	202.7143
331.2024	202.2024
331.7143	202.2024
331.7143	201.6905
332.2263	201.6905
332.2263	201.1786
334.7858	201.1786
334.7858	200.6667
335.8096	200.6667
335.8096	200.1548
336.8334	200.1548
336.8334	199.6429
337.8572	199.6429
337.8572	199.1310
338.3691	199.1310
338.3691	198.6191
338.8810	198.6191
338.8810	198.1072
339.3929	198.1072
339.3929	197.5953
340.9286	197.5953
