348.6072	192.4762
350.1429	192.4762
350.1429	192.9881
352.7024	192.9881
352.7024	193.5000
354.2382	193.5000
354.2382	194.0119
355.7739	194.0119
355.7739	194.5238
356.7977	194.5238
356.7977	195.0358
357.8215	195.0358
357.8215	195.5477
359.8691	195.5477
359.8691	196.0596
361.9167	196.0596
361.9167	196.5715
364.4763	196.5715
364.4763	197.0834
365.5001	197.0834
365.5001	197.5953
367.0358	197.5953
367.0358	198.1072
368.5715	198.1072
368.5715	198.6191
370.1072	198.6191
370.1072	199.1310
371.1310	199.1310
371.1310	199.6429
372.1548	199.6429
372.1548	200.1548
372.6667	200.1548
372.6667	200.6667
373.1786	200.6667
373.1786	201.1786
373.6905	201.1786
373.6905	201.6905
374.7144	201.6905
374.7144	202.2024
375.2263	202.2024
375.2263	202.7143
375.7382	202.7143
375.7382	203.2262
376.2501	203.2262
376.2501	203.7381
376.7620	203.7381
376.7620	204.2500
377.2739	204.2500
377.2739	204.7619
377.7858	204.7619
377.7858	205.2738
378.2977	205.2738
378.2977	205.7858
378.8096	205.7858
378.8096	206.2977
379.8334	206.2977
379.8334	206.8096
380.3453	206.8096
380.3453	207.3215
380.8572	207.3215
380.8572	207.8334
381.3691	207.8334
381.3691	208.3453
381.8810	208.3453
381.8810	208.8572
382.3929	208.8572
382.3929	209.3691
382.9048	209.3691
382.9048	209.8810
383.9286	209.8810
383.9286	210.9048
384.4405	210.9048
384.4405	211.4167
384.9525	211.4167
384.9525	212.4405
385.4644	212.4405
385.4644	212.9524
385.9763	212.9524
385.9763	213.4643
386.4882	213.4643
386.4882	213.9762
387.0001	213.9762
387.0001	215.0000
387.5120	215.0000
387.5120	216.0239
388.0239	216.0239
388.0239	216.5358
388.5358	216.5358
388.5358	217.0477
389.0477	217.0477
389.0477	217.5596
389.5596	217.5596
389.5596	218.5834
390.0715	218.5834
390.0715	219.6072
390.5834	219.6072
390.5834	220.6310
391.0953	220.6310
391.0953	221.6548
391.6072	221.6548
391.6072	222.6786
392.1191	222.6786
392.1191	223.1905
392.6310	223.1905
392.6310	223.7024
393.1429	223.7024
393.1429	224.2143
393.6548	224.2143
393.6548	225.7500
394.1667	225.7500
394.1667	226.7739
394.6786	226.7739
394.6786	227.7977
395.1906	227.7977
395.1906	228.8215
395.7025	228.8215
395.7025	229.8453
396.2144	229.8453
396.2144	231.3810
396.7263	231.3810
396.7263	232.4048
397.2382	232.4048
397.2382	233.4286
397.7501	233.4286
397.7501	234.4524
398.2620	234.4524
398.2620	234.9643
398.7739	234.9643
398.7739	235.4762
399.2858	235.4762
399.2858	236.5000
399.7977	236.5000
399.7977	240.5953
400.3096	240.5953
400.3096	245.2024
399.7977	245.2024
399.7977	247.7620
399.2858	247.7620
399.2858	248.7858
398.7739	248.7858
398.7739	251.3453
398.2620	251.3453
398.2620	253.9048
397.7501	253.9048
397.7501	258.0000
397.2382	258.0000
397.2382	264.6548
396.7263	264.6548
396.7263	265.1667
396.2144	265.1667
396.2144	265.6786
395.7025	265.6786
395.7025	266.1905
395.1906	266.1905
395.1906	266.7024
394.1667	266.7024
394.1667	267.2143
393.1429	267.2143
393.1429	267.7262
392.6310	267.7262
392.6310	268.2381
392.1191	268.2381
392.1191	268.7501
391.6072	268.7501
391.6072	269.2620
391.0953	269.2620
391.0953	269.7739
390.5834	269.7739
390.5834	270.7977
390.0715	270.7977
390.0715	271.3096
389.5596	271.3096
389.5596	272.3334
389.0477	272.3334
389.0477	273.3572
388.5358	273.3572
388.5358	274.3810
388.0239	274.3810
388.0239	275.4048
387.5120	275.4048
387.5120	275.9167
387.0001	275.9167
387.0001	276.4286
386.4882	276.4286
386.4882	276.9405
385.9763	276.9405
385.9763	277.4524
385.4644	277.4524
385.4644	277.9643
384.4405	277.9643
384.4405	278.4762
383.9286	278.4762
383.9286	278.9881
383.4167	278.9881
383.4167	279.5001
382.9048	279.5001
382.9048	280.0120
382.3929	280.0120
382.3929	280.5239
381.8810	280.5239
381.8810	281.0358
381.3691	281.0358
381.3691	281.5477
380.8572	281.5477
380.8572	282.0596
379.8334	282.0596
379.8334	282.5715
379.3215	282.5715
379.3215	283.0834
378.8096	283.0834
378.8096	283.5953
378.2977	283.5953
378.2977	284.1072
377.7858	284.1072
377.7858	284.6191
377.2739	284.6191
377.2739	285.1310
376.7620	285.1310
376.7620	285.6429
376.2501	285.6429
376.2501	286.1548
375.2263	286.1548
375.2263	286.6667
374.7144	286.6667
374.7144	287.1786
374.2025	287.1786
374.2025	287.6905
373.6905	287.6905
373.6905	288.2024
373.1786	288.2024
373.1786	288.7143
372.1548	288.7143
372.1548	289.2262
371.1310	289.2262
371.1310	289.7382
370.1072	289.7382
370.1072	290.2501
368.5715	290.2501
368.5715	290.7620
367.5477	290.7620
367.5477	291.2739
366.5239	291.2739
366.5239	291.7858
366.0120	291.7858
366.0120	292.2977
364.4763	292.2977
364.4763	292.8096
362.9405	292.8096
362.9405	293.3215
361.4048	293.3215
361.4048	293.8334
359.3572	293.8334
359.3572	294.3453
357.3096	294.3453
357.3096	294.8572
354.7501	294.8572
354.7501	295.3691
352.1905	295.3691
352.1905	295.8810
350.6548	295.8810
350.6548	296.3929
348.6072	296.3929
348.6072	296.9048
347.0715	296.9048
347.0715	297.4167
346.0477	297.4167
346.0477	297.9286
345.0239	297.9286
345.0239	298.4405
344.0001	298.4405
344.0001	298.9524
343.4882	298.9524
343.4882	299.4643
341.9524	299.4643
341.9524	299.9762
338.8810	299.9762
338.8810	299.4643
338.3691	299.4643
338.3691	298.9524
337.8572	298.9524
337.8572	298.4405
336.8334	298.4405
336.8334	297.9286
335.8096	297.9286
335.8096	297.4167
333.2501	297.4167
333.2501	296.9048
330.1786	296.9048
330.1786	296.3929
327.6191	296.3929
327.6191	295.8810
324.5477	295.8810
324.5477	295.3691
323.5239	295.3691
323.5239	294.8572
322.5001	294.8572
322.5001	294.3453
321.4763	294.3453
321.4763	293.8334
318.9167	293.8334
318.9167	293.3215
314.3096	293.3215
314.3096	292.8096
313.2858	292.8096
313.2858	292.2977
312.2620	292.2977
312.2620	291.7858
311.2382	291.7858
311.2382	291.2739
310.7262	291.2739
310.7262	290.7620
310.2143	290.7620
310.2143	290.2501
309.1905	290.2501
309.1905	289.7382
308.6786	289.7382
308.6786	289.2262
307.6548	289.2262
307.6548	288.7143
307.1429	288.7143
307.1429	287.6905
306.6310	287.6905
306.6310	287.1786
306.1191	287.1786
306.1191	286.1548
305.6072	286.1548
305.6072	285.1310
305.0953	285.1310
305.0953	284.6191
304.5834	284.6191
304.5834	284.1072
304.0715	284.1072
304.0715	283.0834
303.5596	283.0834
303.5596	282.0596
303.0477	282.0596
303.0477	281.5477
302.5358	281.5477
302.5358	280.0120
302.0239	280.0120
302.0239	278.4762
301.5120	278.4762
301.5120	276.9405
301.0001	276.9405
301.0001	275.9167
300.4882	275.9167
300.4882	274.8929
299.9762	274.8929
299.9762	274.3810
299.4643	274.3810
299.4643	271.3096
298.9524	271.3096
298.9524	268.7501
298.4405	268.7501
298.4405	266.7024
297.9286	266.7024
297.9286	264.6548
297.4167	264.6548
297.4167	263.6310
296.9048	263.6310
296.9048	262.6072
296.3929	262.6072
296.3929	259.5358
295.8810	259.5358
295.8810	256.9762
295.3691	256.9762
295.3691	246.2262
294.8572	246.2262
294.8572	245.7143
295.3691	245.7143
295.3691	241.6191
294.8572	241.6191
294.8572	239.0596
294.3453	239.0596
294.3453	237.5239
294.8572	237.5239
294.8572	234.9643
294.3453	234.9643
294.3453	232.4048
294.8572	232.4048
294.8572	230.3572
295.3691	230.3572
295.3691	229.8453
295.8810	229.8453
295.8810	229.3334
296.3929	229.3334
296.3929	228.8215
296.9048	228.8215
296.9048	228.3096
297.4167	228.3096
297.4167	227.7977
297.9286	227.7977
297.9286	226.7739
298.4405	226.7739
298.4405	225.7500
298.9524	225.7500
298.9524	223.1905
299.4643	223.1905
299.4643	222.1667
299.9762	222.1667
299.9762	221.1429
300.4882	221.1429
300.4882	220.6310
301.0001	220.6310
301.0001	219.6072
301.5120	219.6072
301.5120	219.0953
302.0239	219.0953
302.0239	218.0715
302.5358	218.0715
302.5358	217.0477
303.0477	217.0477
303.0477	216.0239
303.5596	216.0239
303.5596	215.5119
304.0715	215.5119
304.0715	215.0000
304.5834	215.0000
304.5834	214.4881
305.6072	214.4881
305.6072	213.9762
306.6310	213.9762
306.6310	213.4643
307.1429	213.4643
307.1429	212.9524
307.6548	212.9524
307.6548	212.4405
308.1667	212.4405
308.1667	211.9286
308.6786	211.9286
308.6786	211.4167
309.1905	211.4167
309.1905	210.9048
309.7024	210.9048
309.7024	210.3929
310.7262	210.3929
310.7262	209.8810
311.7501	209.8810
311.7501	209.3691
312.7739	209.3691
312.7739	208.8572
313.7977	208.8572
313.7977	208.3453
314.8215	208.3453
314.8215	207.8334
315.8453	207.8334
315.8453	207.3215
316.3572	207.3215
316.3572	206.8096
316.8691	206.8096
316.8691	206.2977
317.8929	206.2977
317.8929	205.7858
318.4048	205.7858
318.4048	205.2738
318.9167	205.2738
318.9167	204.7619
319.4286	204.7619
319.4286	204.2500
319.9405	204.2500
319.9405	203.7381
320.4524	203.7381
320.4524	203.2262
320.9643	203.2262
320.9643	202.7143
321.4763	202.7143
321.4763	202.2024
321.9882	202.2024
321.9882	201.6905
322.5001	201.6905
322.5001	201.1786
323.5239	201.1786
323.5239	200.6667
324.5477	200.6667
324.5477	200.1548
325.5715	200.1548
325.5715	199.6429
326.5953	199.6429
326.5953	199.1310
327.6191	199.1310
327.6191	198.6191
328.1310	198.6191
328.1310	198.1072
328.6429	198.1072
328.6429	197.5953
329.1548	197.5953
329.1548	197.0834
330.6905	197.0834
330.6905	196.5715
331.7143	196.5715
331.7143	196.0596
332.7382	196.0596
332.7382	195.5477
333.7620	195.5477
333.7620	195.0358
334.2739	195.0358
334.2739	194.5238
334.7858	194.5238
334.7858	194.0119
336.3215	194.0119
336.3215	193.5000
338.3691	193.5000
338.3691	192.9881
340.4167	192.9881
340.4167	192.4762
345.5358	192.4762
345.5358	191.9643
348.6072	191.9643
