343.4882	220.1191
344.0001	220.1191
344.0001	221.1429
344.5120	221.1429
344.5120	222.1667
345.0239	222.1667
345.0239	222.6786
345.5358	222.6786
345.5358	223.1905
346.0477	223.1905
346.0477	223.7024
346.5596	223.7024
346.5596	224.2143
347.0715	224.2143
347.0715	224.7262
348.0953	224.7262
348.0953	225.2381
349.1191	225.2381
349.1191	225.7500
351.6786	225.7500
351.6786	226.2619
354.2382	226.2619
354.2382	225.7500
356.7977	225.7500
356.7977	225.2381
357.8215	225.2381
357.8215	224.7262
359.3572	224.7262
359.3572	225.2381
359.8691	225.2381
359.8691	226.2619
360.3810	226.2619
360.3810	227.2858
360.8929	227.2858
360.8929	228.3096
361.4048	228.3096
361.4048	228.8215
361.9167	228.8215
361.9167	229.3334
362.4286	229.3334
362.4286	229.8453
362.9405	229.8453
362.9405	230.3572
363.4525	230.3572
363.4525	230.8691
363.9644	230.8691
363.9644	231.3810
364.9882	231.3810
364.9882	231.8929
366.0120	231.8929
366.0120	232.4048
367.5477	232.4048
367.5477	232.9167
368.5715	232.9167
368.5715	233.4286
369.0834	233.4286
369.0834	233.9405
369.5953	233.9405
369.5953	234.4524
370.1072	234.4524
370.1072	234.9643
370.6191	234.9643
370.6191	235.4762
371.1310	235.4762
371.1310	235.9881
371.6429	235.9881
371.6429	236.5000
372.6667	236.5000
372.6667	237.0119
373.6905	237.0119
373.6905	237.5239
374.7144	237.5239
374.7144	238.0358
375.7382	238.0358
375.7382	238.5477
376.2501	238.5477
376.2501	239.0596
377.2739	239.0596
377.2739	239.5715
378.2977	239.5715
378.2977	240.0834
380.3453	240.0834
380.3453	240.5953
380.8572	240.5953
380.8572	241.1072
381.8810	241.1072
381.8810	241.6191
382.3929	241.6191
382.3929	242.1310
382.9048	242.1310
382.9048	242.6429
383.4167	242.6429
383.4167	243.1548
383.9286	243.1548
383.9286	243.6667
384.9525	243.6667
384.9525	244.1786
385.4644	244.1786
385.4644	244.6905
385.9763	244.6905
385.9763	245.2024
387.0001	245.2024
387.0001	245.7143
388.0239	245.7143
388.0239	246.2262
389.0477	246.2262
389.0477	246.7381
390.0715	246.7381
390.0715	247.2500
390.5834	247.2500
390.5834	247.7620
391.6072	247.7620
391.6072	248.2739
392.6310	248.2739
392.6310	248.7858
394.6786	248.7858
394.6786	251.3453
395.1906	251.3453
395.1906	253.3929
395.7025	253.3929
395.7025	254.4167
396.2144	254.4167
396.2144	255.4405
396.7263	255.4405
396.7263	255.9524
397.2382	255.9524
397.2382	256.9762
397.7501	256.9762
397.7501	258.0000
398.2620	258.0000
398.2620	258.5120
398.7739	258.5120
398.7739	259.5358
399.2858	259.5358
399.2858	260.0477
399.7977	260.0477
399.7977	260.5596
400.3096	260.5596
400.3096	261.0715
400.8215	261.0715
400.8215	261.5834
401.3334	261.5834
401.3334	262.0953
401.8453	262.0953
401.8453	262.6072
402.8691	262.6072
402.8691	263.1191
403.8929	263.1191
403.8929	263.6310
404.4048	263.6310
404.4048	264.1429
403.8929	264.1429
403.8929	265.1667
403.3810	265.1667
403.3810	266.1905
402.8691	266.1905
402.8691	268.7501
402.3572	268.7501
402.3572	271.3096
402.8691	271.3096
402.8691	273.8691
403.3810	273.8691
403.3810	274.8929
403.8929	274.8929
403.8929	275.9167
403.3810	275.9167
403.3810	280.5239
403.8929	280.5239
403.8929	281.5477
401.3334	281.5477
401.3334	282.0596
400.3096	282.0596
400.3096	282.5715
399.2858	282.5715
399.2858	283.0834
398.7739	283.0834
398.7739	283.5953
398.2620	283.5953
398.2620	284.1072
397.7501	284.1072
397.7501	284.6191
396.7263	284.6191
396.7263	285.1310
395.7025	285.1310
395.7025	285.6429
394.6786	285.6429
394.6786	286.1548
394.1667	286.1548
394.1667	286.6667
393.6548	286.6667
393.6548	287.1786
393.1429	287.1786
393.1429	287.6905
392.6310	287.6905
392.6310	288.2024
392.1191	288.2024
392.1191	289.2262
390.0715	289.2262
390.0715	289.7382
389.0477	289.7382
389.0477	290.2501
388.0239	290.2501
388.0239	290.7620
387.5120	290.7620
387.5120	291.2739
387.0001	291.2739
387.0001	291.7858
386.4882	291.7858
386.4882	292.2977
385.9763	292.2977
385.9763	292.8096
385.4644	292.8096
385.4644	293.8334
384.9525	293.8334
384.9525	294.8572
384.4405	294.8572
384.4405	295.8810
383.9286	295.8810
383.9286	296.3929
383.4167	296.3929
383.4167	296.9048
382.9048	296.9048
382.9048	297.9286
382.3929	297.9286
382.3929	298.4405
381.8810	298.4405
381.8810	298.9524
381.3691	298.9524
381.3691	299.4643
380.8572	299.4643
380.8572	300.4882
380.3453	300.4882
380.3453	301.0001
379.8334	301.0001
379.8334	301.5120
379.3215	301.5120
379.3215	302.0239
378.8096	302.0239
378.8096	303.0477
376.2501	303.0477
376.2501	303.5596
373.6905	303.5596
373.6905	304.0715
372.6667	304.0715
372.6667	304.5834
371.6429	304.5834
371.6429	305.0953
370.6191	305.0953
370.6191	305.6072
370.1072	305.6072
370.1072	306.1191
369.0834	306.1191
369.0834	306.6310
368.0596	306.6310
368.0596	307.1429
367.5477	307.1429
367.5477	306.6310
364.9882	306.6310
364.9882	306.1191
361.9167	306.1191
361.9167	305.6072
356.7977	305.6072
356.7977	305.0953
354.2382	305.0953
354.2382	304.5834
348.0953	304.5834
348.0953	304.0715
346.0477	304.0715
346.0477	303.5596
343.4882	303.5596
343.4882	303.0477
342.4644	303.0477
342.4644	302.5358
341.4405	302.5358
341.4405	302.0239
340.9286	302.0239
340.9286	301.5120
339.9048	301.5120
339.9048	301.0001
338.8810	301.0001
338.8810	300.4882
337.8572	300.4882
337.8572	299.9762
335.8096	299.9762
335.8096	299.4643
334.7858	299.4643
334.7858	298.9524
333.7620	298.9524
333.7620	298.4405
332.7382	298.4405
332.7382	297.9286
330.1786	297.9286
330.1786	297.4167
329.6667	297.4167
329.6667	296.9048
329.1548	296.9048
329.1548	296.3929
328.6429	296.3929
328.6429	295.8810
328.1310	295.8810
328.1310	295.3691
327.6191	295.3691
327.6191	294.3453
327.1072	294.3453
327.1072	293.3215
326.5953	293.3215
326.5953	292.8096
326.0834	292.8096
326.0834	292.2977
325.5715	292.2977
325.5715	291.7858
325.0596	291.7858
325.0596	289.2262
324.5477	289.2262
324.5477	287.6905
324.0358	287.6905
324.0358	286.6667
323.5239	286.6667
323.5239	284.6191
323.0120	284.6191
323.0120	283.5953
322.5001	283.5953
322.5001	283.0834
323.0120	283.0834
323.0120	274.3810
323.5239	274.3810
323.5239	271.8215
324.0358	271.8215
324.0358	269.2620
324.5477	269.2620
324.5477	268.2381
325.0596	268.2381
325.0596	266.7024
325.5715	266.7024
325.5715	265.6786
326.0834	265.6786
326.0834	264.6548
326.5953	264.6548
326.5953	262.6072
327.1072	262.6072
327.1072	260.0477
327.6191	260.0477
327.6191	257.4881
328.1310	257.4881
328.1310	253.9048
328.6429	253.9048
328.6429	253.3929
329.1548	253.3929
329.1548	252.8810
329.6667	252.8810
329.6667	251.8572
330.1786	251.8572
330.1786	250.8334
330.6905	250.8334
330.6905	248.7858
331.2024	248.7858
331.2024	247.7620
331.7143	247.7620
331.7143	245.2024
332.2263	245.2024
332.2263	241.1072
333.2501	241.1072
333.2501	240.5953
333.7620	240.5953
333.7620	240.0834
334.2739	240.0834
334.2739	239.5715
334.7858	239.5715
334.7858	239.0596
335.2977	239.0596
335.2977	238.5477
335.8096	238.5477
335.8096	238.0358
336.3215	238.0358
336.3215	237.0119
336.8334	237.0119
336.8334	235.9881
337.3453	235.9881
337.3453	235.4762
337.8572	235.4762
337.8572	234.9643
338.3691	234.9643
338.3691	234.4524
338.8810	234.4524
338.8810	233.9405
339.3929	233.9405
339.3929	233.4286
339.9048	233.4286
339.9048	232.9167
340.4167	232.9167
340.4167	231.8929
340.9286	231.8929
340.9286	230.8691
341.4405	230.8691
341.4405	229.8453
341.9524	229.8453
341.9524	228.8215
342.4644	228.8215
342.4644	226.2619
342.9763	226.2619
342.9763	223.1905
342.4644	223.1905
342.4644	220.6310
341.9524	220.6310
341.9524	220.1191
342.4644	220.1191
342.4644	219.6072
343.4882	219.6072
