346.5596	223.1905
347.5834	223.1905
347.5834	223.7024
348.6072	223.7024
348.6072	224.2143
351.1667	224.2143
351.1667	224.7262
357.8215	224.7262
357.8215	224.2143
360.3810	224.2143
360.3810	223.7024
361.4048	223.7024
361.4048	224.2143
362.4286	224.2143
362.4286	224.7262
364.9882	224.7262
364.9882	226.7739
365.5001	226.7739
365.5001	227.7977
366.0120	227.7977
366.0120	228.8215
366.5239	228.8215
366.5239	229.3334
367.0358	229.3334
367.0358	229.8453
367.5477	229.8453
367.5477	230.3572
368.0596	230.3572
368.0596	230.8691
368.5715	230.8691
368.5715	231.3810
369.5953	231.3810
369.5953	231.8929
370.6191	231.8929
370.6191	232.4048
372.6667	232.4048
372.6667	232.9167
375.2263	232.9167
375.2263	233.4286
375.7382	233.4286
375.7382	233.9405
376.7620	233.9405
376.7620	234.4524
377.2739	234.4524
377.2739	234.9643
378.2977	234.9643
378.2977	235.4762
378.8096	235.4762
378.8096	235.9881
379.8334	235.9881
379.8334	236.5000
380.8572	236.5000
380.8572	237.0119
382.9048	237.0119
382.9048	237.5239
383.4167	237.5239
383.4167	238.0358
383.9286	238.0358
383.9286	238.5477
384.4405	238.5477
384.4405	239.0596
384.9525	239.0596
384.9525	239.5715
385.4644	239.5715
385.4644	240.0834
385.9763	240.0834
385.9763	240.5953
386.4882	240.5953
386.4882	241.1072
387.0001	241.1072
387.0001	241.6191
388.0239	241.6191
388.0239	242.1310
389.0477	242.1310
389.0477	243.1548
389.5596	243.1548
389.5596	243.6667
390.0715	243.6667
390.0715	244.1786
390.5834	244.1786
390.5834	244.6905
391.0953	244.6905
391.0953	245.2024
391.6072	245.2024
391.6072	245.7143
392.1191	245.7143
392.1191	246.2262
393.1429	246.2262
393.1429	246.7381
394.1667	246.7381
394.1667	247.2500
396.7263	247.2500
396.7263	247.7620
400.3096	247.7620
400.3096	247.2500
401.3334	247.2500
401.3334	248.7858
401.8453	248.7858
401.8453	250.8334
401.3334	250.8334
401.3334	251.3453
400.8215	251.3453
400.8215	252.3691
400.3096	252.3691
400.3096	253.3929
399.7977	253.3929
399.7977	255.9524
399.2858	255.9524
399.2858	259.5358
399.7977	259.5358
399.7977	263.1191
399.2858	263.1191
399.2858	265.6786
398.7739	265.6786
398.7739	269.2620
399.2858	269.2620
399.2858	271.8215
399.7977	271.8215
399.7977	272.8453
400.3096	272.8453
400.3096	273.8691
400.8215	273.8691
400.8215	274.3810
401.3334	274.3810
401.3334	275.4048
401.8453	275.4048
401.8453	275.9167
402.3572	275.9167
402.3572	276.4286
402.8691	276.4286
402.8691	276.9405
400.3096	276.9405
400.3096	277.4524
398.2620	277.4524
398.2620	277.9643
397.2382	277.9643
397.2382	278.4762
396.2144	278.4762
396.2144	278.9881
395.7025	278.9881
395.7025	279.5001
395.1906	279.5001
395.1906	280.0120
394.6786	280.0120
394.6786	280.5239
394.1667	280.5239
394.1667	281.0358
393.6548	281.0358
393.6548	281.5477
393.1429	281.5477
393.1429	282.5715
392.6310	282.5715
392.6310	283.0834
392.1191	283.0834
392.1191	283.5953
391.6072	283.5953
391.6072	284.1072
391.0953	284.1072
391.0953	284.6191
390.5834	284.6191
390.5834	285.1310
390.0715	285.1310
390.0715	285.6429
389.5596	285.6429
389.5596	286.1548
389.0477	286.1548
389.0477	286.6667
388.0239	286.6667
388.0239	287.1786
387.0001	287.1786
387.0001	287.6905
386.4882	287.6905
386.4882	288.2024
385.4644	288.2024
385.4644	288.7143
384.4405	288.7143
384.4405	289.2262
383.4167	289.2262
383.4167	289.7382
382.9048	289.7382
382.9048	290.2501
382.3929	290.2501
382.3929	290.7620
381.8810	290.7620
381.8810	291.2739
380.8572	291.2739
380.8572	291.7858
380.3453	291.7858
380.3453	292.2977
379.8334	292.2977
379.8334	292.8096
379.3215	292.8096
379.3215	293.3215
378.2977	293.3215
378.2977	293.8334
377.7858	293.8334
377.7858	294.3453
376.7620	294.3453
376.7620	294.8572
376.2501	294.8572
376.2501	295.3691
375.2263	295.3691
375.2263	295.8810
374.2025	295.8810
374.2025	296.3929
373.1786	296.3929
373.1786	296.9048
371.6429	296.9048
371.6429	297.4167
370.6191	297.4167
370.6191	297.9286
369.5953	297.9286
369.5953	298.4405
369.0834	298.4405
369.0834	298.9524
367.5477	298.9524
367.5477	298.4405
364.4763	298.4405
364.4763	298.9524
361.9167	298.9524
361.9167	299.4643
360.8929	299.4643
360.8929	299.9762
358.8453	299.9762
358.8453	300.4882
357.8215	300.4882
357.8215	301.0001
356.7977	301.0001
356.7977	301.5120
356.2858	301.5120
356.2858	301.0001
355.2620	301.0001
355.2620	300.4882
354.2382	300.4882
354.2382	299.9762
351.6786	299.9762
351.6786	299.4643
349.1191	299.4643
349.1191	299.9762
348.0953	299.9762
348.0953	299.4643
347.0715	299.4643
347.0715	298.9524
345.5358	298.9524
345.5358	298.4405
344.5120	298.4405
344.5120	297.9286
343.4882	297.9286
343.4882	297.4167
340.9286	297.4167
340.9286	296.9048
337.8572	296.9048
337.8572	297.4167
336.8334	297.4167
336.8334	296.9048
335.8096	296.9048
335.8096	296.3929
334.7858	296.3929
334.7858	295.8810
334.2739	295.8810
334.2739	295.3691
333.7620	295.3691
333.7620	294.8572
332.7382	294.8572
332.7382	294.3453
332.2263	294.3453
332.2263	293.8334
331.7143	293.8334
331.7143	293.3215
331.2024	293.3215
331.2024	292.8096
330.6905	292.8096
330.6905	292.2977
330.1786	292.2977
330.1786	291.7858
329.6667	291.7858
329.6667	291.2739
329.1548	291.2739
329.1548	290.7620
328.6429	290.7620
328.6429	290.2501
328.1310	290.2501
328.1310	289.7382
327.6191	289.7382
327.6191	289.2262
327.1072	289.2262
327.1072	288.7143
326.5953	288.7143
326.5953	285.6429
326.0834	285.6429
326.0834	283.0834
325.5715	283.0834
325.5715	282.0596
325.0596	282.0596
325.0596	281.0358
324.5477	281.0358
324.5477	280.5239
324.0358	280.5239
324.0358	280.0120
323.5239	280.0120
323.5239	278.9881
323.0120	278.9881
323.0120	277.4524
322.5001	277.4524
322.5001	276.4286
323.0120	276.4286
323.0120	271.8215
322.5001	271.8215
322.5001	269.2620
321.9882	269.2620
321.9882	268.2381
321.4763	268.2381
321.4763	267.2143
320.9643	267.2143
320.9643	266.7024
320.4524	266.7024
320.4524	265.6786
319.9405	265.6786
319.9405	264.6548
320.4524	264.6548
320.4524	264.1429
320.9643	264.1429
320.9643	263.6310
321.4763	263.6310
321.4763	263.1191
321.9882	263.1191
321.9882	262.0953
322.5001	262.0953
322.5001	261.0715
323.0120	261.0715
323.0120	260.5596
323.5239	260.5596
323.5239	259.5358
324.0358	259.5358
324.0358	258.5120
324.5477	258.5120
324.5477	256.4643
325.0596	256.4643
325.0596	253.9048
325.5715	253.9048
325.5715	251.3453
325.0596	251.3453
325.0596	250.3215
325.5715	250.3215
325.5715	248.2739
326.0834	248.2739
326.0834	247.7620
326.5953	247.7620
326.5953	247.2500
327.1072	247.2500
327.1072	246.7381
327.6191	246.7381
327.6191	245.7143
328.1310	245.7143
328.1310	244.6905
328.6429	244.6905
328.6429	242.6429
329.1548	242.6429
329.1548	240.0834
329.6667	240.0834
329.6667	239.5715
330.1786	239.5715
330.1786	239.0596
330.6905	239.0596
330.6905	238.5477
331.2024	238.5477
331.2024	237.5239
331.7143	237.5239
331.7143	237.0119
332.2263	237.0119
332.2263	236.5000
332.7382	236.5000
332.7382	235.4762
333.2501	235.4762
333.2501	234.4524
333.7620	234.4524
333.7620	233.4286
334.2739	233.4286
334.2739	232.9167
334.7858	232.9167
334.7858	232.4048
335.2977	232.4048
335.2977	231.3810
335.8096	231.3810
335.8096	230.3572
336.3215	230.3572
336.3215	228.3096
336.8334	228.3096
336.8334	227.7977
337.8572	227.7977
337.8572	227.2858
338.3691	227.2858
338.3691	226.7739
339.3929	226.7739
339.3929	226.2619
340.4167	226.2619
340.4167	225.7500
340.9286	225.7500
340.9286	225.2381
341.4405	225.2381
341.4405	224.7262
341.9524	224.7262
341.9524	224.2143
342.4644	224.2143
342.4644	223.7024
342.9763	223.7024
342.9763	223.1905
343.4882	223.1905
343.4882	222.6786
346.5596	222.6786
