354.7501	214.4881
355.7739	214.4881
355.7739	215.0000
356.7977	215.0000
356.7977	215.5119
357.8215	215.5119
357.8215	216.0239
359.3572	216.0239
359.3572	216.5358
359.8691	216.5358
359.8691	217.0477
360.3810	217.0477
360.3810	217.5596
361.4048	217.5596
361.4048	218.0715
362.4286	218.0715
362.4286	218.5834
363.4525	218.5834
363.4525	219.0953
364.4763	219.0953
364.4763	219.6072
366.0120	219.6072
366.0120	220.1191
366.5239	220.1191
366.5239	222.1667
367.0358	222.1667
367.0358	223.1905
367.5477	223.1905
367.5477	224.2143
368.0596	224.2143
368.0596	224.7262
368.5715	224.7262
368.5715	225.2381
369.0834	225.2381
369.0834	225.7500
369.5953	225.7500
369.5953	226.2619
370.1072	226.2619
370.1072	226.7739
370.6191	226.7739
370.6191	227.2858
371.6429	227.2858
371.6429	227.7977
372.1548	227.7977
372.1548	228.3096
372.6667	228.3096
372.6667	228.8215
373.6905	228.8215
373.6905	229.3334
374.7144	229.3334
374.7144	229.8453
375.7382	229.8453
375.7382	230.3572
377.2739	230.3572
377.2739	230.8691
377.7858	230.8691
377.7858	231.3810
378.2977	231.3810
378.2977	231.8929
378.8096	231.8929
378.8096	232.4048
379.3215	232.4048
379.3215	232.9167
379.8334	232.9167
379.8334	233.4286
380.8572	233.4286
380.8572	233.9405
381.3691	233.9405
381.3691	234.4524
381.8810	234.4524
381.8810	234.9643
382.9048	234.9643
382.9048	235.4762
383.4167	235.4762
383.4167	235.9881
384.4405	235.9881
384.4405	236.5000
385.4644	236.5000
385.4644	237.0119
388.0239	237.0119
388.0239	237.5239
390.0715	237.5239
390.0715	238.0358
390.5834	238.0358
390.5834	238.5477
391.0953	238.5477
391.0953	239.0596
391.6072	239.0596
391.6072	240.5953
392.1191	240.5953
392.1191	241.6191
392.6310	241.6191
392.6310	242.6429
393.1429	242.6429
393.1429	243.1548
393.6548	243.1548
393.6548	243.6667
394.1667	243.6667
394.1667	244.1786
394.6786	244.1786
394.6786	244.6905
395.1906	244.6905
395.1906	245.2024
396.2144	245.2024
396.2144	245.7143
397.2382	245.7143
397.2382	246.2262
398.2620	246.2262
398.2620	246.7381
397.7501	246.7381
397.7501	249.2977
397.2382	249.2977
397.2382	253.9048
397.7501	253.9048
397.7501	256.9762
398.2620	256.9762
398.2620	259.5358
398.7739	259.5358
398.7739	260.5596
399.2858	260.5596
399.2858	261.5834
399.7977	261.5834
399.7977	262.6072
400.3096	262.6072
400.3096	263.6310
400.8215	263.6310
400.8215	266.1905
401.3334	266.1905
401.3334	270.2858
400.8215	270.2858
400.8215	270.7977
400.3096	270.7977
400.3096	271.3096
399.2858	271.3096
399.2858	271.8215
398.2620	271.8215
398.2620	272.3334
397.2382	272.3334
397.2382	272.8453
396.7263	272.8453
396.7263	273.3572
396.2144	273.3572
396.2144	273.8691
395.7025	273.8691
395.7025	274.3810
395.1906	274.3810
395.1906	274.8929
394.6786	274.8929
394.6786	275.4048
394.1667	275.4048
394.1667	276.4286
393.6548	276.4286
393.6548	277.4524
393.1429	277.4524
393.1429	278.4762
392.6310	278.4762
392.6310	278.9881
392.1191	278.9881
392.1191	279.5001
390.5834	279.5001
390.5834	280.0120
389.5596	280.0120
389.5596	280.5239
388.5358	280.5239
388.5358	281.0358
388.0239	281.0358
388.0239	281.5477
387.5120	281.5477
387.5120	282.0596
387.0001	282.0596
387.0001	282.5715
386.4882	282.5715
386.4882	283.0834
385.9763	283.0834
385.9763	283.5953
385.4644	283.5953
385.4644	284.6191
384.9525	284.6191
384.9525	285.6429
384.4405	285.6429
384.4405	286.6667
382.9048	286.6667
382.9048	287.1786
381.8810	287.1786
381.8810	287.6905
380.3453	287.6905
380.3453	288.2024
379.3215	288.2024
379.3215	288.7143
378.2977	288.7143
378.2977	289.2262
377.2739	289.2262
377.2739	289.7382
376.7620	289.7382
376.7620	290.2501
376.2501	290.2501
376.2501	290.7620
375.7382	290.7620
375.7382	291.2739
375.2263	291.2739
375.2263	291.7858
374.7144	291.7858
374.7144	292.2977
374.2025	292.2977
374.2025	292.8096
373.6905	292.8096
373.6905	293.3215
373.1786	293.3215
373.1786	294.3453
372.6667	294.3453
372.6667	294.8572
368.0596	294.8572
368.0596	295.3691
365.5001	295.3691
365.5001	295.8810
364.4763	295.8810
364.4763	296.3929
363.4525	296.3929
363.4525	296.9048
362.9405	296.9048
362.9405	297.4167
362.4286	297.4167
362.4286	297.9286
361.9167	297.9286
361.9167	298.4405
360.8929	298.4405
360.8929	298.9524
360.3810	298.9524
360.3810	299.4643
359.3572	299.4643
359.3572	299.9762
356.7977	299.9762
356.7977	300.4882
351.1667	300.4882
351.1667	299.9762
348.6072	299.9762
348.6072	299.4643
345.5358	299.4643
345.5358	298.9524
343.4882	298.9524
343.4882	298.4405
342.4644	298.4405
342.4644	297.9286
341.4405	297.9286
341.4405	297.4167
339.3929	297.4167
339.3929	296.9048
338.8810	296.9048
338.8810	296.3929
338.3691	296.3929
338.3691	295.8810
337.3453	295.8810
337.3453	295.3691
336.3215	295.3691
336.3215	294.8572
335.8096	294.8572
335.8096	294.3453
334.7858	294.3453
334.7858	293.8334
333.7620	293.8334
333.7620	293.3215
331.7143	293.3215
331.7143	292.8096
331.2024	292.8096
331.2024	292.2977
330.1786	292.2977
330.1786	291.7858
329.1548	291.7858
329.1548	291.2739
328.1310	291.2739
328.1310	290.7620
327.1072	290.7620
327.1072	290.2501
326.5953	290.2501
326.5953	289.7382
326.0834	289.7382
326.0834	289.2262
325.5715	289.2262
325.5715	288.7143
324.5477	288.7143
324.5477	288.2024
324.0358	288.2024
324.0358	287.6905
323.5239	287.6905
323.5239	287.1786
323.0120	287.1786
323.0120	286.1548
322.5001	286.1548
322.5001	285.6429
321.9882	285.6429
321.9882	285.1310
321.4763	285.1310
321.4763	284.6191
320.9643	284.6191
320.9643	282.0596
321.4763	282.0596
321.4763	279.5001
321.9882	279.5001
321.9882	272.8453
322.5001	272.8453
322.5001	270.2858
321.9882	270.2858
321.9882	267.7262
321.4763	267.7262
321.4763	267.2143
321.9882	267.2143
321.9882	264.6548
321.4763	264.6548
321.4763	258.0000
321.9882	258.0000
321.9882	255.4405
321.4763	255.4405
321.4763	254.4167
321.9882	254.4167
321.9882	253.3929
322.5001	253.3929
322.5001	252.3691
323.0120	252.3691
323.0120	250.3215
323.5239	250.3215
323.5239	247.7620
324.0358	247.7620
324.0358	244.1786
323.5239	244.1786
323.5239	243.1548
324.0358	243.1548
324.0358	242.6429
324.5477	242.6429
324.5477	242.1310
325.0596	242.1310
325.0596	241.1072
325.5715	241.1072
325.5715	240.0834
326.0834	240.0834
326.0834	237.5239
328.6429	237.5239
328.6429	237.0119
329.6667	237.0119
329.6667	236.5000
330.6905	236.5000
330.6905	235.9881
331.7143	235.9881
331.7143	235.4762
332.2263	235.4762
332.2263	234.9643
332.7382	234.9643
332.7382	234.4524
333.2501	234.4524
333.2501	233.9405
333.7620	233.9405
333.7620	233.4286
334.2739	233.4286
334.2739	232.4048
335.2977	232.4048
335.2977	231.8929
335.8096	231.8929
335.8096	231.3810
336.3215	231.3810
336.3215	230.8691
336.8334	230.8691
336.8334	230.3572
337.3453	230.3572
337.3453	229.8453
337.8572	229.8453
337.8572	228.8215
338.3691	228.8215
338.3691	227.7977
338.8810	227.7977
338.8810	225.7500
339.3929	225.7500
339.3929	225.2381
339.9048	225.2381
339.9048	224.7262
340.4167	224.7262
340.4167	224.2143
340.9286	224.2143
340.9286	223.7024
341.4405	223.7024
341.4405	223.1905
341.9524	223.1905
341.9524	222.1667
342.4644	222.1667
342.4644	221.1429
342.9763	221.1429
342.9763	220.1191
343.4882	220.1191
343.4882	219.6072
345.0239	219.6072
345.0239	219.0953
346.0477	219.0953
346.0477	218.5834
347.0715	218.5834
347.0715	218.0715
347.5834	218.0715
347.5834	217.5596
348.0953	217.5596
348.0953	217.0477
348.6072	217.0477
348.6072	216.5358
349.1191	216.5358
349.1191	216.0239
349.6310	216.0239
349.6310	215.5119
350.6548	215.5119
350.6548	215.0000
351.1667	215.0000
351.1667	214.4881
352.1905	214.4881
352.1905	213.9762
354.7501	213.9762
