354.2382	215.0000
355.2620	215.0000
355.2620	215.5119
355.7739	215.5119
355.7739	216.0239
356.2858	216.0239
356.2858	216.5358
356.7977	216.5358
356.7977	217.0477
357.8215	217.0477
357.8215	217.5596
358.8453	217.5596
358.8453	218.0715
361.4048	218.0715
361.4048	218.5834
364.4763	218.5834
364.4763	219.0953
366.5239	219.0953
366.5239	219.6072
367.5477	219.6072
367.5477	221.1429
368.0596	221.1429
368.0596	222.1667
368.5715	222.1667
368.5715	223.1905
369.0834	223.1905
369.0834	224.2143
369.5953	224.2143
369.5953	224.7262
370.1072	224.7262
370.1072	225.2381
370.6191	225.2381
370.6191	225.7500
371.1310	225.7500
371.1310	226.2619
371.6429	226.2619
371.6429	226.7739
372.6667	226.7739
372.6667	227.2858
373.6905	227.2858
373.6905	227.7977
374.7144	227.7977
374.7144	228.3096
375.7382	228.3096
375.7382	228.8215
377.2739	228.8215
377.2739	229.3334
378.2977	229.3334
378.2977	229.8453
378.8096	229.8453
378.8096	230.3572
379.3215	230.3572
379.3215	230.8691
379.8334	230.8691
379.8334	231.3810
380.3453	231.3810
380.3453	231.8929
381.3691	231.8929
381.3691	232.4048
382.3929	232.4048
382.3929	232.9167
382.9048	232.9167
382.9048	233.4286
383.4167	233.4286
383.4167	233.9405
383.9286	233.9405
383.9286	234.4524
384.4405	234.4524
384.4405	234.9643
385.4644	234.9643
385.4644	235.4762
386.4882	235.4762
386.4882	235.9881
388.0239	235.9881
388.0239	236.5000
390.5834	236.5000
390.5834	237.5239
391.0953	237.5239
391.0953	238.0358
391.6072	238.0358
391.6072	238.5477
392.1191	238.5477
392.1191	239.5715
392.6310	239.5715
392.6310	240.5953
393.1429	240.5953
393.1429	241.1072
393.6548	241.1072
393.6548	241.6191
394.1667	241.6191
394.1667	242.1310
394.6786	242.1310
394.6786	242.6429
395.1906	242.6429
395.1906	243.1548
395.7025	243.1548
395.7025	243.6667
396.2144	243.6667
396.2144	244.1786
397.2382	244.1786
397.2382	244.6905
398.2620	244.6905
398.2620	245.2024
400.8215	245.2024
400.8215	246.2262
400.3096	246.2262
400.3096	247.2500
399.7977	247.2500
399.7977	248.2739
399.2858	248.2739
399.2858	250.8334
398.7739	250.8334
398.7739	256.9762
399.2858	256.9762
399.2858	259.5358
399.7977	259.5358
399.7977	260.5596
400.3096	260.5596
400.3096	261.5834
400.8215	261.5834
400.8215	262.6072
401.3334	262.6072
401.3334	265.1667
401.8453	265.1667
401.8453	266.1905
402.3572	266.1905
402.3572	268.7501
402.8691	268.7501
402.8691	271.3096
403.3810	271.3096
403.3810	272.3334
403.8929	272.3334
403.8929	273.3572
404.4048	273.3572
404.4048	273.8691
404.9167	273.8691
404.9167	274.3810
404.4048	274.3810
404.4048	273.8691
400.8215	273.8691
400.8215	274.3810
398.2620	274.3810
398.2620	274.8929
397.2382	274.8929
397.2382	275.4048
396.2144	275.4048
396.2144	275.9167
395.7025	275.9167
395.7025	276.4286
395.1906	276.4286
395.1906	276.9405
394.6786	276.9405
394.6786	277.4524
394.1667	277.4524
394.1667	277.9643
393.6548	277.9643
393.6548	278.9881
392.6310	278.9881
392.6310	279.5001
391.6072	279.5001
391.6072	280.0120
391.0953	280.0120
391.0953	280.5239
390.5834	280.5239
390.5834	281.0358
390.0715	281.0358
390.0715	281.5477
389.5596	281.5477
389.5596	282.0596
389.0477	282.0596
389.0477	282.5715
388.5358	282.5715
388.5358	283.0834
388.0239	283.0834
388.0239	283.5953
387.5120	283.5953
387.5120	284.1072
387.0001	284.1072
387.0001	284.6191
386.4882	284.6191
386.4882	285.6429
385.4644	285.6429
385.4644	286.1548
384.4405	286.1548
384.4405	286.6667
383.9286	286.6667
383.9286	287.1786
383.4167	287.1786
383.4167	287.6905
382.9048	287.6905
382.9048	288.2024
382.3929	288.2024
382.3929	288.7143
381.8810	288.7143
381.8810	289.2262
381.3691	289.2262
381.3691	290.2501
380.3453	290.2501
380.3453	290.7620
379.3215	290.7620
379.3215	291.2739
378.2977	291.2739
378.2977	291.7858
377.7858	291.7858
377.7858	292.2977
377.2739	292.2977
377.2739	292.8096
376.7620	292.8096
376.7620	293.3215
376.2501	293.3215
376.2501	293.8334
375.7382	293.8334
375.7382	294.3453
374.7144	294.3453
374.7144	294.8572
371.1310	294.8572
371.1310	295.3691
368.5715	295.3691
368.5715	295.8810
367.5477	295.8810
367.5477	296.3929
366.5239	296.3929
366.5239	296.9048
366.0120	296.9048
366.0120	297.4167
365.5001	297.4167
365.5001	297.9286
364.9882	297.9286
364.9882	298.4405
363.9644	298.4405
363.9644	298.9524
362.4286	298.9524
362.4286	299.4643
358.3334	299.4643
358.3334	298.9524
355.2620	298.9524
355.2620	299.4643
352.7024	299.4643
352.7024	299.9762
350.6548	299.9762
350.6548	300.4882
349.6310	300.4882
349.6310	299.9762
347.5834	299.9762
347.5834	299.4643
346.0477	299.4643
346.0477	298.9524
343.4882	298.9524
343.4882	298.4405
339.9048	298.4405
339.9048	297.9286
338.8810	297.9286
338.8810	297.4167
336.8334	297.4167
336.8334	296.9048
336.3215	296.9048
336.3215	296.3929
335.8096	296.3929
335.8096	295.8810
335.2977	295.8810
335.2977	295.3691
334.2739	295.3691
334.2739	294.8572
333.7620	294.8572
333.7620	294.3453
333.2501	294.3453
333.2501	293.8334
332.7382	293.8334
332.7382	293.3215
331.7143	293.3215
331.7143	292.8096
330.6905	292.8096
330.6905	292.2977
330.1786	292.2977
330.1786	291.7858
329.6667	291.7858
329.6667	291.2739
329.1548	291.2739
329.1548	290.7620
328.1310	290.7620
328.1310	290.2501
327.6191	290.2501
327.6191	289.7382
326.5953	289.7382
326.5953	289.2262
326.0834	289.2262
326.0834	288.7143
325.5715	288.7143
325.5715	288.2024
325.0596	288.2024
325.0596	287.6905
324.0358	287.6905
324.0358	286.6667
323.5239	286.6667
323.5239	285.6429
323.0120	285.6429
323.0120	285.1310
322.5001	285.1310
322.5001	282.5715
321.9882	282.5715
321.9882	280.5239
321.4763	280.5239
321.4763	279.5001
320.9643	279.5001
320.9643	275.4048
321.4763	275.4048
321.4763	274.3810
321.9882	274.3810
321.9882	273.3572
322.5001	273.3572
322.5001	270.7977
323.0120	270.7977
323.0120	266.7024
322.5001	266.7024
322.5001	261.5834
323.0120	261.5834
323.0120	257.4881
323.5239	257.4881
323.5239	254.4167
323.0120	254.4167
323.0120	252.3691
323.5239	252.3691
323.5239	250.3215
324.0358	250.3215
324.0358	247.7620
324.5477	247.7620
324.5477	243.6667
325.0596	243.6667
325.0596	243.1548
325.5715	243.1548
325.5715	242.6429
326.0834	242.6429
326.0834	241.6191
326.5953	241.6191
326.5953	240.5953
327.1072	240.5953
327.1072	238.0358
327.6191	238.0358
327.6191	237.5239
329.6667	237.5239
329.6667	237.0119
330.6905	237.0119
330.6905	236.5000
331.7143	236.5000
331.7143	235.9881
332.2263	235.9881
332.2263	235.4762
332.7382	235.4762
332.7382	234.9643
333.2501	234.9643
333.2501	234.4524
333.7620	234.4524
333.7620	233.9405
334.2739	233.9405
334.2739	233.4286
334.7858	233.4286
334.7858	232.9167
335.2977	232.9167
335.2977	232.4048
335.8096	232.4048
335.8096	231.8929
336.3215	231.8929
336.3215	231.3810
336.8334	231.3810
336.8334	230.8691
337.3453	230.8691
337.3453	230.3572
337.8572	230.3572
337.8572	229.3334
338.3691	229.3334
338.3691	228.3096
338.8810	228.3096
338.8810	226.2619
339.3929	226.2619
339.3929	225.7500
339.9048	225.7500
339.9048	225.2381
340.4167	225.2381
340.4167	224.7262
340.9286	224.7262
340.9286	224.2143
341.4405	224.2143
341.4405	223.7024
341.9524	223.7024
341.9524	223.1905
342.4644	223.1905
342.4644	222.1667
342.9763	222.1667
342.9763	221.1429
343.4882	221.1429
343.4882	220.1191
344.0001	220.1191
344.0001	219.6072
345.0239	219.6072
345.0239	219.0953
346.0477	219.0953
346.0477	218.5834
347.0715	218.5834
347.0715	218.0715
347.5834	218.0715
347.5834	217.5596
348.0953	217.5596
348.0953	217.0477
348.6072	217.0477
348.6072	216.5358
349.1191	216.5358
349.1191	216.0239
349.6310	216.0239
349.6310	215.5119
350.6548	215.5119
350.6548	215.0000
351.1667	215.0000
351.1667	214.4881
354.2382	214.4881
