372.6667	212.9524
373.1786	212.9524
373.1786	213.4643
374.2025	213.4643
374.2025	214.4881
374.7144	214.4881
374.7144	215.5119
374.2025	215.5119
374.2025	219.0953
374.7144	219.0953
374.7144	221.6548
375.2263	221.6548
375.2263	222.6786
375.7382	222.6786
375.7382	223.7024
376.2501	223.7024
376.2501	224.2143
376.7620	224.2143
376.7620	224.7262
377.2739	224.7262
377.2739	225.2381
377.7858	225.2381
377.7858	225.7500
378.2977	225.7500
378.2977	226.2619
378.8096	226.2619
378.8096	226.7739
379.8334	226.7739
379.8334	227.2858
380.8572	227.2858
380.8572	227.7977
383.4167	227.7977
383.4167	228.3096
389.0477	228.3096
389.0477	228.8215
390.0715	228.8215
390.0715	229.3334
391.0953	229.3334
391.0953	229.8453
391.6072	229.8453
391.6072	230.3572
392.1191	230.3572
392.1191	230.8691
392.6310	230.8691
392.6310	231.8929
392.1191	231.8929
392.1191	232.9167
391.6072	232.9167
391.6072	235.4762
391.0953	235.4762
391.0953	239.5715
391.6072	239.5715
391.6072	242.1310
392.1191	242.1310
392.1191	243.1548
392.6310	243.1548
392.6310	245.7143
393.1429	245.7143
393.1429	248.2739
393.6548	248.2739
393.6548	249.2977
394.1667	249.2977
394.1667	250.3215
394.6786	250.3215
394.6786	250.8334
395.1906	250.8334
395.1906	251.3453
395.7025	251.3453
395.7025	254.9286
396.2144	254.9286
396.2144	257.4881
396.7263	257.4881
396.7263	258.5120
397.2382	258.5120
397.2382	259.5358
397.7501	259.5358
397.7501	260.0477
398.2620	260.0477
398.2620	262.0953
397.7501	262.0953
397.7501	263.6310
397.2382	263.6310
397.2382	264.6548
396.7263	264.6548
396.7263	265.6786
396.2144	265.6786
396.2144	268.2381
395.7025	268.2381
395.7025	270.7977
395.1906	270.7977
395.1906	273.3572
395.7025	273.3572
395.7025	275.9167
394.6786	275.9167
394.6786	276.4286
393.6548	276.4286
393.6548	276.9405
393.1429	276.9405
393.1429	277.4524
392.6310	277.4524
392.6310	277.9643
392.1191	277.9643
392.1191	278.4762
391.6072	278.4762
391.6072	278.9881
391.0953	278.9881
391.0953	279.5001
390.5834	279.5001
390.5834	280.5239
390.0715	280.5239
390.0715	281.0358
389.5596	281.0358
389.5596	281.5477
389.0477	281.5477
389.0477	282.0596
388.5358	282.0596
388.5358	282.5715
388.0239	282.5715
388.0239	283.0834
387.5120	283.0834
387.5120	284.1072
387.0001	284.1072
387.0001	285.1310
386.4882	285.1310
386.4882	286.1548
385.9763	286.1548
385.9763	286.6667
384.9525	286.6667
384.9525	287.1786
384.4405	287.1786
384.4405	287.6905
383.9286	287.6905
383.9286	288.2024
383.4167	288.2024
383.4167	288.7143
382.9048	288.7143
382.9048	289.2262
382.3929	289.2262
382.3929	290.2501
381.3691	290.2501
381.3691	290.7620
380.3453	290.7620
380.3453	291.2739
379.8334	291.2739
379.8334	291.7858
379.3215	291.7858
379.3215	292.2977
378.8096	292.2977
378.8096	292.8096
378.2977	292.8096
378.2977	293.3215
377.7858	293.3215
377.7858	293.8334
376.7620	293.8334
376.7620	294.3453
375.7382	294.3453
375.7382	294.8572
374.7144	294.8572
374.7144	295.3691
373.6905	295.3691
373.6905	295.8810
371.1310	295.8810
371.1310	296.3929
369.5953	296.3929
369.5953	296.9048
367.0358	296.9048
367.0358	297.4167
365.5001	297.4167
365.5001	297.9286
364.4763	297.9286
364.4763	298.4405
363.4525	298.4405
363.4525	298.9524
362.4286	298.9524
362.4286	299.4643
361.9167	299.4643
361.9167	299.9762
357.3096	299.9762
357.3096	299.4643
354.2382	299.4643
354.2382	299.9762
352.1905	299.9762
352.1905	299.4643
350.6548	299.4643
350.6548	298.9524
349.6310	298.9524
349.6310	298.4405
348.6072	298.4405
348.6072	297.9286
347.5834	297.9286
347.5834	297.4167
346.5596	297.4167
346.5596	296.9048
344.0001	296.9048
344.0001	296.3929
342.4644	296.3929
342.4644	295.8810
341.4405	295.8810
341.4405	295.3691
339.9048	295.3691
339.9048	294.8572
337.8572	294.8572
337.8572	294.3453
336.8334	294.3453
336.8334	293.8334
335.8096	293.8334
335.8096	293.3215
334.7858	293.3215
334.7858	292.8096
333.7620	292.8096
333.7620	292.2977
332.7382	292.2977
332.7382	291.7858
330.6905	291.7858
330.6905	291.2739
329.6667	291.2739
329.6667	290.7620
329.1548	290.7620
329.1548	290.2501
328.6429	290.2501
328.6429	289.7382
328.1310	289.7382
328.1310	289.2262
327.6191	289.2262
327.6191	288.7143
327.1072	288.7143
327.1072	288.2024
326.5953	288.2024
326.5953	287.6905
326.0834	287.6905
326.0834	287.1786
325.0596	287.1786
325.0596	286.6667
324.0358	286.6667
324.0358	286.1548
323.0120	286.1548
323.0120	285.6429
321.4763	285.6429
321.4763	285.1310
318.9167	285.1310
318.9167	284.6191
315.8453	284.6191
315.8453	285.1310
313.2858	285.1310
313.2858	285.6429
312.2620	285.6429
312.2620	286.1548
311.7501	286.1548
311.7501	285.6429
311.2382	285.6429
311.2382	285.1310
310.2143	285.1310
310.2143	284.6191
309.1905	284.6191
309.1905	284.1072
308.1667	284.1072
308.1667	283.5953
307.6548	283.5953
307.6548	283.0834
307.1429	283.0834
307.1429	281.0358
307.6548	281.0358
307.6548	279.5001
308.1667	279.5001
308.1667	278.9881
309.1905	278.9881
309.1905	278.4762
309.7024	278.4762
309.7024	277.9643
312.2620	277.9643
312.2620	277.4524
314.8215	277.4524
314.8215	276.9405
315.8453	276.9405
315.8453	276.4286
316.8691	276.4286
316.8691	275.9167
317.3810	275.9167
317.3810	275.4048
317.8929	275.4048
317.8929	274.8929
318.4048	274.8929
318.4048	274.3810
318.9167	274.3810
318.9167	273.8691
319.4286	273.8691
319.4286	272.8453
319.9405	272.8453
319.9405	271.8215
320.4524	271.8215
320.4524	269.2620
320.9643	269.2620
320.9643	266.7024
320.4524	266.7024
320.4524	264.1429
319.9405	264.1429
319.9405	263.1191
319.4286	263.1191
319.4286	260.0477
319.9405	260.0477
319.9405	256.9762
319.4286	256.9762
319.4286	256.4643
319.9405	256.4643
319.9405	255.4405
320.4524	255.4405
320.4524	254.4167
320.9643	254.4167
320.9643	252.8810
321.4763	252.8810
321.4763	250.8334
321.9882	250.8334
321.9882	248.7858
322.5001	248.7858
322.5001	248.2739
323.0120	248.2739
323.0120	247.2500
323.5239	247.2500
323.5239	246.2262
324.0358	246.2262
324.0358	243.6667
324.5477	243.6667
324.5477	241.6191
325.0596	241.6191
325.0596	240.5953
325.5715	240.5953
325.5715	239.5715
326.0834	239.5715
326.0834	238.5477
326.5953	238.5477
326.5953	238.0358
327.1072	238.0358
327.1072	237.5239
327.6191	237.5239
327.6191	237.0119
328.1310	237.0119
328.1310	236.5000
328.6429	236.5000
328.6429	235.9881
329.1548	235.9881
329.1548	234.9643
329.6667	234.9643
329.6667	233.9405
330.1786	233.9405
330.1786	232.4048
330.6905	232.4048
330.6905	231.3810
331.2024	231.3810
331.2024	230.3572
331.7143	230.3572
331.7143	229.8453
332.2263	229.8453
332.2263	228.8215
332.7382	228.8215
332.7382	227.7977
333.2501	227.7977
333.2501	227.2858
333.7620	227.2858
333.7620	226.7739
334.7858	226.7739
334.7858	226.2619
335.8096	226.2619
335.8096	226.7739
337.8572	226.7739
337.8572	227.2858
339.9048	227.2858
339.9048	227.7977
342.4644	227.7977
342.4644	228.3096
347.0715	228.3096
347.0715	227.7977
349.6310	227.7977
349.6310	227.2858
350.6548	227.2858
350.6548	226.7739
353.2144	226.7739
353.2144	226.2619
354.2382	226.2619
354.2382	225.7500
355.2620	225.7500
355.2620	225.2381
356.2858	225.2381
356.2858	224.7262
356.7977	224.7262
356.7977	224.2143
357.8215	224.2143
357.8215	223.7024
360.3810	223.7024
360.3810	223.1905
362.9405	223.1905
362.9405	222.6786
363.9644	222.6786
363.9644	222.1667
364.9882	222.1667
364.9882	221.6548
366.0120	221.6548
366.0120	221.1429
366.5239	221.1429
366.5239	220.6310
367.0358	220.6310
367.0358	220.1191
367.5477	220.1191
367.5477	219.6072
368.0596	219.6072
368.0596	219.0953
368.5715	219.0953
368.5715	218.0715
369.0834	218.0715
369.0834	217.0477
369.5953	217.0477
369.5953	215.0000
370.1072	215.0000
370.1072	212.4405
372.6667	212.4405
