365.5001	220.6310
368.5715	220.6310
368.5715	221.1429
371.1310	221.1429
371.1310	220.6310
372.1548	220.6310
372.1548	221.1429
373.1786	221.1429
373.1786	221.6548
375.7382	221.6548
375.7382	222.1667
379.8334	222.1667
379.8334	222.6786
380.8572	222.6786
380.8572	223.1905
381.3691	223.1905
381.3691	224.7262
381.8810	224.7262
381.8810	225.7500
382.3929	225.7500
382.3929	226.7739
382.9048	226.7739
382.9048	227.2858
383.4167	227.2858
383.4167	227.7977
383.9286	227.7977
383.9286	228.3096
384.4405	228.3096
384.4405	228.8215
384.9525	228.8215
384.9525	229.3334
385.9763	229.3334
385.9763	229.8453
387.0001	229.8453
387.0001	230.3572
388.0239	230.3572
388.0239	230.8691
389.0477	230.8691
389.0477	231.3810
389.5596	231.3810
389.5596	231.8929
390.5834	231.8929
390.5834	232.4048
391.0953	232.4048
391.0953	232.9167
391.6072	232.9167
391.6072	233.4286
392.6310	233.4286
392.6310	233.9405
393.6548	233.9405
393.6548	234.4524
396.2144	234.4524
396.2144	234.9643
398.7739	234.9643
398.7739	234.4524
400.8215	234.4524
400.8215	234.9643
401.8453	234.9643
401.8453	236.5000
401.3334	236.5000
401.3334	237.5239
400.8215	237.5239
400.8215	240.0834
400.3096	240.0834
400.3096	243.1548
399.7977	243.1548
399.7977	244.1786
399.2858	244.1786
399.2858	246.7381
398.7739	246.7381
398.7739	251.3453
398.2620	251.3453
398.2620	258.5120
398.7739	258.5120
398.7739	261.0715
399.2858	261.0715
399.2858	262.0953
399.7977	262.0953
399.7977	263.1191
400.3096	263.1191
400.3096	263.6310
400.8215	263.6310
400.8215	264.1429
401.3334	264.1429
401.3334	264.6548
401.8453	264.6548
401.8453	270.7977
402.3572	270.7977
402.3572	272.8453
401.8453	272.8453
401.8453	273.8691
401.3334	273.8691
401.3334	276.4286
400.8215	276.4286
400.8215	280.5239
401.3334	280.5239
401.3334	283.0834
401.8453	283.0834
401.8453	284.1072
402.3572	284.1072
402.3572	285.6429
399.7977	285.6429
399.7977	286.1548
397.7501	286.1548
397.7501	286.6667
396.7263	286.6667
396.7263	287.1786
395.7025	287.1786
395.7025	287.6905
395.1906	287.6905
395.1906	288.2024
394.6786	288.2024
394.6786	288.7143
394.1667	288.7143
394.1667	289.2262
393.6548	289.2262
393.6548	289.7382
393.1429	289.7382
393.1429	290.2501
392.6310	290.2501
392.6310	291.2739
392.1191	291.2739
392.1191	291.7858
391.6072	291.7858
391.6072	292.2977
391.0953	292.2977
391.0953	293.3215
390.5834	293.3215
390.5834	294.3453
390.0715	294.3453
390.0715	296.9048
389.5596	296.9048
389.5596	299.4643
390.0715	299.4643
390.0715	301.0001
389.5596	301.0001
389.5596	300.4882
389.0477	300.4882
389.0477	299.9762
388.0239	299.9762
388.0239	299.4643
387.0001	299.4643
387.0001	298.9524
384.4405	298.9524
384.4405	298.4405
381.8810	298.4405
381.8810	298.9524
379.3215	298.9524
379.3215	299.4643
378.2977	299.4643
378.2977	299.9762
377.2739	299.9762
377.2739	300.4882
375.7382	300.4882
375.7382	301.0001
374.7144	301.0001
374.7144	301.5120
373.6905	301.5120
373.6905	302.0239
373.1786	302.0239
373.1786	302.5358
372.6667	302.5358
372.6667	303.0477
372.1548	303.0477
372.1548	303.5596
371.6429	303.5596
371.6429	304.0715
371.1310	304.0715
371.1310	304.5834
370.1072	304.5834
370.1072	305.0953
367.5477	305.0953
367.5477	305.6072
366.5239	305.6072
366.5239	306.1191
365.5001	306.1191
365.5001	306.6310
364.9882	306.6310
364.9882	307.1429
364.4763	307.1429
364.4763	307.6548
363.9644	307.6548
363.9644	308.1667
363.4525	308.1667
363.4525	308.6786
362.9405	308.6786
362.9405	309.1905
362.4286	309.1905
362.4286	310.2143
361.9167	310.2143
361.9167	310.7262
359.3572	310.7262
359.3572	311.2382
357.3096	311.2382
357.3096	310.7262
356.7977	310.7262
356.7977	310.2143
356.2858	310.2143
356.2858	309.7024
355.7739	309.7024
355.7739	309.1905
355.2620	309.1905
355.2620	308.1667
354.7501	308.1667
354.7501	307.6548
354.2382	307.6548
354.2382	307.1429
353.7263	307.1429
353.7263	306.6310
353.2144	306.6310
353.2144	306.1191
352.7024	306.1191
352.7024	305.6072
351.6786	305.6072
351.6786	305.0953
350.6548	305.0953
350.6548	304.5834
348.6072	304.5834
348.6072	304.0715
346.5596	304.0715
346.5596	303.5596
345.0239	303.5596
345.0239	303.0477
344.0001	303.0477
344.0001	302.5358
342.9763	302.5358
342.9763	302.0239
341.9524	302.0239
341.9524	301.5120
340.4167	301.5120
340.4167	301.0001
338.8810	301.0001
338.8810	300.4882
337.3453	300.4882
337.3453	299.9762
336.8334	299.9762
336.8334	299.4643
335.8096	299.4643
335.8096	298.9524
334.7858	298.9524
334.7858	298.4405
332.2263	298.4405
332.2263	297.9286
329.1548	297.9286
329.1548	297.4167
328.6429	297.4167
328.6429	296.3929
328.1310	296.3929
328.1310	295.3691
327.6191	295.3691
327.6191	294.8572
327.1072	294.8572
327.1072	294.3453
326.5953	294.3453
326.5953	293.8334
326.0834	293.8334
326.0834	293.3215
325.5715	293.3215
325.5715	292.8096
324.5477	292.8096
324.5477	292.2977
323.5239	292.2977
323.5239	291.7858
320.9643	291.7858
320.9643	291.2739
318.4048	291.2739
318.4048	291.7858
315.8453	291.7858
315.8453	292.2977
314.8215	292.2977
314.8215	292.8096
313.7977	292.8096
313.7977	293.3215
313.2858	293.3215
313.2858	293.8334
309.7024	293.8334
309.7024	293.3215
308.6786	293.3215
308.6786	292.8096
308.1667	292.8096
308.1667	288.7143
309.1905	288.7143
309.1905	288.2024
309.7024	288.2024
309.7024	287.6905
310.2143	287.6905
310.2143	287.1786
310.7262	287.1786
310.7262	286.6667
311.2382	286.6667
311.2382	286.1548
311.7501	286.1548
311.7501	285.6429
312.2620	285.6429
312.2620	284.6191
312.7739	284.6191
312.7739	283.5953
313.2858	283.5953
313.2858	281.0358
313.7977	281.0358
313.7977	276.9405
313.2858	276.9405
313.2858	274.3810
312.7739	274.3810
312.7739	273.3572
312.2620	273.3572
312.2620	272.3334
311.7501	272.3334
311.7501	271.3096
311.2382	271.3096
311.2382	270.7977
310.7262	270.7977
310.7262	270.2858
310.2143	270.2858
310.2143	269.7739
309.7024	269.7739
309.7024	269.2620
309.1905	269.2620
309.1905	268.7501
308.1667	268.7501
308.1667	268.2381
307.1429	268.2381
307.1429	267.7262
304.5834	267.7262
304.5834	267.2143
299.9762	267.2143
299.9762	266.7024
297.4167	266.7024
297.4167	265.6786
301.0001	265.6786
301.0001	266.1905
304.0715	266.1905
304.0715	265.6786
306.6310	265.6786
306.6310	265.1667
307.6548	265.1667
307.6548	264.6548
308.6786	264.6548
308.6786	264.1429
309.1905	264.1429
309.1905	263.6310
309.7024	263.6310
309.7024	263.1191
310.2143	263.1191
310.2143	262.6072
310.7262	262.6072
310.7262	262.0953
311.2382	262.0953
311.2382	261.0715
311.7501	261.0715
311.7501	260.0477
312.2620	260.0477
312.2620	258.0000
312.7739	258.0000
312.7739	255.4405
313.2858	255.4405
313.2858	252.8810
313.7977	252.8810
313.7977	249.2977
314.3096	249.2977
314.3096	247.7620
314.8215	247.7620
314.8215	245.7143
315.3334	245.7143
315.3334	243.1548
315.8453	243.1548
315.8453	242.1310
316.3572	242.1310
316.3572	241.6191
316.8691	241.6191
316.8691	241.1072
317.3810	241.1072
317.3810	240.0834
317.8929	240.0834
317.8929	239.0596
318.4048	239.0596
318.4048	238.0358
318.9167	238.0358
318.9167	236.5000
319.4286	236.5000
319.4286	235.9881
319.9405	235.9881
319.9405	235.4762
320.9643	235.4762
320.9643	234.9643
321.9882	234.9643
321.9882	234.4524
322.5001	234.4524
322.5001	233.9405
323.0120	233.9405
323.0120	233.4286
323.5239	233.4286
323.5239	232.9167
324.0358	232.9167
324.0358	232.4048
324.5477	232.4048
324.5477	231.8929
325.0596	231.8929
325.0596	230.8691
325.5715	230.8691
325.5715	230.3572
326.0834	230.3572
326.0834	229.8453
327.1072	229.8453
327.1072	229.3334
327.6191	229.3334
327.6191	228.8215
328.1310	228.8215
328.1310	228.3096
328.6429	228.3096
328.6429	227.7977
329.1548	227.7977
329.1548	227.2858
329.6667	227.2858
329.6667	226.7739
330.1786	226.7739
330.1786	226.2619
330.6905	226.2619
330.6905	225.7500
332.7382	225.7500
332.7382	225.2381
333.7620	225.2381
333.7620	224.7262
334.7858	224.7262
334.7858	224.2143
336.3215	224.2143
336.3215	223.7024
337.3453	223.7024
337.3453	223.1905
338.3691	223.1905
338.3691	222.6786
340.9286	222.6786
340.9286	222.1667
351.1667	222.1667
351.1667	221.6548
353.7263	221.6548
353.7263	221.1429
356.7977	221.1429
356.7977	221.6548
361.4048	221.6548
361.4048	221.1429
363.9644	221.1429
363.9644	220.6310
364.9882	220.6310
364.9882	220.1191
365.5001	220.1191
