372.1548	218.5834
373.1786	218.5834
373.1786	219.0953
374.2025	219.0953
374.2025	219.6072
376.2501	219.6072
376.2501	220.1191
376.7620	220.1191
376.7620	220.6310
377.2739	220.6310
377.2739	221.1429
377.7858	221.1429
377.7858	221.6548
378.8096	221.6548
378.8096	222.1667
379.8334	222.1667
379.8334	222.6786
380.8572	222.6786
380.8572	223.1905
383.4167	223.1905
383.4167	223.7024
384.4405	223.7024
384.4405	224.7262
384.9525	224.7262
384.9525	225.2381
385.4644	225.2381
385.4644	225.7500
385.9763	225.7500
385.9763	226.2619
386.4882	226.2619
386.4882	228.8215
387.0001	228.8215
387.0001	229.8453
387.5120	229.8453
387.5120	230.8691
388.0239	230.8691
388.0239	231.3810
388.5358	231.3810
388.5358	231.8929
389.0477	231.8929
389.0477	232.4048
389.5596	232.4048
389.5596	232.9167
390.0715	232.9167
390.0715	233.4286
391.0953	233.4286
391.0953	233.9405
392.1191	233.9405
392.1191	234.4524
394.6786	234.4524
394.6786	234.9643
397.7501	234.9643
397.7501	234.4524
400.3096	234.4524
400.3096	233.9405
401.3334	233.9405
401.3334	233.4286
402.3572	233.4286
402.3572	233.9405
403.3810	233.9405
403.3810	234.4524
403.8929	234.4524
403.8929	234.9643
404.4048	234.9643
404.4048	235.9881
403.8929	235.9881
403.8929	236.5000
403.3810	236.5000
403.3810	237.0119
402.8691	237.0119
402.8691	237.5239
402.3572	237.5239
402.3572	238.0358
401.8453	238.0358
401.8453	239.0596
401.3334	239.0596
401.3334	240.0834
400.8215	240.0834
400.8215	242.6429
400.3096	242.6429
400.3096	245.2024
400.8215	245.2024
400.8215	248.2739
400.3096	248.2739
400.3096	251.8572
400.8215	251.8572
400.8215	254.4167
401.3334	254.4167
401.3334	255.9524
401.8453	255.9524
401.8453	256.9762
402.3572	256.9762
402.3572	258.0000
402.8691	258.0000
402.8691	260.5596
403.3810	260.5596
403.3810	261.5834
403.8929	261.5834
403.8929	262.6072
404.4048	262.6072
404.4048	263.6310
404.9167	263.6310
404.9167	270.2858
405.4286	270.2858
405.4286	271.8215
404.9167	271.8215
404.9167	272.8453
404.4048	272.8453
404.4048	275.4048
403.8929	275.4048
403.8929	280.5239
403.3810	280.5239
403.3810	284.6191
402.8691	284.6191
402.8691	285.1310
402.3572	285.1310
402.3572	285.6429
401.8453	285.6429
401.8453	286.1548
401.3334	286.1548
401.3334	286.6667
400.8215	286.6667
400.8215	287.1786
400.3096	287.1786
400.3096	287.6905
399.7977	287.6905
399.7977	288.2024
399.2858	288.2024
399.2858	288.7143
398.7739	288.7143
398.7739	289.2262
398.2620	289.2262
398.2620	289.7382
397.7501	289.7382
397.7501	290.2501
397.2382	290.2501
397.2382	290.7620
396.7263	290.7620
396.7263	291.2739
396.2144	291.2739
396.2144	291.7858
395.7025	291.7858
395.7025	292.2977
395.1906	292.2977
395.1906	293.3215
394.6786	293.3215
394.6786	294.3453
394.1667	294.3453
394.1667	296.9048
393.6548	296.9048
393.6548	299.4643
394.1667	299.4643
394.1667	302.0239
394.6786	302.0239
394.6786	303.0477
395.1906	303.0477
395.1906	304.0715
395.7025	304.0715
395.7025	306.1191
393.6548	306.1191
393.6548	306.6310
392.6310	306.6310
392.6310	306.1191
391.6072	306.1191
391.6072	305.6072
391.0953	305.6072
391.0953	305.0953
390.5834	305.0953
390.5834	304.5834
390.0715	304.5834
390.0715	304.0715
389.5596	304.0715
389.5596	303.5596
389.0477	303.5596
389.0477	303.0477
388.0239	303.0477
388.0239	302.5358
387.0001	302.5358
387.0001	302.0239
384.4405	302.0239
384.4405	301.5120
381.3691	301.5120
381.3691	302.0239
378.8096	302.0239
378.8096	302.5358
377.7858	302.5358
377.7858	303.0477
375.2263	303.0477
375.2263	303.5596
374.2025	303.5596
374.2025	304.0715
373.1786	304.0715
373.1786	304.5834
372.1548	304.5834
372.1548	305.0953
371.6429	305.0953
371.6429	305.6072
371.1310	305.6072
371.1310	306.1191
370.6191	306.1191
370.6191	306.6310
366.0120	306.6310
366.0120	307.1429
363.4525	307.1429
363.4525	307.6548
362.4286	307.6548
362.4286	308.1667
361.4048	308.1667
361.4048	308.6786
360.8929	308.6786
360.8929	309.1905
359.8691	309.1905
359.8691	309.7024
358.8453	309.7024
358.8453	310.2143
355.2620	310.2143
355.2620	309.1905
354.7501	309.1905
354.7501	308.6786
354.2382	308.6786
354.2382	308.1667
353.7263	308.1667
353.7263	307.6548
353.2144	307.6548
353.2144	307.1429
352.7024	307.1429
352.7024	306.6310
352.1905	306.6310
352.1905	306.1191
351.1667	306.1191
351.1667	305.6072
350.1429	305.6072
350.1429	305.0953
349.1191	305.0953
349.1191	304.5834
346.5596	304.5834
346.5596	304.0715
346.0477	304.0715
346.0477	303.5596
345.0239	303.5596
345.0239	303.0477
344.0001	303.0477
344.0001	302.5358
341.4405	302.5358
341.4405	302.0239
339.9048	302.0239
339.9048	301.5120
337.8572	301.5120
337.8572	301.0001
336.8334	301.0001
336.8334	300.4882
334.2739	300.4882
334.2739	299.9762
333.2501	299.9762
333.2501	299.4643
331.7143	299.4643
331.7143	298.9524
330.6905	298.9524
330.6905	297.9286
330.1786	297.9286
330.1786	297.4167
329.6667	297.4167
329.6667	296.9048
329.1548	296.9048
329.1548	296.3929
328.6429	296.3929
328.6429	295.8810
328.1310	295.8810
328.1310	295.3691
327.1072	295.3691
327.1072	294.8572
326.0834	294.8572
326.0834	294.3453
325.0596	294.3453
325.0596	293.8334
324.0358	293.8334
324.0358	293.3215
321.4763	293.3215
321.4763	292.8096
318.4048	292.8096
318.4048	293.3215
315.8453	293.3215
315.8453	293.8334
314.8215	293.8334
314.8215	294.3453
313.7977	294.3453
313.7977	294.8572
313.2858	294.8572
313.2858	295.3691
311.7501	295.3691
311.7501	295.8810
309.1905	295.8810
309.1905	295.3691
307.6548	295.3691
307.6548	294.8572
306.6310	294.8572
306.6310	292.8096
307.1429	292.8096
307.1429	290.7620
307.6548	290.7620
307.6548	290.2501
308.6786	290.2501
308.6786	289.7382
309.7024	289.7382
309.7024	289.2262
310.7262	289.2262
310.7262	288.7143
311.2382	288.7143
311.2382	288.2024
311.7501	288.2024
311.7501	287.6905
312.2620	287.6905
312.2620	287.1786
312.7739	287.1786
312.7739	286.6667
313.2858	286.6667
313.2858	285.6429
313.7977	285.6429
313.7977	284.6191
314.3096	284.6191
314.3096	282.0596
314.8215	282.0596
314.8215	278.4762
314.3096	278.4762
314.3096	275.9167
313.7977	275.9167
313.7977	274.8929
313.2858	274.8929
313.2858	273.8691
312.7739	273.8691
312.7739	272.3334
312.2620	272.3334
312.2620	271.3096
311.7501	271.3096
311.7501	270.2858
311.2382	270.2858
311.2382	268.2381
311.7501	268.2381
311.7501	267.2143
312.2620	267.2143
312.2620	266.1905
312.7739	266.1905
312.7739	263.6310
313.2858	263.6310
313.2858	259.5358
313.7977	259.5358
313.7977	254.9286
314.3096	254.9286
314.3096	252.8810
314.8215	252.8810
314.8215	251.3453
315.3334	251.3453
315.3334	248.7858
315.8453	248.7858
315.8453	248.2739
316.3572	248.2739
316.3572	247.2500
316.8691	247.2500
316.8691	246.7381
317.3810	246.7381
317.3810	245.7143
317.8929	245.7143
317.8929	244.6905
318.4048	244.6905
318.4048	244.1786
318.9167	244.1786
318.9167	243.6667
319.4286	243.6667
319.4286	243.1548
319.9405	243.1548
319.9405	242.1310
320.4524	242.1310
320.4524	241.1072
320.9643	241.1072
320.9643	240.0834
321.4763	240.0834
321.4763	239.0596
321.9882	239.0596
321.9882	238.0358
322.5001	238.0358
322.5001	237.5239
323.0120	237.5239
323.0120	237.0119
323.5239	237.0119
323.5239	235.9881
324.0358	235.9881
324.0358	235.4762
324.5477	235.4762
324.5477	234.9643
325.5715	234.9643
325.5715	234.4524
326.5953	234.4524
326.5953	233.9405
327.1072	233.9405
327.1072	233.4286
327.6191	233.4286
327.6191	232.9167
328.6429	232.9167
328.6429	232.4048
329.1548	232.4048
329.1548	231.8929
330.1786	231.8929
330.1786	231.3810
331.2024	231.3810
331.2024	230.8691
332.2263	230.8691
332.2263	230.3572
332.7382	230.3572
332.7382	229.8453
333.7620	229.8453
333.7620	229.3334
334.7858	229.3334
334.7858	228.8215
335.2977	228.8215
335.2977	228.3096
335.8096	228.3096
335.8096	227.7977
336.3215	227.7977
336.3215	227.2858
337.3453	227.2858
337.3453	226.7739
339.3929	226.7739
339.3929	226.2619
340.9286	226.2619
340.9286	225.7500
341.9524	225.7500
341.9524	225.2381
343.4882	225.2381
343.4882	224.7262
345.0239	224.7262
345.0239	224.2143
347.5834	224.2143
347.5834	223.7024
349.6310	223.7024
349.6310	223.1905
353.7263	223.1905
353.7263	222.6786
356.2858	222.6786
356.2858	222.1667
362.9405	222.1667
362.9405	221.6548
365.5001	221.6548
365.5001	221.1429
366.5239	221.1429
366.5239	220.6310
367.5477	220.6310
367.5477	220.1191
368.5715	220.1191
368.5715	219.6072
369.0834	219.6072
369.0834	219.0953
369.5953	219.0953
369.5953	218.5834
370.1072	218.5834
370.1072	218.0715
372.1548	218.0715
