360.8929	209.8810
366.0120	209.8810
366.0120	209.3691
367.0358	209.3691
367.0358	209.8810
368.0596	209.8810
368.0596	210.3929
370.1072	210.3929
370.1072	210.9048
371.1310	210.9048
371.1310	211.4167
373.6905	211.4167
373.6905	211.9286
377.7858	211.9286
377.7858	212.4405
378.2977	212.4405
378.2977	213.4643
378.8096	213.4643
378.8096	214.4881
379.3215	214.4881
379.3215	215.0000
379.8334	215.0000
379.8334	215.5119
380.3453	215.5119
380.3453	216.0239
380.8572	216.0239
380.8572	216.5358
381.3691	216.5358
381.3691	217.0477
381.8810	217.0477
381.8810	217.5596
382.3929	217.5596
382.3929	218.0715
382.9048	218.0715
382.9048	218.5834
383.4167	218.5834
383.4167	219.0953
384.4405	219.0953
384.4405	219.6072
385.4644	219.6072
385.4644	220.1191
387.0001	220.1191
387.0001	220.6310
387.5120	220.6310
387.5120	221.1429
388.0239	221.1429
388.0239	221.6548
388.5358	221.6548
388.5358	222.1667
389.0477	222.1667
389.0477	222.6786
389.5596	222.6786
389.5596	223.1905
390.0715	223.1905
390.0715	223.7024
391.0953	223.7024
391.0953	224.2143
392.1191	224.2143
392.1191	224.7262
393.1429	224.7262
393.1429	225.2381
394.1667	225.2381
394.1667	225.7500
395.7025	225.7500
395.7025	226.2619
398.2620	226.2619
398.2620	226.7739
399.2858	226.7739
399.2858	227.2858
400.3096	227.2858
400.3096	227.7977
400.8215	227.7977
400.8215	228.3096
401.3334	228.3096
401.3334	229.3334
401.8453	229.3334
401.8453	230.3572
401.3334	230.3572
401.3334	231.3810
400.8215	231.3810
400.8215	232.9167
400.3096	232.9167
400.3096	235.4762
399.7977	235.4762
399.7977	236.5000
399.2858	236.5000
399.2858	239.0596
398.7739	239.0596
398.7739	242.1310
399.2858	242.1310
399.2858	247.2500
399.7977	247.2500
399.7977	249.8096
400.3096	249.8096
400.3096	254.4167
400.8215	254.4167
400.8215	259.5358
401.3334	259.5358
401.3334	262.0953
401.8453	262.0953
401.8453	262.6072
401.3334	262.6072
401.3334	266.1905
401.8453	266.1905
401.8453	267.7262
401.3334	267.7262
401.3334	270.7977
400.8215	270.7977
400.8215	271.3096
400.3096	271.3096
400.3096	271.8215
399.7977	271.8215
399.7977	272.8453
399.2858	272.8453
399.2858	273.8691
398.7739	273.8691
398.7739	275.9167
398.2620	275.9167
398.2620	276.9405
397.7501	276.9405
397.7501	277.9643
397.2382	277.9643
397.2382	278.4762
396.7263	278.4762
396.7263	279.5001
396.2144	279.5001
396.2144	280.5239
395.7025	280.5239
395.7025	283.0834
395.1906	283.0834
395.1906	286.1548
395.7025	286.1548
395.7025	288.7143
396.2144	288.7143
396.2144	289.7382
395.7025	289.7382
395.7025	290.7620
395.1906	290.7620
395.1906	291.2739
394.6786	291.2739
394.6786	292.2977
394.1667	292.2977
394.1667	292.8096
389.0477	292.8096
389.0477	293.3215
386.4882	293.3215
386.4882	293.8334
385.4644	293.8334
385.4644	294.3453
384.4405	294.3453
384.4405	294.8572
383.9286	294.8572
383.9286	295.3691
382.3929	295.3691
382.3929	295.8810
381.3691	295.8810
381.3691	296.3929
380.3453	296.3929
380.3453	296.9048
379.3215	296.9048
379.3215	297.4167
378.2977	297.4167
378.2977	297.9286
377.2739	297.9286
377.2739	298.4405
376.7620	298.4405
376.7620	298.9524
373.1786	298.9524
373.1786	299.4643
370.6191	299.4643
370.6191	299.9762
368.5715	299.9762
368.5715	300.4882
367.0358	300.4882
367.0358	301.0001
366.0120	301.0001
366.0120	301.5120
364.9882	301.5120
364.9882	302.0239
363.9644	302.0239
363.9644	301.5120
356.2858	301.5120
356.2858	301.0001
353.7263	301.0001
353.7263	300.4882
346.0477	300.4882
346.0477	299.9762
345.5358	299.9762
345.5358	299.4643
344.5120	299.4643
344.5120	298.9524
344.0001	298.9524
344.0001	298.4405
342.9763	298.4405
342.9763	297.9286
341.9524	297.9286
341.9524	297.4167
340.9286	297.4167
340.9286	296.9048
339.9048	296.9048
339.9048	296.3929
338.8810	296.3929
338.8810	295.8810
337.8572	295.8810
337.8572	295.3691
336.8334	295.3691
336.8334	294.8572
334.7858	294.8572
334.7858	294.3453
334.2739	294.3453
334.2739	293.8334
333.2501	293.8334
333.2501	293.3215
332.2263	293.3215
332.2263	292.8096
331.2024	292.8096
331.2024	292.2977
330.6905	292.2977
330.6905	291.7858
329.6667	291.7858
329.6667	291.2739
329.1548	291.2739
329.1548	290.2501
328.6429	290.2501
328.6429	289.7382
328.1310	289.7382
328.1310	289.2262
327.6191	289.2262
327.6191	288.7143
327.1072	288.7143
327.1072	288.2024
326.5953	288.2024
326.5953	287.6905
326.0834	287.6905
326.0834	287.1786
325.5715	287.1786
325.5715	286.6667
324.5477	286.6667
324.5477	286.1548
324.0358	286.1548
324.0358	285.1310
323.5239	285.1310
323.5239	284.1072
323.0120	284.1072
323.0120	283.0834
322.5001	283.0834
322.5001	282.5715
321.9882	282.5715
321.9882	282.0596
321.4763	282.0596
321.4763	281.5477
320.9643	281.5477
320.9643	281.0358
320.4524	281.0358
320.4524	280.5239
319.4286	280.5239
319.4286	280.0120
318.9167	280.0120
318.9167	279.5001
318.4048	279.5001
318.4048	278.9881
317.8929	278.9881
317.8929	278.4762
317.3810	278.4762
317.3810	277.9643
316.3572	277.9643
316.3572	277.4524
315.3334	277.4524
315.3334	276.9405
313.7977	276.9405
313.7977	276.4286
312.7739	276.4286
312.7739	275.9167
311.7501	275.9167
311.7501	274.8929
311.2382	274.8929
311.2382	274.3810
310.7262	274.3810
310.7262	273.8691
310.2143	273.8691
310.2143	272.8453
309.7024	272.8453
309.7024	270.2858
310.2143	270.2858
310.2143	269.2620
310.7262	269.2620
310.7262	266.7024
311.2382	266.7024
311.2382	258.5120
311.7501	258.5120
311.7501	254.4167
311.2382	254.4167
311.2382	251.8572
310.7262	251.8572
310.7262	250.8334
310.2143	250.8334
310.2143	248.2739
309.7024	248.2739
309.7024	246.2262
310.2143	246.2262
310.2143	243.6667
310.7262	243.6667
310.7262	240.5953
311.2382	240.5953
311.2382	239.0596
311.7501	239.0596
311.7501	237.5239
312.2620	237.5239
312.2620	236.5000
312.7739	236.5000
312.7739	235.4762
313.2858	235.4762
313.2858	234.4524
313.7977	234.4524
313.7977	233.9405
314.3096	233.9405
314.3096	232.9167
314.8215	232.9167
314.8215	231.8929
315.3334	231.8929
315.3334	230.8691
315.8453	230.8691
315.8453	230.3572
316.3572	230.3572
316.3572	229.8453
316.8691	229.8453
316.8691	229.3334
317.3810	229.3334
317.3810	228.8215
317.8929	228.8215
317.8929	228.3096
318.4048	228.3096
318.4048	227.7977
318.9167	227.7977
318.9167	227.2858
319.4286	227.2858
319.4286	226.7739
319.9405	226.7739
319.9405	226.2619
320.4524	226.2619
320.4524	225.7500
320.9643	225.7500
320.9643	225.2381
321.4763	225.2381
321.4763	224.2143
321.9882	224.2143
321.9882	223.1905
322.5001	223.1905
322.5001	222.1667
324.5477	222.1667
324.5477	221.6548
325.5715	221.6548
325.5715	221.1429
326.5953	221.1429
326.5953	220.6310
327.1072	220.6310
327.1072	220.1191
327.6191	220.1191
327.6191	219.6072
328.1310	219.6072
328.1310	219.0953
328.6429	219.0953
328.6429	218.5834
329.1548	218.5834
329.1548	218.0715
331.2024	218.0715
331.2024	217.5596
332.2263	217.5596
332.2263	217.0477
333.2501	217.0477
333.2501	216.5358
334.2739	216.5358
334.2739	216.0239
334.7858	216.0239
334.7858	215.5119
335.2977	215.5119
335.2977	215.0000
335.8096	215.0000
335.8096	214.4881
336.3215	214.4881
336.3215	213.9762
342.9763	213.9762
342.9763	213.4643
344.5120	213.4643
344.5120	213.9762
348.0953	213.9762
348.0953	213.4643
350.6548	213.4643
350.6548	212.9524
351.6786	212.9524
351.6786	212.4405
352.7024	212.4405
352.7024	211.9286
353.7263	211.9286
353.7263	211.4167
355.7739	211.4167
355.7739	210.9048
356.7977	210.9048
356.7977	210.3929
357.8215	210.3929
357.8215	209.8810
359.3572	209.8810
359.3572	209.3691
360.8929	209.3691
