363.9644	209.8810
369.5953	209.8810
369.5953	209.3691
371.1310	209.3691
371.1310	209.8810
371.6429	209.8810
371.6429	210.3929
372.6667	210.3929
372.6667	210.9048
373.6905	210.9048
373.6905	211.4167
376.2501	211.4167
376.2501	211.9286
377.7858	211.9286
377.7858	212.4405
380.3453	212.4405
380.3453	212.9524
380.8572	212.9524
380.8572	213.4643
381.3691	213.4643
381.3691	213.9762
381.8810	213.9762
381.8810	214.4881
382.3929	214.4881
382.3929	215.0000
383.4167	215.0000
383.4167	215.5119
384.4405	215.5119
384.4405	216.0239
387.0001	216.0239
387.0001	216.5358
391.6072	216.5358
391.6072	217.0477
392.1191	217.0477
392.1191	217.5596
392.6310	217.5596
392.6310	218.0715
393.1429	218.0715
393.1429	219.0953
393.6548	219.0953
393.6548	219.6072
394.1667	219.6072
394.1667	220.1191
394.6786	220.1191
394.6786	221.6548
395.1906	221.6548
395.1906	222.6786
395.7025	222.6786
395.7025	223.7024
396.2144	223.7024
396.2144	224.2143
396.7263	224.2143
396.7263	224.7262
397.2382	224.7262
397.2382	226.2619
397.7501	226.2619
397.7501	227.7977
398.2620	227.7977
398.2620	228.8215
398.7739	228.8215
398.7739	229.8453
399.2858	229.8453
399.2858	230.8691
399.7977	230.8691
399.7977	231.3810
400.3096	231.3810
400.3096	235.9881
400.8215	235.9881
400.8215	238.5477
401.3334	238.5477
401.3334	240.5953
401.8453	240.5953
401.8453	242.1310
401.3334	242.1310
401.3334	245.7143
401.8453	245.7143
401.8453	249.2977
402.3572	249.2977
402.3572	251.8572
402.8691	251.8572
402.8691	252.8810
403.3810	252.8810
403.3810	253.9048
403.8929	253.9048
403.8929	254.9286
403.3810	254.9286
403.3810	257.4881
402.8691	257.4881
402.8691	260.0477
403.3810	260.0477
403.3810	262.6072
403.8929	262.6072
403.8929	264.1429
404.4048	264.1429
404.4048	265.1667
404.9167	265.1667
404.9167	266.1905
405.4286	266.1905
405.4286	266.7024
405.9406	266.7024
405.9406	267.2143
406.4525	267.2143
406.4525	268.2381
405.9406	268.2381
405.9406	269.2620
405.4286	269.2620
405.4286	270.2858
404.9167	270.2858
404.9167	272.8453
403.3810	272.8453
403.3810	273.3572
402.3572	273.3572
402.3572	273.8691
401.3334	273.8691
401.3334	274.3810
400.8215	274.3810
400.8215	274.8929
400.3096	274.8929
400.3096	275.4048
399.7977	275.4048
399.7977	275.9167
399.2858	275.9167
399.2858	276.4286
398.7739	276.4286
398.7739	277.4524
398.2620	277.4524
398.2620	278.4762
397.7501	278.4762
397.7501	279.5001
397.2382	279.5001
397.2382	282.0596
396.7263	282.0596
396.7263	287.6905
397.2382	287.6905
397.2382	288.2024
396.7263	288.2024
396.7263	289.2262
396.2144	289.2262
396.2144	290.7620
395.1906	290.7620
395.1906	291.2739
394.1667	291.2739
394.1667	291.7858
392.6310	291.7858
392.6310	291.2739
390.0715	291.2739
390.0715	291.7858
387.5120	291.7858
387.5120	292.2977
386.4882	292.2977
386.4882	292.8096
385.4644	292.8096
385.4644	293.3215
384.9525	293.3215
384.9525	293.8334
384.4405	293.8334
384.4405	294.3453
383.4167	294.3453
383.4167	294.8572
382.3929	294.8572
382.3929	295.3691
381.8810	295.3691
381.8810	295.8810
381.3691	295.8810
381.3691	296.3929
379.3215	296.3929
379.3215	296.9048
378.2977	296.9048
378.2977	297.4167
376.7620	297.4167
376.7620	297.9286
376.2501	297.9286
376.2501	297.4167
373.1786	297.4167
373.1786	297.9286
370.6191	297.9286
370.6191	298.4405
369.5953	298.4405
369.5953	298.9524
368.5715	298.9524
368.5715	299.4643
361.9167	299.4643
361.9167	298.9524
357.8215	298.9524
357.8215	298.4405
354.7501	298.4405
354.7501	298.9524
351.6786	298.9524
351.6786	298.4405
348.6072	298.4405
348.6072	297.9286
348.0953	297.9286
348.0953	297.4167
347.5834	297.4167
347.5834	296.9048
346.5596	296.9048
346.5596	296.3929
345.5358	296.3929
345.5358	295.8810
345.0239	295.8810
345.0239	295.3691
344.0001	295.3691
344.0001	294.8572
343.4882	294.8572
343.4882	294.3453
342.9763	294.3453
342.9763	293.8334
342.4644	293.8334
342.4644	293.3215
341.4405	293.3215
341.4405	292.8096
340.9286	292.8096
340.9286	292.2977
339.9048	292.2977
339.9048	291.7858
338.8810	291.7858
338.8810	291.2739
337.3453	291.2739
337.3453	290.7620
336.3215	290.7620
336.3215	290.2501
335.2977	290.2501
335.2977	289.7382
334.2739	289.7382
334.2739	289.2262
333.7620	289.2262
333.7620	288.7143
333.2501	288.7143
333.2501	288.2024
332.7382	288.2024
332.7382	287.6905
332.2263	287.6905
332.2263	287.1786
331.7143	287.1786
331.7143	286.6667
331.2024	286.6667
331.2024	286.1548
330.6905	286.1548
330.6905	285.6429
330.1786	285.6429
330.1786	285.1310
329.6667	285.1310
329.6667	284.6191
329.1548	284.6191
329.1548	284.1072
328.6429	284.1072
328.6429	283.5953
328.1310	283.5953
328.1310	283.0834
327.6191	283.0834
327.6191	282.0596
327.1072	282.0596
327.1072	281.5477
326.5953	281.5477
326.5953	281.0358
326.0834	281.0358
326.0834	280.5239
325.5715	280.5239
325.5715	280.0120
325.0596	280.0120
325.0596	279.5001
324.5477	279.5001
324.5477	278.9881
324.0358	278.9881
324.0358	278.4762
323.0120	278.4762
323.0120	277.9643
322.5001	277.9643
322.5001	277.4524
321.9882	277.4524
321.9882	276.9405
321.4763	276.9405
321.4763	276.4286
320.4524	276.4286
320.4524	275.9167
319.4286	275.9167
319.4286	275.4048
317.3810	275.4048
317.3810	274.8929
314.8215	274.8929
314.8215	274.3810
313.7977	274.3810
313.7977	273.8691
312.7739	273.8691
312.7739	273.3572
312.2620	273.3572
312.2620	272.8453
311.7501	272.8453
311.7501	270.2858
312.2620	270.2858
312.2620	269.7739
312.7739	269.7739
312.7739	269.2620
313.2858	269.2620
313.2858	268.7501
313.7977	268.7501
313.7977	268.2381
314.3096	268.2381
314.3096	267.2143
314.8215	267.2143
314.8215	266.1905
315.3334	266.1905
315.3334	263.6310
315.8453	263.6310
315.8453	261.0715
316.3572	261.0715
316.3572	252.8810
316.8691	252.8810
316.8691	250.3215
316.3572	250.3215
316.3572	247.7620
315.8453	247.7620
315.8453	246.2262
316.3572	246.2262
316.3572	245.2024
316.8691	245.2024
316.8691	242.6429
317.3810	242.6429
317.3810	241.6191
317.8929	241.6191
317.8929	240.5953
318.4048	240.5953
318.4048	239.5715
318.9167	239.5715
318.9167	237.0119
319.4286	237.0119
319.4286	236.5000
319.9405	236.5000
319.9405	235.4762
320.4524	235.4762
320.4524	234.9643
320.9643	234.9643
320.9643	234.4524
321.4763	234.4524
321.4763	233.4286
321.9882	233.4286
321.9882	232.4048
322.5001	232.4048
322.5001	230.8691
323.0120	230.8691
323.0120	230.3572
323.5239	230.3572
323.5239	229.3334
324.0358	229.3334
324.0358	228.3096
324.5477	228.3096
324.5477	227.2858
325.0596	227.2858
325.0596	226.7739
325.5715	226.7739
325.5715	226.2619
326.0834	226.2619
326.0834	225.7500
326.5953	225.7500
326.5953	224.7262
327.1072	224.7262
327.1072	223.7024
327.6191	223.7024
327.6191	222.1667
328.1310	222.1667
328.1310	221.6548
328.6429	221.6548
328.6429	221.1429
329.1548	221.1429
329.1548	220.6310
329.6667	220.6310
329.6667	220.1191
330.1786	220.1191
330.1786	219.6072
330.6905	219.6072
330.6905	219.0953
333.2501	219.0953
333.2501	218.5834
335.8096	218.5834
335.8096	218.0715
336.8334	218.0715
336.8334	217.5596
337.8572	217.5596
337.8572	217.0477
338.3691	217.0477
338.3691	216.5358
338.8810	216.5358
338.8810	216.0239
339.9048	216.0239
339.9048	215.5119
340.9286	215.5119
340.9286	215.0000
341.9524	215.0000
341.9524	214.4881
344.5120	214.4881
344.5120	213.9762
346.5596	213.9762
346.5596	213.4643
347.5834	213.4643
347.5834	212.9524
348.6072	212.9524
348.6072	212.4405
349.1191	212.4405
349.1191	211.9286
353.7263	211.9286
353.7263	211.4167
356.2858	211.4167
356.2858	210.9048
358.8453	210.9048
358.8453	210.3929
359.8691	210.3929
359.8691	209.8810
360.8929	209.8810
360.8929	209.3691
363.9644	209.3691
