361.9167	217.0477
362.9405	217.0477
362.9405	217.5596
363.9644	217.5596
363.9644	218.0715
366.5239	218.0715
366.5239	218.5834
371.1310	218.5834
371.1310	219.0953
372.6667	219.0953
372.6667	219.6072
373.1786	219.6072
373.1786	220.1191
373.6905	220.1191
373.6905	220.6310
374.2025	220.6310
374.2025	221.1429
374.7144	221.1429
374.7144	221.6548
375.2263	221.6548
375.2263	222.1667
376.2501	222.1667
376.2501	222.6786
377.2739	222.6786
377.2739	223.1905
379.8334	223.1905
379.8334	223.7024
380.3453	223.7024
380.3453	224.2143
380.8572	224.2143
380.8572	224.7262
381.8810	224.7262
381.8810	225.2381
382.3929	225.2381
382.3929	225.7500
382.9048	225.7500
382.9048	226.2619
383.4167	226.2619
383.4167	226.7739
383.9286	226.7739
383.9286	227.2858
384.4405	227.2858
384.4405	227.7977
384.9525	227.7977
384.9525	228.3096
385.4644	228.3096
385.4644	228.8215
385.9763	228.8215
385.9763	229.3334
386.4882	229.3334
386.4882	229.8453
387.0001	229.8453
387.0001	230.3572
387.5120	230.3572
387.5120	230.8691
388.0239	230.8691
388.0239	231.3810
388.5358	231.3810
388.5358	231.8929
389.0477	231.8929
389.0477	232.4048
389.5596	232.4048
389.5596	232.9167
390.5834	232.9167
390.5834	233.4286
391.6072	233.4286
391.6072	233.9405
392.6310	233.9405
392.6310	234.4524
393.6548	234.4524
393.6548	234.9643
394.6786	234.9643
394.6786	235.9881
395.1906	235.9881
395.1906	237.0119
395.7025	237.0119
395.7025	238.0358
396.2144	238.0358
396.2144	238.5477
396.7263	238.5477
396.7263	239.0596
397.2382	239.0596
397.2382	239.5715
397.7501	239.5715
397.7501	240.0834
398.2620	240.0834
398.2620	240.5953
398.7739	240.5953
398.7739	241.1072
399.7977	241.1072
399.7977	241.6191
400.3096	241.6191
400.3096	243.6667
399.7977	243.6667
399.7977	244.6905
399.2858	244.6905
399.2858	247.2500
398.7739	247.2500
398.7739	249.8096
399.2858	249.8096
399.2858	256.9762
399.7977	256.9762
399.7977	259.5358
400.3096	259.5358
400.3096	260.0477
399.7977	260.0477
399.7977	265.1667
400.3096	265.1667
400.3096	267.7262
400.8215	267.7262
400.8215	270.7977
401.3334	270.7977
401.3334	273.3572
401.8453	273.3572
401.8453	274.3810
401.3334	274.3810
401.3334	274.8929
400.3096	274.8929
400.3096	275.4048
399.2858	275.4048
399.2858	275.9167
398.7739	275.9167
398.7739	276.4286
398.2620	276.4286
398.2620	276.9405
397.7501	276.9405
397.7501	277.4524
397.2382	277.4524
397.2382	277.9643
396.7263	277.9643
396.7263	278.4762
396.2144	278.4762
396.2144	278.9881
395.7025	278.9881
395.7025	280.0120
395.1906	280.0120
395.1906	281.0358
394.6786	281.0358
394.6786	282.0596
394.1667	282.0596
394.1667	283.0834
393.6548	283.0834
393.6548	285.6429
393.1429	285.6429
393.1429	289.2262
393.6548	289.2262
393.6548	291.7858
394.1667	291.7858
394.1667	292.8096
394.6786	292.8096
394.6786	293.8334
395.1906	293.8334
395.1906	294.8572
394.6786	294.8572
394.6786	295.3691
394.1667	295.3691
394.1667	295.8810
393.1429	295.8810
393.1429	296.3929
390.5834	296.3929
390.5834	295.8810
386.4882	295.8810
386.4882	296.3929
383.9286	296.3929
383.9286	296.9048
382.9048	296.9048
382.9048	297.4167
381.8810	297.4167
381.8810	297.9286
380.8572	297.9286
380.8572	298.4405
379.8334	298.4405
379.8334	298.9524
378.8096	298.9524
378.8096	299.4643
378.2977	299.4643
378.2977	299.9762
377.7858	299.9762
377.7858	300.4882
376.2501	300.4882
376.2501	301.0001
375.2263	301.0001
375.2263	301.5120
374.2025	301.5120
374.2025	302.0239
373.6905	302.0239
373.6905	302.5358
373.1786	302.5358
373.1786	303.0477
372.6667	303.0477
372.6667	303.5596
372.1548	303.5596
372.1548	304.0715
371.6429	304.0715
371.6429	304.5834
371.1310	304.5834
371.1310	305.0953
370.1072	305.0953
370.1072	305.6072
368.5715	305.6072
368.5715	306.1191
360.8929	306.1191
360.8929	305.6072
357.3096	305.6072
357.3096	306.1191
354.7501	306.1191
354.7501	306.6310
353.2144	306.6310
353.2144	306.1191
351.1667	306.1191
351.1667	305.6072
349.6310	305.6072
349.6310	305.0953
348.6072	305.0953
348.6072	304.5834
347.0715	304.5834
347.0715	304.0715
346.0477	304.0715
346.0477	303.5596
345.0239	303.5596
345.0239	303.0477
344.0001	303.0477
344.0001	302.5358
342.4644	302.5358
342.4644	302.0239
341.4405	302.0239
341.4405	301.5120
340.9286	301.5120
340.9286	301.0001
340.4167	301.0001
340.4167	300.4882
339.9048	300.4882
339.9048	299.9762
339.3929	299.9762
339.3929	299.4643
338.3691	299.4643
338.3691	298.9524
337.3453	298.9524
337.3453	298.4405
336.3215	298.4405
336.3215	297.9286
333.7620	297.9286
333.7620	297.4167
332.7382	297.4167
332.7382	296.9048
332.2263	296.9048
332.2263	296.3929
331.2024	296.3929
331.2024	295.8810
330.1786	295.8810
330.1786	295.3691
329.6667	295.3691
329.6667	294.3453
329.1548	294.3453
329.1548	293.3215
328.6429	293.3215
328.6429	292.2977
328.1310	292.2977
328.1310	291.7858
327.6191	291.7858
327.6191	291.2739
327.1072	291.2739
327.1072	290.7620
326.5953	290.7620
326.5953	290.2501
326.0834	290.2501
326.0834	289.7382
325.0596	289.7382
325.0596	289.2262
324.0358	289.2262
324.0358	288.7143
323.0120	288.7143
323.0120	288.2024
322.5001	288.2024
322.5001	287.6905
321.9882	287.6905
321.9882	287.1786
321.4763	287.1786
321.4763	286.6667
320.9643	286.6667
320.9643	286.1548
320.4524	286.1548
320.4524	285.6429
319.4286	285.6429
319.4286	285.1310
318.4048	285.1310
318.4048	284.6191
317.3810	284.6191
317.3810	284.1072
316.8691	284.1072
316.8691	283.5953
316.3572	283.5953
316.3572	283.0834
315.3334	283.0834
315.3334	282.5715
314.3096	282.5715
314.3096	282.0596
313.2858	282.0596
313.2858	281.0358
312.7739	281.0358
312.7739	280.0120
312.2620	280.0120
312.2620	278.9881
311.7501	278.9881
311.7501	278.4762
311.2382	278.4762
311.2382	277.9643
310.7262	277.9643
310.7262	277.4524
310.2143	277.4524
310.2143	276.9405
309.7024	276.9405
309.7024	276.4286
309.1905	276.4286
309.1905	275.9167
308.1667	275.9167
308.1667	274.3810
309.1905	274.3810
309.1905	273.8691
310.2143	273.8691
310.2143	273.3572
310.7262	273.3572
310.7262	272.8453
311.2382	272.8453
311.2382	272.3334
311.7501	272.3334
311.7501	271.8215
312.2620	271.8215
312.2620	271.3096
312.7739	271.3096
312.7739	270.7977
313.2858	270.7977
313.2858	269.7739
313.7977	269.7739
313.7977	268.7501
314.3096	268.7501
314.3096	266.1905
314.8215	266.1905
314.8215	262.0953
314.3096	262.0953
314.3096	259.5358
313.7977	259.5358
313.7977	252.3691
314.3096	252.3691
314.3096	251.3453
314.8215	251.3453
314.8215	249.2977
315.3334	249.2977
315.3334	248.2739
315.8453	248.2739
315.8453	246.7381
316.3572	246.7381
316.3572	245.2024
316.8691	245.2024
316.8691	242.6429
317.3810	242.6429
317.3810	242.1310
317.8929	242.1310
317.8929	241.6191
318.4048	241.6191
318.4048	240.5953
318.9167	240.5953
318.9167	239.5715
319.4286	239.5715
319.4286	239.0596
319.9405	239.0596
319.9405	238.0358
320.4524	238.0358
320.4524	237.0119
320.9643	237.0119
320.9643	236.5000
321.4763	236.5000
321.4763	235.4762
321.9882	235.4762
321.9882	234.4524
322.5001	234.4524
322.5001	233.4286
323.0120	233.4286
323.0120	232.4048
323.5239	232.4048
323.5239	229.8453
324.0358	229.8453
324.0358	227.2858
325.0596	227.2858
325.0596	227.7977
329.1548	227.7977
329.1548	227.2858
331.7143	227.2858
331.7143	226.7739
332.7382	226.7739
332.7382	226.2619
333.7620	226.2619
333.7620	225.7500
335.8096	225.7500
335.8096	225.2381
337.8572	225.2381
337.8572	224.7262
339.3929	224.7262
339.3929	224.2143
340.9286	224.2143
340.9286	223.7024
341.9524	223.7024
341.9524	223.1905
342.9763	223.1905
342.9763	222.6786
343.4882	222.6786
343.4882	222.1667
344.0001	222.1667
344.0001	221.6548
352.1905	221.6548
352.1905	221.1429
354.7501	221.1429
354.7501	220.6310
356.2858	220.6310
356.2858	220.1191
357.3096	220.1191
357.3096	219.6072
358.3334	219.6072
358.3334	219.0953
358.8453	219.0953
358.8453	218.5834
359.3572	218.5834
359.3572	218.0715
359.8691	218.0715
359.8691	217.5596
360.3810	217.5596
360.3810	217.0477
360.8929	217.0477
360.8929	216.5358
361.9167	216.5358
