355.2620	217.5596
360.3810	217.5596
360.3810	217.0477
361.4048	217.0477
361.4048	217.5596
361.9167	217.5596
361.9167	218.0715
362.4286	218.0715
362.4286	218.5834
363.4525	218.5834
363.4525	219.0953
364.4763	219.0953
364.4763	219.6072
367.0358	219.6072
367.0358	220.1191
369.5953	220.1191
369.5953	220.6310
372.1548	220.6310
372.1548	220.1191
374.7144	220.1191
374.7144	220.6310
375.7382	220.6310
375.7382	221.6548
376.2501	221.6548
376.2501	222.1667
376.7620	222.1667
376.7620	222.6786
377.2739	222.6786
377.2739	223.1905
377.7858	223.1905
377.7858	223.7024
378.2977	223.7024
378.2977	224.2143
378.8096	224.2143
378.8096	224.7262
379.8334	224.7262
379.8334	225.2381
380.8572	225.2381
380.8572	225.7500
381.8810	225.7500
381.8810	226.2619
382.9048	226.2619
382.9048	226.7739
385.4644	226.7739
385.4644	227.2858
388.5358	227.2858
388.5358	226.7739
391.0953	226.7739
391.0953	226.2619
393.1429	226.2619
393.1429	226.7739
393.6548	226.7739
393.6548	227.2858
394.1667	227.2858
394.1667	227.7977
394.6786	227.7977
394.6786	228.8215
394.1667	228.8215
394.1667	229.8453
393.6548	229.8453
393.6548	232.4048
393.1429	232.4048
393.1429	235.9881
393.6548	235.9881
393.6548	238.5477
394.1667	238.5477
394.1667	239.5715
394.6786	239.5715
394.6786	240.5953
395.1906	240.5953
395.1906	241.1072
395.7025	241.1072
395.7025	243.6667
396.2144	243.6667
396.2144	245.2024
396.7263	245.2024
396.7263	248.7858
397.2382	248.7858
397.2382	250.3215
396.7263	250.3215
396.7263	252.8810
397.2382	252.8810
397.2382	255.4405
397.7501	255.4405
397.7501	256.9762
398.2620	256.9762
398.2620	259.5358
398.7739	259.5358
398.7739	261.5834
399.2858	261.5834
399.2858	262.0953
398.7739	262.0953
398.7739	266.1905
399.2858	266.1905
399.2858	268.7501
399.7977	268.7501
399.7977	273.8691
400.3096	273.8691
400.3096	274.8929
399.7977	274.8929
399.7977	275.4048
399.2858	275.4048
399.2858	276.4286
398.2620	276.4286
398.2620	276.9405
397.2382	276.9405
397.2382	277.4524
396.7263	277.4524
396.7263	277.9643
396.2144	277.9643
396.2144	278.4762
395.7025	278.4762
395.7025	278.9881
395.1906	278.9881
395.1906	279.5001
394.6786	279.5001
394.6786	280.5239
394.1667	280.5239
394.1667	281.5477
393.6548	281.5477
393.6548	284.1072
393.1429	284.1072
393.1429	286.6667
393.6548	286.6667
393.6548	288.2024
393.1429	288.2024
393.1429	293.8334
392.6310	293.8334
392.6310	294.3453
391.6072	294.3453
391.6072	294.8572
391.0953	294.8572
391.0953	295.3691
389.5596	295.3691
389.5596	295.8810
385.9763	295.8810
385.9763	296.3929
383.4167	296.3929
383.4167	296.9048
382.3929	296.9048
382.3929	297.4167
381.3691	297.4167
381.3691	297.9286
380.8572	297.9286
380.8572	298.4405
380.3453	298.4405
380.3453	298.9524
379.8334	298.9524
379.8334	299.4643
378.8096	299.4643
378.8096	299.9762
378.2977	299.9762
378.2977	300.4882
377.7858	300.4882
377.7858	301.0001
377.2739	301.0001
377.2739	301.5120
376.7620	301.5120
376.7620	302.0239
376.2501	302.0239
376.2501	302.5358
375.7382	302.5358
375.7382	303.0477
374.2025	303.0477
374.2025	303.5596
372.1548	303.5596
372.1548	304.0715
371.1310	304.0715
371.1310	304.5834
369.5953	304.5834
369.5953	305.0953
368.5715	305.0953
368.5715	305.6072
366.0120	305.6072
366.0120	306.1191
363.4525	306.1191
363.4525	305.6072
359.3572	305.6072
359.3572	306.1191
357.3096	306.1191
357.3096	305.6072
355.7739	305.6072
355.7739	305.0953
353.2144	305.0953
353.2144	304.5834
352.1905	304.5834
352.1905	304.0715
349.6310	304.0715
349.6310	303.5596
343.4882	303.5596
343.4882	304.0715
342.4644	304.0715
342.4644	303.5596
341.9524	303.5596
341.9524	303.0477
340.9286	303.0477
340.9286	302.5358
339.9048	302.5358
339.9048	302.0239
339.3929	302.0239
339.3929	301.5120
338.3691	301.5120
338.3691	301.0001
337.3453	301.0001
337.3453	300.4882
336.3215	300.4882
336.3215	299.9762
335.8096	299.9762
335.8096	299.4643
335.2977	299.4643
335.2977	298.9524
334.2739	298.9524
334.2739	298.4405
333.2501	298.4405
333.2501	297.9286
331.7143	297.9286
331.7143	297.4167
331.2024	297.4167
331.2024	294.8572
330.6905	294.8572
330.6905	293.8334
330.1786	293.8334
330.1786	292.8096
329.6667	292.8096
329.6667	291.7858
329.1548	291.7858
329.1548	291.2739
328.6429	291.2739
328.6429	290.7620
328.1310	290.7620
328.1310	290.2501
327.6191	290.2501
327.6191	289.7382
327.1072	289.7382
327.1072	289.2262
326.0834	289.2262
326.0834	288.7143
325.5715	288.7143
325.5715	288.2024
325.0596	288.2024
325.0596	287.6905
324.5477	287.6905
324.5477	287.1786
324.0358	287.1786
324.0358	286.6667
323.0120	286.6667
323.0120	286.1548
322.5001	286.1548
322.5001	285.6429
321.4763	285.6429
321.4763	285.1310
320.9643	285.1310
320.9643	284.6191
320.4524	284.6191
320.4524	284.1072
319.9405	284.1072
319.9405	283.5953
319.4286	283.5953
319.4286	283.0834
318.4048	283.0834
318.4048	282.5715
317.3810	282.5715
317.3810	282.0596
316.3572	282.0596
316.3572	281.5477
314.3096	281.5477
314.3096	281.0358
313.7977	281.0358
313.7977	280.0120
313.2858	280.0120
313.2858	277.4524
312.7739	277.4524
312.7739	276.4286
312.2620	276.4286
312.2620	275.9167
312.7739	275.9167
312.7739	275.4048
313.2858	275.4048
313.2858	274.8929
313.7977	274.8929
313.7977	274.3810
314.3096	274.3810
314.3096	273.3572
314.8215	273.3572
314.8215	272.3334
315.3334	272.3334
315.3334	269.7739
315.8453	269.7739
315.8453	266.7024
316.3572	266.7024
316.3572	263.6310
315.8453	263.6310
315.8453	259.0239
315.3334	259.0239
315.3334	258.5120
315.8453	258.5120
315.8453	255.9524
315.3334	255.9524
315.3334	254.9286
315.8453	254.9286
315.8453	251.8572
315.3334	251.8572
315.3334	248.7858
314.8215	248.7858
314.8215	246.2262
314.3096	246.2262
314.3096	245.2024
313.7977	245.2024
313.7977	244.1786
314.3096	244.1786
314.3096	243.1548
314.8215	243.1548
314.8215	241.1072
315.3334	241.1072
315.3334	240.5953
315.8453	240.5953
315.8453	239.5715
316.3572	239.5715
316.3572	238.5477
316.8691	238.5477
316.8691	237.5239
317.3810	237.5239
317.3810	234.9643
319.4286	234.9643
319.4286	234.4524
320.4524	234.4524
320.4524	233.9405
321.4763	233.9405
321.4763	233.4286
321.9882	233.4286
321.9882	232.9167
322.5001	232.9167
322.5001	232.4048
323.0120	232.4048
323.0120	231.8929
323.5239	231.8929
323.5239	231.3810
324.0358	231.3810
324.0358	230.3572
324.5477	230.3572
324.5477	229.8453
327.1072	229.8453
327.1072	229.3334
328.6429	229.3334
328.6429	228.8215
329.6667	228.8215
329.6667	228.3096
330.6905	228.3096
330.6905	227.7977
331.7143	227.7977
331.7143	227.2858
333.2501	227.2858
333.2501	226.7739
334.2739	226.7739
334.2739	226.2619
335.8096	226.2619
335.8096	225.7500
336.8334	225.7500
336.8334	225.2381
338.3691	225.2381
338.3691	224.7262
340.9286	224.7262
340.9286	224.2143
341.9524	224.2143
341.9524	223.7024
342.9763	223.7024
342.9763	223.1905
344.0001	223.1905
344.0001	222.6786
345.0239	222.6786
345.0239	222.1667
346.0477	222.1667
346.0477	221.6548
348.6072	221.6548
348.6072	221.1429
349.6310	221.1429
349.6310	220.6310
350.6548	220.6310
350.6548	220.1191
351.6786	220.1191
351.6786	219.6072
352.1905	219.6072
352.1905	219.0953
352.7024	219.0953
352.7024	218.5834
353.2144	218.5834
353.2144	218.0715
353.7263	218.0715
353.7263	217.5596
354.2382	217.5596
354.2382	217.0477
355.2620	217.0477
