362.4286	215.0000
362.9405	215.0000
362.9405	215.5119
363.4525	215.5119
363.4525	216.0239
363.9644	216.0239
363.9644	216.5358
364.4763	216.5358
364.4763	217.0477
364.9882	217.0477
364.9882	217.5596
366.0120	217.5596
366.0120	218.0715
367.0358	218.0715
367.0358	218.5834
368.0596	218.5834
368.0596	219.0953
370.6191	219.0953
370.6191	219.6072
373.1786	219.6072
373.1786	220.1191
374.2025	220.1191
374.2025	220.6310
374.7144	220.6310
374.7144	221.1429
375.2263	221.1429
375.2263	221.6548
375.7382	221.6548
375.7382	222.1667
376.7620	222.1667
376.7620	222.6786
377.2739	222.6786
377.2739	223.1905
377.7858	223.1905
377.7858	223.7024
378.2977	223.7024
378.2977	224.2143
379.3215	224.2143
379.3215	224.7262
380.3453	224.7262
380.3453	225.2381
381.8810	225.2381
381.8810	225.7500
382.9048	225.7500
382.9048	226.2619
385.4644	226.2619
385.4644	226.7739
388.0239	226.7739
388.0239	226.2619
390.5834	226.2619
390.5834	225.7500
391.6072	225.7500
391.6072	225.2381
392.6310	225.2381
392.6310	225.7500
392.1191	225.7500
392.1191	228.3096
391.6072	228.3096
391.6072	231.8929
392.1191	231.8929
392.1191	234.4524
392.6310	234.4524
392.6310	235.4762
393.1429	235.4762
393.1429	236.5000
393.6548	236.5000
393.6548	238.0358
394.1667	238.0358
394.1667	240.5953
394.6786	240.5953
394.6786	242.6429
395.1906	242.6429
395.1906	243.6667
395.7025	243.6667
395.7025	244.6905
396.2144	244.6905
396.2144	247.7620
396.7263	247.7620
396.7263	248.7858
396.2144	248.7858
396.2144	251.3453
396.7263	251.3453
396.7263	253.9048
397.2382	253.9048
397.2382	256.4643
397.7501	256.4643
397.7501	258.0000
398.2620	258.0000
398.2620	261.0715
398.7739	261.0715
398.7739	263.6310
399.2858	263.6310
399.2858	265.6786
399.7977	265.6786
399.7977	268.7501
400.3096	268.7501
400.3096	271.3096
400.8215	271.3096
400.8215	272.8453
400.3096	272.8453
400.3096	273.8691
399.2858	273.8691
399.2858	274.3810
398.7739	274.3810
398.7739	274.8929
398.2620	274.8929
398.2620	275.4048
397.7501	275.4048
397.7501	275.9167
397.2382	275.9167
397.2382	276.4286
396.7263	276.4286
396.7263	276.9405
396.2144	276.9405
396.2144	277.4524
395.7025	277.4524
395.7025	277.9643
395.1906	277.9643
395.1906	278.4762
394.6786	278.4762
394.6786	279.5001
394.1667	279.5001
394.1667	280.5239
393.6548	280.5239
393.6548	283.0834
393.1429	283.0834
393.1429	285.6429
393.6548	285.6429
393.6548	286.1548
393.1429	286.1548
393.1429	288.7143
392.6310	288.7143
392.6310	291.2739
393.1429	291.2739
393.1429	291.7858
392.6310	291.7858
392.6310	292.8096
391.6072	292.8096
391.6072	293.3215
391.0953	293.3215
391.0953	293.8334
385.9763	293.8334
385.9763	294.3453
383.4167	294.3453
383.4167	294.8572
382.3929	294.8572
382.3929	295.3691
381.3691	295.3691
381.3691	295.8810
380.8572	295.8810
380.8572	296.3929
380.3453	296.3929
380.3453	296.9048
379.8334	296.9048
379.8334	297.4167
379.3215	297.4167
379.3215	297.9286
378.8096	297.9286
378.8096	298.4405
378.2977	298.4405
378.2977	299.4643
377.7858	299.4643
377.7858	299.9762
377.2739	299.9762
377.2739	300.4882
375.7382	300.4882
375.7382	301.0001
374.7144	301.0001
374.7144	301.5120
373.6905	301.5120
373.6905	302.0239
373.1786	302.0239
373.1786	302.5358
372.6667	302.5358
372.6667	303.0477
372.1548	303.0477
372.1548	303.5596
370.6191	303.5596
370.6191	304.0715
369.0834	304.0715
369.0834	304.5834
368.0596	304.5834
368.0596	305.0953
366.0120	305.0953
366.0120	304.5834
361.4048	304.5834
361.4048	305.0953
358.8453	305.0953
358.8453	305.6072
357.8215	305.6072
357.8215	305.0953
356.2858	305.0953
356.2858	304.5834
355.2620	304.5834
355.2620	304.0715
354.2382	304.0715
354.2382	303.5596
351.6786	303.5596
351.6786	303.0477
349.1191	303.0477
349.1191	302.5358
347.0715	302.5358
347.0715	302.0239
344.5120	302.0239
344.5120	301.5120
342.9763	301.5120
342.9763	301.0001
342.4644	301.0001
342.4644	300.4882
341.4405	300.4882
341.4405	299.9762
340.4167	299.9762
340.4167	299.4643
338.3691	299.4643
338.3691	298.9524
337.3453	298.9524
337.3453	298.4405
336.8334	298.4405
336.8334	297.9286
336.3215	297.9286
336.3215	297.4167
335.8096	297.4167
335.8096	296.9048
335.2977	296.9048
335.2977	296.3929
334.7858	296.3929
334.7858	295.8810
334.2739	295.8810
334.2739	295.3691
333.2501	295.3691
333.2501	294.8572
332.7382	294.8572
332.7382	294.3453
332.2263	294.3453
332.2263	293.8334
331.7143	293.8334
331.7143	293.3215
331.2024	293.3215
331.2024	292.8096
330.1786	292.8096
330.1786	292.2977
329.6667	292.2977
329.6667	291.7858
329.1548	291.7858
329.1548	291.2739
328.6429	291.2739
328.6429	290.7620
328.1310	290.7620
328.1310	290.2501
327.6191	290.2501
327.6191	289.7382
326.5953	289.7382
326.5953	288.7143
326.0834	288.7143
326.0834	288.2024
325.5715	288.2024
325.5715	287.1786
325.0596	287.1786
325.0596	286.1548
324.5477	286.1548
324.5477	285.6429
324.0358	285.6429
324.0358	285.1310
323.5239	285.1310
323.5239	284.6191
323.0120	284.6191
323.0120	284.1072
322.5001	284.1072
322.5001	283.5953
321.9882	283.5953
321.9882	283.0834
321.4763	283.0834
321.4763	282.5715
320.4524	282.5715
320.4524	282.0596
319.4286	282.0596
319.4286	281.5477
318.4048	281.5477
318.4048	281.0358
316.3572	281.0358
316.3572	280.5239
313.7977	280.5239
313.7977	280.0120
313.2858	280.0120
313.2858	277.9643
313.7977	277.9643
313.7977	276.9405
314.3096	276.9405
314.3096	274.3810
314.8215	274.3810
314.8215	270.2858
315.3334	270.2858
315.3334	261.5834
314.8215	261.5834
314.8215	259.0239
314.3096	259.0239
314.3096	254.9286
314.8215	254.9286
314.8215	253.3929
315.3334	253.3929
315.3334	251.8572
315.8453	251.8572
315.8453	250.3215
316.3572	250.3215
316.3572	249.2977
316.8691	249.2977
316.8691	246.7381
317.3810	246.7381
317.3810	245.7143
317.8929	245.7143
317.8929	243.6667
318.4048	243.6667
318.4048	242.6429
318.9167	242.6429
318.9167	240.0834
319.4286	240.0834
319.4286	235.9881
320.9643	235.9881
320.9643	235.4762
321.9882	235.4762
321.9882	234.9643
323.0120	234.9643
323.0120	234.4524
323.5239	234.4524
323.5239	233.9405
324.0358	233.9405
324.0358	233.4286
324.5477	233.4286
324.5477	232.9167
325.0596	232.9167
325.0596	232.4048
325.5715	232.4048
325.5715	231.8929
326.0834	231.8929
326.0834	231.3810
326.5953	231.3810
326.5953	230.8691
327.6191	230.8691
327.6191	230.3572
328.1310	230.3572
328.1310	229.8453
328.6429	229.8453
328.6429	229.3334
329.1548	229.3334
329.1548	228.8215
329.6667	228.8215
329.6667	228.3096
330.6905	228.3096
330.6905	227.7977
331.7143	227.7977
331.7143	227.2858
332.7382	227.2858
332.7382	226.7739
333.7620	226.7739
333.7620	226.2619
334.7858	226.2619
334.7858	225.7500
337.3453	225.7500
337.3453	225.2381
338.8810	225.2381
338.8810	224.7262
340.9286	224.7262
340.9286	224.2143
341.9524	224.2143
341.9524	223.7024
342.9763	223.7024
342.9763	223.1905
343.4882	223.1905
343.4882	222.6786
344.0001	222.6786
344.0001	222.1667
344.5120	222.1667
344.5120	221.6548
346.5596	221.6548
346.5596	221.1429
348.6072	221.1429
348.6072	220.6310
349.6310	220.6310
349.6310	220.1191
351.6786	220.1191
351.6786	219.6072
352.7024	219.6072
352.7024	219.0953
353.7263	219.0953
353.7263	218.5834
354.2382	218.5834
354.2382	218.0715
354.7501	218.0715
354.7501	217.5596
357.3096	217.5596
357.3096	217.0477
358.8453	217.0477
358.8453	216.5358
359.8691	216.5358
359.8691	216.0239
360.8929	216.0239
360.8929	215.5119
361.4048	215.5119
361.4048	215.0000
361.9167	215.0000
361.9167	214.4881
362.4286	214.4881
