375.2263	208.8572
375.7382	208.8572
375.7382	209.3691
376.2501	209.3691
376.2501	210.3929
375.7382	210.3929
375.7382	211.4167
375.2263	211.4167
375.2263	212.4405
374.7144	212.4405
374.7144	215.0000
374.2025	215.0000
374.2025	218.0715
374.7144	218.0715
374.7144	220.6310
375.2263	220.6310
375.2263	221.6548
375.7382	221.6548
375.7382	222.6786
376.2501	222.6786
376.2501	223.1905
376.7620	223.1905
376.7620	223.7024
377.2739	223.7024
377.2739	224.2143
377.7858	224.2143
377.7858	224.7262
378.2977	224.7262
378.2977	225.2381
379.3215	225.2381
379.3215	225.7500
380.3453	225.7500
380.3453	226.2619
382.3929	226.2619
382.3929	226.7739
383.4167	226.7739
383.4167	227.2858
384.9525	227.2858
384.9525	227.7977
387.5120	227.7977
387.5120	228.3096
390.5834	228.3096
390.5834	227.7977
391.6072	227.7977
391.6072	228.3096
392.1191	228.3096
392.1191	228.8215
392.6310	228.8215
392.6310	229.3334
392.1191	229.3334
392.1191	230.3572
391.6072	230.3572
391.6072	231.3810
391.0953	231.3810
391.0953	233.4286
390.5834	233.4286
390.5834	235.9881
390.0715	235.9881
390.0715	238.5477
389.5596	238.5477
389.5596	243.1548
390.0715	243.1548
390.0715	245.7143
390.5834	245.7143
390.5834	246.7381
391.0953	246.7381
391.0953	247.7620
391.6072	247.7620
391.6072	248.2739
392.1191	248.2739
392.1191	248.7858
392.6310	248.7858
392.6310	249.2977
393.1429	249.2977
393.1429	249.8096
393.6548	249.8096
393.6548	250.3215
394.1667	250.3215
394.1667	251.3453
394.6786	251.3453
394.6786	252.3691
395.1906	252.3691
395.1906	253.3929
395.7025	253.3929
395.7025	253.9048
396.2144	253.9048
396.2144	254.4167
396.7263	254.4167
396.7263	255.4405
397.2382	255.4405
397.2382	256.4643
397.7501	256.4643
397.7501	256.9762
398.2620	256.9762
398.2620	258.0000
398.7739	258.0000
398.7739	259.0239
399.2858	259.0239
399.2858	261.0715
398.7739	261.0715
398.7739	263.6310
398.2620	263.6310
398.2620	267.2143
397.7501	267.2143
397.7501	268.7501
397.2382	268.7501
397.2382	271.3096
396.7263	271.3096
396.7263	271.8215
395.7025	271.8215
395.7025	272.3334
395.1906	272.3334
395.1906	272.8453
394.6786	272.8453
394.6786	273.3572
392.1191	273.3572
392.1191	273.8691
390.5834	273.8691
390.5834	274.3810
389.5596	274.3810
389.5596	274.8929
388.5358	274.8929
388.5358	275.4048
388.0239	275.4048
388.0239	275.9167
387.5120	275.9167
387.5120	276.4286
387.0001	276.4286
387.0001	276.9405
386.4882	276.9405
386.4882	277.4524
385.9763	277.4524
385.9763	277.9643
385.4644	277.9643
385.4644	278.9881
384.9525	278.9881
384.9525	279.5001
384.4405	279.5001
384.4405	280.0120
383.4167	280.0120
383.4167	280.5239
382.9048	280.5239
382.9048	281.0358
382.3929	281.0358
382.3929	281.5477
380.8572	281.5477
380.8572	282.0596
379.8334	282.0596
379.8334	282.5715
378.8096	282.5715
378.8096	283.0834
378.2977	283.0834
378.2977	283.5953
377.7858	283.5953
377.7858	284.1072
376.7620	284.1072
376.7620	284.6191
376.2501	284.6191
376.2501	285.1310
375.7382	285.1310
375.7382	285.6429
375.2263	285.6429
375.2263	286.1548
374.7144	286.1548
374.7144	286.6667
374.2025	286.6667
374.2025	287.1786
373.6905	287.1786
373.6905	288.2024
373.1786	288.2024
373.1786	289.2262
372.6667	289.2262
372.6667	290.2501
372.1548	290.2501
372.1548	291.7858
371.1310	291.7858
371.1310	292.2977
370.1072	292.2977
370.1072	292.8096
369.0834	292.8096
369.0834	293.3215
368.5715	293.3215
368.5715	293.8334
368.0596	293.8334
368.0596	294.3453
367.5477	294.3453
367.5477	294.8572
367.0358	294.8572
367.0358	295.3691
366.5239	295.3691
366.5239	295.8810
366.0120	295.8810
366.0120	296.3929
364.9882	296.3929
364.9882	296.9048
363.9644	296.9048
363.9644	297.4167
362.9405	297.4167
362.9405	297.9286
359.3572	297.9286
359.3572	297.4167
356.7977	297.4167
356.7977	296.9048
355.2620	296.9048
355.2620	296.3929
352.7024	296.3929
352.7024	295.8810
349.6310	295.8810
349.6310	296.3929
347.0715	296.3929
347.0715	296.9048
346.0477	296.9048
346.0477	297.4167
345.0239	297.4167
345.0239	297.9286
341.9524	297.9286
341.9524	297.4167
339.3929	297.4167
339.3929	296.9048
336.8334	296.9048
336.8334	296.3929
332.7382	296.3929
332.7382	296.9048
329.1548	296.9048
329.1548	296.3929
327.1072	296.3929
327.1072	295.8810
326.0834	295.8810
326.0834	293.3215
325.5715	293.3215
325.5715	292.2977
325.0596	292.2977
325.0596	291.2739
324.5477	291.2739
324.5477	290.7620
324.0358	290.7620
324.0358	290.2501
323.5239	290.2501
323.5239	289.7382
323.0120	289.7382
323.0120	289.2262
322.5001	289.2262
322.5001	288.7143
321.9882	288.7143
321.9882	288.2024
320.9643	288.2024
320.9643	287.6905
319.9405	287.6905
319.9405	287.1786
317.3810	287.1786
317.3810	286.6667
313.2858	286.6667
313.2858	286.1548
310.2143	286.1548
310.2143	285.6429
309.7024	285.6429
309.7024	284.6191
309.1905	284.6191
309.1905	284.1072
308.6786	284.1072
308.6786	283.0834
308.1667	283.0834
308.1667	281.5477
307.6548	281.5477
307.6548	280.0120
308.1667	280.0120
308.1667	278.9881
308.6786	278.9881
308.6786	278.4762
309.1905	278.4762
309.1905	277.9643
309.7024	277.9643
309.7024	277.4524
310.2143	277.4524
310.2143	276.9405
310.7262	276.9405
310.7262	276.4286
311.2382	276.4286
311.2382	275.9167
311.7501	275.9167
311.7501	274.8929
312.2620	274.8929
312.2620	273.8691
312.7739	273.8691
312.7739	271.3096
313.2858	271.3096
313.2858	266.1905
312.7739	266.1905
312.7739	261.5834
312.2620	261.5834
312.2620	259.0239
311.7501	259.0239
311.7501	258.0000
311.2382	258.0000
311.2382	256.9762
310.7262	256.9762
310.7262	256.4643
310.2143	256.4643
310.2143	255.9524
309.7024	255.9524
309.7024	255.4405
309.1905	255.4405
309.1905	254.9286
308.6786	254.9286
308.6786	254.4167
307.6548	254.4167
307.6548	253.9048
306.6310	253.9048
306.6310	253.3929
304.0715	253.3929
304.0715	252.8810
301.0001	252.8810
301.0001	253.3929
298.4405	253.3929
298.4405	253.9048
296.3929	253.9048
296.3929	254.4167
290.2501	254.4167
290.2501	253.9048
287.1786	253.9048
287.1786	253.3929
286.6667	253.3929
286.6667	252.8810
287.1786	252.8810
287.1786	252.3691
287.6905	252.3691
287.6905	251.3453
288.2024	251.3453
288.2024	250.3215
288.7143	250.3215
288.7143	249.8096
290.2501	249.8096
290.2501	250.3215
294.8572	250.3215
294.8572	250.8334
297.4167	250.8334
297.4167	251.3453
301.0001	251.3453
301.0001	250.8334
303.5596	250.8334
303.5596	250.3215
304.5834	250.3215
304.5834	249.8096
305.6072	249.8096
305.6072	249.2977
306.1191	249.2977
306.1191	248.7858
306.6310	248.7858
306.6310	248.2739
307.1429	248.2739
307.1429	247.7620
307.6548	247.7620
307.6548	247.2500
310.2143	247.2500
310.2143	246.7381
311.7501	246.7381
311.7501	246.2262
312.7739	246.2262
312.7739	245.7143
313.7977	245.7143
313.7977	245.2024
314.3096	245.2024
314.3096	244.6905
314.8215	244.6905
314.8215	244.1786
315.3334	244.1786
315.3334	243.6667
315.8453	243.6667
315.8453	243.1548
316.3572	243.1548
316.3572	242.1310
316.8691	242.1310
316.8691	241.6191
317.3810	241.6191
317.3810	241.1072
317.8929	241.1072
317.8929	240.0834
318.4048	240.0834
318.4048	239.0596
318.9167	239.0596
318.9167	238.5477
319.4286	238.5477
319.4286	238.0358
321.9882	238.0358
321.9882	237.5239
323.0120	237.5239
323.0120	237.0119
324.0358	237.0119
324.0358	236.5000
324.5477	236.5000
324.5477	235.9881
325.0596	235.9881
325.0596	235.4762
325.5715	235.4762
325.5715	234.9643
326.0834	234.9643
326.0834	234.4524
326.5953	234.4524
326.5953	233.9405
327.1072	233.9405
327.1072	233.4286
327.6191	233.4286
327.6191	232.4048
328.1310	232.4048
328.1310	231.3810
328.6429	231.3810
328.6429	229.8453
329.6667	229.8453
329.6667	229.3334
330.1786	229.3334
330.1786	228.8215
334.7858	228.8215
334.7858	228.3096
335.8096	228.3096
335.8096	228.8215
338.8810	228.8215
338.8810	228.3096
340.4167	228.3096
340.4167	228.8215
343.4882	228.8215
343.4882	228.3096
346.0477	228.3096
346.0477	227.7977
348.0953	227.7977
348.0953	227.2858
349.6310	227.2858
349.6310	226.7739
350.6548	226.7739
350.6548	226.2619
351.6786	226.2619
351.6786	225.7500
352.1905	225.7500
352.1905	225.2381
352.7024	225.2381
352.7024	224.7262
353.7263	224.7262
353.7263	224.2143
354.2382	224.2143
354.2382	223.7024
354.7501	223.7024
354.7501	223.1905
355.2620	223.1905
355.2620	222.6786
355.7739	222.6786
355.7739	222.1667
356.2858	222.1667
356.2858	221.6548
356.7977	221.6548
356.7977	221.1429
357.3096	221.1429
357.3096	220.6310
357.8215	220.6310
357.8215	219.6072
358.3334	219.6072
358.3334	218.5834
358.8453	218.5834
358.8453	217.5596
359.3572	217.5596
359.3572	215.0000
359.8691	215.0000
359.8691	214.4881
360.8929	214.4881
360.8929	215.0000
366.0120	215.0000
366.0120	214.4881
368.5715	214.4881
368.5715	213.9762
369.5953	213.9762
369.5953	213.4643
370.6191	213.4643
370.6191	212.9524
371.1310	212.9524
371.1310	212.4405
371.6429	212.4405
371.6429	211.9286
372.1548	211.9286
372.1548	211.4167
372.6667	211.4167
372.6667	210.9048
373.1786	210.9048
373.1786	209.8810
373.6905	209.8810
373.6905	208.8572
374.2025	208.8572
374.2025	208.3453
375.2263	208.3453
