376.7620	207.8334
377.2739	207.8334
377.2739	208.3453
377.7858	208.3453
377.7858	209.8810
377.2739	209.8810
377.2739	210.9048
376.7620	210.9048
376.7620	213.4643
376.2501	213.4643
376.2501	216.5358
376.7620	216.5358
376.7620	219.0953
377.2739	219.0953
377.2739	220.1191
377.7858	220.1191
377.7858	221.1429
378.2977	221.1429
378.2977	221.6548
378.8096	221.6548
378.8096	222.1667
379.3215	222.1667
379.3215	222.6786
379.8334	222.6786
379.8334	223.1905
380.3453	223.1905
380.3453	223.7024
381.3691	223.7024
381.3691	224.2143
382.3929	224.2143
382.3929	224.7262
384.9525	224.7262
384.9525	225.2381
389.0477	225.2381
389.0477	224.7262
391.6072	224.7262
391.6072	225.7500
392.1191	225.7500
392.1191	227.7977
391.6072	227.7977
391.6072	228.3096
391.0953	228.3096
391.0953	228.8215
390.5834	228.8215
390.5834	229.3334
390.0715	229.3334
390.0715	230.3572
389.5596	230.3572
389.5596	231.3810
389.0477	231.3810
389.0477	233.4286
388.5358	233.4286
388.5358	234.4524
388.0239	234.4524
388.0239	235.4762
387.5120	235.4762
387.5120	238.0358
387.0001	238.0358
387.0001	241.6191
387.5120	241.6191
387.5120	244.1786
388.0239	244.1786
388.0239	245.2024
388.5358	245.2024
388.5358	246.2262
389.0477	246.2262
389.0477	248.2739
389.5596	248.2739
389.5596	249.2977
390.0715	249.2977
390.0715	251.3453
390.5834	251.3453
390.5834	252.3691
391.0953	252.3691
391.0953	253.3929
391.6072	253.3929
391.6072	253.9048
392.1191	253.9048
392.1191	254.4167
392.6310	254.4167
392.6310	254.9286
393.1429	254.9286
393.1429	255.9524
393.6548	255.9524
393.6548	256.9762
394.1667	256.9762
394.1667	263.1191
394.6786	263.1191
394.6786	264.6548
394.1667	264.6548
394.1667	267.2143
393.6548	267.2143
393.6548	269.7739
393.1429	269.7739
393.1429	270.2858
391.0953	270.2858
391.0953	270.7977
390.0715	270.7977
390.0715	271.3096
389.0477	271.3096
389.0477	271.8215
388.5358	271.8215
388.5358	272.3334
388.0239	272.3334
388.0239	272.8453
387.5120	272.8453
387.5120	273.3572
387.0001	273.3572
387.0001	273.8691
386.4882	273.8691
386.4882	274.3810
385.9763	274.3810
385.9763	275.4048
385.4644	275.4048
385.4644	276.4286
384.9525	276.4286
384.9525	277.4524
384.4405	277.4524
384.4405	278.9881
383.9286	278.9881
383.9286	279.5001
383.4167	279.5001
383.4167	280.0120
382.9048	280.0120
382.9048	280.5239
382.3929	280.5239
382.3929	281.0358
381.8810	281.0358
381.8810	281.5477
381.3691	281.5477
381.3691	282.5715
380.8572	282.5715
380.8572	283.0834
380.3453	283.0834
380.3453	284.1072
379.8334	284.1072
379.8334	285.1310
379.3215	285.1310
379.3215	287.6905
378.8096	287.6905
378.8096	288.2024
378.2977	288.2024
378.2977	288.7143
377.7858	288.7143
377.7858	289.7382
377.2739	289.7382
377.2739	290.2501
376.7620	290.2501
376.7620	290.7620
375.7382	290.7620
375.7382	291.2739
374.7144	291.2739
374.7144	291.7858
370.6191	291.7858
370.6191	292.2977
368.0596	292.2977
368.0596	292.8096
367.0358	292.8096
367.0358	293.3215
366.0120	293.3215
366.0120	293.8334
365.5001	293.8334
365.5001	294.3453
364.9882	294.3453
364.9882	294.8572
364.4763	294.8572
364.4763	295.3691
355.2620	295.3691
355.2620	295.8810
352.7024	295.8810
352.7024	296.3929
350.1429	296.3929
350.1429	296.9048
349.1191	296.9048
349.1191	297.4167
348.0953	297.4167
348.0953	297.9286
347.0715	297.9286
347.0715	298.4405
346.5596	298.4405
346.5596	298.9524
344.0001	298.9524
344.0001	298.4405
343.4882	298.4405
343.4882	297.9286
342.9763	297.9286
342.9763	297.4167
342.4644	297.4167
342.4644	296.9048
341.4405	296.9048
341.4405	296.3929
340.4167	296.3929
340.4167	295.8810
337.8572	295.8810
337.8572	295.3691
332.7382	295.3691
332.7382	295.8810
329.6667	295.8810
329.6667	295.3691
328.1310	295.3691
328.1310	294.8572
327.6191	294.8572
327.6191	294.3453
327.1072	294.3453
327.1072	293.3215
326.5953	293.3215
326.5953	292.2977
326.0834	292.2977
326.0834	291.2739
325.5715	291.2739
325.5715	290.7620
325.0596	290.7620
325.0596	290.2501
324.5477	290.2501
324.5477	289.7382
324.0358	289.7382
324.0358	289.2262
323.5239	289.2262
323.5239	288.7143
322.5001	288.7143
322.5001	288.2024
321.4763	288.2024
321.4763	287.6905
318.9167	287.6905
318.9167	287.1786
315.3334	287.1786
315.3334	286.6667
310.2143	286.6667
310.2143	286.1548
309.1905	286.1548
309.1905	285.6429
308.6786	285.6429
308.6786	285.1310
308.1667	285.1310
308.1667	281.5477
308.6786	281.5477
308.6786	280.5239
309.1905	280.5239
309.1905	279.5001
309.7024	279.5001
309.7024	278.9881
310.2143	278.9881
310.2143	278.4762
310.7262	278.4762
310.7262	277.9643
311.2382	277.9643
311.2382	277.4524
311.7501	277.4524
311.7501	276.9405
312.2620	276.9405
312.2620	276.4286
312.7739	276.4286
312.7739	275.4048
313.2858	275.4048
313.2858	274.3810
313.7977	274.3810
313.7977	271.8215
314.3096	271.8215
314.3096	268.2381
313.7977	268.2381
313.7977	265.6786
313.2858	265.6786
313.2858	263.1191
312.7739	263.1191
312.7739	261.0715
312.2620	261.0715
312.2620	260.0477
311.7501	260.0477
311.7501	259.0239
311.2382	259.0239
311.2382	258.5120
310.7262	258.5120
310.7262	258.0000
310.2143	258.0000
310.2143	257.4881
309.7024	257.4881
309.7024	256.9762
309.1905	256.9762
309.1905	256.4643
308.1667	256.4643
308.1667	255.9524
307.1429	255.9524
307.1429	255.4405
304.5834	255.4405
304.5834	254.9286
299.9762	254.9286
299.9762	254.4167
299.4643	254.4167
299.4643	253.9048
299.9762	253.9048
299.9762	253.3929
300.4882	253.3929
300.4882	252.3691
301.0001	252.3691
301.0001	251.8572
302.5358	251.8572
302.5358	252.3691
306.6310	252.3691
306.6310	251.8572
309.1905	251.8572
309.1905	251.3453
310.2143	251.3453
310.2143	250.8334
311.2382	250.8334
311.2382	250.3215
311.7501	250.3215
311.7501	249.8096
312.2620	249.8096
312.2620	249.2977
312.7739	249.2977
312.7739	248.7858
313.2858	248.7858
313.2858	248.2739
313.7977	248.2739
313.7977	247.2500
314.3096	247.2500
314.3096	246.2262
314.8215	246.2262
314.8215	245.2024
315.3334	245.2024
315.3334	244.1786
315.8453	244.1786
315.8453	243.1548
316.3572	243.1548
316.3572	242.1310
316.8691	242.1310
316.8691	241.1072
317.3810	241.1072
317.3810	240.0834
317.8929	240.0834
317.8929	239.0596
318.4048	239.0596
318.4048	238.5477
318.9167	238.5477
318.9167	238.0358
319.9405	238.0358
319.9405	237.5239
320.9643	237.5239
320.9643	237.0119
321.9882	237.0119
321.9882	236.5000
322.5001	236.5000
322.5001	235.9881
323.0120	235.9881
323.0120	235.4762
323.5239	235.4762
323.5239	234.9643
324.0358	234.9643
324.0358	234.4524
324.5477	234.4524
324.5477	233.9405
325.0596	233.9405
325.0596	233.4286
325.5715	233.4286
325.5715	232.4048
326.0834	232.4048
326.0834	231.3810
326.5953	231.3810
326.5953	230.3572
327.1072	230.3572
327.1072	229.8453
328.1310	229.8453
328.1310	229.3334
330.6905	229.3334
330.6905	228.8215
333.2501	228.8215
333.2501	228.3096
333.7620	228.3096
333.7620	228.8215
336.3215	228.8215
336.3215	228.3096
340.9286	228.3096
340.9286	227.7977
343.4882	227.7977
343.4882	227.2858
344.5120	227.2858
344.5120	226.7739
346.0477	226.7739
346.0477	226.2619
347.0715	226.2619
347.0715	225.7500
348.0953	225.7500
348.0953	225.2381
349.1191	225.2381
349.1191	224.7262
350.1429	224.7262
350.1429	224.2143
352.1905	224.2143
352.1905	223.7024
354.2382	223.7024
354.2382	223.1905
355.2620	223.1905
355.2620	222.6786
356.2858	222.6786
356.2858	222.1667
356.7977	222.1667
356.7977	221.6548
357.3096	221.6548
357.3096	221.1429
357.8215	221.1429
357.8215	220.6310
358.3334	220.6310
358.3334	220.1191
358.8453	220.1191
358.8453	219.6072
359.3572	219.6072
359.3572	218.5834
359.8691	218.5834
359.8691	217.5596
360.3810	217.5596
360.3810	216.5358
360.8929	216.5358
360.8929	213.9762
361.4048	213.9762
361.4048	213.4643
364.4763	213.4643
364.4763	213.9762
367.5477	213.9762
367.5477	213.4643
370.1072	213.4643
370.1072	212.9524
371.1310	212.9524
371.1310	212.4405
372.1548	212.4405
372.1548	211.9286
372.6667	211.9286
372.6667	211.4167
373.1786	211.4167
373.1786	210.9048
373.6905	210.9048
373.6905	210.3929
374.2025	210.3929
374.2025	209.8810
374.7144	209.8810
374.7144	208.8572
375.2263	208.8572
375.2263	207.8334
375.7382	207.8334
375.7382	207.3215
376.7620	207.3215
