378.2977	215.0000
378.8096	215.0000
378.8096	216.0239
379.3215	216.0239
379.3215	217.0477
378.8096	217.0477
378.8096	220.6310
379.3215	220.6310
379.3215	223.1905
379.8334	223.1905
379.8334	224.2143
380.3453	224.2143
380.3453	225.2381
380.8572	225.2381
380.8572	225.7500
381.3691	225.7500
381.3691	226.2619
381.8810	226.2619
381.8810	226.7739
382.3929	226.7739
382.3929	227.2858
382.9048	227.2858
382.9048	227.7977
383.9286	227.7977
383.9286	228.3096
384.9525	228.3096
384.9525	228.8215
385.9763	228.8215
385.9763	229.3334
387.0001	229.3334
387.0001	229.8453
389.5596	229.8453
389.5596	230.3572
393.1429	230.3572
393.1429	229.8453
395.7025	229.8453
395.7025	229.3334
396.7263	229.3334
396.7263	228.8215
397.7501	228.8215
397.7501	229.3334
398.2620	229.3334
398.2620	230.3572
398.7739	230.3572
398.7739	231.8929
398.2620	231.8929
398.2620	234.9643
398.7739	234.9643
398.7739	236.5000
398.2620	236.5000
398.2620	237.0119
397.7501	237.0119
397.7501	237.5239
397.2382	237.5239
397.2382	238.0358
396.7263	238.0358
396.7263	238.5477
396.2144	238.5477
396.2144	239.5715
395.7025	239.5715
395.7025	240.5953
395.1906	240.5953
395.1906	243.1548
394.6786	243.1548
394.6786	248.2739
395.1906	248.2739
395.1906	250.8334
395.7025	250.8334
395.7025	253.3929
396.2144	253.3929
396.2144	254.4167
396.7263	254.4167
396.7263	255.4405
397.2382	255.4405
397.2382	256.4643
397.7501	256.4643
397.7501	259.0239
398.2620	259.0239
398.2620	261.0715
398.7739	261.0715
398.7739	262.0953
399.2858	262.0953
399.2858	263.1191
399.7977	263.1191
399.7977	263.6310
400.3096	263.6310
400.3096	264.1429
400.8215	264.1429
400.8215	265.1667
401.3334	265.1667
401.3334	266.1905
401.8453	266.1905
401.8453	267.7262
401.3334	267.7262
401.3334	272.3334
400.8215	272.3334
400.8215	273.3572
400.3096	273.3572
400.3096	274.3810
399.7977	274.3810
399.7977	275.4048
398.7739	275.4048
398.7739	275.9167
398.2620	275.9167
398.2620	276.4286
397.7501	276.4286
397.7501	276.9405
395.7025	276.9405
395.7025	277.4524
394.6786	277.4524
394.6786	277.9643
393.6548	277.9643
393.6548	278.4762
393.1429	278.4762
393.1429	278.9881
392.6310	278.9881
392.6310	279.5001
392.1191	279.5001
392.1191	280.0120
391.6072	280.0120
391.6072	280.5239
391.0953	280.5239
391.0953	281.5477
390.5834	281.5477
390.5834	282.5715
390.0715	282.5715
390.0715	284.6191
389.5596	284.6191
389.5596	287.1786
389.0477	287.1786
389.0477	291.2739
389.5596	291.2739
389.5596	292.8096
389.0477	292.8096
389.0477	294.8572
388.0239	294.8572
388.0239	295.3691
387.0001	295.3691
387.0001	295.8810
386.4882	295.8810
386.4882	296.3929
383.9286	296.3929
383.9286	295.8810
381.3691	295.8810
381.3691	295.3691
378.8096	295.3691
378.8096	295.8810
376.2501	295.8810
376.2501	296.3929
375.2263	296.3929
375.2263	296.9048
374.2025	296.9048
374.2025	297.4167
373.6905	297.4167
373.6905	297.9286
373.1786	297.9286
373.1786	298.4405
372.6667	298.4405
372.6667	298.9524
372.1548	298.9524
372.1548	299.4643
371.6429	299.4643
371.6429	299.9762
371.1310	299.9762
371.1310	301.0001
370.6191	301.0001
370.6191	302.0239
369.5953	302.0239
369.5953	301.5120
367.0358	301.5120
367.0358	302.0239
363.9644	302.0239
363.9644	302.5358
361.4048	302.5358
361.4048	303.0477
360.3810	303.0477
360.3810	303.5596
359.3572	303.5596
359.3572	304.0715
357.3096	304.0715
357.3096	304.5834
356.2858	304.5834
356.2858	305.0953
355.2620	305.0953
355.2620	305.6072
354.7501	305.6072
354.7501	306.1191
354.2382	306.1191
354.2382	306.6310
353.7263	306.6310
353.7263	307.1429
353.2144	307.1429
353.2144	307.6548
352.1905	307.6548
352.1905	307.1429
351.1667	307.1429
351.1667	306.6310
350.6548	306.6310
350.6548	306.1191
349.6310	306.1191
349.6310	305.6072
348.6072	305.6072
348.6072	305.0953
346.0477	305.0953
346.0477	304.5834
343.4882	304.5834
343.4882	305.0953
342.4644	305.0953
342.4644	304.5834
341.4405	304.5834
341.4405	304.0715
338.8810	304.0715
338.8810	303.5596
334.2739	303.5596
334.2739	304.0715
332.2263	304.0715
332.2263	303.5596
331.2024	303.5596
331.2024	303.0477
328.6429	303.0477
328.6429	300.4882
328.1310	300.4882
328.1310	299.4643
327.6191	299.4643
327.6191	298.4405
327.1072	298.4405
327.1072	297.4167
326.5953	297.4167
326.5953	296.9048
326.0834	296.9048
326.0834	296.3929
325.5715	296.3929
325.5715	295.8810
325.0596	295.8810
325.0596	295.3691
324.5477	295.3691
324.5477	294.8572
324.0358	294.8572
324.0358	294.3453
323.0120	294.3453
323.0120	293.8334
321.9882	293.8334
321.9882	293.3215
320.9643	293.3215
320.9643	292.8096
319.9405	292.8096
319.9405	292.2977
317.3810	292.2977
317.3810	291.7858
310.2143	291.7858
310.2143	291.2739
308.1667	291.2739
308.1667	290.7620
306.6310	290.7620
306.6310	289.7382
306.1191	289.7382
306.1191	286.1548
306.6310	286.1548
306.6310	285.6429
307.1429	285.6429
307.1429	285.1310
307.6548	285.1310
307.6548	284.6191
308.6786	284.6191
308.6786	284.1072
309.7024	284.1072
309.7024	283.5953
310.2143	283.5953
310.2143	283.0834
310.7262	283.0834
310.7262	282.5715
311.2382	282.5715
311.2382	282.0596
311.7501	282.0596
311.7501	281.5477
312.2620	281.5477
312.2620	281.0358
312.7739	281.0358
312.7739	280.5239
313.2858	280.5239
313.2858	280.0120
313.7977	280.0120
313.7977	278.9881
314.3096	278.9881
314.3096	277.9643
314.8215	277.9643
314.8215	275.4048
315.3334	275.4048
315.3334	271.8215
314.8215	271.8215
314.8215	269.2620
314.3096	269.2620
314.3096	266.7024
313.7977	266.7024
313.7977	265.6786
313.2858	265.6786
313.2858	264.6548
312.7739	264.6548
312.7739	264.1429
312.2620	264.1429
312.2620	263.6310
311.7501	263.6310
311.7501	263.1191
311.2382	263.1191
311.2382	262.6072
310.7262	262.6072
310.7262	262.0953
310.2143	262.0953
310.2143	261.5834
309.1905	261.5834
309.1905	261.0715
308.1667	261.0715
308.1667	260.5596
309.7024	260.5596
309.7024	260.0477
310.7262	260.0477
310.7262	259.5358
311.7501	259.5358
311.7501	259.0239
312.2620	259.0239
312.2620	258.5120
312.7739	258.5120
312.7739	258.0000
313.2858	258.0000
313.2858	257.4881
313.7977	257.4881
313.7977	256.9762
314.3096	256.9762
314.3096	256.4643
314.8215	256.4643
314.8215	255.4405
315.3334	255.4405
315.3334	254.9286
315.8453	254.9286
315.8453	254.4167
316.3572	254.4167
316.3572	253.9048
316.8691	253.9048
316.8691	252.8810
317.3810	252.8810
317.3810	251.8572
317.8929	251.8572
317.8929	250.8334
318.4048	250.8334
318.4048	248.2739
318.9167	248.2739
318.9167	247.2500
319.4286	247.2500
319.4286	245.2024
319.9405	245.2024
319.9405	244.1786
320.9643	244.1786
320.9643	243.6667
321.9882	243.6667
321.9882	243.1548
322.5001	243.1548
322.5001	242.6429
323.0120	242.6429
323.0120	242.1310
324.0358	242.1310
324.0358	241.6191
325.0596	241.6191
325.0596	241.1072
326.0834	241.1072
326.0834	240.5953
326.5953	240.5953
326.5953	240.0834
327.1072	240.0834
327.1072	239.5715
327.6191	239.5715
327.6191	239.0596
328.1310	239.0596
328.1310	238.5477
328.6429	238.5477
328.6429	238.0358
329.1548	238.0358
329.1548	237.0119
329.6667	237.0119
329.6667	235.9881
330.1786	235.9881
330.1786	234.9643
330.6905	234.9643
330.6905	233.4286
331.2024	233.4286
331.2024	232.9167
331.7143	232.9167
331.7143	232.4048
332.7382	232.4048
332.7382	231.8929
333.2501	231.8929
333.2501	231.3810
333.7620	231.3810
333.7620	230.8691
336.3215	230.8691
336.3215	231.3810
338.3691	231.3810
338.3691	231.8929
340.9286	231.8929
340.9286	232.4048
344.0001	232.4048
344.0001	231.8929
346.5596	231.8929
346.5596	231.3810
348.6072	231.3810
348.6072	230.8691
349.6310	230.8691
349.6310	230.3572
350.6548	230.3572
350.6548	229.8453
351.6786	229.8453
351.6786	229.3334
352.1905	229.3334
352.1905	228.8215
352.7024	228.8215
352.7024	228.3096
353.2144	228.3096
353.2144	227.7977
353.7263	227.7977
353.7263	227.2858
354.2382	227.2858
354.2382	226.2619
354.7501	226.2619
354.7501	225.7500
355.2620	225.7500
355.2620	225.2381
357.8215	225.2381
357.8215	224.7262
358.8453	224.7262
358.8453	224.2143
359.8691	224.2143
359.8691	223.7024
360.3810	223.7024
360.3810	223.1905
360.8929	223.1905
360.8929	222.6786
361.4048	222.6786
361.4048	222.1667
361.9167	222.1667
361.9167	221.6548
362.4286	221.6548
362.4286	221.1429
362.9405	221.1429
362.9405	220.6310
363.4525	220.6310
363.4525	219.6072
363.9644	219.6072
363.9644	218.5834
364.4763	218.5834
364.4763	218.0715
370.1072	218.0715
370.1072	217.5596
372.6667	217.5596
372.6667	217.0477
373.6905	217.0477
373.6905	216.5358
374.7144	216.5358
374.7144	216.0239
375.2263	216.0239
375.2263	215.5119
375.7382	215.5119
375.7382	215.0000
376.2501	215.0000
376.2501	214.4881
378.2977	214.4881
