370.1072	214.4881
370.6191	214.4881
370.6191	215.0000
371.6429	215.0000
371.6429	215.5119
372.6667	215.5119
372.6667	216.0239
375.2263	216.0239
375.2263	216.5358
378.8096	216.5358
378.8096	216.0239
380.3453	216.0239
380.3453	216.5358
380.8572	216.5358
380.8572	217.0477
381.3691	217.0477
381.3691	217.5596
380.8572	217.5596
380.8572	221.1429
381.3691	221.1429
381.3691	223.7024
381.8810	223.7024
381.8810	224.7262
382.3929	224.7262
382.3929	225.7500
382.9048	225.7500
382.9048	226.2619
383.4167	226.2619
383.4167	226.7739
383.9286	226.7739
383.9286	227.2858
384.4405	227.2858
384.4405	227.7977
384.9525	227.7977
384.9525	228.3096
385.9763	228.3096
385.9763	228.8215
387.0001	228.8215
387.0001	229.3334
389.5596	229.3334
389.5596	229.8453
392.6310	229.8453
392.6310	229.3334
395.1906	229.3334
395.1906	228.8215
396.2144	228.8215
396.2144	228.3096
397.2382	228.3096
397.2382	227.7977
399.2858	227.7977
399.2858	228.8215
399.7977	228.8215
399.7977	230.8691
399.2858	230.8691
399.2858	233.4286
398.7739	233.4286
398.7739	235.9881
399.2858	235.9881
399.2858	236.5000
398.7739	236.5000
398.7739	237.0119
398.2620	237.0119
398.2620	237.5239
397.7501	237.5239
397.7501	238.0358
397.2382	238.0358
397.2382	238.5477
396.7263	238.5477
396.7263	239.0596
396.2144	239.0596
396.2144	239.5715
395.7025	239.5715
395.7025	240.0834
395.1906	240.0834
395.1906	241.1072
394.6786	241.1072
394.6786	242.1310
394.1667	242.1310
394.1667	244.6905
393.6548	244.6905
393.6548	247.2500
394.1667	247.2500
394.1667	249.8096
394.6786	249.8096
394.6786	251.3453
395.1906	251.3453
395.1906	252.3691
395.7025	252.3691
395.7025	253.3929
396.2144	253.3929
396.2144	253.9048
396.7263	253.9048
396.7263	254.4167
397.2382	254.4167
397.2382	254.9286
397.7501	254.9286
397.7501	255.4405
398.2620	255.4405
398.2620	256.4643
398.7739	256.4643
398.7739	257.4881
398.2620	257.4881
398.2620	258.5120
397.7501	258.5120
397.7501	261.0715
397.2382	261.0715
397.2382	264.1429
397.7501	264.1429
397.7501	266.7024
398.2620	266.7024
398.2620	267.7262
398.7739	267.7262
398.7739	268.7501
399.2858	268.7501
399.2858	269.7739
399.7977	269.7739
399.7977	270.2858
400.3096	270.2858
400.3096	271.8215
399.7977	271.8215
399.7977	272.3334
397.2382	272.3334
397.2382	272.8453
396.2144	272.8453
396.2144	273.3572
395.1906	273.3572
395.1906	273.8691
394.6786	273.8691
394.6786	274.3810
394.1667	274.3810
394.1667	274.8929
393.6548	274.8929
393.6548	275.4048
393.1429	275.4048
393.1429	275.9167
392.6310	275.9167
392.6310	276.4286
392.1191	276.4286
392.1191	277.4524
391.6072	277.4524
391.6072	278.4762
391.0953	278.4762
391.0953	280.0120
390.5834	280.0120
390.5834	282.5715
390.0715	282.5715
390.0715	286.1548
390.5834	286.1548
390.5834	288.7143
391.0953	288.7143
391.0953	289.7382
391.6072	289.7382
391.6072	290.7620
392.1191	290.7620
392.1191	291.2739
392.6310	291.2739
392.6310	291.7858
393.1429	291.7858
393.1429	292.2977
393.6548	292.2977
393.6548	292.8096
394.1667	292.8096
394.1667	293.3215
394.6786	293.3215
394.6786	295.3691
394.1667	295.3691
394.1667	296.9048
393.6548	296.9048
393.6548	297.4167
390.5834	297.4167
390.5834	296.9048
390.0715	296.9048
390.0715	296.3929
389.0477	296.3929
389.0477	295.8810
388.5358	295.8810
388.5358	295.3691
388.0239	295.3691
388.0239	294.8572
387.5120	294.8572
387.5120	294.3453
387.0001	294.3453
387.0001	293.8334
386.4882	293.8334
386.4882	293.3215
385.4644	293.3215
385.4644	292.8096
384.4405	292.8096
384.4405	292.2977
381.8810	292.2977
381.8810	291.7858
378.8096	291.7858
378.8096	292.2977
376.2501	292.2977
376.2501	292.8096
375.2263	292.8096
375.2263	293.3215
374.2025	293.3215
374.2025	293.8334
373.6905	293.8334
373.6905	294.3453
373.1786	294.3453
373.1786	294.8572
372.6667	294.8572
372.6667	295.3691
372.1548	295.3691
372.1548	295.8810
370.6191	295.8810
370.6191	296.3929
369.5953	296.3929
369.5953	296.9048
368.5715	296.9048
368.5715	297.4167
366.0120	297.4167
366.0120	297.9286
364.4763	297.9286
364.4763	298.4405
363.4525	298.4405
363.4525	298.9524
362.4286	298.9524
362.4286	299.4643
361.9167	299.4643
361.9167	299.9762
360.8929	299.9762
360.8929	300.4882
358.3334	300.4882
358.3334	301.0001
356.2858	301.0001
356.2858	301.5120
355.2620	301.5120
355.2620	302.0239
354.2382	302.0239
354.2382	302.5358
353.2144	302.5358
353.2144	303.0477
352.7024	303.0477
352.7024	303.5596
350.6548	303.5596
350.6548	303.0477
349.1191	303.0477
349.1191	302.5358
348.0953	302.5358
348.0953	302.0239
345.5358	302.0239
345.5358	301.5120
340.9286	301.5120
340.9286	301.0001
338.8810	301.0001
338.8810	300.4882
337.8572	300.4882
337.8572	299.9762
336.8334	299.9762
336.8334	299.4643
335.8096	299.4643
335.8096	298.9524
334.7858	298.9524
334.7858	298.4405
333.7620	298.4405
333.7620	297.9286
332.7382	297.9286
332.7382	297.4167
330.1786	297.4167
330.1786	296.9048
326.0834	296.9048
326.0834	296.3929
325.5715	296.3929
325.5715	295.8810
325.0596	295.8810
325.0596	295.3691
324.0358	295.3691
324.0358	294.8572
323.5239	294.8572
323.5239	294.3453
323.0120	294.3453
323.0120	293.8334
322.5001	293.8334
322.5001	293.3215
321.9882	293.3215
321.9882	292.8096
321.4763	292.8096
321.4763	292.2977
320.4524	292.2977
320.4524	291.7858
319.4286	291.7858
319.4286	291.2739
316.8691	291.2739
316.8691	290.7620
313.7977	290.7620
313.7977	291.2739
307.6548	291.2739
307.6548	290.7620
306.6310	290.7620
306.6310	290.2501
305.0953	290.2501
305.0953	289.7382
304.5834	289.7382
304.5834	289.2262
304.0715	289.2262
304.0715	288.2024
303.5596	288.2024
303.5596	286.1548
304.0715	286.1548
304.0715	285.1310
304.5834	285.1310
304.5834	284.6191
305.0953	284.6191
305.0953	284.1072
305.6072	284.1072
305.6072	283.5953
306.1191	283.5953
306.1191	283.0834
306.6310	283.0834
306.6310	282.0596
307.1429	282.0596
307.1429	281.0358
307.6548	281.0358
307.6548	278.4762
308.1667	278.4762
308.1667	273.8691
307.6548	273.8691
307.6548	270.2858
307.1429	270.2858
307.1429	267.7262
306.6310	267.7262
306.6310	266.7024
306.1191	266.7024
306.1191	265.6786
305.6072	265.6786
305.6072	265.1667
305.0953	265.1667
305.0953	264.6548
304.5834	264.6548
304.5834	264.1429
304.0715	264.1429
304.0715	263.6310
303.5596	263.6310
303.5596	263.1191
302.5358	263.1191
302.5358	262.6072
301.5120	262.6072
301.5120	262.0953
298.9524	262.0953
298.9524	261.5834
298.4405	261.5834
298.4405	261.0715
301.0001	261.0715
301.0001	260.5596
302.0239	260.5596
302.0239	260.0477
303.0477	260.0477
303.0477	259.5358
303.5596	259.5358
303.5596	259.0239
304.0715	259.0239
304.0715	258.5120
304.5834	258.5120
304.5834	258.0000
305.0953	258.0000
305.0953	257.4881
305.6072	257.4881
305.6072	256.4643
306.1191	256.4643
306.1191	255.4405
306.6310	255.4405
306.6310	253.9048
307.1429	253.9048
307.1429	252.3691
307.6548	252.3691
307.6548	251.8572
308.1667	251.8572
308.1667	250.8334
308.6786	250.8334
308.6786	249.8096
309.1905	249.8096
309.1905	248.7858
309.7024	248.7858
309.7024	247.7620
310.2143	247.7620
310.2143	246.7381
310.7262	246.7381
310.7262	244.6905
311.2382	244.6905
311.2382	244.1786
311.7501	244.1786
311.7501	243.6667
312.2620	243.6667
312.2620	243.1548
312.7739	243.1548
312.7739	242.6429
313.2858	242.6429
313.2858	241.6191
314.3096	241.6191
314.3096	241.1072
314.8215	241.1072
314.8215	240.5953
315.3334	240.5953
315.3334	240.0834
315.8453	240.0834
315.8453	239.5715
316.3572	239.5715
316.3572	239.0596
316.8691	239.0596
316.8691	238.5477
317.3810	238.5477
317.3810	238.0358
317.8929	238.0358
317.8929	237.5239
318.9167	237.5239
318.9167	237.0119
319.9405	237.0119
319.9405	236.5000
320.9643	236.5000
320.9643	235.9881
321.9882	235.9881
321.9882	235.4762
323.0120	235.4762
323.0120	234.9643
324.0358	234.9643
324.0358	234.4524
325.0596	234.4524
325.0596	233.9405
325.5715	233.9405
325.5715	233.4286
326.5953	233.4286
326.5953	232.9167
327.1072	232.9167
327.1072	232.4048
327.6191	232.4048
327.6191	231.8929
328.1310	231.8929
328.1310	231.3810
328.6429	231.3810
328.6429	230.8691
329.1548	230.8691
329.1548	229.8453
329.6667	229.8453
329.6667	228.8215
330.1786	228.8215
330.1786	227.7977
330.6905	227.7977
330.6905	227.2858
331.2024	227.2858
331.2024	226.2619
331.7143	226.2619
331.7143	225.7500
332.2263	225.7500
332.2263	224.7262
333.7620	224.7262
333.7620	225.2381
338.3691	225.2381
338.3691	224.7262
340.9286	224.7262
340.9286	224.2143
341.9524	224.2143
341.9524	223.7024
345.5358	223.7024
345.5358	223.1905
349.6310	223.1905
349.6310	222.6786
352.7024	222.6786
352.7024	222.1667
355.2620	222.1667
355.2620	221.6548
357.3096	221.6548
357.3096	221.1429
359.8691	221.1429
359.8691	220.6310
360.8929	220.6310
360.8929	220.1191
361.9167	220.1191
361.9167	219.6072
362.9405	219.6072
362.9405	219.0953
363.4525	219.0953
363.4525	218.5834
363.9644	218.5834
363.9644	218.0715
364.4763	218.0715
364.4763	217.5596
364.9882	217.5596
364.9882	217.0477
365.5001	217.0477
365.5001	216.0239
366.0120	216.0239
366.0120	215.0000
366.5239	215.0000
366.5239	214.4881
367.5477	214.4881
367.5477	213.9762
370.1072	213.9762
