352.1905	223.7024
360.3810	223.7024
360.3810	224.2143
361.9167	224.2143
361.9167	224.7262
364.4763	224.7262
364.4763	225.2381
368.0596	225.2381
368.0596	225.7500
369.0834	225.7500
369.0834	226.2619
370.1072	226.2619
370.1072	226.7739
371.6429	226.7739
371.6429	227.2858
372.6667	227.2858
372.6667	227.7977
373.6905	227.7977
373.6905	228.3096
374.2025	228.3096
374.2025	228.8215
374.7144	228.8215
374.7144	229.3334
375.2263	229.3334
375.2263	229.8453
376.2501	229.8453
376.2501	230.3572
377.2739	230.3572
377.2739	230.8691
378.2977	230.8691
378.2977	231.3810
379.3215	231.3810
379.3215	231.8929
379.8334	231.8929
379.8334	232.4048
380.3453	232.4048
380.3453	232.9167
381.3691	232.9167
381.3691	233.4286
381.8810	233.4286
381.8810	233.9405
382.3929	233.9405
382.3929	234.4524
382.9048	234.4524
382.9048	234.9643
383.4167	234.9643
383.4167	235.4762
383.9286	235.4762
383.9286	235.9881
384.4405	235.9881
384.4405	236.5000
384.9525	236.5000
384.9525	237.0119
385.4644	237.0119
385.4644	238.0358
385.9763	238.0358
385.9763	239.0596
386.4882	239.0596
386.4882	240.0834
387.0001	240.0834
387.0001	240.5953
387.5120	240.5953
387.5120	241.1072
388.0239	241.1072
388.0239	241.6191
388.5358	241.6191
388.5358	242.1310
389.0477	242.1310
389.0477	242.6429
389.5596	242.6429
389.5596	243.1548
390.5834	243.1548
390.5834	243.6667
391.0953	243.6667
391.0953	244.1786
391.6072	244.1786
391.6072	244.6905
392.1191	244.6905
392.1191	245.2024
392.6310	245.2024
392.6310	245.7143
393.1429	245.7143
393.1429	247.2500
392.6310	247.2500
392.6310	248.2739
392.1191	248.2739
392.1191	250.8334
391.6072	250.8334
391.6072	254.9286
392.1191	254.9286
392.1191	256.9762
391.6072	256.9762
391.6072	264.6548
391.0953	264.6548
391.0953	265.6786
390.5834	265.6786
390.5834	267.2143
390.0715	267.2143
390.0715	269.2620
389.5596	269.2620
389.5596	271.8215
389.0477	271.8215
389.0477	274.3810
388.5358	274.3810
388.5358	276.4286
387.5120	276.4286
387.5120	276.9405
387.0001	276.9405
387.0001	277.4524
385.9763	277.4524
385.9763	277.9643
384.9525	277.9643
384.9525	278.4762
384.4405	278.4762
384.4405	278.9881
383.9286	278.9881
383.9286	279.5001
383.4167	279.5001
383.4167	280.0120
382.9048	280.0120
382.9048	280.5239
382.3929	280.5239
382.3929	281.5477
381.8810	281.5477
381.8810	282.5715
381.3691	282.5715
381.3691	283.5953
380.8572	283.5953
380.8572	284.1072
380.3453	284.1072
380.3453	284.6191
379.8334	284.6191
379.8334	285.1310
379.3215	285.1310
379.3215	285.6429
378.8096	285.6429
378.8096	286.6667
377.7858	286.6667
377.7858	287.1786
376.7620	287.1786
376.7620	287.6905
376.2501	287.6905
376.2501	288.2024
375.7382	288.2024
375.7382	288.7143
375.2263	288.7143
375.2263	289.2262
374.7144	289.2262
374.7144	289.7382
374.2025	289.7382
374.2025	290.2501
373.6905	290.2501
373.6905	290.7620
373.1786	290.7620
373.1786	291.7858
372.6667	291.7858
372.6667	292.8096
372.1548	292.8096
372.1548	293.8334
371.6429	293.8334
371.6429	295.8810
369.0834	295.8810
369.0834	296.3929
367.0358	296.3929
367.0358	296.9048
366.0120	296.9048
366.0120	297.4167
364.9882	297.4167
364.9882	297.9286
362.9405	297.9286
362.9405	297.4167
356.2858	297.4167
356.2858	296.9048
355.7739	296.9048
355.7739	296.3929
354.7501	296.3929
354.7501	295.8810
353.7263	295.8810
353.7263	295.3691
351.1667	295.3691
351.1667	294.8572
348.6072	294.8572
348.6072	295.3691
347.0715	295.3691
347.0715	294.8572
345.0239	294.8572
345.0239	293.8334
344.5120	293.8334
344.5120	292.8096
344.0001	292.8096
344.0001	292.2977
343.4882	292.2977
343.4882	291.7858
342.9763	291.7858
342.9763	291.2739
342.4644	291.2739
342.4644	290.7620
341.9524	290.7620
341.9524	290.2501
340.9286	290.2501
340.9286	289.7382
339.9048	289.7382
339.9048	289.2262
338.8810	289.2262
338.8810	288.7143
337.3453	288.7143
337.3453	288.2024
336.3215	288.2024
336.3215	287.6905
335.2977	287.6905
335.2977	287.1786
334.7858	287.1786
334.7858	286.6667
334.2739	286.6667
334.2739	286.1548
333.7620	286.1548
333.7620	285.6429
333.2501	285.6429
333.2501	285.1310
332.7382	285.1310
332.7382	284.6191
332.2263	284.6191
332.2263	284.1072
331.7143	284.1072
331.7143	283.5953
331.2024	283.5953
331.2024	283.0834
330.1786	283.0834
330.1786	282.5715
329.6667	282.5715
329.6667	282.0596
328.6429	282.0596
328.6429	281.5477
327.6191	281.5477
327.6191	281.0358
325.0596	281.0358
325.0596	280.5239
322.5001	280.5239
322.5001	280.0120
321.9882	280.0120
321.9882	278.9881
321.4763	278.9881
321.4763	277.9643
320.9643	277.9643
320.9643	275.4048
321.4763	275.4048
321.4763	270.2858
320.9643	270.2858
320.9643	267.7262
320.4524	267.7262
320.4524	265.6786
319.9405	265.6786
319.9405	264.6548
319.4286	264.6548
319.4286	263.6310
318.9167	263.6310
318.9167	263.1191
318.4048	263.1191
318.4048	262.6072
317.8929	262.6072
317.8929	260.0477
317.3810	260.0477
317.3810	258.5120
317.8929	258.5120
317.8929	255.4405
318.4048	255.4405
318.4048	251.8572
317.8929	251.8572
317.8929	249.2977
317.3810	249.2977
317.3810	248.2739
316.8691	248.2739
316.8691	247.2500
316.3572	247.2500
316.3572	246.7381
315.8453	246.7381
315.8453	246.2262
315.3334	246.2262
315.3334	245.7143
314.8215	245.7143
314.8215	245.2024
314.3096	245.2024
314.3096	244.1786
313.7977	244.1786
313.7977	243.1548
313.2858	243.1548
313.2858	242.1310
312.7739	242.1310
312.7739	241.6191
312.2620	241.6191
312.2620	241.1072
311.7501	241.1072
311.7501	240.5953
311.2382	240.5953
311.2382	240.0834
310.7262	240.0834
310.7262	239.5715
310.2143	239.5715
310.2143	239.0596
309.1905	239.0596
309.1905	238.5477
308.1667	238.5477
308.1667	238.0358
305.6072	238.0358
305.6072	237.5239
302.5358	237.5239
302.5358	238.0358
299.9762	238.0358
299.9762	238.5477
298.9524	238.5477
298.9524	238.0358
294.3453	238.0358
294.3453	237.5239
293.3215	237.5239
293.3215	237.0119
292.8096	237.0119
292.8096	236.5000
292.2977	236.5000
292.2977	235.4762
292.8096	235.4762
292.8096	234.4524
293.3215	234.4524
293.3215	232.9167
294.3453	232.9167
294.3453	232.4048
294.8572	232.4048
294.8572	231.8929
297.4167	231.8929
297.4167	232.4048
297.9286	232.4048
297.9286	232.9167
298.4405	232.9167
298.4405	233.4286
298.9524	233.4286
298.9524	233.9405
299.4643	233.9405
299.4643	234.4524
300.4882	234.4524
300.4882	234.9643
301.5120	234.9643
301.5120	235.4762
304.0715	235.4762
304.0715	235.9881
307.1429	235.9881
307.1429	235.4762
309.7024	235.4762
309.7024	234.9643
310.7262	234.9643
310.7262	234.4524
311.7501	234.4524
311.7501	233.9405
312.2620	233.9405
312.2620	233.4286
312.7739	233.4286
312.7739	232.9167
313.2858	232.9167
313.2858	232.4048
313.7977	232.4048
313.7977	231.8929
314.3096	231.8929
314.3096	230.8691
314.8215	230.8691
314.8215	229.8453
315.3334	229.8453
315.3334	229.3334
315.8453	229.3334
315.8453	228.8215
316.3572	228.8215
316.3572	229.3334
320.4524	229.3334
320.4524	229.8453
324.5477	229.8453
324.5477	229.3334
327.1072	229.3334
327.1072	228.8215
328.1310	228.8215
328.1310	228.3096
329.1548	228.3096
329.1548	227.7977
329.6667	227.7977
329.6667	227.2858
330.1786	227.2858
330.1786	226.7739
331.7143	226.7739
331.7143	226.2619
333.2501	226.2619
333.2501	225.7500
334.2739	225.7500
334.2739	225.2381
335.2977	225.2381
335.2977	224.7262
335.8096	224.7262
335.8096	224.2143
337.8572	224.2143
337.8572	224.7262
340.9286	224.7262
340.9286	224.2143
343.4882	224.2143
343.4882	223.7024
344.5120	223.7024
344.5120	223.1905
352.1905	223.1905
