362.9405	225.7500
368.0596	225.7500
368.0596	226.2619
370.1072	226.2619
370.1072	226.7739
371.1310	226.7739
371.1310	227.2858
373.6905	227.2858
373.6905	227.7977
376.2501	227.7977
376.2501	228.3096
376.7620	228.3096
376.7620	228.8215
377.7858	228.8215
377.7858	229.3334
378.8096	229.3334
378.8096	229.8453
379.8334	229.8453
379.8334	230.3572
380.8572	230.3572
380.8572	230.8691
381.3691	230.8691
381.3691	231.3810
382.3929	231.3810
382.3929	231.8929
382.9048	231.8929
382.9048	232.4048
383.9286	232.4048
383.9286	232.9167
384.4405	232.9167
384.4405	233.4286
385.4644	233.4286
385.4644	233.9405
386.4882	233.9405
386.4882	234.4524
387.0001	234.4524
387.0001	234.9643
387.5120	234.9643
387.5120	235.4762
388.0239	235.4762
388.0239	235.9881
388.5358	235.9881
388.5358	236.5000
389.0477	236.5000
389.0477	237.0119
389.5596	237.0119
389.5596	237.5239
390.5834	237.5239
390.5834	238.0358
391.0953	238.0358
391.0953	238.5477
391.6072	238.5477
391.6072	239.0596
392.1191	239.0596
392.1191	239.5715
392.6310	239.5715
392.6310	240.0834
393.1429	240.0834
393.1429	240.5953
394.1667	240.5953
394.1667	241.6191
394.6786	241.6191
394.6786	242.6429
395.1906	242.6429
395.1906	243.1548
395.7025	243.1548
395.7025	243.6667
396.2144	243.6667
396.2144	244.1786
396.7263	244.1786
396.7263	244.6905
397.2382	244.6905
397.2382	245.2024
397.7501	245.2024
397.7501	245.7143
398.2620	245.7143
398.2620	246.2262
398.7739	246.2262
398.7739	246.7381
399.7977	246.7381
399.7977	247.2500
400.3096	247.2500
400.3096	247.7620
401.3334	247.7620
401.3334	248.2739
401.8453	248.2739
401.8453	248.7858
402.8691	248.7858
402.8691	251.3453
402.3572	251.3453
402.3572	259.0239
401.8453	259.0239
401.8453	270.7977
401.3334	270.7977
401.3334	275.9167
400.8215	275.9167
400.8215	276.9405
400.3096	276.9405
400.3096	277.9643
399.7977	277.9643
399.7977	279.5001
399.2858	279.5001
399.2858	281.5477
398.7739	281.5477
398.7739	282.0596
398.2620	282.0596
398.2620	282.5715
397.7501	282.5715
397.7501	283.0834
397.2382	283.0834
397.2382	283.5953
396.7263	283.5953
396.7263	284.6191
396.2144	284.6191
396.2144	285.6429
395.7025	285.6429
395.7025	286.6667
395.1906	286.6667
395.1906	287.1786
394.6786	287.1786
394.6786	287.6905
394.1667	287.6905
394.1667	288.2024
393.6548	288.2024
393.6548	288.7143
393.1429	288.7143
393.1429	289.2262
392.6310	289.2262
392.6310	289.7382
392.1191	289.7382
392.1191	290.2501
391.6072	290.2501
391.6072	290.7620
391.0953	290.7620
391.0953	291.7858
390.5834	291.7858
390.5834	292.2977
390.0715	292.2977
390.0715	292.8096
389.0477	292.8096
389.0477	293.3215
388.5358	293.3215
388.5358	293.8334
388.0239	293.8334
388.0239	294.3453
387.5120	294.3453
387.5120	294.8572
387.0001	294.8572
387.0001	295.3691
385.9763	295.3691
385.9763	295.8810
384.9525	295.8810
384.9525	296.3929
384.4405	296.3929
384.4405	296.9048
383.9286	296.9048
383.9286	297.4167
383.4167	297.4167
383.4167	297.9286
382.9048	297.9286
382.9048	298.4405
382.3929	298.4405
382.3929	298.9524
381.8810	298.9524
381.8810	299.4643
380.3453	299.4643
380.3453	298.9524
377.7858	298.9524
377.7858	298.4405
374.7144	298.4405
374.7144	298.9524
372.1548	298.9524
372.1548	299.4643
368.5715	299.4643
368.5715	298.9524
367.5477	298.9524
367.5477	298.4405
364.9882	298.4405
364.9882	297.9286
364.4763	297.9286
364.4763	297.4167
363.9644	297.4167
363.9644	296.9048
362.9405	296.9048
362.9405	296.3929
361.9167	296.3929
361.9167	295.8810
359.8691	295.8810
359.8691	295.3691
358.8453	295.3691
358.8453	294.8572
357.3096	294.8572
357.3096	294.3453
354.7501	294.3453
354.7501	293.8334
351.1667	293.8334
351.1667	294.3453
348.6072	294.3453
348.6072	294.8572
347.5834	294.8572
347.5834	295.3691
346.5596	295.3691
346.5596	295.8810
346.0477	295.8810
346.0477	296.3929
341.4405	296.3929
341.4405	294.3453
340.9286	294.3453
340.9286	293.3215
340.4167	293.3215
340.4167	292.2977
339.9048	292.2977
339.9048	291.7858
339.3929	291.7858
339.3929	291.2739
338.8810	291.2739
338.8810	290.7620
338.3691	290.7620
338.3691	290.2501
337.8572	290.2501
337.8572	289.7382
336.8334	289.7382
336.8334	289.2262
335.8096	289.2262
335.8096	288.7143
333.2501	288.7143
333.2501	288.2024
330.6905	288.2024
330.6905	287.6905
330.1786	287.6905
330.1786	287.1786
329.1548	287.1786
329.1548	286.6667
328.1310	286.6667
328.1310	285.6429
327.6191	285.6429
327.6191	284.6191
327.1072	284.6191
327.1072	284.1072
326.5953	284.1072
326.5953	283.5953
326.0834	283.5953
326.0834	283.0834
325.5715	283.0834
325.5715	282.5715
325.0596	282.5715
325.0596	281.0358
324.5477	281.0358
324.5477	280.0120
324.0358	280.0120
324.0358	277.4524
324.5477	277.4524
324.5477	271.8215
324.0358	271.8215
324.0358	269.2620
323.5239	269.2620
323.5239	264.1429
324.0358	264.1429
324.0358	261.5834
323.5239	261.5834
323.5239	256.4643
323.0120	256.4643
323.0120	255.4405
323.5239	255.4405
323.5239	251.8572
323.0120	251.8572
323.0120	249.2977
322.5001	249.2977
322.5001	248.2739
321.9882	248.2739
321.9882	247.2500
321.4763	247.2500
321.4763	246.2262
320.9643	246.2262
320.9643	245.7143
320.4524	245.7143
320.4524	245.2024
319.9405	245.2024
319.9405	244.6905
319.4286	244.6905
319.4286	244.1786
318.9167	244.1786
318.9167	243.6667
317.8929	243.6667
317.8929	243.1548
316.8691	243.1548
316.8691	242.6429
314.3096	242.6429
314.3096	242.1310
311.2382	242.1310
311.2382	242.6429
308.6786	242.6429
308.6786	243.1548
306.6310	243.1548
306.6310	242.6429
303.5596	242.6429
303.5596	242.1310
303.0477	242.1310
303.0477	241.6191
302.5358	241.6191
302.5358	241.1072
302.0239	241.1072
302.0239	240.5953
301.5120	240.5953
301.5120	240.0834
301.0001	240.0834
301.0001	239.5715
300.4882	239.5715
300.4882	239.0596
299.9762	239.0596
299.9762	238.5477
299.4643	238.5477
299.4643	238.0358
298.9524	238.0358
298.9524	237.5239
298.4405	237.5239
298.4405	237.0119
297.9286	237.0119
297.9286	236.5000
297.4167	236.5000
297.4167	235.9881
296.9048	235.9881
296.9048	234.9643
297.4167	234.9643
297.4167	234.4524
297.9286	234.4524
297.9286	233.9405
298.4405	233.9405
298.4405	233.4286
298.9524	233.4286
298.9524	232.9167
299.9762	232.9167
299.9762	232.4048
302.0239	232.4048
302.0239	232.9167
303.0477	232.9167
303.0477	233.4286
303.5596	233.4286
303.5596	233.9405
304.5834	233.9405
304.5834	234.4524
305.0953	234.4524
305.0953	234.9643
305.6072	234.9643
305.6072	235.4762
306.1191	235.4762
306.1191	235.9881
306.6310	235.9881
306.6310	236.5000
307.1429	236.5000
307.1429	237.0119
307.6548	237.0119
307.6548	237.5239
308.1667	237.5239
308.1667	238.0358
309.1905	238.0358
309.1905	238.5477
310.2143	238.5477
310.2143	239.0596
312.7739	239.0596
312.7739	239.5715
315.3334	239.5715
315.3334	239.0596
317.8929	239.0596
317.8929	238.5477
318.9167	238.5477
318.9167	238.0358
319.9405	238.0358
319.9405	237.5239
320.4524	237.5239
320.4524	237.0119
320.9643	237.0119
320.9643	236.5000
321.4763	236.5000
321.4763	235.9881
321.9882	235.9881
321.9882	235.4762
322.5001	235.4762
322.5001	234.4524
323.0120	234.4524
323.0120	233.4286
323.5239	233.4286
323.5239	232.4048
324.5477	232.4048
324.5477	231.8929
325.0596	231.8929
325.0596	231.3810
328.1310	231.3810
328.1310	231.8929
330.6905	231.8929
330.6905	232.4048
333.2501	232.4048
333.2501	231.8929
335.8096	231.8929
335.8096	231.3810
337.3453	231.3810
337.3453	230.8691
338.3691	230.8691
338.3691	230.3572
339.3929	230.3572
339.3929	229.8453
339.9048	229.8453
339.9048	229.3334
340.9286	229.3334
340.9286	228.8215
342.4644	228.8215
342.4644	228.3096
343.4882	228.3096
343.4882	227.7977
345.0239	227.7977
345.0239	227.2858
347.5834	227.2858
347.5834	226.7739
349.6310	226.7739
349.6310	226.2619
351.1667	226.2619
351.1667	226.7739
353.7263	226.7739
353.7263	226.2619
356.2858	226.2619
356.2858	225.7500
358.8453	225.7500
358.8453	225.2381
362.9405	225.2381
