295.3691	160.7381
299.4643	160.7381
299.4643	161.2500
308.6786	161.2500
308.6786	161.7619
309.7024	161.7619
309.7024	162.2738
310.7262	162.2738
310.7262	162.7857
311.7501	162.7857
311.7501	163.2977
312.7739	163.2977
312.7739	163.8096
313.7977	163.8096
313.7977	164.3215
314.8215	164.3215
314.8215	164.8334
315.3334	164.8334
315.3334	165.3453
316.3572	165.3453
316.3572	165.8572
316.8691	165.8572
316.8691	166.3691
317.8929	166.3691
317.8929	166.8810
318.4048	166.8810
318.4048	167.3929
319.4286	167.3929
319.4286	167.9048
319.9405	167.9048
319.9405	168.4167
320.4524	168.4167
320.4524	168.9286
320.9643	168.9286
320.9643	169.4405
321.4763	169.4405
321.4763	169.9524
321.9882	169.9524
321.9882	170.4643
322.5001	170.4643
322.5001	170.9762
323.0120	170.9762
323.0120	171.4881
323.5239	171.4881
323.5239	172.0000
324.0358	172.0000
324.0358	172.5119
325.0596	172.5119
325.0596	173.0238
326.0834	173.0238
326.0834	173.5357
328.6429	173.5357
328.6429	174.0477
331.2024	174.0477
331.2024	173.5357
333.7620	173.5357
333.7620	173.0238
334.7858	173.0238
334.7858	172.5119
335.8096	172.5119
335.8096	172.0000
336.3215	172.0000
336.3215	171.4881
336.8334	171.4881
336.8334	170.9762
337.3453	170.9762
337.3453	170.4643
337.8572	170.4643
337.8572	169.9524
338.3691	169.9524
338.3691	169.4405
338.8810	169.4405
338.8810	168.9286
339.9048	168.9286
339.9048	168.4167
340.4167	168.4167
340.4167	167.9048
340.9286	167.9048
340.9286	167.3929
341.4405	167.3929
341.4405	166.8810
341.9524	166.8810
341.9524	166.3691
342.4644	166.3691
342.4644	165.8572
342.9763	165.8572
342.9763	165.3453
343.4882	165.3453
343.4882	164.8334
344.5120	164.8334
344.5120	164.3215
345.5358	164.3215
345.5358	163.8096
346.0477	163.8096
346.0477	163.2977
346.5596	163.2977
346.5596	162.7857
347.0715	162.7857
347.0715	162.2738
347.5834	162.2738
347.5834	161.7619
348.0953	161.7619
348.0953	161.2500
349.6310	161.2500
349.6310	160.7381
353.2144	160.7381
353.2144	160.2262
356.7977	160.2262
356.7977	160.7381
359.8691	160.7381
359.8691	161.2500
361.4048	161.2500
361.4048	161.7619
362.4286	161.7619
362.4286	162.2738
363.4525	162.2738
363.4525	162.7857
364.4763	162.7857
364.4763	163.2977
364.9882	163.2977
364.9882	163.8096
366.0120	163.8096
366.0120	164.3215
366.5239	164.3215
366.5239	164.8334
367.0358	164.8334
367.0358	165.3453
367.5477	165.3453
367.5477	165.8572
368.5715	165.8572
368.5715	166.3691
369.0834	166.3691
369.0834	166.8810
369.5953	166.8810
369.5953	167.3929
370.1072	167.3929
370.1072	167.9048
370.6191	167.9048
370.6191	168.4167
371.1310	168.4167
371.1310	169.4405
371.6429	169.4405
371.6429	170.4643
372.1548	170.4643
372.1548	170.9762
372.6667	170.9762
372.6667	171.4881
373.1786	171.4881
373.1786	173.0238
373.6905	173.0238
373.6905	176.6072
374.2025	176.6072
374.2025	180.1905
374.7144	180.1905
374.7144	186.8453
375.2263	186.8453
375.2263	196.0596
374.7144	196.0596
374.7144	200.6667
375.2263	200.6667
375.2263	204.7619
375.7382	204.7619
375.7382	207.8334
376.2501	207.8334
376.2501	217.0477
375.7382	217.0477
375.7382	221.6548
376.2501	221.6548
376.2501	224.2143
376.7620	224.2143
376.7620	225.2381
377.2739	225.2381
377.2739	226.2619
377.7858	226.2619
377.7858	226.7739
378.2977	226.7739
378.2977	227.2858
378.8096	227.2858
378.8096	228.3096
379.3215	228.3096
379.3215	228.8215
379.8334	228.8215
379.8334	229.3334
380.3453	229.3334
380.3453	229.8453
380.8572	229.8453
380.8572	230.3572
381.3691	230.3572
381.3691	230.8691
382.3929	230.8691
382.3929	231.3810
382.9048	231.3810
382.9048	231.8929
383.4167	231.8929
383.4167	232.9167
383.9286	232.9167
383.9286	233.9405
384.4405	233.9405
384.4405	234.9643
384.9525	234.9643
384.9525	235.9881
385.4644	235.9881
385.4644	237.0119
385.9763	237.0119
385.9763	237.5239
386.4882	237.5239
386.4882	238.0358
387.0001	238.0358
387.0001	238.5477
387.5120	238.5477
387.5120	239.0596
388.0239	239.0596
388.0239	239.5715
389.0477	239.5715
389.0477	240.0834
390.0715	240.0834
390.0715	240.5953
392.6310	240.5953
392.6310	241.1072
395.7025	241.1072
395.7025	241.6191
398.2620	241.6191
398.2620	242.1310
402.8691	242.1310
402.8691	241.6191
407.9882	241.6191
407.9882	242.1310
408.5001	242.1310
408.5001	242.6429
409.0120	242.6429
409.0120	243.1548
409.5239	243.1548
409.5239	244.1786
410.0358	244.1786
410.0358	244.6905
410.5477	244.6905
410.5477	245.2024
411.0596	245.2024
411.0596	245.7143
411.5715	245.7143
411.5715	246.2262
412.0834	246.2262
412.0834	246.7381
412.5953	246.7381
412.5953	247.2500
413.6191	247.2500
413.6191	247.7620
414.6429	247.7620
414.6429	248.2739
417.2025	248.2739
417.2025	248.7858
420.2739	248.7858
420.2739	249.8096
420.7858	249.8096
420.7858	251.3453
421.2977	251.3453
421.2977	252.8810
420.7858	252.8810
420.7858	253.3929
420.2739	253.3929
420.2739	253.9048
419.7620	253.9048
419.7620	254.4167
419.2501	254.4167
419.2501	254.9286
418.7382	254.9286
418.7382	255.4405
418.2263	255.4405
418.2263	255.9524
417.7144	255.9524
417.7144	256.9762
417.2025	256.9762
417.2025	258.0000
416.6906	258.0000
416.6906	260.5596
416.1787	260.5596
416.1787	265.1667
416.6906	265.1667
416.6906	265.6786
416.1787	265.6786
416.1787	266.1905
415.6667	266.1905
415.6667	266.7024
415.1548	266.7024
415.1548	267.7262
414.6429	267.7262
414.6429	268.7501
414.1310	268.7501
414.1310	271.3096
413.6191	271.3096
413.6191	276.9405
413.1072	276.9405
413.1072	282.0596
413.6191	282.0596
413.6191	287.1786
414.1310	287.1786
414.1310	289.7382
414.6429	289.7382
414.6429	290.7620
415.1548	290.7620
415.1548	291.7858
415.6667	291.7858
415.6667	292.8096
416.1787	292.8096
416.1787	293.8334
416.6906	293.8334
416.6906	294.3453
417.2025	294.3453
417.2025	294.8572
417.7144	294.8572
417.7144	295.3691
418.2263	295.3691
418.2263	295.8810
418.7382	295.8810
418.7382	296.3929
419.2501	296.3929
419.2501	296.9048
419.7620	296.9048
419.7620	297.4167
420.2739	297.4167
420.2739	297.9286
420.7858	297.9286
420.7858	298.4405
421.2977	298.4405
421.2977	298.9524
421.8096	298.9524
421.8096	299.4643
422.3215	299.4643
422.3215	299.9762
423.3453	299.9762
423.3453	300.4882
424.3691	300.4882
424.3691	301.0001
425.3929	301.0001
425.3929	301.5120
426.9287	301.5120
426.9287	302.5358
427.4406	302.5358
427.4406	303.5596
427.9525	303.5596
427.9525	304.5834
428.4644	304.5834
428.4644	305.0953
428.9763	305.0953
428.9763	305.6072
429.4882	305.6072
429.4882	306.1191
430.0001	306.1191
430.0001	306.6310
430.5120	306.6310
430.5120	307.1429
431.0239	307.1429
431.0239	308.1667
431.5358	308.1667
431.5358	309.1905
432.0477	309.1905
432.0477	310.7262
432.5596	310.7262
432.5596	311.7501
433.0715	311.7501
433.0715	313.2858
433.5834	313.2858
433.5834	314.3096
434.0953	314.3096
434.0953	315.3334
434.6072	315.3334
434.6072	316.8691
435.1191	316.8691
435.1191	320.4524
435.6310	320.4524
435.6310	323.0120
436.1429	323.0120
436.1429	324.0358
435.6310	324.0358
435.6310	327.1072
436.1429	327.1072
436.1429	333.2501
436.6548	333.2501
436.6548	335.8096
437.1667	335.8096
437.1667	337.8572
437.6787	337.8572
437.6787	339.3929
438.1906	339.3929
438.1906	340.4167
438.7025	340.4167
438.7025	341.4405
439.2144	341.4405
439.2144	341.9524
439.7263	341.9524
439.7263	342.4644
440.2382	342.4644
440.2382	342.9763
440.7501	342.9763
440.7501	343.4882
441.2620	343.4882
441.2620	344.0001
441.7739	344.0001
441.7739	345.0239
442.2858	345.0239
442.2858	346.0477
442.7977	346.0477
442.7977	347.0715
443.3096	347.0715
443.3096	351.6786
443.8215	351.6786
443.8215	354.7501
444.3334	354.7501
444.3334	357.3096
444.8453	357.3096
444.8453	362.4286
444.3334	362.4286
444.3334	364.4763
443.8215	364.4763
443.8215	365.5001
443.3096	365.5001
443.3096	366.0120
442.7977	366.0120
442.7977	366.5239
442.2858	366.5239
442.2858	367.0358
441.7739	367.0358
441.7739	367.5477
441.2620	367.5477
441.2620	368.5715
440.7501	368.5715
440.7501	369.0834
440.2382	369.0834
440.2382	369.5953
439.2144	369.5953
439.2144	370.1072
438.1906	370.1072
438.1906	370.6191
437.1667	370.6191
437.1667	371.1310
436.1429	371.1310
436.1429	371.6429
435.1191	371.6429
435.1191	372.1548
432.5596	372.1548
432.5596	372.6667
429.4882	372.6667
429.4882	372.1548
428.9763	372.1548
428.9763	371.6429
427.9525	371.6429
427.9525	371.1310
426.9287	371.1310
426.9287	370.6191
426.4167	370.6191
426.4167	370.1072
425.3929	370.1072
425.3929	369.5953
424.3691	369.5953
424.3691	369.0834
421.8096	369.0834
421.8096	368.5715
419.2501	368.5715
419.2501	369.0834
416.6906	369.0834
416.6906	369.5953
415.6667	369.5953
415.6667	370.1072
414.6429	370.1072
414.6429	370.6191
414.1310	370.6191
414.1310	371.1310
413.6191	371.1310
413.6191	371.6429
413.1072	371.6429
413.1072	372.1548
412.5953	372.1548
412.5953	372.6667
412.0834	372.6667
412.0834	373.1786
411.5715	373.1786
411.5715	373.6905
411.0596	373.6905
411.0596	374.2025
410.5477	374.2025
410.5477	374.7144
410.0358	374.7144
410.0358	375.2263
408.5001	375.2263
408.5001	375.7382
406.9644	375.7382
406.9644	376.2501
405.9406	376.2501
405.9406	375.7382
405.4286	375.7382
405.4286	375.2263
404.4048	375.2263
404.4048	374.7144
403.8929	374.7144
403.8929	374.2025
403.3810	374.2025
403.3810	372.6667
404.9167	372.6667
404.9167	372.1548
406.9644	372.1548
406.9644	371.6429
407.9882	371.6429
407.9882	371.1310
409.0120	371.1310
409.0120	370.6191
410.0358	370.6191
410.0358	370.1072
411.0596	370.1072
411.0596	369.5953
411.5715	369.5953
411.5715	369.0834
412.0834	369.0834
412.0834	368.5715
412.5953	368.5715
412.5953	368.0596
413.1072	368.0596
413.1072	367.5477
413.6191	367.5477
413.6191	366.5239
414.1310	366.5239
414.1310	365.5001
414.6429	365.5001
414.6429	362.9405
415.1548	362.9405
415.1548	360.3810
414.6429	360.3810
414.6429	357.8215
414.1310	357.8215
414.1310	356.7977
413.6191	356.7977
413.6191	355.7739
413.1072	355.7739
413.1072	354.2382
413.6191	354.2382
413.6191	351.6786
414.1310	351.6786
414.1310	348.0953
413.6191	348.0953
413.6191	345.5358
413.1072	345.5358
413.1072	344.5120
412.5953	344.5120
412.5953	342.4644
412.0834	342.4644
412.0834	341.4405
411.5715	341.4405
411.5715	340.4167
411.0596	340.4167
411.0596	339.9048
410.5477	339.9048
410.5477	338.8810
410.0358	338.8810
410.0358	337.8572
409.5239	337.8572
409.5239	336.8334
409.0120	336.8334
409.0120	335.8096
408.5001	335.8096
408.5001	334.7858
407.9882	334.7858
407.9882	334.2739
407.4763	334.2739
407.4763	333.7620
406.9644	333.7620
406.9644	333.2501
406.4525	333.2501
406.4525	332.2263
405.9406	332.2263
405.9406	331.2024
405.4286	331.2024
405.4286	330.6905
404.9167	330.6905
404.9167	330.1786
404.4048	330.1786
404.4048	329.6667
403.8929	329.6667
403.8929	328.6429
403.3810	328.6429
403.3810	328.1310
402.8691	328.1310
402.8691	327.6191
402.3572	327.6191
402.3572	327.1072
401.8453	327.1072
401.8453	326.5953
401.3334	326.5953
401.3334	326.0834
400.8215	326.0834
400.8215	325.5715
400.3096	325.5715
400.3096	325.0596
399.2858	325.0596
399.2858	324.5477
398.2620	324.5477
398.2620	324.0358
396.2144	324.0358
396.2144	323.5239
395.7025	323.5239
395.7025	323.0120
395.1906	323.0120
395.1906	322.5001
394.1667	322.5001
394.1667	321.9882
393.1429	321.9882
393.1429	321.4763
390.5834	321.4763
390.5834	320.9643
387.0001	320.9643
387.0001	321.4763
384.4405	321.4763
384.4405	321.9882
381.8810	321.9882
381.8810	322.5001
379.8334	322.5001
379.8334	323.0120
378.8096	323.0120
378.8096	323.5239
377.7858	323.5239
377.7858	324.0358
377.2739	324.0358
377.2739	324.5477
376.7620	324.5477
376.7620	325.0596
374.2025	325.0596
374.2025	325.5715
373.1786	325.5715
373.1786	326.0834
372.1548	326.0834
372.1548	326.5953
371.1310	326.5953
371.1310	327.1072
370.6191	327.1072
370.6191	327.6191
370.1072	327.6191
370.1072	328.1310
369.5953	328.1310
369.5953	328.6429
369.0834	328.6429
369.0834	329.1548
368.5715	329.1548
368.5715	330.1786
368.0596	330.1786
368.0596	331.2024
367.5477	331.2024
367.5477	333.7620
367.0358	333.7620
367.0358	339.3929
367.5477	339.3929
367.5477	341.9524
368.0596	341.9524
368.0596	342.9763
368.5715	342.9763
368.5715	344.0001
369.0834	344.0001
369.0834	345.5358
366.5239	345.5358
366.5239	346.0477
365.5001	346.0477
365.5001	346.5596
364.4763	346.5596
364.4763	347.0715
363.4525	347.0715
363.4525	347.5834
362.9405	347.5834
362.9405	348.0953
362.4286	348.0953
362.4286	348.6072
361.9167	348.6072
361.9167	349.1191
361.4048	349.1191
361.4048	349.6310
360.8929	349.6310
360.8929	350.1429
360.3810	350.1429
360.3810	351.1667
359.8691	351.1667
359.8691	352.1905
358.8453	352.1905
358.8453	351.6786
357.8215	351.6786
357.8215	350.6548
357.3096	350.6548
357.3096	349.6310
356.7977	349.6310
356.7977	349.1191
356.2858	349.1191
356.2858	348.6072
355.7739	348.6072
355.7739	348.0953
355.2620	348.0953
355.2620	347.5834
354.7501	347.5834
354.7501	347.0715
353.7263	347.0715
353.7263	346.5596
352.7024	346.5596
352.7024	346.0477
351.1667	346.0477
351.1667	345.5358
350.6548	345.5358
350.6548	344.5120
350.1429	344.5120
350.1429	344.0001
349.6310	344.0001
349.6310	343.4882
349.1191	343.4882
349.1191	342.9763
348.6072	342.9763
348.6072	342.4644
348.0953	342.4644
348.0953	341.9524
347.5834	341.9524
347.5834	341.4405
347.0715	341.4405
347.0715	340.9286
346.0477	340.9286
346.0477	340.4167
345.5358	340.4167
345.5358	339.9048
345.0239	339.9048
345.0239	339.3929
344.0001	339.3929
344.0001	338.8810
342.9763	338.8810
342.9763	338.3691
340.4167	338.3691
340.4167	337.8572
337.3453	337.8572
337.3453	338.3691
334.7858	338.3691
334.7858	338.8810
333.7620	338.8810
333.7620	339.3929
332.7382	339.3929
332.7382	338.3691
332.2263	338.3691
332.2263	337.8572
331.7143	337.8572
331.7143	337.3453
331.2024	337.3453
331.2024	336.3215
330.6905	336.3215
330.6905	335.2977
330.1786	335.2977
330.1786	334.2739
329.6667	334.2739
329.6667	333.7620
329.1548	333.7620
329.1548	333.2501
328.6429	333.2501
328.6429	332.7382
328.1310	332.7382
328.1310	332.2263
327.6191	332.2263
327.6191	331.7143
327.1072	331.7143
327.1072	331.2024
326.0834	331.2024
326.0834	330.6905
325.0596	330.6905
325.0596	330.1786
324.0358	330.1786
324.0358	329.6667
322.5001	329.6667
322.5001	329.1548
321.9882	329.1548
321.9882	328.6429
321.4763	328.6429
321.4763	327.1072
320.9643	327.1072
320.9643	326.0834
320.4524	326.0834
320.4524	325.0596
319.9405	325.0596
319.9405	324.0358
319.4286	324.0358
319.4286	323.0120
318.9167	323.0120
318.9167	321.4763
318.4048	321.4763
318.4048	320.4524
317.8929	320.4524
317.8929	319.4286
317.3810	319.4286
317.3810	316.8691
316.8691	316.8691
316.8691	315.8453
316.3572	315.8453
316.3572	314.8215
315.8453	314.8215
315.8453	313.7977
315.3334	313.7977
315.3334	313.2858
314.8215	313.2858
314.8215	312.7739
314.3096	312.7739
314.3096	312.2620
313.7977	312.2620
313.7977	311.7501
313.2858	311.7501
313.2858	311.2382
312.2620	311.2382
312.2620	310.7262
311.2382	310.7262
311.2382	310.2143
310.2143	310.2143
310.2143	309.7024
309.7024	309.7024
309.7024	309.1905
310.2143	309.1905
310.2143	308.1667
310.7262	308.1667
310.7262	307.1429
311.2382	307.1429
311.2382	306.1191
312.2620	306.1191
312.2620	305.6072
313.2858	305.6072
313.2858	305.0953
314.3096	305.0953
314.3096	304.5834
314.8215	304.5834
314.8215	304.0715
315.8453	304.0715
315.8453	303.5596
316.8691	303.5596
316.8691	303.0477
317.3810	303.0477
317.3810	302.5358
317.8929	302.5358
317.8929	302.0239
318.4048	302.0239
318.4048	301.5120
318.9167	301.5120
318.9167	301.0001
319.4286	301.0001
319.4286	299.9762
319.9405	299.9762
319.9405	298.9524
320.4524	298.9524
320.4524	296.3929
320.9643	296.3929
320.9643	293.8334
320.4524	293.8334
320.4524	291.2739
319.9405	291.2739
319.9405	290.2501
319.4286	290.2501
319.4286	289.2262
318.9167	289.2262
318.9167	288.7143
318.4048	288.7143
318.4048	288.2024
317.8929	288.2024
317.8929	287.6905
317.3810	287.6905
317.3810	287.1786
316.8691	287.1786
316.8691	286.6667
315.8453	286.6667
315.8453	286.1548
314.8215	286.1548
314.8215	285.6429
313.2858	285.6429
313.2858	285.1310
310.7262	285.1310
310.7262	284.6191
307.6548	284.6191
307.6548	285.1310
305.0953	285.1310
305.0953	285.6429
304.0715	285.6429
304.0715	286.1548
303.0477	286.1548
303.0477	286.6667
302.5358	286.6667
302.5358	287.1786
302.0239	287.1786
302.0239	287.6905
301.0001	287.6905
301.0001	287.1786
299.9762	287.1786
299.9762	286.1548
300.4882	286.1548
300.4882	283.0834
301.0001	283.0834
301.0001	282.5715
301.5120	282.5715
301.5120	282.0596
302.0239	282.0596
302.0239	281.0358
302.5358	281.0358
302.5358	280.0120
303.0477	280.0120
303.0477	277.4524
303.5596	277.4524
303.5596	274.3810
303.0477	274.3810
303.0477	271.8215
302.5358	271.8215
302.5358	270.7977
302.0239	270.7977
302.0239	269.7739
301.5120	269.7739
301.5120	269.2620
301.0001	269.2620
301.0001	268.7501
300.4882	268.7501
300.4882	261.5834
299.9762	261.5834
299.9762	256.9762
300.4882	256.9762
300.4882	237.0119
299.9762	237.0119
299.9762	234.4524
299.4643	234.4524
299.4643	233.4286
298.9524	233.4286
298.9524	232.4048
298.4405	232.4048
298.4405	231.8929
297.9286	231.8929
297.9286	231.3810
297.4167	231.3810
297.4167	230.8691
296.9048	230.8691
296.9048	230.3572
296.3929	230.3572
296.3929	229.8453
295.3691	229.8453
295.3691	229.3334
294.3453	229.3334
294.3453	228.8215
293.3215	228.8215
293.3215	228.3096
292.2977	228.3096
292.2977	227.7977
290.7620	227.7977
290.7620	227.2858
289.7382	227.2858
289.7382	226.7739
288.7143	226.7739
288.7143	226.2619
287.6905	226.2619
287.6905	225.7500
285.1310	225.7500
285.1310	225.2381
283.5953	225.2381
283.5953	224.7262
282.5715	224.7262
282.5715	224.2143
281.5477	224.2143
281.5477	223.7024
279.5001	223.7024
279.5001	223.1905
278.9881	223.1905
278.9881	222.6786
278.4762	222.6786
278.4762	222.1667
277.9643	222.1667
277.9643	221.6548
276.9405	221.6548
276.9405	221.1429
275.9167	221.1429
275.9167	220.6310
275.4048	220.6310
275.4048	220.1191
274.8929	220.1191
274.8929	219.6072
273.8691	219.6072
273.8691	219.0953
273.3572	219.0953
273.3572	218.5834
272.8453	218.5834
272.8453	218.0715
272.3334	218.0715
272.3334	217.5596
271.8215	217.5596
271.8215	216.5358
271.3096	216.5358
271.3096	216.0239
270.7977	216.0239
270.7977	215.5119
270.2858	215.5119
270.2858	215.0000
269.7739	215.0000
269.7739	213.9762
269.2620	213.9762
269.2620	212.9524
268.7501	212.9524
268.7501	211.9286
268.2381	211.9286
268.2381	211.4167
267.7262	211.4167
267.7262	210.9048
267.2143	210.9048
267.2143	210.3929
266.7024	210.3929
266.7024	209.8810
266.1905	209.8810
266.1905	209.3691
265.6786	209.3691
265.6786	208.3453
265.1667	208.3453
265.1667	207.3215
264.6548	207.3215
264.6548	206.8096
264.1429	206.8096
264.1429	206.2977
263.6310	206.2977
263.6310	205.7858
263.1191	205.7858
263.1191	205.2738
262.6072	205.2738
262.6072	204.7619
262.0953	204.7619
262.0953	203.7381
261.5834	203.7381
261.5834	202.2024
261.0715	202.2024
261.0715	199.6429
260.5596	199.6429
260.5596	189.4048
261.0715	189.4048
261.0715	188.3810
261.5834	188.3810
261.5834	186.3334
262.0953	186.3334
262.0953	184.2857
262.6072	184.2857
262.6072	181.7262
263.1191	181.7262
263.1191	179.1667
263.6310	179.1667
263.6310	178.6548
264.1429	178.6548
264.1429	178.1429
264.6548	178.1429
264.6548	177.6310
265.1667	177.6310
265.1667	177.1191
265.6786	177.1191
265.6786	176.6072
266.1905	176.6072
266.1905	176.0953
266.7024	176.0953
266.7024	175.5834
267.2143	175.5834
267.2143	175.0715
267.7262	175.0715
267.7262	174.0477
268.2381	174.0477
268.2381	173.0238
268.7501	173.0238
268.7501	172.0000
269.2620	172.0000
269.2620	171.4881
270.2858	171.4881
270.2858	170.9762
270.7977	170.9762
270.7977	170.4643
271.3096	170.4643
271.3096	169.9524
271.8215	169.9524
271.8215	169.4405
272.3334	169.4405
272.3334	168.9286
272.8453	168.9286
272.8453	167.9048
273.3572	167.9048
273.3572	166.8810
274.3810	166.8810
274.3810	166.3691
275.4048	166.3691
275.4048	165.8572
275.9167	165.8572
275.9167	165.3453
276.4286	165.3453
276.4286	164.8334
276.9405	164.8334
276.9405	164.3215
277.4524	164.3215
277.4524	163.8096
277.9643	163.8096
277.9643	162.7857
278.9881	162.7857
278.9881	162.2738
280.5239	162.2738
280.5239	161.7619
281.5477	161.7619
281.5477	161.2500
283.5953	161.2500
283.5953	160.7381
284.6191	160.7381
284.6191	160.2262
295.3691	160.2262
