362.9405	215.5119
363.4525	215.5119
363.4525	216.0239
364.4763	216.0239
364.4763	216.5358
364.9882	216.5358
364.9882	217.0477
365.5001	217.0477
365.5001	218.0715
366.0120	218.0715
366.0120	219.0953
366.5239	219.0953
366.5239	220.1191
367.0358	220.1191
367.0358	220.6310
367.5477	220.6310
367.5477	221.1429
368.0596	221.1429
368.0596	221.6548
368.5715	221.6548
368.5715	222.1667
369.0834	222.1667
369.0834	222.6786
370.1072	222.6786
370.1072	223.1905
371.1310	223.1905
371.1310	223.7024
372.6667	223.7024
372.6667	224.2143
373.1786	224.2143
373.1786	224.7262
374.2025	224.7262
374.2025	225.2381
374.7144	225.2381
374.7144	225.7500
375.7382	225.7500
375.7382	226.2619
376.7620	226.2619
376.7620	226.7739
379.3215	226.7739
379.3215	227.2858
382.3929	227.2858
382.3929	226.7739
384.9525	226.7739
384.9525	226.2619
390.5834	226.2619
390.5834	226.7739
391.0953	226.7739
391.0953	227.7977
391.6072	227.7977
391.6072	228.8215
392.1191	228.8215
392.1191	229.3334
392.6310	229.3334
392.6310	229.8453
393.1429	229.8453
393.1429	230.3572
393.6548	230.3572
393.6548	230.8691
394.1667	230.8691
394.1667	231.3810
394.6786	231.3810
394.6786	231.8929
395.1906	231.8929
395.1906	232.4048
396.2144	232.4048
396.2144	232.9167
397.2382	232.9167
397.2382	233.4286
399.7977	233.4286
399.7977	233.9405
400.3096	233.9405
400.3096	235.4762
400.8215	235.4762
400.8215	237.5239
400.3096	237.5239
400.3096	240.0834
399.7977	240.0834
399.7977	244.6905
400.3096	244.6905
400.3096	247.2500
399.7977	247.2500
399.7977	249.8096
399.2858	249.8096
399.2858	252.8810
399.7977	252.8810
399.7977	255.4405
400.3096	255.4405
400.3096	256.4643
400.8215	256.4643
400.8215	257.4881
401.3334	257.4881
401.3334	258.0000
401.8453	258.0000
401.8453	260.0477
401.3334	260.0477
401.3334	261.5834
400.8215	261.5834
400.8215	262.6072
400.3096	262.6072
400.3096	263.6310
399.7977	263.6310
399.7977	266.1905
399.2858	266.1905
399.2858	269.7739
399.7977	269.7739
399.7977	272.3334
400.3096	272.3334
400.3096	276.9405
399.7977	276.9405
399.7977	277.9643
399.2858	277.9643
399.2858	278.4762
398.7739	278.4762
398.7739	278.9881
398.2620	278.9881
398.2620	280.0120
397.7501	280.0120
397.7501	281.0358
397.2382	281.0358
397.2382	282.0596
396.7263	282.0596
396.7263	283.5953
396.2144	283.5953
396.2144	286.1548
395.7025	286.1548
395.7025	286.6667
395.1906	286.6667
395.1906	287.1786
394.6786	287.1786
394.6786	287.6905
394.1667	287.6905
394.1667	288.2024
393.6548	288.2024
393.6548	289.2262
393.1429	289.2262
393.1429	290.2501
392.6310	290.2501
392.6310	291.2739
392.1191	291.2739
392.1191	292.8096
391.6072	292.8096
391.6072	295.3691
391.0953	295.3691
391.0953	295.8810
390.5834	295.8810
390.5834	296.3929
390.0715	296.3929
390.0715	296.9048
389.5596	296.9048
389.5596	297.4167
389.0477	297.4167
389.0477	297.9286
388.5358	297.9286
388.5358	298.4405
388.0239	298.4405
388.0239	299.4643
387.5120	299.4643
387.5120	300.4882
387.0001	300.4882
387.0001	301.5120
384.4405	301.5120
384.4405	302.0239
382.9048	302.0239
382.9048	302.5358
381.8810	302.5358
381.8810	303.0477
380.8572	303.0477
380.8572	303.5596
380.3453	303.5596
380.3453	304.0715
379.8334	304.0715
379.8334	304.5834
379.3215	304.5834
379.3215	305.0953
378.8096	305.0953
378.8096	305.6072
378.2977	305.6072
378.2977	306.1191
377.7858	306.1191
377.7858	307.1429
377.2739	307.1429
377.2739	308.1667
374.7144	308.1667
374.7144	308.6786
372.1548	308.6786
372.1548	309.1905
371.1310	309.1905
371.1310	309.7024
370.1072	309.7024
370.1072	310.2143
369.5953	310.2143
369.5953	310.7262
369.0834	310.7262
369.0834	311.2382
368.0596	311.2382
368.0596	311.7501
362.9405	311.7501
362.9405	312.2620
360.3810	312.2620
360.3810	312.7739
359.3572	312.7739
359.3572	313.2858
358.8453	313.2858
358.8453	312.7739
352.1905	312.7739
352.1905	312.2620
351.6786	312.2620
351.6786	311.7501
351.1667	311.7501
351.1667	311.2382
350.6548	311.2382
350.6548	310.7262
350.1429	310.7262
350.1429	310.2143
349.1191	310.2143
349.1191	309.7024
348.0953	309.7024
348.0953	309.1905
346.0477	309.1905
346.0477	308.6786
343.4882	308.6786
343.4882	308.1667
336.8334	308.1667
336.8334	308.6786
335.8096	308.6786
335.8096	308.1667
334.2739	308.1667
334.2739	307.6548
331.7143	307.6548
331.7143	307.1429
330.6905	307.1429
330.6905	306.6310
330.1786	306.6310
330.1786	306.1191
329.6667	306.1191
329.6667	305.6072
328.6429	305.6072
328.6429	305.0953
327.6191	305.0953
327.6191	304.5834
327.1072	304.5834
327.1072	304.0715
326.5953	304.0715
326.5953	303.5596
326.0834	303.5596
326.0834	303.0477
325.5715	303.0477
325.5715	302.5358
325.0596	302.5358
325.0596	302.0239
324.5477	302.0239
324.5477	301.5120
323.5239	301.5120
323.5239	301.0001
323.0120	301.0001
323.0120	300.4882
322.5001	300.4882
322.5001	299.9762
321.9882	299.9762
321.9882	299.4643
321.4763	299.4643
321.4763	298.9524
320.9643	298.9524
320.9643	298.4405
320.4524	298.4405
320.4524	297.9286
319.9405	297.9286
319.9405	297.4167
319.4286	297.4167
319.4286	296.9048
318.4048	296.9048
318.4048	295.8810
317.8929	295.8810
317.8929	294.8572
317.3810	294.8572
317.3810	294.3453
316.8691	294.3453
316.8691	291.7858
316.3572	291.7858
316.3572	290.7620
315.8453	290.7620
315.8453	289.7382
315.3334	289.7382
315.3334	287.1786
314.8215	287.1786
314.8215	285.1310
314.3096	285.1310
314.3096	284.1072
313.7977	284.1072
313.7977	283.0834
313.2858	283.0834
313.2858	282.0596
312.7739	282.0596
312.7739	280.0120
312.2620	280.0120
312.2620	278.9881
311.7501	278.9881
311.7501	277.9643
311.2382	277.9643
311.2382	276.9405
310.7262	276.9405
310.7262	275.9167
310.2143	275.9167
310.2143	274.8929
309.7024	274.8929
309.7024	273.8691
309.1905	273.8691
309.1905	272.8453
309.7024	272.8453
309.7024	272.3334
310.2143	272.3334
310.2143	271.8215
310.7262	271.8215
310.7262	270.7977
311.2382	270.7977
311.2382	269.7739
311.7501	269.7739
311.7501	269.2620
312.2620	269.2620
312.2620	268.7501
312.7739	268.7501
312.7739	267.7262
313.2858	267.7262
313.2858	266.7024
313.7977	266.7024
313.7977	264.1429
314.3096	264.1429
314.3096	261.5834
313.7977	261.5834
313.7977	259.0239
313.2858	259.0239
313.2858	258.0000
313.7977	258.0000
313.7977	257.4881
314.8215	257.4881
314.8215	256.9762
315.3334	256.9762
315.3334	256.4643
315.8453	256.4643
315.8453	255.9524
316.3572	255.9524
316.3572	255.4405
316.8691	255.4405
316.8691	254.9286
317.3810	254.9286
317.3810	253.9048
317.8929	253.9048
317.8929	252.8810
318.4048	252.8810
318.4048	250.3215
318.9167	250.3215
318.9167	247.2500
318.4048	247.2500
318.4048	244.6905
317.8929	244.6905
317.8929	244.1786
318.4048	244.1786
318.4048	243.6667
318.9167	243.6667
318.9167	243.1548
319.4286	243.1548
319.4286	242.1310
319.9405	242.1310
319.9405	241.1072
320.4524	241.1072
320.4524	239.5715
320.9643	239.5715
320.9643	237.0119
321.4763	237.0119
321.4763	234.4524
321.9882	234.4524
321.9882	233.9405
322.5001	233.9405
322.5001	233.4286
323.0120	233.4286
323.0120	232.9167
323.5239	232.9167
323.5239	232.4048
324.0358	232.4048
324.0358	231.8929
324.5477	231.8929
324.5477	231.3810
325.0596	231.3810
325.0596	230.8691
325.5715	230.8691
325.5715	229.8453
326.0834	229.8453
326.0834	228.8215
327.1072	228.8215
327.1072	228.3096
327.6191	228.3096
327.6191	227.7977
328.1310	227.7977
328.1310	227.2858
329.1548	227.2858
329.1548	226.7739
329.6667	226.7739
329.6667	226.2619
330.1786	226.2619
330.1786	225.7500
331.2024	225.7500
331.2024	225.2381
333.2501	225.2381
333.2501	224.7262
334.2739	224.7262
334.2739	224.2143
335.2977	224.2143
335.2977	223.7024
336.3215	223.7024
336.3215	223.1905
338.8810	223.1905
338.8810	222.6786
339.9048	222.6786
339.9048	222.1667
340.9286	222.1667
340.9286	221.6548
341.9524	221.6548
341.9524	221.1429
342.4644	221.1429
342.4644	220.6310
342.9763	220.6310
342.9763	220.1191
345.0239	220.1191
345.0239	219.6072
347.5834	219.6072
347.5834	219.0953
349.1191	219.0953
349.1191	218.5834
354.7501	218.5834
354.7501	218.0715
357.3096	218.0715
357.3096	217.5596
358.3334	217.5596
358.3334	217.0477
359.3572	217.0477
359.3572	216.5358
359.8691	216.5358
359.8691	216.0239
360.3810	216.0239
360.3810	215.5119
361.4048	215.5119
361.4048	215.0000
362.9405	215.0000
