358.8453	219.6072
359.8691	219.6072
359.8691	220.1191
360.8929	220.1191
360.8929	220.6310
361.9167	220.6310
361.9167	221.1429
362.4286	221.1429
362.4286	221.6548
363.4525	221.6548
363.4525	222.1667
363.9644	222.1667
363.9644	222.6786
364.9882	222.6786
364.9882	223.1905
366.0120	223.1905
366.0120	223.7024
367.0358	223.7024
367.0358	224.2143
368.0596	224.2143
368.0596	224.7262
370.1072	224.7262
370.1072	225.2381
371.1310	225.2381
371.1310	225.7500
371.6429	225.7500
371.6429	226.2619
372.1548	226.2619
372.1548	226.7739
372.6667	226.7739
372.6667	227.2858
373.6905	227.2858
373.6905	227.7977
374.7144	227.7977
374.7144	228.3096
377.2739	228.3096
377.2739	228.8215
385.9763	228.8215
385.9763	229.3334
386.4882	229.3334
386.4882	229.8453
387.0001	229.8453
387.0001	230.8691
387.5120	230.8691
387.5120	231.8929
388.0239	231.8929
388.0239	232.4048
388.5358	232.4048
388.5358	232.9167
389.0477	232.9167
389.0477	233.4286
389.5596	233.4286
389.5596	233.9405
390.0715	233.9405
390.0715	234.4524
390.5834	234.4524
390.5834	234.9643
391.6072	234.9643
391.6072	235.4762
392.6310	235.4762
392.6310	235.9881
394.1667	235.9881
394.1667	236.5000
396.2144	236.5000
396.2144	237.5239
396.7263	237.5239
396.7263	241.1072
396.2144	241.1072
396.2144	241.6191
395.7025	241.6191
395.7025	242.6429
395.1906	242.6429
395.1906	243.6667
394.6786	243.6667
394.6786	246.2262
394.1667	246.2262
394.1667	249.2977
394.6786	249.2977
394.6786	251.8572
395.1906	251.8572
395.1906	252.8810
395.7025	252.8810
395.7025	253.9048
396.2144	253.9048
396.2144	254.9286
395.7025	254.9286
395.7025	257.4881
395.1906	257.4881
395.1906	261.0715
395.7025	261.0715
395.7025	263.6310
396.2144	263.6310
396.2144	264.6548
396.7263	264.6548
396.7263	266.7024
397.2382	266.7024
397.2382	267.7262
397.7501	267.7262
397.7501	270.2858
398.2620	270.2858
398.2620	274.3810
397.7501	274.3810
397.7501	275.4048
397.2382	275.4048
397.2382	276.4286
396.7263	276.4286
396.7263	278.9881
396.2144	278.9881
396.2144	281.0358
395.7025	281.0358
395.7025	281.5477
395.1906	281.5477
395.1906	282.5715
394.6786	282.5715
394.6786	283.5953
394.1667	283.5953
394.1667	284.6191
393.6548	284.6191
393.6548	285.6429
393.1429	285.6429
393.1429	286.6667
392.6310	286.6667
392.6310	287.1786
392.1191	287.1786
392.1191	288.2024
391.6072	288.2024
391.6072	289.2262
391.0953	289.2262
391.0953	290.7620
390.5834	290.7620
390.5834	292.2977
390.0715	292.2977
390.0715	292.8096
389.5596	292.8096
389.5596	293.3215
389.0477	293.3215
389.0477	294.3453
388.5358	294.3453
388.5358	295.3691
388.0239	295.3691
388.0239	297.4167
387.5120	297.4167
387.5120	299.9762
386.4882	299.9762
386.4882	300.4882
385.4644	300.4882
385.4644	301.0001
384.9525	301.0001
384.9525	301.5120
382.3929	301.5120
382.3929	302.0239
380.3453	302.0239
380.3453	302.5358
379.3215	302.5358
379.3215	303.0477
378.2977	303.0477
378.2977	303.5596
377.7858	303.5596
377.7858	304.0715
376.7620	304.0715
376.7620	304.5834
375.7382	304.5834
375.7382	305.0953
375.2263	305.0953
375.2263	305.6072
374.7144	305.6072
374.7144	306.1191
374.2025	306.1191
374.2025	306.6310
373.1786	306.6310
373.1786	307.1429
372.1548	307.1429
372.1548	307.6548
371.6429	307.6548
371.6429	308.1667
370.6191	308.1667
370.6191	308.6786
369.5953	308.6786
369.5953	309.1905
368.0596	309.1905
368.0596	309.7024
367.0358	309.7024
367.0358	310.2143
366.0120	310.2143
366.0120	310.7262
364.4763	310.7262
364.4763	311.2382
361.4048	311.2382
361.4048	311.7501
357.3096	311.7501
357.3096	312.2620
354.7501	312.2620
354.7501	312.7739
353.2144	312.7739
353.2144	312.2620
352.1905	312.2620
352.1905	311.7501
349.6310	311.7501
349.6310	311.2382
346.0477	311.2382
346.0477	311.7501
343.4882	311.7501
343.4882	312.2620
342.4644	312.2620
342.4644	312.7739
341.4405	312.7739
341.4405	313.2858
340.9286	313.2858
340.9286	313.7977
336.8334	313.7977
336.8334	313.2858
333.7620	313.2858
333.7620	312.7739
332.7382	312.7739
332.7382	312.2620
331.2024	312.2620
331.2024	311.7501
329.1548	311.7501
329.1548	311.2382
328.1310	311.2382
328.1310	310.7262
327.1072	310.7262
327.1072	310.2143
326.0834	310.2143
326.0834	309.7024
325.0596	309.7024
325.0596	309.1905
324.0358	309.1905
324.0358	308.1667
323.5239	308.1667
323.5239	307.1429
323.0120	307.1429
323.0120	306.6310
322.5001	306.6310
322.5001	306.1191
321.9882	306.1191
321.9882	305.6072
321.4763	305.6072
321.4763	305.0953
320.9643	305.0953
320.9643	304.5834
319.9405	304.5834
319.9405	304.0715
319.4286	304.0715
319.4286	303.5596
318.9167	303.5596
318.9167	303.0477
318.4048	303.0477
318.4048	302.5358
317.8929	302.5358
317.8929	302.0239
317.3810	302.0239
317.3810	301.5120
316.8691	301.5120
316.8691	301.0001
315.8453	301.0001
315.8453	300.4882
315.3334	300.4882
315.3334	299.9762
314.8215	299.9762
314.8215	299.4643
314.3096	299.4643
314.3096	298.9524
313.7977	298.9524
313.7977	298.4405
313.2858	298.4405
313.2858	297.9286
312.7739	297.9286
312.7739	297.4167
312.2620	297.4167
312.2620	296.9048
311.7501	296.9048
311.7501	296.3929
311.2382	296.3929
311.2382	295.3691
310.7262	295.3691
310.7262	294.8572
310.2143	294.8572
310.2143	294.3453
309.7024	294.3453
309.7024	293.8334
309.1905	293.8334
309.1905	293.3215
308.6786	293.3215
308.6786	292.2977
308.1667	292.2977
308.1667	291.7858
307.6548	291.7858
307.6548	287.1786
307.1429	287.1786
307.1429	284.1072
306.6310	284.1072
306.6310	281.0358
306.1191	281.0358
306.1191	278.4762
305.6072	278.4762
305.6072	277.4524
305.0953	277.4524
305.0953	276.4286
304.5834	276.4286
304.5834	275.9167
304.0715	275.9167
304.0715	275.4048
303.5596	275.4048
303.5596	274.3810
304.0715	274.3810
304.0715	273.3572
304.5834	273.3572
304.5834	272.3334
305.0953	272.3334
305.0953	269.7739
305.6072	269.7739
305.6072	266.1905
305.0953	266.1905
305.0953	263.6310
304.5834	263.6310
304.5834	262.6072
304.0715	262.6072
304.0715	261.5834
303.5596	261.5834
303.5596	261.0715
304.0715	261.0715
304.0715	260.5596
304.5834	260.5596
304.5834	260.0477
305.0953	260.0477
305.0953	259.5358
305.6072	259.5358
305.6072	259.0239
306.1191	259.0239
306.1191	258.5120
306.6310	258.5120
306.6310	257.4881
307.1429	257.4881
307.1429	256.4643
307.6548	256.4643
307.6548	253.9048
308.1667	253.9048
308.1667	250.3215
309.1905	250.3215
309.1905	249.8096
310.2143	249.8096
310.2143	249.2977
310.7262	249.2977
310.7262	248.7858
311.2382	248.7858
311.2382	248.2739
311.7501	248.2739
311.7501	247.7620
312.2620	247.7620
312.2620	247.2500
312.7739	247.2500
312.7739	246.7381
313.2858	246.7381
313.2858	246.2262
313.7977	246.2262
313.7977	245.7143
314.3096	245.7143
314.3096	245.2024
314.8215	245.2024
314.8215	244.6905
315.3334	244.6905
315.3334	243.6667
315.8453	243.6667
315.8453	242.6429
316.3572	242.6429
316.3572	241.6191
316.8691	241.6191
316.8691	240.5953
317.3810	240.5953
317.3810	240.0834
317.8929	240.0834
317.8929	239.5715
318.4048	239.5715
318.4048	239.0596
318.9167	239.0596
318.9167	238.5477
319.4286	238.5477
319.4286	237.5239
319.9405	237.5239
319.9405	237.0119
320.4524	237.0119
320.4524	236.5000
320.9643	236.5000
320.9643	235.9881
321.4763	235.9881
321.4763	234.9643
321.9882	234.9643
321.9882	234.4524
322.5001	234.4524
322.5001	233.9405
323.0120	233.9405
323.0120	233.4286
323.5239	233.4286
323.5239	232.9167
324.0358	232.9167
324.0358	232.4048
324.5477	232.4048
324.5477	231.8929
325.0596	231.8929
325.0596	231.3810
325.5715	231.3810
325.5715	230.3572
326.5953	230.3572
326.5953	229.8453
327.1072	229.8453
327.1072	229.3334
328.6429	229.3334
328.6429	228.8215
329.6667	228.8215
329.6667	228.3096
330.6905	228.3096
330.6905	227.7977
331.2024	227.7977
331.2024	227.2858
332.2263	227.2858
332.2263	226.7739
333.2501	226.7739
333.2501	226.2619
333.7620	226.2619
333.7620	225.7500
334.7858	225.7500
334.7858	225.2381
336.3215	225.2381
336.3215	224.7262
337.3453	224.7262
337.3453	224.2143
338.3691	224.2143
338.3691	223.7024
340.9286	223.7024
340.9286	223.1905
341.9524	223.1905
341.9524	222.6786
342.9763	222.6786
342.9763	222.1667
345.0239	222.1667
345.0239	221.6548
346.0477	221.6548
346.0477	221.1429
348.6072	221.1429
348.6072	220.6310
349.6310	220.6310
349.6310	220.1191
351.6786	220.1191
351.6786	219.6072
355.2620	219.6072
355.2620	219.0953
358.8453	219.0953
