348.0953	217.5596
350.6548	217.5596
350.6548	218.0715
354.2382	218.0715
354.2382	218.5834
357.3096	218.5834
357.3096	219.0953
358.8453	219.0953
358.8453	219.6072
360.3810	219.6072
360.3810	220.1191
362.9405	220.1191
362.9405	220.6310
364.9882	220.6310
364.9882	221.1429
366.0120	221.1429
366.0120	221.6548
368.0596	221.6548
368.0596	222.1667
369.0834	222.1667
369.0834	222.6786
371.6429	222.6786
371.6429	223.1905
375.2263	223.1905
375.2263	223.7024
376.2501	223.7024
376.2501	224.2143
378.8096	224.2143
378.8096	224.7262
381.3691	224.7262
381.3691	224.2143
383.9286	224.2143
383.9286	223.7024
386.4882	223.7024
386.4882	223.1905
388.0239	223.1905
388.0239	223.7024
389.0477	223.7024
389.0477	224.2143
389.5596	224.2143
389.5596	224.7262
390.0715	224.7262
390.0715	225.2381
390.5834	225.2381
390.5834	225.7500
391.0953	225.7500
391.0953	226.2619
391.6072	226.2619
391.6072	226.7739
392.1191	226.7739
392.1191	227.2858
392.6310	227.2858
392.6310	227.7977
393.1429	227.7977
393.1429	228.3096
394.1667	228.3096
394.1667	228.8215
395.1906	228.8215
395.1906	229.3334
397.7501	229.3334
397.7501	229.8453
399.2858	229.8453
399.2858	230.3572
401.3334	230.3572
401.3334	232.9167
401.8453	232.9167
401.8453	234.4524
401.3334	234.4524
401.3334	234.9643
400.8215	234.9643
400.8215	235.4762
400.3096	235.4762
400.3096	236.5000
399.7977	236.5000
399.7977	237.5239
399.2858	237.5239
399.2858	240.0834
398.7739	240.0834
398.7739	242.6429
399.2858	242.6429
399.2858	245.2024
399.7977	245.2024
399.7977	246.2262
400.3096	246.2262
400.3096	247.2500
400.8215	247.2500
400.8215	247.7620
401.3334	247.7620
401.3334	248.2739
401.8453	248.2739
401.8453	248.7858
402.3572	248.7858
402.3572	251.3453
402.8691	251.3453
402.8691	251.8572
402.3572	251.8572
402.3572	252.8810
401.8453	252.8810
401.8453	254.4167
401.3334	254.4167
401.3334	256.9762
400.8215	256.9762
400.8215	259.5358
401.3334	259.5358
401.3334	262.0953
401.8453	262.0953
401.8453	264.1429
402.3572	264.1429
402.3572	266.1905
402.8691	266.1905
402.8691	270.7977
402.3572	270.7977
402.3572	277.4524
401.8453	277.4524
401.8453	285.1310
401.3334	285.1310
401.3334	289.7382
400.8215	289.7382
400.8215	292.2977
400.3096	292.2977
400.3096	293.3215
399.2858	293.3215
399.2858	293.8334
398.7739	293.8334
398.7739	294.3453
398.2620	294.3453
398.2620	294.8572
397.7501	294.8572
397.7501	295.3691
397.2382	295.3691
397.2382	295.8810
396.7263	295.8810
396.7263	296.3929
396.2144	296.3929
396.2144	296.9048
395.1906	296.9048
395.1906	297.4167
392.6310	297.4167
392.6310	297.9286
391.6072	297.9286
391.6072	298.4405
390.5834	298.4405
390.5834	298.9524
390.0715	298.9524
390.0715	299.4643
389.5596	299.4643
389.5596	299.9762
389.0477	299.9762
389.0477	300.4882
388.5358	300.4882
388.5358	301.0001
388.0239	301.0001
388.0239	301.5120
387.5120	301.5120
387.5120	302.5358
386.4882	302.5358
386.4882	303.0477
385.9763	303.0477
385.9763	303.5596
383.4167	303.5596
383.4167	304.0715
380.8572	304.0715
380.8572	304.5834
379.3215	304.5834
379.3215	305.0953
378.2977	305.0953
378.2977	305.6072
377.2739	305.6072
377.2739	306.1191
376.7620	306.1191
376.7620	306.6310
374.2025	306.6310
374.2025	307.1429
373.1786	307.1429
373.1786	307.6548
372.1548	307.6548
372.1548	308.1667
371.6429	308.1667
371.6429	308.6786
371.1310	308.6786
371.1310	309.1905
370.6191	309.1905
370.6191	309.7024
370.1072	309.7024
370.1072	310.2143
369.5953	310.2143
369.5953	310.7262
364.4763	310.7262
364.4763	311.2382
362.9405	311.2382
362.9405	310.2143
362.4286	310.2143
362.4286	309.7024
361.9167	309.7024
361.9167	309.1905
361.4048	309.1905
361.4048	308.6786
360.8929	308.6786
360.8929	308.1667
360.3810	308.1667
360.3810	307.6548
359.8691	307.6548
359.8691	307.1429
359.3572	307.1429
359.3572	306.6310
358.3334	306.6310
358.3334	306.1191
357.3096	306.1191
357.3096	305.6072
354.7501	305.6072
354.7501	305.0953
352.1905	305.0953
352.1905	305.6072
349.6310	305.6072
349.6310	306.1191
348.6072	306.1191
348.6072	306.6310
347.5834	306.6310
347.5834	307.1429
347.0715	307.1429
347.0715	307.6548
346.0477	307.6548
346.0477	307.1429
342.9763	307.1429
342.9763	306.6310
339.9048	306.6310
339.9048	306.1191
339.3929	306.1191
339.3929	305.6072
338.3691	305.6072
338.3691	305.0953
337.3453	305.0953
337.3453	304.5834
334.7858	304.5834
334.7858	304.0715
332.2263	304.0715
332.2263	304.5834
329.6667	304.5834
329.6667	305.0953
328.6429	305.0953
328.6429	305.6072
327.6191	305.6072
327.6191	306.1191
327.1072	306.1191
327.1072	306.6310
326.5953	306.6310
326.5953	306.1191
326.0834	306.1191
326.0834	305.6072
325.5715	305.6072
325.5715	305.0953
325.0596	305.0953
325.0596	304.5834
324.5477	304.5834
324.5477	304.0715
324.0358	304.0715
324.0358	303.5596
323.5239	303.5596
323.5239	303.0477
322.5001	303.0477
322.5001	302.5358
321.9882	302.5358
321.9882	299.9762
321.4763	299.9762
321.4763	298.4405
320.9643	298.4405
320.9643	297.4167
320.4524	297.4167
320.4524	296.3929
319.9405	296.3929
319.9405	295.8810
319.4286	295.8810
319.4286	294.8572
318.9167	294.8572
318.9167	293.8334
318.4048	293.8334
318.4048	293.3215
317.8929	293.3215
317.8929	292.8096
317.3810	292.8096
317.3810	292.2977
316.8691	292.2977
316.8691	291.7858
316.3572	291.7858
316.3572	291.2739
315.8453	291.2739
315.8453	290.7620
315.3334	290.7620
315.3334	290.2501
314.8215	290.2501
314.8215	289.7382
314.3096	289.7382
314.3096	289.2262
313.7977	289.2262
313.7977	288.7143
313.2858	288.7143
313.2858	287.6905
312.7739	287.6905
312.7739	286.6667
312.2620	286.6667
312.2620	285.6429
311.7501	285.6429
311.7501	285.1310
311.2382	285.1310
311.2382	284.6191
310.7262	284.6191
310.7262	282.0596
310.2143	282.0596
310.2143	281.0358
309.7024	281.0358
309.7024	280.0120
309.1905	280.0120
309.1905	277.4524
308.6786	277.4524
308.6786	275.4048
308.1667	275.4048
308.1667	272.8453
307.6548	272.8453
307.6548	270.7977
307.1429	270.7977
307.1429	269.7739
306.6310	269.7739
306.6310	268.7501
306.1191	268.7501
306.1191	268.2381
305.6072	268.2381
305.6072	267.7262
305.0953	267.7262
305.0953	262.0953
306.1191	262.0953
306.1191	261.5834
307.1429	261.5834
307.1429	261.0715
307.6548	261.0715
307.6548	260.5596
308.1667	260.5596
308.1667	260.0477
308.6786	260.0477
308.6786	259.5358
309.1905	259.5358
309.1905	259.0239
309.7024	259.0239
309.7024	258.5120
310.2143	258.5120
310.2143	258.0000
310.7262	258.0000
310.7262	256.9762
311.2382	256.9762
311.2382	255.9524
311.7501	255.9524
311.7501	253.3929
312.2620	253.3929
312.2620	248.7858
311.7501	248.7858
311.7501	247.7620
312.2620	247.7620
312.2620	246.7381
314.8215	246.7381
314.8215	246.2262
317.3810	246.2262
317.3810	245.7143
318.4048	245.7143
318.4048	245.2024
319.4286	245.2024
319.4286	244.6905
319.9405	244.6905
319.9405	244.1786
320.4524	244.1786
320.4524	243.6667
320.9643	243.6667
320.9643	243.1548
321.4763	243.1548
321.4763	242.6429
321.9882	242.6429
321.9882	241.6191
322.5001	241.6191
322.5001	240.5953
323.0120	240.5953
323.0120	238.0358
323.5239	238.0358
323.5239	234.9643
323.0120	234.9643
323.0120	232.4048
322.5001	232.4048
322.5001	231.3810
321.9882	231.3810
321.9882	230.3572
321.4763	230.3572
321.4763	229.8453
320.9643	229.8453
320.9643	227.7977
321.9882	227.7977
321.9882	227.2858
322.5001	227.2858
322.5001	226.7739
323.0120	226.7739
323.0120	226.2619
323.5239	226.2619
323.5239	225.7500
324.0358	225.7500
324.0358	225.2381
325.0596	225.2381
325.0596	224.7262
325.5715	224.7262
325.5715	224.2143
326.0834	224.2143
326.0834	223.7024
326.5953	223.7024
326.5953	223.1905
327.1072	223.1905
327.1072	222.6786
327.6191	222.6786
327.6191	222.1667
328.1310	222.1667
328.1310	221.6548
328.6429	221.6548
328.6429	220.6310
329.6667	220.6310
329.6667	220.1191
331.7143	220.1191
331.7143	219.6072
332.7382	219.6072
332.7382	219.0953
333.7620	219.0953
333.7620	218.5834
338.3691	218.5834
338.3691	218.0715
340.9286	218.0715
340.9286	217.5596
346.0477	217.5596
346.0477	217.0477
348.0953	217.0477
