337.8572	174.5596
341.9524	174.5596
341.9524	175.0715
345.0239	175.0715
345.0239	175.5834
346.0477	175.5834
346.0477	176.0953
347.0715	176.0953
347.0715	176.6072
348.0953	176.6072
348.0953	177.1191
349.1191	177.1191
349.1191	177.6310
350.1429	177.6310
350.1429	178.1429
352.1905	178.1429
352.1905	178.6548
352.7024	178.6548
352.7024	179.1667
353.7263	179.1667
353.7263	179.6786
354.7501	179.6786
354.7501	180.1905
356.2858	180.1905
356.2858	180.7024
357.3096	180.7024
357.3096	181.2143
358.3334	181.2143
358.3334	181.7262
359.3572	181.7262
359.3572	182.2381
359.8691	182.2381
359.8691	182.7500
360.8929	182.7500
360.8929	183.2619
361.9167	183.2619
361.9167	183.7738
362.4286	183.7738
362.4286	184.2857
362.9405	184.2857
362.9405	184.7977
363.4525	184.7977
363.4525	185.3096
363.9644	185.3096
363.9644	185.8215
364.9882	185.8215
364.9882	186.3334
365.5001	186.3334
365.5001	186.8453
366.5239	186.8453
366.5239	187.3572
367.5477	187.3572
367.5477	187.8691
368.5715	187.8691
368.5715	188.3810
369.5953	188.3810
369.5953	188.8929
372.1548	188.8929
372.1548	189.4048
383.4167	189.4048
383.4167	189.9167
384.4405	189.9167
384.4405	190.4286
385.9763	190.4286
385.9763	190.9405
387.5120	190.9405
387.5120	191.4524
388.5358	191.4524
388.5358	191.9643
389.5596	191.9643
389.5596	192.4762
390.5834	192.4762
390.5834	192.9881
392.6310	192.9881
392.6310	193.5000
394.1667	193.5000
394.1667	194.0119
396.2144	194.0119
396.2144	194.5238
398.2620	194.5238
398.2620	195.0358
399.7977	195.0358
399.7977	195.5477
401.3334	195.5477
401.3334	196.0596
402.8691	196.0596
402.8691	196.5715
403.8929	196.5715
403.8929	197.0834
404.9167	197.0834
404.9167	197.5953
405.9406	197.5953
405.9406	198.1072
406.4525	198.1072
406.4525	198.6191
407.4763	198.6191
407.4763	199.1310
407.9882	199.1310
407.9882	199.6429
409.0120	199.6429
409.0120	200.1548
409.5239	200.1548
409.5239	200.6667
410.5477	200.6667
410.5477	201.1786
411.5715	201.1786
411.5715	201.6905
412.0834	201.6905
412.0834	202.2024
412.5953	202.2024
412.5953	202.7143
413.1072	202.7143
413.1072	203.2262
413.6191	203.2262
413.6191	204.2500
414.1310	204.2500
414.1310	204.7619
414.6429	204.7619
414.6429	205.7858
415.1548	205.7858
415.1548	206.8096
415.6667	206.8096
415.6667	207.3215
416.1787	207.3215
416.1787	208.8572
416.6906	208.8572
416.6906	209.8810
417.2025	209.8810
417.2025	212.4405
417.7144	212.4405
417.7144	214.4881
418.2263	214.4881
418.2263	217.5596
418.7382	217.5596
418.7382	223.7024
419.2501	223.7024
419.2501	225.2381
418.7382	225.2381
418.7382	225.7500
418.2263	225.7500
418.2263	226.7739
417.7144	226.7739
417.7144	227.7977
417.2025	227.7977
417.2025	228.8215
416.6906	228.8215
416.6906	231.3810
416.1787	231.3810
416.1787	232.4048
415.6667	232.4048
415.6667	233.9405
415.1548	233.9405
415.1548	235.4762
414.6429	235.4762
414.6429	236.5000
414.1310	236.5000
414.1310	239.0596
413.6191	239.0596
413.6191	240.0834
413.1072	240.0834
413.1072	241.1072
412.5953	241.1072
412.5953	242.6429
412.0834	242.6429
412.0834	244.6905
411.5715	244.6905
411.5715	246.7381
411.0596	246.7381
411.0596	248.2739
410.5477	248.2739
410.5477	249.2977
410.0358	249.2977
410.0358	251.8572
409.5239	251.8572
409.5239	253.3929
409.0120	253.3929
409.0120	254.4167
408.5001	254.4167
408.5001	255.9524
407.9882	255.9524
407.9882	256.4643
407.4763	256.4643
407.4763	256.9762
406.9644	256.9762
406.9644	257.4881
406.4525	257.4881
406.4525	258.5120
405.9406	258.5120
405.9406	259.5358
405.4286	259.5358
405.4286	260.0477
404.9167	260.0477
404.9167	261.0715
404.4048	261.0715
404.4048	262.0953
403.8929	262.0953
403.8929	263.1191
403.3810	263.1191
403.3810	265.6786
402.8691	265.6786
402.8691	268.2381
402.3572	268.2381
402.3572	269.2620
401.8453	269.2620
401.8453	271.8215
401.3334	271.8215
401.3334	275.9167
400.8215	275.9167
400.8215	276.4286
400.3096	276.4286
400.3096	276.9405
399.7977	276.9405
399.7977	277.4524
399.2858	277.4524
399.2858	278.4762
398.7739	278.4762
398.7739	279.5001
398.2620	279.5001
398.2620	281.0358
397.7501	281.0358
397.7501	283.0834
397.2382	283.0834
397.2382	285.6429
396.7263	285.6429
396.7263	286.6667
396.2144	286.6667
396.2144	287.6905
395.7025	287.6905
395.7025	288.7143
395.1906	288.7143
395.1906	290.2501
394.6786	290.2501
394.6786	292.8096
394.1667	292.8096
394.1667	297.4167
394.6786	297.4167
394.6786	299.9762
395.1906	299.9762
395.1906	302.5358
394.1667	302.5358
394.1667	303.0477
393.6548	303.0477
393.6548	303.5596
393.1429	303.5596
393.1429	304.0715
392.6310	304.0715
392.6310	304.5834
392.1191	304.5834
392.1191	305.0953
391.6072	305.0953
391.6072	306.1191
391.0953	306.1191
391.0953	307.1429
390.5834	307.1429
390.5834	309.7024
390.0715	309.7024
390.0715	312.2620
390.5834	312.2620
390.5834	314.8215
391.0953	314.8215
391.0953	315.3334
390.5834	315.3334
390.5834	314.8215
388.0239	314.8215
388.0239	314.3096
384.4405	314.3096
384.4405	314.8215
381.8810	314.8215
381.8810	315.3334
380.8572	315.3334
380.8572	315.8453
379.8334	315.8453
379.8334	316.3572
379.3215	316.3572
379.3215	316.8691
378.8096	316.8691
378.8096	317.3810
378.2977	317.3810
378.2977	317.8929
377.7858	317.8929
377.7858	318.4048
377.2739	318.4048
377.2739	319.4286
376.7620	319.4286
376.7620	320.4524
376.2501	320.4524
376.2501	321.4763
375.7382	321.4763
375.7382	321.9882
375.2263	321.9882
375.2263	323.0120
374.7144	323.0120
374.7144	324.0358
374.2025	324.0358
374.2025	325.0596
373.6905	325.0596
373.6905	325.5715
372.6667	325.5715
372.6667	326.0834
372.1548	326.0834
372.1548	326.5953
371.6429	326.5953
371.6429	327.1072
371.1310	327.1072
371.1310	327.6191
370.6191	327.6191
370.6191	328.1310
370.1072	328.1310
370.1072	328.6429
369.5953	328.6429
369.5953	329.1548
369.0834	329.1548
369.0834	330.1786
368.5715	330.1786
368.5715	330.6905
368.0596	330.6905
368.0596	331.2024
367.5477	331.2024
367.5477	331.7143
367.0358	331.7143
367.0358	332.2263
366.5239	332.2263
366.5239	332.7382
366.0120	332.7382
366.0120	333.2501
365.5001	333.2501
365.5001	333.7620
364.9882	333.7620
364.9882	334.2739
364.4763	334.2739
364.4763	334.7858
363.9644	334.7858
363.9644	335.2977
363.4525	335.2977
363.4525	335.8096
362.9405	335.8096
362.9405	336.3215
362.4286	336.3215
362.4286	336.8334
361.9167	336.8334
361.9167	337.3453
361.4048	337.3453
361.4048	337.8572
360.8929	337.8572
360.8929	338.3691
360.3810	338.3691
360.3810	338.8810
359.8691	338.8810
359.8691	339.3929
359.3572	339.3929
359.3572	340.4167
358.8453	340.4167
358.8453	340.9286
358.3334	340.9286
358.3334	341.4405
357.8215	341.4405
357.8215	342.4644
357.3096	342.4644
357.3096	342.9763
356.7977	342.9763
356.7977	343.4882
356.2858	343.4882
356.2858	344.0001
355.7739	344.0001
355.7739	344.5120
355.2620	344.5120
355.2620	345.0239
354.7501	345.0239
354.7501	345.5358
354.2382	345.5358
354.2382	346.0477
352.7024	346.0477
352.7024	346.5596
351.6786	346.5596
351.6786	347.0715
350.1429	347.0715
350.1429	346.5596
349.6310	346.5596
349.6310	340.4167
349.1191	340.4167
349.1191	337.8572
348.6072	337.8572
348.6072	335.2977
348.0953	335.2977
348.0953	334.2739
347.5834	334.2739
347.5834	333.2501
347.0715	333.2501
347.0715	332.7382
346.5596	332.7382
346.5596	332.2263
346.0477	332.2263
346.0477	331.7143
345.5358	331.7143
345.5358	331.2024
345.0239	331.2024
345.0239	330.6905
344.5120	330.6905
344.5120	330.1786
343.4882	330.1786
343.4882	329.6667
342.4644	329.6667
342.4644	329.1548
341.9524	329.1548
341.9524	328.6429
340.9286	328.6429
340.9286	328.1310
339.9048	328.1310
339.9048	327.6191
337.3453	327.6191
337.3453	327.1072
333.7620	327.1072
333.7620	327.6191
331.2024	327.6191
331.2024	328.1310
330.1786	328.1310
330.1786	328.6429
329.1548	328.6429
329.1548	329.1548
328.6429	329.1548
328.6429	329.6667
328.1310	329.6667
328.1310	330.1786
327.6191	330.1786
327.6191	330.6905
327.1072	330.6905
327.1072	331.2024
326.5953	331.2024
326.5953	332.2263
326.0834	332.2263
326.0834	333.2501
325.5715	333.2501
325.5715	335.8096
325.0596	335.8096
325.0596	338.3691
325.5715	338.3691
325.5715	340.9286
326.0834	340.9286
326.0834	341.9524
326.5953	341.9524
326.5953	342.9763
327.1072	342.9763
327.1072	343.4882
327.6191	343.4882
327.6191	344.5120
326.5953	344.5120
326.5953	344.0001
324.5477	344.0001
324.5477	343.4882
323.5239	343.4882
323.5239	342.9763
321.9882	342.9763
321.9882	342.4644
319.4286	342.4644
319.4286	341.9524
318.9167	341.9524
318.9167	341.4405
317.8929	341.4405
317.8929	340.9286
316.8691	340.9286
316.8691	340.4167
315.8453	340.4167
315.8453	339.9048
315.3334	339.9048
315.3334	339.3929
314.8215	339.3929
314.8215	338.8810
314.3096	338.8810
314.3096	338.3691
313.2858	338.3691
313.2858	337.8572
312.2620	337.8572
312.2620	337.3453
311.7501	337.3453
311.7501	336.8334
311.2382	336.8334
311.2382	336.3215
310.7262	336.3215
310.7262	335.8096
310.2143	335.8096
310.2143	335.2977
309.7024	335.2977
309.7024	334.7858
309.1905	334.7858
309.1905	334.2739
308.6786	334.2739
308.6786	333.7620
308.1667	333.7620
308.1667	333.2501
307.1429	333.2501
307.1429	332.7382
306.1191	332.7382
306.1191	332.2263
304.5834	332.2263
304.5834	331.7143
304.0715	331.7143
304.0715	331.2024
303.5596	331.2024
303.5596	330.6905
303.0477	330.6905
303.0477	330.1786
302.5358	330.1786
302.5358	329.6667
301.5120	329.6667
301.5120	329.1548
300.4882	329.1548
300.4882	328.6429
299.4643	328.6429
299.4643	328.1310
296.9048	328.1310
296.9048	327.6191
293.3215	327.6191
293.3215	328.1310
292.2977	328.1310
292.2977	327.6191
291.2739	327.6191
291.2739	327.1072
290.7620	327.1072
290.7620	326.5953
290.2501	326.5953
290.2501	326.0834
289.7382	326.0834
289.7382	325.5715
289.2262	325.5715
289.2262	325.0596
288.7143	325.0596
288.7143	324.5477
288.2024	324.5477
288.2024	323.5239
287.6905	323.5239
287.6905	322.5001
287.1786	322.5001
287.1786	321.9882
286.6667	321.9882
286.6667	320.9643
286.1548	320.9643
286.1548	320.4524
285.6429	320.4524
285.6429	319.9405
285.1310	319.9405
285.1310	319.4286
284.6191	319.4286
284.6191	318.4048
284.1072	318.4048
284.1072	317.3810
283.5953	317.3810
283.5953	316.3572
283.0834	316.3572
283.0834	315.8453
282.5715	315.8453
282.5715	313.7977
282.0596	313.7977
282.0596	313.2858
282.5715	313.2858
282.5715	310.7262
282.0596	310.7262
282.0596	308.1667
281.5477	308.1667
281.5477	307.1429
281.0358	307.1429
281.0358	305.0953
280.5239	305.0953
280.5239	302.5358
280.0120	302.5358
280.0120	301.5120
280.5239	301.5120
280.5239	296.9048
280.0120	296.9048
280.0120	295.8810
280.5239	295.8810
280.5239	294.8572
281.0358	294.8572
281.0358	294.3453
282.0596	294.3453
282.0596	293.8334
282.5715	293.8334
282.5715	293.3215
283.0834	293.3215
283.0834	292.8096
283.5953	292.8096
283.5953	292.2977
284.1072	292.2977
284.1072	291.7858
284.6191	291.7858
284.6191	291.2739
285.1310	291.2739
285.1310	290.7620
285.6429	290.7620
285.6429	289.7382
286.1548	289.7382
286.1548	288.7143
286.6667	288.7143
286.6667	286.1548
287.1786	286.1548
287.1786	281.0358
286.6667	281.0358
286.6667	278.4762
286.1548	278.4762
286.1548	276.9405
286.6667	276.9405
286.6667	276.4286
287.1786	276.4286
287.1786	275.4048
287.6905	275.4048
287.6905	274.8929
288.2024	274.8929
288.2024	274.3810
288.7143	274.3810
288.7143	273.3572
289.2262	273.3572
289.2262	272.8453
289.7382	272.8453
289.7382	272.3334
290.2501	272.3334
290.2501	271.8215
290.7620	271.8215
290.7620	271.3096
291.2739	271.3096
291.2739	270.7977
291.7858	270.7977
291.7858	269.7739
292.2977	269.7739
292.2977	269.2620
293.3215	269.2620
293.3215	268.7501
293.8334	268.7501
293.8334	268.2381
294.3453	268.2381
294.3453	267.7262
294.8572	267.7262
294.8572	267.2143
295.3691	267.2143
295.3691	266.7024
295.8810	266.7024
295.8810	266.1905
296.3929	266.1905
296.3929	265.6786
296.9048	265.6786
296.9048	265.1667
297.4167	265.1667
297.4167	264.6548
298.4405	264.6548
298.4405	264.1429
298.9524	264.1429
298.9524	263.6310
299.4643	263.6310
299.4643	263.1191
299.9762	263.1191
299.9762	262.6072
301.0001	262.6072
301.0001	262.0953
301.5120	262.0953
301.5120	261.5834
303.0477	261.5834
303.0477	261.0715
305.0953	261.0715
305.0953	260.5596
307.6548	260.5596
307.6548	260.0477
309.1905	260.0477
309.1905	259.5358
310.2143	259.5358
310.2143	259.0239
311.2382	259.0239
311.2382	258.5120
311.7501	258.5120
311.7501	258.0000
312.2620	258.0000
312.2620	257.4881
312.7739	257.4881
312.7739	256.9762
313.2858	256.9762
313.2858	256.4643
313.7977	256.4643
313.7977	255.9524
314.3096	255.9524
314.3096	254.9286
314.8215	254.9286
314.8215	253.9048
315.3334	253.9048
315.3334	251.3453
315.8453	251.3453
315.8453	248.2739
315.3334	248.2739
315.3334	247.7620
315.8453	247.7620
315.8453	246.7381
316.3572	246.7381
316.3572	245.7143
316.8691	245.7143
316.8691	243.1548
317.3810	243.1548
317.3810	238.0358
316.8691	238.0358
316.8691	230.3572
316.3572	230.3572
316.3572	222.6786
316.8691	222.6786
316.8691	207.8334
316.3572	207.8334
316.3572	205.2738
315.8453	205.2738
315.8453	203.7381
315.3334	203.7381
315.3334	201.6905
315.8453	201.6905
315.8453	197.5953
316.3572	197.5953
316.3572	195.0358
316.8691	195.0358
316.8691	190.9405
317.3810	190.9405
317.3810	188.8929
317.8929	188.8929
317.8929	188.3810
318.4048	188.3810
318.4048	187.3572
318.9167	187.3572
318.9167	186.3334
319.4286	186.3334
319.4286	184.7977
319.9405	184.7977
319.9405	182.2381
320.4524	182.2381
320.4524	181.2143
320.9643	181.2143
320.9643	180.7024
321.4763	180.7024
321.4763	180.1905
321.9882	180.1905
321.9882	179.6786
322.5001	179.6786
322.5001	178.6548
323.0120	178.6548
323.0120	178.1429
323.5239	178.1429
323.5239	177.6310
324.0358	177.6310
324.0358	177.1191
324.5477	177.1191
324.5477	176.6072
325.0596	176.6072
325.0596	176.0953
326.0834	176.0953
326.0834	175.5834
327.1072	175.5834
327.1072	175.0715
328.1310	175.0715
328.1310	174.5596
331.2024	174.5596
331.2024	174.0477
337.8572	174.0477
