333.7620	169.9524
335.2977	169.9524
335.2977	170.4643
337.3453	170.4643
337.3453	170.9762
338.3691	170.9762
338.3691	171.4881
338.8810	171.4881
338.8810	172.0000
339.9048	172.0000
339.9048	172.5119
340.9286	172.5119
340.9286	173.0238
341.9524	173.0238
341.9524	173.5357
342.9763	173.5357
342.9763	174.0477
343.4882	174.0477
343.4882	174.5596
344.0001	174.5596
344.0001	175.0715
345.0239	175.0715
345.0239	175.5834
346.0477	175.5834
346.0477	176.0953
347.0715	176.0953
347.0715	176.6072
348.0953	176.6072
348.0953	177.1191
349.1191	177.1191
349.1191	177.6310
349.6310	177.6310
349.6310	178.1429
350.6548	178.1429
350.6548	178.6548
351.6786	178.6548
351.6786	179.1667
352.7024	179.1667
352.7024	179.6786
353.7263	179.6786
353.7263	180.1905
354.7501	180.1905
354.7501	180.7024
355.7739	180.7024
355.7739	181.2143
356.7977	181.2143
356.7977	181.7262
357.8215	181.7262
357.8215	182.2381
358.3334	182.2381
358.3334	182.7500
359.3572	182.7500
359.3572	183.2619
360.3810	183.2619
360.3810	183.7738
360.8929	183.7738
360.8929	184.2857
361.4048	184.2857
361.4048	184.7977
362.4286	184.7977
362.4286	185.3096
362.9405	185.3096
362.9405	185.8215
363.9644	185.8215
363.9644	186.3334
364.9882	186.3334
364.9882	186.8453
367.5477	186.8453
367.5477	187.3572
374.2025	187.3572
374.2025	186.8453
380.8572	186.8453
380.8572	186.3334
384.4405	186.3334
384.4405	186.8453
385.9763	186.8453
385.9763	187.3572
388.5358	187.3572
388.5358	187.8691
390.5834	187.8691
390.5834	188.3810
393.1429	188.3810
393.1429	188.8929
395.7025	188.8929
395.7025	189.4048
398.7739	189.4048
398.7739	189.9167
401.3334	189.9167
401.3334	190.4286
402.8691	190.4286
402.8691	190.9405
404.4048	190.9405
404.4048	191.4524
404.9167	191.4524
404.9167	191.9643
405.9406	191.9643
405.9406	192.4762
406.9644	192.4762
406.9644	192.9881
407.9882	192.9881
407.9882	193.5000
409.0120	193.5000
409.0120	194.0119
410.0358	194.0119
410.0358	194.5238
410.5477	194.5238
410.5477	195.0358
411.5715	195.0358
411.5715	195.5477
412.0834	195.5477
412.0834	196.0596
413.1072	196.0596
413.1072	196.5715
413.6191	196.5715
413.6191	197.0834
414.1310	197.0834
414.1310	198.1072
414.6429	198.1072
414.6429	198.6191
415.1548	198.6191
415.1548	199.1310
415.6667	199.1310
415.6667	199.6429
416.1787	199.6429
416.1787	200.1548
416.6906	200.1548
416.6906	200.6667
417.2025	200.6667
417.2025	201.6905
417.7144	201.6905
417.7144	202.2024
418.2263	202.2024
418.2263	203.2262
418.7382	203.2262
418.7382	203.7381
419.2501	203.7381
419.2501	204.2500
419.7620	204.2500
419.7620	205.7858
420.2739	205.7858
420.2739	207.3215
420.7858	207.3215
420.7858	208.8572
421.2977	208.8572
421.2977	210.3929
421.8096	210.3929
421.8096	211.4167
422.3215	211.4167
422.3215	215.0000
422.8334	215.0000
422.8334	221.1429
422.3215	221.1429
422.3215	224.2143
421.8096	224.2143
421.8096	226.7739
422.3215	226.7739
422.3215	228.3096
421.8096	228.3096
421.8096	228.8215
421.2977	228.8215
421.2977	229.8453
420.7858	229.8453
420.7858	230.8691
420.2739	230.8691
420.2739	233.4286
419.7620	233.4286
419.7620	237.0119
419.2501	237.0119
419.2501	238.0358
418.7382	238.0358
418.7382	239.0596
418.2263	239.0596
418.2263	241.1072
417.7144	241.1072
417.7144	242.1310
417.2025	242.1310
417.2025	243.6667
416.6906	243.6667
416.6906	244.6905
416.1787	244.6905
416.1787	246.7381
415.6667	246.7381
415.6667	247.7620
415.1548	247.7620
415.1548	248.7858
414.6429	248.7858
414.6429	250.3215
414.1310	250.3215
414.1310	252.8810
413.6191	252.8810
413.6191	254.9286
413.1072	254.9286
413.1072	255.4405
412.5953	255.4405
412.5953	255.9524
412.0834	255.9524
412.0834	256.9762
411.5715	256.9762
411.5715	258.0000
411.0596	258.0000
411.0596	258.5120
410.5477	258.5120
410.5477	259.0239
410.0358	259.0239
410.0358	260.0477
409.5239	260.0477
409.5239	261.0715
409.0120	261.0715
409.0120	262.0953
408.5001	262.0953
408.5001	263.6310
407.9882	263.6310
407.9882	265.1667
407.4763	265.1667
407.4763	266.1905
406.9644	266.1905
406.9644	268.7501
406.4525	268.7501
406.4525	272.3334
405.9406	272.3334
405.9406	273.8691
405.4286	273.8691
405.4286	274.8929
404.9167	274.8929
404.9167	275.9167
404.4048	275.9167
404.4048	277.4524
403.8929	277.4524
403.8929	280.0120
403.3810	280.0120
403.3810	280.5239
402.8691	280.5239
402.8691	281.0358
402.3572	281.0358
402.3572	282.0596
401.8453	282.0596
401.8453	283.0834
401.3334	283.0834
401.3334	283.5953
400.8215	283.5953
400.8215	284.6191
400.3096	284.6191
400.3096	285.6429
399.7977	285.6429
399.7977	286.1548
399.2858	286.1548
399.2858	287.1786
398.7739	287.1786
398.7739	288.2024
398.2620	288.2024
398.2620	290.2501
397.7501	290.2501
397.7501	292.8096
397.2382	292.8096
397.2382	295.8810
397.7501	295.8810
397.7501	298.4405
398.2620	298.4405
398.2620	299.4643
398.7739	299.4643
398.7739	300.4882
399.2858	300.4882
399.2858	301.0001
399.7977	301.0001
399.7977	302.0239
398.7739	302.0239
398.7739	302.5358
398.2620	302.5358
398.2620	303.0477
397.7501	303.0477
397.7501	303.5596
397.2382	303.5596
397.2382	304.0715
396.7263	304.0715
396.7263	304.5834
396.2144	304.5834
396.2144	305.6072
395.7025	305.6072
395.7025	306.6310
395.1906	306.6310
395.1906	309.1905
394.6786	309.1905
394.6786	311.7501
395.1906	311.7501
395.1906	314.3096
395.7025	314.3096
395.7025	315.3334
396.2144	315.3334
396.2144	315.8453
395.1906	315.8453
395.1906	315.3334
394.1667	315.3334
394.1667	314.8215
391.6072	314.8215
391.6072	314.3096
389.0477	314.3096
389.0477	314.8215
386.4882	314.8215
386.4882	315.3334
385.4644	315.3334
385.4644	315.8453
384.4405	315.8453
384.4405	316.3572
383.9286	316.3572
383.9286	316.8691
383.4167	316.8691
383.4167	317.3810
382.9048	317.3810
382.9048	317.8929
382.3929	317.8929
382.3929	318.4048
381.8810	318.4048
381.8810	319.4286
381.3691	319.4286
381.3691	320.4524
380.8572	320.4524
380.8572	320.9643
380.3453	320.9643
380.3453	321.4763
379.8334	321.4763
379.8334	321.9882
379.3215	321.9882
379.3215	322.5001
378.8096	322.5001
378.8096	323.0120
378.2977	323.0120
378.2977	323.5239
377.7858	323.5239
377.7858	324.0358
377.2739	324.0358
377.2739	324.5477
376.7620	324.5477
376.7620	325.5715
376.2501	325.5715
376.2501	326.0834
375.7382	326.0834
375.7382	326.5953
375.2263	326.5953
375.2263	327.1072
374.7144	327.1072
374.7144	327.6191
374.2025	327.6191
374.2025	328.1310
373.6905	328.1310
373.6905	329.1548
373.1786	329.1548
373.1786	329.6667
372.6667	329.6667
372.6667	330.1786
371.6429	330.1786
371.6429	330.6905
370.6191	330.6905
370.6191	331.2024
369.5953	331.2024
369.5953	331.7143
369.0834	331.7143
369.0834	332.2263
368.5715	332.2263
368.5715	332.7382
368.0596	332.7382
368.0596	333.2501
367.0358	333.2501
367.0358	333.7620
366.5239	333.7620
366.5239	334.2739
365.5001	334.2739
365.5001	334.7858
364.4763	334.7858
364.4763	335.2977
363.9644	335.2977
363.9644	335.8096
363.4525	335.8096
363.4525	336.3215
362.9405	336.3215
362.9405	336.8334
362.4286	336.8334
362.4286	337.3453
361.9167	337.3453
361.9167	338.3691
359.8691	338.3691
359.8691	338.8810
358.8453	338.8810
358.8453	339.3929
357.8215	339.3929
357.8215	339.9048
357.3096	339.9048
357.3096	340.4167
356.7977	340.4167
356.7977	340.9286
355.7739	340.9286
355.7739	341.4405
354.7501	341.4405
354.7501	341.9524
352.1905	341.9524
352.1905	342.4644
350.6548	342.4644
350.6548	342.9763
349.6310	342.9763
349.6310	343.4882
348.6072	343.4882
348.6072	344.0001
344.0001	344.0001
344.0001	344.5120
343.4882	344.5120
343.4882	341.9524
342.9763	341.9524
342.9763	340.9286
342.4644	340.9286
342.4644	339.9048
341.9524	339.9048
341.9524	339.3929
341.4405	339.3929
341.4405	338.8810
340.9286	338.8810
340.9286	338.3691
340.4167	338.3691
340.4167	337.8572
339.9048	337.8572
339.9048	337.3453
338.8810	337.3453
338.8810	336.8334
337.8572	336.8334
337.8572	336.3215
335.2977	336.3215
335.2977	335.8096
332.7382	335.8096
332.7382	336.3215
330.1786	336.3215
330.1786	336.8334
329.1548	336.8334
329.1548	337.3453
328.1310	337.3453
328.1310	337.8572
327.6191	337.8572
327.6191	338.3691
327.1072	338.3691
327.1072	338.8810
326.5953	338.8810
326.5953	339.3929
326.0834	339.3929
326.0834	339.9048
325.5715	339.9048
325.5715	340.9286
325.0596	340.9286
325.0596	341.9524
324.5477	341.9524
324.5477	341.4405
323.5239	341.4405
323.5239	340.9286
323.0120	340.9286
323.0120	340.4167
321.9882	340.4167
321.9882	339.9048
321.4763	339.9048
321.4763	339.3929
320.9643	339.3929
320.9643	338.8810
320.4524	338.8810
320.4524	338.3691
319.9405	338.3691
319.9405	337.8572
319.4286	337.8572
319.4286	337.3453
318.4048	337.3453
318.4048	336.8334
317.3810	336.8334
317.3810	336.3215
316.3572	336.3215
316.3572	335.8096
315.3334	335.8096
315.3334	335.2977
314.3096	335.2977
314.3096	334.7858
313.2858	334.7858
313.2858	334.2739
311.7501	334.2739
311.7501	333.7620
310.7262	333.7620
310.7262	333.2501
309.7024	333.2501
309.7024	332.7382
309.1905	332.7382
309.1905	332.2263
308.6786	332.2263
308.6786	331.7143
307.6548	331.7143
307.6548	331.2024
307.1429	331.2024
307.1429	330.6905
306.6310	330.6905
306.6310	330.1786
306.1191	330.1786
306.1191	329.6667
305.0953	329.6667
305.0953	329.1548
304.5834	329.1548
304.5834	328.6429
303.5596	328.6429
303.5596	328.1310
302.5358	328.1310
302.5358	327.6191
299.9762	327.6191
299.9762	327.1072
295.8810	327.1072
295.8810	327.6191
293.3215	327.6191
293.3215	327.1072
292.8096	327.1072
292.8096	326.5953
291.7858	326.5953
291.7858	326.0834
290.7620	326.0834
290.7620	325.5715
289.2262	325.5715
289.2262	325.0596
288.7143	325.0596
288.7143	324.5477
288.2024	324.5477
288.2024	324.0358
287.6905	324.0358
287.6905	323.5239
286.6667	323.5239
286.6667	322.5001
286.1548	322.5001
286.1548	321.9882
285.6429	321.9882
285.6429	321.4763
285.1310	321.4763
285.1310	320.9643
284.6191	320.9643
284.6191	320.4524
284.1072	320.4524
284.1072	319.9405
283.5953	319.9405
283.5953	319.4286
283.0834	319.4286
283.0834	318.9167
282.5715	318.9167
282.5715	317.8929
282.0596	317.8929
282.0596	316.8691
281.5477	316.8691
281.5477	316.3572
281.0358	316.3572
281.0358	315.8453
280.5239	315.8453
280.5239	315.3334
280.0120	315.3334
280.0120	314.8215
279.5001	314.8215
279.5001	313.7977
278.9881	313.7977
278.9881	313.2858
278.4762	313.2858
278.4762	312.7739
277.9643	312.7739
277.9643	311.7501
277.4524	311.7501
277.4524	310.7262
276.9405	310.7262
276.9405	310.2143
276.4286	310.2143
276.4286	306.6310
275.9167	306.6310
275.9167	305.6072
276.4286	305.6072
276.4286	304.5834
276.9405	304.5834
276.9405	303.5596
277.4524	303.5596
277.4524	301.0001
277.9643	301.0001
277.9643	297.4167
277.4524	297.4167
277.4524	294.8572
276.9405	294.8572
276.9405	292.8096
277.4524	292.8096
277.4524	290.2501
277.9643	290.2501
277.9643	286.6667
278.4762	286.6667
278.4762	285.6429
278.9881	285.6429
278.9881	284.6191
279.5001	284.6191
279.5001	282.0596
280.0120	282.0596
280.0120	278.4762
280.5239	278.4762
280.5239	277.9643
281.0358	277.9643
281.0358	277.4524
281.5477	277.4524
281.5477	276.9405
282.0596	276.9405
282.0596	276.4286
282.5715	276.4286
282.5715	275.4048
283.0834	275.4048
283.0834	274.3810
283.5953	274.3810
283.5953	273.3572
284.1072	273.3572
284.1072	272.3334
284.6191	272.3334
284.6191	271.8215
285.1310	271.8215
285.1310	271.3096
285.6429	271.3096
285.6429	270.2858
286.1548	270.2858
286.1548	269.7739
286.6667	269.7739
286.6667	269.2620
287.1786	269.2620
287.1786	268.7501
287.6905	268.7501
287.6905	268.2381
288.2024	268.2381
288.2024	267.7262
289.2262	267.7262
289.2262	267.2143
290.2501	267.2143
290.2501	266.7024
290.7620	266.7024
290.7620	266.1905
291.2739	266.1905
291.2739	265.6786
292.2977	265.6786
292.2977	265.1667
292.8096	265.1667
292.8096	264.6548
293.8334	264.6548
293.8334	264.1429
294.3453	264.1429
294.3453	263.6310
294.8572	263.6310
294.8572	263.1191
295.3691	263.1191
295.3691	262.6072
296.3929	262.6072
296.3929	262.0953
296.9048	262.0953
296.9048	261.5834
297.9286	261.5834
297.9286	261.0715
298.9524	261.0715
298.9524	260.5596
299.4643	260.5596
299.4643	260.0477
299.9762	260.0477
299.9762	259.5358
301.0001	259.5358
301.0001	259.0239
302.5358	259.0239
302.5358	258.5120
304.0715	258.5120
304.0715	258.0000
306.1191	258.0000
306.1191	257.4881
307.6548	257.4881
307.6548	256.9762
308.6786	256.9762
308.6786	256.4643
309.7024	256.4643
309.7024	255.9524
310.7262	255.9524
310.7262	255.4405
311.7501	255.4405
311.7501	254.9286
312.2620	254.9286
312.2620	254.4167
313.2858	254.4167
313.2858	253.9048
314.3096	253.9048
314.3096	253.3929
315.3334	253.3929
315.3334	252.8810
315.8453	252.8810
315.8453	252.3691
316.3572	252.3691
316.3572	251.8572
316.8691	251.8572
316.8691	251.3453
317.3810	251.3453
317.3810	250.8334
317.8929	250.8334
317.8929	250.3215
318.4048	250.3215
318.4048	249.2977
318.9167	249.2977
318.9167	248.2739
319.4286	248.2739
319.4286	245.7143
319.9405	245.7143
319.9405	242.1310
319.4286	242.1310
319.4286	235.4762
318.9167	235.4762
318.9167	224.7262
319.4286	224.7262
319.4286	220.6310
318.9167	220.6310
318.9167	218.0715
318.4048	218.0715
318.4048	217.0477
317.8929	217.0477
317.8929	216.0239
317.3810	216.0239
317.3810	214.4881
316.8691	214.4881
316.8691	213.4643
316.3572	213.4643
316.3572	212.4405
315.8453	212.4405
315.8453	211.9286
315.3334	211.9286
315.3334	210.9048
314.8215	210.9048
314.8215	209.3691
314.3096	209.3691
314.3096	208.3453
313.7977	208.3453
313.7977	207.3215
313.2858	207.3215
313.2858	206.2977
312.7739	206.2977
312.7739	202.7143
312.2620	202.7143
312.2620	200.1548
311.7501	200.1548
311.7501	199.1310
311.2382	199.1310
311.2382	195.5477
310.7262	195.5477
310.7262	194.0119
311.2382	194.0119
311.2382	192.4762
311.7501	192.4762
311.7501	189.9167
312.7739	189.9167
312.7739	189.4048
313.2858	189.4048
313.2858	188.8929
313.7977	188.8929
313.7977	188.3810
314.3096	188.3810
314.3096	187.8691
314.8215	187.8691
314.8215	187.3572
315.3334	187.3572
315.3334	186.3334
315.8453	186.3334
315.8453	185.3096
316.3572	185.3096
316.3572	182.7500
316.8691	182.7500
316.8691	180.1905
316.3572	180.1905
316.3572	177.6310
315.8453	177.6310
315.8453	176.0953
316.3572	176.0953
316.3572	175.5834
316.8691	175.5834
316.8691	175.0715
317.3810	175.0715
317.3810	174.5596
317.8929	174.5596
317.8929	174.0477
318.4048	174.0477
318.4048	173.5357
318.9167	173.5357
318.9167	172.5119
319.9405	172.5119
319.9405	172.0000
320.9643	172.0000
320.9643	171.4881
321.9882	171.4881
321.9882	170.9762
323.0120	170.9762
323.0120	170.4643
324.5477	170.4643
324.5477	169.9524
326.0834	169.9524
326.0834	169.4405
333.7620	169.4405
