321.4763	149.9881
324.5477	149.9881
324.5477	150.5000
326.0834	150.5000
326.0834	151.0119
327.6191	151.0119
327.6191	151.5238
329.6667	151.5238
329.6667	152.0357
330.6905	152.0357
330.6905	152.5476
332.2263	152.5476
332.2263	153.0596
334.7858	153.0596
334.7858	153.5715
336.3215	153.5715
336.3215	154.0834
336.8334	154.0834
336.8334	154.5953
337.3453	154.5953
337.3453	155.1072
338.3691	155.1072
338.3691	155.6191
339.3929	155.6191
339.3929	156.1310
340.4167	156.1310
340.4167	156.6429
341.4405	156.6429
341.4405	157.1548
342.4644	157.1548
342.4644	157.6667
344.0001	157.6667
344.0001	158.1786
346.5596	158.1786
346.5596	158.6905
347.0715	158.6905
347.0715	159.2024
347.5834	159.2024
347.5834	159.7143
348.6072	159.7143
348.6072	160.2262
349.6310	160.2262
349.6310	160.7381
350.6548	160.7381
350.6548	161.2500
351.1667	161.2500
351.1667	161.7619
351.6786	161.7619
351.6786	162.2738
352.7024	162.2738
352.7024	162.7857
353.2144	162.7857
353.2144	163.2977
353.7263	163.2977
353.7263	163.8096
354.2382	163.8096
354.2382	164.3215
354.7501	164.3215
354.7501	164.8334
355.2620	164.8334
355.2620	165.3453
355.7739	165.3453
355.7739	165.8572
356.2858	165.8572
356.2858	166.3691
356.7977	166.3691
356.7977	166.8810
357.3096	166.8810
357.3096	167.9048
357.8215	167.9048
357.8215	168.4167
358.3334	168.4167
358.3334	169.4405
358.8453	169.4405
358.8453	170.4643
359.3572	170.4643
359.3572	170.9762
359.8691	170.9762
359.8691	172.0000
360.3810	172.0000
360.3810	173.0238
360.8929	173.0238
360.8929	173.5357
361.4048	173.5357
361.4048	174.0477
361.9167	174.0477
361.9167	174.5596
362.4286	174.5596
362.4286	175.0715
362.9405	175.0715
362.9405	175.5834
363.9644	175.5834
363.9644	176.0953
364.9882	176.0953
364.9882	176.6072
367.5477	176.6072
367.5477	177.1191
370.1072	177.1191
370.1072	176.6072
372.6667	176.6072
372.6667	176.0953
373.6905	176.0953
373.6905	175.5834
374.7144	175.5834
374.7144	175.0715
375.2263	175.0715
375.2263	174.5596
375.7382	174.5596
375.7382	174.0477
376.2501	174.0477
376.2501	173.5357
376.7620	173.5357
376.7620	173.0238
377.2739	173.0238
377.2739	172.0000
377.7858	172.0000
377.7858	170.9762
378.2977	170.9762
378.2977	169.4405
378.8096	169.4405
378.8096	168.9286
379.3215	168.9286
379.3215	168.4167
379.8334	168.4167
379.8334	167.9048
380.3453	167.9048
380.3453	166.8810
381.3691	166.8810
381.3691	166.3691
384.4405	166.3691
384.4405	165.8572
386.4882	165.8572
386.4882	166.3691
387.5120	166.3691
387.5120	166.8810
389.5596	166.8810
389.5596	167.3929
390.5834	167.3929
390.5834	167.9048
391.6072	167.9048
391.6072	168.4167
392.6310	168.4167
392.6310	168.9286
394.6786	168.9286
394.6786	169.4405
397.2382	169.4405
397.2382	169.9524
399.2858	169.9524
399.2858	170.4643
401.8453	170.4643
401.8453	170.9762
402.8691	170.9762
402.8691	171.4881
404.4048	171.4881
404.4048	172.0000
405.9406	172.0000
405.9406	172.5119
406.9644	172.5119
406.9644	173.0238
407.9882	173.0238
407.9882	173.5357
409.0120	173.5357
409.0120	174.0477
409.5239	174.0477
409.5239	174.5596
410.5477	174.5596
410.5477	175.0715
411.5715	175.0715
411.5715	175.5834
412.0834	175.5834
412.0834	176.0953
413.1072	176.0953
413.1072	176.6072
413.6191	176.6072
413.6191	177.1191
414.1310	177.1191
414.1310	177.6310
414.6429	177.6310
414.6429	178.1429
415.6667	178.1429
415.6667	178.6548
416.1787	178.6548
416.1787	179.1667
416.6906	179.1667
416.6906	179.6786
417.2025	179.6786
417.2025	180.1905
417.7144	180.1905
417.7144	180.7024
418.2263	180.7024
418.2263	181.2143
418.7382	181.2143
418.7382	181.7262
419.2501	181.7262
419.2501	182.2381
419.7620	182.2381
419.7620	182.7500
420.2739	182.7500
420.2739	183.2619
420.7858	183.2619
420.7858	184.2857
421.2977	184.2857
421.2977	184.7977
421.8096	184.7977
421.8096	185.3096
422.3215	185.3096
422.3215	186.3334
422.8334	186.3334
422.8334	187.3572
423.3453	187.3572
423.3453	187.8691
423.8572	187.8691
423.8572	188.3810
424.3691	188.3810
424.3691	189.4048
424.8810	189.4048
424.8810	190.4286
425.3929	190.4286
425.3929	191.4524
425.9048	191.4524
425.9048	192.4762
426.4167	192.4762
426.4167	194.0119
426.9287	194.0119
426.9287	195.0358
427.4406	195.0358
427.4406	196.0596
427.9525	196.0596
427.9525	197.0834
428.4644	197.0834
428.4644	198.1072
428.9763	198.1072
428.9763	199.1310
429.4882	199.1310
429.4882	199.6429
430.0001	199.6429
430.0001	202.2024
430.5120	202.2024
430.5120	203.7381
431.0239	203.7381
431.0239	206.2977
431.5358	206.2977
431.5358	208.3453
432.0477	208.3453
432.0477	210.9048
432.5596	210.9048
432.5596	212.9524
433.0715	212.9524
433.0715	215.5119
433.5834	215.5119
433.5834	217.0477
433.0715	217.0477
433.0715	223.1905
432.5596	223.1905
432.5596	225.2381
432.0477	225.2381
432.0477	226.7739
431.5358	226.7739
431.5358	229.3334
431.0239	229.3334
431.0239	232.9167
430.5120	232.9167
430.5120	233.4286
430.0001	233.4286
430.0001	234.4524
429.4882	234.4524
429.4882	235.4762
428.9763	235.4762
428.9763	237.0119
428.4644	237.0119
428.4644	238.0358
427.9525	238.0358
427.9525	240.0834
427.4406	240.0834
427.4406	242.6429
426.9287	242.6429
426.9287	243.1548
426.4167	243.1548
426.4167	243.6667
425.9048	243.6667
425.9048	244.6905
425.3929	244.6905
425.3929	245.2024
424.8810	245.2024
424.8810	245.7143
424.3691	245.7143
424.3691	246.2262
423.8572	246.2262
423.8572	246.7381
423.3453	246.7381
423.3453	247.2500
422.8334	247.2500
422.8334	247.7620
422.3215	247.7620
422.3215	248.2739
421.8096	248.2739
421.8096	248.7858
421.2977	248.7858
421.2977	249.2977
420.2739	249.2977
420.2739	249.8096
419.7620	249.8096
419.7620	250.3215
419.2501	250.3215
419.2501	250.8334
418.7382	250.8334
418.7382	251.3453
418.2263	251.3453
418.2263	251.8572
417.7144	251.8572
417.7144	252.3691
417.2025	252.3691
417.2025	252.8810
416.6906	252.8810
416.6906	253.3929
416.1787	253.3929
416.1787	254.4167
415.6667	254.4167
415.6667	255.4405
415.1548	255.4405
415.1548	256.4643
414.6429	256.4643
414.6429	256.9762
414.1310	256.9762
414.1310	257.4881
413.6191	257.4881
413.6191	258.0000
413.1072	258.0000
413.1072	258.5120
412.5953	258.5120
412.5953	259.5358
412.0834	259.5358
412.0834	260.5596
411.5715	260.5596
411.5715	261.0715
411.0596	261.0715
411.0596	261.5834
410.5477	261.5834
410.5477	262.6072
410.0358	262.6072
410.0358	263.6310
409.5239	263.6310
409.5239	265.1667
409.0120	265.1667
409.0120	267.7262
408.5001	267.7262
408.5001	273.8691
407.9882	273.8691
407.9882	276.4286
407.4763	276.4286
407.4763	282.5715
406.9644	282.5715
406.9644	283.5953
406.4525	283.5953
406.4525	285.6429
405.9406	285.6429
405.9406	287.1786
405.4286	287.1786
405.4286	287.6905
404.9167	287.6905
404.9167	288.2024
404.4048	288.2024
404.4048	289.2262
403.8929	289.2262
403.8929	289.7382
403.3810	289.7382
403.3810	290.7620
402.8691	290.7620
402.8691	291.2739
401.8453	291.2739
401.8453	291.7858
401.3334	291.7858
401.3334	292.2977
400.8215	292.2977
400.8215	292.8096
400.3096	292.8096
400.3096	293.3215
399.7977	293.3215
399.7977	293.8334
399.2858	293.8334
399.2858	294.8572
398.7739	294.8572
398.7739	295.8810
398.2620	295.8810
398.2620	296.9048
397.7501	296.9048
397.7501	297.9286
397.2382	297.9286
397.2382	298.4405
396.7263	298.4405
396.7263	298.9524
396.2144	298.9524
396.2144	299.4643
395.7025	299.4643
395.7025	300.4882
395.1906	300.4882
395.1906	301.5120
394.6786	301.5120
394.6786	303.5596
394.1667	303.5596
394.1667	304.0715
393.6548	304.0715
393.6548	305.0953
393.1429	305.0953
393.1429	306.1191
392.6310	306.1191
392.6310	307.1429
392.1191	307.1429
392.1191	309.7024
391.6072	309.7024
391.6072	312.2620
392.1191	312.2620
392.1191	314.8215
392.6310	314.8215
392.6310	315.8453
393.1429	315.8453
393.1429	316.8691
393.6548	316.8691
393.6548	317.3810
394.1667	317.3810
394.1667	317.8929
394.6786	317.8929
394.6786	318.4048
395.1906	318.4048
395.1906	318.9167
395.7025	318.9167
395.7025	319.4286
396.7263	319.4286
396.7263	319.9405
397.2382	319.9405
397.2382	320.4524
397.7501	320.4524
397.7501	320.9643
398.2620	320.9643
398.2620	321.4763
398.7739	321.4763
398.7739	321.9882
399.2858	321.9882
399.2858	322.5001
399.7977	322.5001
399.7977	323.0120
400.3096	323.0120
400.3096	323.5239
401.3334	323.5239
401.3334	324.0358
401.8453	324.0358
401.8453	325.0596
402.3572	325.0596
402.3572	325.5715
402.8691	325.5715
402.8691	327.1072
403.3810	327.1072
403.3810	329.1548
402.8691	329.1548
402.8691	331.7143
402.3572	331.7143
402.3572	335.2977
402.8691	335.2977
402.8691	337.8572
403.3810	337.8572
403.3810	338.8810
403.8929	338.8810
403.8929	339.9048
404.4048	339.9048
404.4048	340.9286
404.9167	340.9286
404.9167	344.0001
404.4048	344.0001
404.4048	344.5120
403.8929	344.5120
403.8929	345.0239
403.3810	345.0239
403.3810	344.5120
402.3572	344.5120
402.3572	344.0001
401.8453	344.0001
401.8453	343.4882
401.3334	343.4882
401.3334	342.9763
400.8215	342.9763
400.8215	342.4644
399.7977	342.4644
399.7977	341.9524
398.7739	341.9524
398.7739	341.4405
396.2144	341.4405
396.2144	340.4167
395.7025	340.4167
395.7025	336.3215
396.2144	336.3215
396.2144	335.2977
396.7263	335.2977
396.7263	334.2739
397.2382	334.2739
397.2382	331.7143
397.7501	331.7143
397.7501	329.1548
397.2382	329.1548
397.2382	326.5953
396.7263	326.5953
396.7263	325.5715
396.2144	325.5715
396.2144	324.5477
395.7025	324.5477
395.7025	324.0358
395.1906	324.0358
395.1906	323.5239
394.6786	323.5239
394.6786	323.0120
394.1667	323.0120
394.1667	322.5001
393.6548	322.5001
393.6548	321.9882
392.6310	321.9882
392.6310	321.4763
391.6072	321.4763
391.6072	320.9643
389.0477	320.9643
389.0477	320.4524
386.4882	320.4524
386.4882	320.9643
383.9286	320.9643
383.9286	321.4763
382.9048	321.4763
382.9048	321.9882
381.8810	321.9882
381.8810	322.5001
381.3691	322.5001
381.3691	323.0120
380.8572	323.0120
380.8572	323.5239
380.3453	323.5239
380.3453	324.0358
379.8334	324.0358
379.8334	324.5477
379.3215	324.5477
379.3215	325.0596
378.8096	325.0596
378.8096	325.5715
378.2977	325.5715
378.2977	326.0834
377.7858	326.0834
377.7858	326.5953
377.2739	326.5953
377.2739	327.1072
376.7620	327.1072
376.7620	327.6191
376.2501	327.6191
376.2501	328.1310
375.7382	328.1310
375.7382	328.6429
374.7144	328.6429
374.7144	329.1548
374.2025	329.1548
374.2025	329.6667
373.6905	329.6667
373.6905	330.1786
373.1786	330.1786
373.1786	330.6905
372.6667	330.6905
372.6667	331.2024
372.1548	331.2024
372.1548	332.2263
371.6429	332.2263
371.6429	333.2501
371.1310	333.2501
371.1310	334.2739
370.6191	334.2739
370.6191	335.2977
370.1072	335.2977
370.1072	335.8096
369.5953	335.8096
369.5953	336.3215
369.0834	336.3215
369.0834	336.8334
368.5715	336.8334
368.5715	337.8572
368.0596	337.8572
368.0596	338.8810
367.5477	338.8810
367.5477	339.9048
367.0358	339.9048
367.0358	340.9286
366.5239	340.9286
366.5239	342.9763
366.0120	342.9763
366.0120	343.4882
365.5001	343.4882
365.5001	344.0001
364.9882	344.0001
364.9882	344.5120
364.4763	344.5120
364.4763	345.0239
363.9644	345.0239
363.9644	345.5358
363.4525	345.5358
363.4525	346.0477
362.9405	346.0477
362.9405	346.5596
362.4286	346.5596
362.4286	347.0715
361.9167	347.0715
361.9167	348.0953
361.4048	348.0953
361.4048	348.6072
360.8929	348.6072
360.8929	349.1191
360.3810	349.1191
360.3810	349.6310
359.8691	349.6310
359.8691	350.1429
359.3572	350.1429
359.3572	350.6548
358.8453	350.6548
358.8453	351.1667
358.3334	351.1667
358.3334	351.6786
357.8215	351.6786
357.8215	352.1905
357.3096	352.1905
357.3096	352.7024
356.7977	352.7024
356.7977	353.2144
356.2858	353.2144
356.2858	353.7263
355.2620	353.7263
355.2620	354.2382
354.7501	354.2382
354.7501	354.7501
354.2382	354.7501
354.2382	355.2620
353.7263	355.2620
353.7263	355.7739
353.2144	355.7739
353.2144	356.2858
352.7024	356.2858
352.7024	356.7977
352.1905	356.7977
352.1905	357.3096
351.6786	357.3096
351.6786	357.8215
351.1667	357.8215
351.1667	358.3334
350.6548	358.3334
350.6548	358.8453
350.1429	358.8453
350.1429	359.3572
349.6310	359.3572
349.6310	359.8691
349.1191	359.8691
349.1191	360.3810
348.0953	360.3810
348.0953	360.8929
347.0715	360.8929
347.0715	361.4048
346.0477	361.4048
346.0477	361.9167
345.5358	361.9167
345.5358	362.4286
345.0239	362.4286
345.0239	362.9405
344.5120	362.9405
344.5120	363.4525
343.4882	363.4525
343.4882	363.9644
342.4644	363.9644
342.4644	364.4763
340.9286	364.4763
340.9286	364.9882
339.9048	364.9882
339.9048	365.5001
338.8810	365.5001
338.8810	366.0120
337.8572	366.0120
337.8572	366.5239
337.3453	366.5239
337.3453	367.0358
336.3215	367.0358
336.3215	367.5477
335.8096	367.5477
335.8096	368.0596
333.7620	368.0596
333.7620	366.5239
333.2501	366.5239
333.2501	365.5001
332.7382	365.5001
332.7382	364.4763
332.2263	364.4763
332.2263	363.9644
331.7143	363.9644
331.7143	363.4525
331.2024	363.4525
331.2024	362.9405
330.6905	362.9405
330.6905	362.4286
330.1786	362.4286
330.1786	361.9167
329.1548	361.9167
329.1548	361.4048
328.1310	361.4048
328.1310	360.8929
325.5715	360.8929
325.5715	360.3810
323.0120	360.3810
323.0120	360.8929
320.4524	360.8929
320.4524	361.4048
319.4286	361.4048
319.4286	361.9167
318.4048	361.9167
318.4048	362.4286
317.8929	362.4286
317.8929	362.9405
317.3810	362.9405
317.3810	363.4525
316.8691	363.4525
316.8691	363.9644
316.3572	363.9644
316.3572	364.4763
315.8453	364.4763
315.8453	365.5001
315.3334	365.5001
315.3334	366.5239
313.7977	366.5239
313.7977	366.0120
312.7739	366.0120
312.7739	365.5001
310.7262	365.5001
310.7262	364.9882
310.2143	364.9882
310.2143	364.4763
309.1905	364.4763
309.1905	363.9644
308.6786	363.9644
308.6786	362.9405
308.1667	362.9405
308.1667	362.4286
307.6548	362.4286
307.6548	361.4048
307.1429	361.4048
307.1429	360.3810
306.6310	360.3810
306.6310	359.8691
306.1191	359.8691
306.1191	359.3572
305.6072	359.3572
305.6072	358.8453
306.1191	358.8453
306.1191	358.3334
306.6310	358.3334
306.6310	357.8215
307.1429	357.8215
307.1429	357.3096
307.6548	357.3096
307.6548	356.7977
308.1667	356.7977
308.1667	355.7739
308.6786	355.7739
308.6786	354.7501
309.1905	354.7501
309.1905	352.1905
309.7024	352.1905
309.7024	349.1191
310.2143	349.1191
310.2143	348.6072
310.7262	348.6072
310.7262	348.0953
311.2382	348.0953
311.2382	347.0715
311.7501	347.0715
311.7501	346.0477
312.2620	346.0477
312.2620	343.4882
312.7739	343.4882
312.7739	340.9286
312.2620	340.9286
312.2620	338.3691
311.7501	338.3691
311.7501	337.3453
311.2382	337.3453
311.2382	336.3215
310.7262	336.3215
310.7262	335.8096
310.2143	335.8096
310.2143	335.2977
309.7024	335.2977
309.7024	334.7858
309.1905	334.7858
309.1905	334.2739
308.6786	334.2739
308.6786	333.2501
308.1667	333.2501
308.1667	332.2263
307.6548	332.2263
307.6548	331.7143
307.1429	331.7143
307.1429	331.2024
306.6310	331.2024
306.6310	330.6905
306.1191	330.6905
306.1191	330.1786
305.6072	330.1786
305.6072	329.6667
304.5834	329.6667
304.5834	329.1548
303.5596	329.1548
303.5596	328.6429
301.0001	328.6429
301.0001	328.1310
291.7858	328.1310
291.7858	327.6191
290.7620	327.6191
290.7620	327.1072
289.7382	327.1072
289.7382	326.5953
287.1786	326.5953
287.1786	326.0834
278.9881	326.0834
278.9881	325.5715
275.4048	325.5715
275.4048	325.0596
272.8453	325.0596
272.8453	325.5715
271.3096	325.5715
271.3096	325.0596
268.2381	325.0596
268.2381	324.5477
265.6786	324.5477
265.6786	324.0358
263.1191	324.0358
263.1191	323.5239
260.5596	323.5239
260.5596	323.0120
259.5358	323.0120
259.5358	322.5001
258.0000	322.5001
258.0000	321.9882
256.9762	321.9882
256.9762	321.4763
256.4643	321.4763
256.4643	320.9643
255.9524	320.9643
255.9524	320.4524
254.9286	320.4524
254.9286	319.9405
253.9048	319.9405
253.9048	319.4286
252.3691	319.4286
252.3691	318.9167
251.8572	318.9167
251.8572	318.4048
251.3453	318.4048
251.3453	317.8929
250.8334	317.8929
250.8334	317.3810
250.3215	317.3810
250.3215	316.8691
249.8096	316.8691
249.8096	316.3572
249.2977	316.3572
249.2977	315.8453
248.7858	315.8453
248.7858	315.3334
247.7620	315.3334
247.7620	314.3096
247.2500	314.3096
247.2500	313.7977
246.7381	313.7977
246.7381	313.2858
246.2262	313.2858
246.2262	312.2620
245.7143	312.2620
245.7143	311.7501
245.2024	311.7501
245.2024	310.2143
244.6905	310.2143
244.6905	309.1905
244.1786	309.1905
244.1786	308.1667
243.6667	308.1667
243.6667	306.1191
243.1548	306.1191
243.1548	303.5596
242.6429	303.5596
242.6429	302.0239
242.1310	302.0239
242.1310	301.0001
241.6191	301.0001
241.6191	299.9762
241.1072	299.9762
241.1072	297.9286
240.5953	297.9286
240.5953	295.8810
240.0834	295.8810
240.0834	294.8572
239.5715	294.8572
239.5715	293.8334
239.0596	293.8334
239.0596	282.5715
240.0834	282.5715
240.0834	282.0596
240.5953	282.0596
240.5953	281.5477
241.1072	281.5477
241.1072	281.0358
241.6191	281.0358
241.6191	280.5239
242.1310	280.5239
242.1310	280.0120
242.6429	280.0120
242.6429	279.5001
243.1548	279.5001
243.1548	278.4762
243.6667	278.4762
243.6667	277.4524
244.1786	277.4524
244.1786	274.8929
244.6905	274.8929
244.6905	271.8215
244.1786	271.8215
244.1786	270.7977
244.6905	270.7977
244.6905	269.2620
245.2024	269.2620
245.2024	268.2381
245.7143	268.2381
245.7143	267.7262
246.7381	267.7262
246.7381	267.2143
247.2500	267.2143
247.2500	266.7024
248.2739	266.7024
248.2739	266.1905
248.7858	266.1905
248.7858	265.6786
249.8096	265.6786
249.8096	265.1667
251.3453	265.1667
251.3453	264.6548
252.3691	264.6548
252.3691	264.1429
253.3929	264.1429
253.3929	263.6310
253.9048	263.6310
253.9048	263.1191
254.9286	263.1191
254.9286	262.6072
255.9524	262.6072
255.9524	262.0953
256.9762	262.0953
256.9762	261.5834
258.0000	261.5834
258.0000	261.0715
259.5358	261.0715
259.5358	260.5596
260.5596	260.5596
260.5596	260.0477
262.0953	260.0477
262.0953	259.5358
263.1191	259.5358
263.1191	259.0239
264.1429	259.0239
264.1429	258.5120
266.1905	258.5120
266.1905	258.0000
267.2143	258.0000
267.2143	257.4881
268.7501	257.4881
268.7501	256.9762
271.3096	256.9762
271.3096	256.4643
276.9405	256.4643
276.9405	255.9524
280.0120	255.9524
280.0120	255.4405
283.0834	255.4405
283.0834	254.9286
285.6429	254.9286
285.6429	254.4167
287.1786	254.4167
287.1786	253.9048
289.7382	253.9048
289.7382	253.3929
291.2739	253.3929
291.2739	252.8810
292.8096	252.8810
292.8096	252.3691
294.3453	252.3691
294.3453	251.8572
295.3691	251.8572
295.3691	251.3453
297.9286	251.3453
297.9286	250.8334
299.9762	250.8334
299.9762	250.3215
302.5358	250.3215
302.5358	249.8096
304.5834	249.8096
304.5834	249.2977
307.1429	249.2977
307.1429	248.7858
308.1667	248.7858
308.1667	248.2739
309.1905	248.2739
309.1905	247.7620
310.2143	247.7620
310.2143	247.2500
311.2382	247.2500
311.2382	246.7381
311.7501	246.7381
311.7501	246.2262
312.2620	246.2262
312.2620	245.7143
312.7739	245.7143
312.7739	245.2024
313.2858	245.2024
313.2858	244.6905
313.7977	244.6905
313.7977	244.1786
314.3096	244.1786
314.3096	243.1548
314.8215	243.1548
314.8215	242.1310
315.3334	242.1310
315.3334	241.1072
315.8453	241.1072
315.8453	238.5477
316.3572	238.5477
316.3572	233.9405
316.8691	233.9405
316.8691	228.3096
316.3572	228.3096
316.3572	225.7500
315.8453	225.7500
315.8453	224.7262
315.3334	224.7262
315.3334	222.1667
314.8215	222.1667
314.8215	220.6310
314.3096	220.6310
314.3096	219.6072
313.7977	219.6072
313.7977	218.5834
313.2858	218.5834
313.2858	218.0715
312.7739	218.0715
312.7739	217.5596
312.2620	217.5596
312.2620	217.0477
311.7501	217.0477
311.7501	216.5358
311.2382	216.5358
311.2382	216.0239
310.7262	216.0239
310.7262	215.5119
310.2143	215.5119
310.2143	214.4881
309.7024	214.4881
309.7024	213.4643
309.1905	213.4643
309.1905	212.4405
308.6786	212.4405
308.6786	211.4167
308.1667	211.4167
308.1667	210.9048
307.6548	210.9048
307.6548	210.3929
307.1429	210.3929
307.1429	209.8810
306.6310	209.8810
306.6310	209.3691
306.1191	209.3691
306.1191	208.8572
305.6072	208.8572
305.6072	208.3453
305.0953	208.3453
305.0953	207.8334
304.5834	207.8334
304.5834	207.3215
304.0715	207.3215
304.0715	206.8096
303.5596	206.8096
303.5596	205.7858
303.0477	205.7858
303.0477	205.2738
302.5358	205.2738
302.5358	204.2500
302.0239	204.2500
302.0239	203.2262
301.5120	203.2262
301.5120	202.7143
301.0001	202.7143
301.0001	201.6905
300.4882	201.6905
300.4882	200.6667
299.9762	200.6667
299.9762	199.6429
299.4643	199.6429
299.4643	199.1310
298.9524	199.1310
298.9524	198.1072
298.4405	198.1072
298.4405	197.0834
297.9286	197.0834
297.9286	196.0596
297.4167	196.0596
297.4167	195.5477
296.9048	195.5477
296.9048	194.0119
296.3929	194.0119
296.3929	192.9881
295.8810	192.9881
295.8810	191.9643
295.3691	191.9643
295.3691	190.9405
294.8572	190.9405
294.8572	188.8929
294.3453	188.8929
294.3453	183.7738
293.8334	183.7738
293.8334	181.2143
293.3215	181.2143
293.3215	180.1905
292.8096	180.1905
292.8096	170.4643
293.3215	170.4643
293.3215	167.9048
293.8334	167.9048
293.8334	162.7857
294.3453	162.7857
294.3453	161.7619
294.8572	161.7619
294.8572	161.2500
295.3691	161.2500
295.3691	160.7381
295.8810	160.7381
295.8810	159.7143
296.3929	159.7143
296.3929	158.6905
296.9048	158.6905
296.9048	158.1786
297.4167	158.1786
297.4167	157.6667
297.9286	157.6667
297.9286	157.1548
298.4405	157.1548
298.4405	156.6429
298.9524	156.6429
298.9524	156.1310
299.4643	156.1310
299.4643	155.6191
299.9762	155.6191
299.9762	155.1072
300.4882	155.1072
300.4882	154.5953
301.0001	154.5953
301.0001	154.0834
301.5120	154.0834
301.5120	153.5715
302.5358	153.5715
302.5358	153.0596
303.5596	153.0596
303.5596	152.5476
304.0715	152.5476
304.0715	152.0357
305.6072	152.0357
305.6072	151.5238
306.6310	151.5238
306.6310	151.0119
307.6548	151.0119
307.6548	150.5000
308.6786	150.5000
308.6786	149.9881
313.2858	149.9881
313.2858	149.4762
321.4763	149.4762
