353.7263	202.7143
354.2382	202.7143
354.2382	203.2262
354.7501	203.2262
354.7501	203.7381
355.2620	203.7381
355.2620	204.2500
355.7739	204.2500
355.7739	204.7619
356.2858	204.7619
356.2858	205.2738
356.7977	205.2738
356.7977	205.7858
357.8215	205.7858
357.8215	206.2977
358.8453	206.2977
358.8453	206.8096
359.8691	206.8096
359.8691	207.3215
361.4048	207.3215
361.4048	207.8334
363.4525	207.8334
363.4525	208.3453
366.0120	208.3453
366.0120	208.8572
367.5477	208.8572
367.5477	209.3691
368.5715	209.3691
368.5715	209.8810
370.6191	209.8810
370.6191	210.3929
371.6429	210.3929
371.6429	210.9048
373.1786	210.9048
373.1786	211.4167
375.2263	211.4167
375.2263	211.9286
376.2501	211.9286
376.2501	212.4405
377.2739	212.4405
377.2739	212.9524
377.7858	212.9524
377.7858	213.4643
378.8096	213.4643
378.8096	213.9762
379.3215	213.9762
379.3215	214.4881
379.8334	214.4881
379.8334	215.0000
380.8572	215.0000
380.8572	215.5119
381.3691	215.5119
381.3691	216.0239
381.8810	216.0239
381.8810	216.5358
382.9048	216.5358
382.9048	217.0477
383.4167	217.0477
383.4167	217.5596
384.4405	217.5596
384.4405	218.0715
384.9525	218.0715
384.9525	218.5834
385.4644	218.5834
385.4644	219.0953
385.9763	219.0953
385.9763	219.6072
386.4882	219.6072
386.4882	220.6310
387.0001	220.6310
387.0001	221.6548
387.5120	221.6548
387.5120	222.6786
388.0239	222.6786
388.0239	223.7024
388.5358	223.7024
388.5358	224.7262
389.0477	224.7262
389.0477	225.7500
389.5596	225.7500
389.5596	227.2858
390.0715	227.2858
390.0715	228.3096
390.5834	228.3096
390.5834	233.4286
391.0953	233.4286
391.0953	239.0596
391.6072	239.0596
391.6072	241.6191
392.1191	241.6191
392.1191	243.6667
391.6072	243.6667
391.6072	246.2262
391.0953	246.2262
391.0953	246.7381
390.5834	246.7381
390.5834	247.7620
390.0715	247.7620
390.0715	248.7858
389.5596	248.7858
389.5596	251.3453
389.0477	251.3453
389.0477	254.4167
388.5358	254.4167
388.5358	255.4405
388.0239	255.4405
388.0239	258.0000
387.5120	258.0000
387.5120	266.7024
388.0239	266.7024
388.0239	269.2620
388.5358	269.2620
388.5358	270.2858
389.0477	270.2858
389.0477	271.3096
389.5596	271.3096
389.5596	272.3334
390.0715	272.3334
390.0715	272.8453
390.5834	272.8453
390.5834	273.8691
391.0953	273.8691
391.0953	274.8929
391.6072	274.8929
391.6072	275.4048
392.1191	275.4048
392.1191	275.9167
392.6310	275.9167
392.6310	276.9405
393.1429	276.9405
393.1429	278.4762
393.6548	278.4762
393.6548	280.5239
394.1667	280.5239
394.1667	281.5477
394.6786	281.5477
394.6786	282.5715
395.1906	282.5715
395.1906	283.5953
395.7025	283.5953
395.7025	288.2024
395.1906	288.2024
395.1906	290.2501
394.6786	290.2501
394.6786	292.8096
394.1667	292.8096
394.1667	293.3215
393.1429	293.3215
393.1429	293.8334
392.1191	293.8334
392.1191	294.3453
391.6072	294.3453
391.6072	294.8572
391.0953	294.8572
391.0953	295.3691
390.5834	295.3691
390.5834	295.8810
390.0715	295.8810
390.0715	296.3929
389.5596	296.3929
389.5596	297.4167
389.0477	297.4167
389.0477	298.4405
388.5358	298.4405
388.5358	300.4882
388.0239	300.4882
388.0239	303.0477
387.5120	303.0477
387.5120	310.2143
388.0239	310.2143
388.0239	311.2382
387.5120	311.2382
387.5120	312.2620
387.0001	312.2620
387.0001	313.2858
386.4882	313.2858
386.4882	314.3096
385.9763	314.3096
385.9763	316.8691
385.4644	316.8691
385.4644	319.9405
385.9763	319.9405
385.9763	322.5001
386.4882	322.5001
386.4882	323.5239
387.0001	323.5239
387.0001	324.5477
387.5120	324.5477
387.5120	325.0596
388.0239	325.0596
388.0239	325.5715
388.5358	325.5715
388.5358	326.5953
389.0477	326.5953
389.0477	327.1072
389.5596	327.1072
389.5596	330.1786
389.0477	330.1786
389.0477	330.6905
388.5358	330.6905
388.5358	331.2024
388.0239	331.2024
388.0239	332.2263
387.0001	332.2263
387.0001	331.2024
386.4882	331.2024
386.4882	330.1786
385.9763	330.1786
385.9763	329.6667
385.4644	329.6667
385.4644	329.1548
384.9525	329.1548
384.9525	328.1310
384.4405	328.1310
384.4405	327.6191
383.9286	327.6191
383.9286	327.1072
383.4167	327.1072
383.4167	326.5953
382.9048	326.5953
382.9048	326.0834
382.3929	326.0834
382.3929	325.5715
381.8810	325.5715
381.8810	325.0596
380.8572	325.0596
380.8572	324.5477
379.8334	324.5477
379.8334	324.0358
377.2739	324.0358
377.2739	323.5239
374.2025	323.5239
374.2025	324.0358
371.6429	324.0358
371.6429	324.5477
370.6191	324.5477
370.6191	324.0358
369.5953	324.0358
369.5953	323.5239
367.0358	323.5239
367.0358	323.0120
363.9644	323.0120
363.9644	323.5239
361.4048	323.5239
361.4048	324.0358
360.3810	324.0358
360.3810	324.5477
359.3572	324.5477
359.3572	325.0596
358.3334	325.0596
358.3334	325.5715
357.3096	325.5715
357.3096	326.0834
354.7501	326.0834
354.7501	326.5953
347.5834	326.5953
347.5834	326.0834
347.0715	326.0834
347.0715	325.5715
346.5596	325.5715
346.5596	325.0596
345.5358	325.0596
345.5358	324.5477
344.5120	324.5477
344.5120	324.0358
341.9524	324.0358
341.9524	323.5239
341.4405	323.5239
341.4405	323.0120
340.9286	323.0120
340.9286	322.5001
340.4167	322.5001
340.4167	321.9882
339.9048	321.9882
339.9048	321.4763
339.3929	321.4763
339.3929	320.9643
338.3691	320.9643
338.3691	320.4524
337.3453	320.4524
337.3453	319.9405
335.8096	319.9405
335.8096	319.4286
334.2739	319.4286
334.2739	318.9167
333.2501	318.9167
333.2501	318.4048
332.7382	318.4048
332.7382	317.8929
331.7143	317.8929
331.7143	317.3810
330.6905	317.3810
330.6905	316.8691
329.6667	316.8691
329.6667	316.3572
327.1072	316.3572
327.1072	315.8453
323.5239	315.8453
323.5239	315.3334
322.5001	315.3334
322.5001	314.8215
321.4763	314.8215
321.4763	314.3096
320.9643	314.3096
320.9643	313.7977
320.4524	313.7977
320.4524	313.2858
319.9405	313.2858
319.9405	312.7739
319.4286	312.7739
319.4286	311.7501
318.9167	311.7501
318.9167	310.7262
318.4048	310.7262
318.4048	310.2143
317.8929	310.2143
317.8929	309.7024
317.3810	309.7024
317.3810	308.6786
316.8691	308.6786
316.8691	307.6548
316.3572	307.6548
316.3572	307.1429
315.8453	307.1429
315.8453	306.6310
315.3334	306.6310
315.3334	306.1191
314.8215	306.1191
314.8215	305.0953
314.3096	305.0953
314.3096	304.0715
313.7977	304.0715
313.7977	303.5596
313.2858	303.5596
313.2858	303.0477
312.7739	303.0477
312.7739	302.0239
312.2620	302.0239
312.2620	301.5120
311.7501	301.5120
311.7501	301.0001
311.2382	301.0001
311.2382	299.9762
310.7262	299.9762
310.7262	298.9524
310.2143	298.9524
310.2143	297.9286
309.7024	297.9286
309.7024	297.4167
309.1905	297.4167
309.1905	296.9048
308.6786	296.9048
308.6786	294.3453
308.1667	294.3453
308.1667	292.2977
307.6548	292.2977
307.6548	291.2739
307.1429	291.2739
307.1429	285.1310
307.6548	285.1310
307.6548	284.1072
308.1667	284.1072
308.1667	282.5715
308.6786	282.5715
308.6786	282.0596
309.1905	282.0596
309.1905	281.5477
309.7024	281.5477
309.7024	280.5239
310.2143	280.5239
310.2143	279.5001
310.7262	279.5001
310.7262	278.4762
311.2382	278.4762
311.2382	275.9167
311.7501	275.9167
311.7501	274.8929
312.2620	274.8929
312.2620	273.8691
312.7739	273.8691
312.7739	273.3572
313.2858	273.3572
313.2858	272.3334
313.7977	272.3334
313.7977	271.8215
314.3096	271.8215
314.3096	271.3096
314.8215	271.3096
314.8215	270.7977
315.3334	270.7977
315.3334	269.7739
315.8453	269.7739
315.8453	269.2620
316.3572	269.2620
316.3572	268.7501
316.8691	268.7501
316.8691	268.2381
317.3810	268.2381
317.3810	267.2143
317.8929	267.2143
317.8929	266.1905
318.4048	266.1905
318.4048	264.6548
318.9167	264.6548
318.9167	262.0953
319.4286	262.0953
319.4286	254.9286
319.9405	254.9286
319.9405	252.3691
320.4524	252.3691
320.4524	248.2739
320.9643	248.2739
320.9643	247.2500
321.4763	247.2500
321.4763	246.2262
321.9882	246.2262
321.9882	245.2024
322.5001	245.2024
322.5001	242.6429
323.0120	242.6429
323.0120	238.0358
323.5239	238.0358
323.5239	237.0119
324.0358	237.0119
324.0358	236.5000
324.5477	236.5000
324.5477	235.9881
325.0596	235.9881
325.0596	235.4762
325.5715	235.4762
325.5715	234.9643
326.0834	234.9643
326.0834	234.4524
326.5953	234.4524
326.5953	233.9405
327.1072	233.9405
327.1072	232.9167
327.6191	232.9167
327.6191	231.8929
328.1310	231.8929
328.1310	229.3334
328.6429	229.3334
328.6429	226.2619
328.1310	226.2619
328.1310	223.7024
327.6191	223.7024
327.6191	222.6786
327.1072	222.6786
327.1072	221.1429
326.5953	221.1429
326.5953	218.0715
327.1072	218.0715
327.1072	217.5596
328.1310	217.5596
328.1310	217.0477
328.6429	217.0477
328.6429	216.5358
329.1548	216.5358
329.1548	216.0239
329.6667	216.0239
329.6667	215.5119
330.6905	215.5119
330.6905	215.0000
331.7143	215.0000
331.7143	214.4881
332.2263	214.4881
332.2263	213.9762
332.7382	213.9762
332.7382	213.4643
333.2501	213.4643
333.2501	212.9524
333.7620	212.9524
333.7620	212.4405
334.2739	212.4405
334.2739	211.4167
334.7858	211.4167
334.7858	210.3929
335.2977	210.3929
335.2977	208.3453
338.3691	208.3453
338.3691	207.8334
340.9286	207.8334
340.9286	207.3215
341.9524	207.3215
341.9524	206.8096
342.9763	206.8096
342.9763	206.2977
343.4882	206.2977
343.4882	205.7858
345.5358	205.7858
345.5358	205.2738
346.5596	205.2738
346.5596	204.7619
347.5834	204.7619
347.5834	204.2500
348.6072	204.2500
348.6072	203.7381
349.6310	203.7381
349.6310	203.2262
350.6548	203.2262
350.6548	202.7143
351.6786	202.7143
351.6786	202.2024
353.7263	202.2024
