326.0834	145.8929
330.6905	145.8929
330.6905	146.4048
331.7143	146.4048
331.7143	146.9167
332.7382	146.9167
332.7382	147.4286
334.2739	147.4286
334.2739	147.9405
336.8334	147.9405
336.8334	148.4524
338.3691	148.4524
338.3691	148.9643
339.9048	148.9643
339.9048	149.4762
340.9286	149.4762
340.9286	149.9881
341.9524	149.9881
341.9524	150.5000
342.9763	150.5000
342.9763	151.0119
343.4882	151.0119
343.4882	151.5238
344.5120	151.5238
344.5120	152.0357
345.5358	152.0357
345.5358	152.5476
346.0477	152.5476
346.0477	153.0596
347.0715	153.0596
347.0715	153.5715
348.0953	153.5715
348.0953	154.0834
349.1191	154.0834
349.1191	154.5953
349.6310	154.5953
349.6310	155.1072
350.6548	155.1072
350.6548	155.6191
351.6786	155.6191
351.6786	156.1310
352.7024	156.1310
352.7024	156.6429
353.7263	156.6429
353.7263	157.1548
354.2382	157.1548
354.2382	157.6667
354.7501	157.6667
354.7501	158.1786
355.2620	158.1786
355.2620	158.6905
355.7739	158.6905
355.7739	159.2024
356.2858	159.2024
356.2858	159.7143
356.7977	159.7143
356.7977	160.2262
357.3096	160.2262
357.3096	160.7381
357.8215	160.7381
357.8215	161.2500
358.3334	161.2500
358.3334	162.2738
358.8453	162.2738
358.8453	162.7857
359.3572	162.7857
359.3572	163.8096
359.8691	163.8096
359.8691	164.3215
360.3810	164.3215
360.3810	165.3453
360.8929	165.3453
360.8929	166.3691
361.4048	166.3691
361.4048	166.8810
361.9167	166.8810
361.9167	167.3929
362.4286	167.3929
362.4286	167.9048
362.9405	167.9048
362.9405	168.4167
363.4525	168.4167
363.4525	168.9286
364.4763	168.9286
364.4763	169.4405
365.5001	169.4405
365.5001	169.9524
368.0596	169.9524
368.0596	170.4643
371.1310	170.4643
371.1310	169.9524
373.6905	169.9524
373.6905	169.4405
374.7144	169.4405
374.7144	168.9286
375.7382	168.9286
375.7382	168.4167
376.2501	168.4167
376.2501	167.9048
377.2739	167.9048
377.2739	167.3929
377.7858	167.3929
377.7858	166.8810
378.8096	166.8810
378.8096	166.3691
379.8334	166.3691
379.8334	165.8572
380.8572	165.8572
380.8572	165.3453
381.8810	165.3453
381.8810	164.8334
382.9048	164.8334
382.9048	164.3215
389.5596	164.3215
389.5596	164.8334
391.0953	164.8334
391.0953	165.3453
393.6548	165.3453
393.6548	165.8572
394.6786	165.8572
394.6786	166.3691
395.7025	166.3691
395.7025	166.8810
396.2144	166.8810
396.2144	167.3929
396.7263	167.3929
396.7263	167.9048
397.2382	167.9048
397.2382	168.4167
398.2620	168.4167
398.2620	168.9286
398.7739	168.9286
398.7739	169.4405
399.2858	169.4405
399.2858	169.9524
400.3096	169.9524
400.3096	170.4643
401.3334	170.4643
401.3334	170.9762
402.3572	170.9762
402.3572	171.4881
402.8691	171.4881
402.8691	172.0000
403.3810	172.0000
403.3810	172.5119
404.4048	172.5119
404.4048	173.0238
404.9167	173.0238
404.9167	173.5357
405.9406	173.5357
405.9406	174.0477
406.4525	174.0477
406.4525	174.5596
407.4763	174.5596
407.4763	175.0715
408.5001	175.0715
408.5001	175.5834
409.0120	175.5834
409.0120	176.0953
410.0358	176.0953
410.0358	176.6072
411.0596	176.6072
411.0596	177.1191
411.5715	177.1191
411.5715	177.6310
412.0834	177.6310
412.0834	178.1429
413.1072	178.1429
413.1072	178.6548
413.6191	178.6548
413.6191	179.1667
414.1310	179.1667
414.1310	179.6786
414.6429	179.6786
414.6429	180.1905
415.1548	180.1905
415.1548	180.7024
416.1787	180.7024
416.1787	181.2143
417.2025	181.2143
417.2025	181.7262
418.2263	181.7262
418.2263	182.2381
418.7382	182.2381
418.7382	182.7500
419.2501	182.7500
419.2501	183.2619
419.7620	183.2619
419.7620	183.7738
420.2739	183.7738
420.2739	184.2857
420.7858	184.2857
420.7858	184.7977
421.2977	184.7977
421.2977	185.3096
421.8096	185.3096
421.8096	185.8215
422.3215	185.8215
422.3215	186.8453
422.8334	186.8453
422.8334	187.3572
423.3453	187.3572
423.3453	187.8691
423.8572	187.8691
423.8572	188.8929
424.3691	188.8929
424.3691	189.4048
424.8810	189.4048
424.8810	190.4286
425.3929	190.4286
425.3929	190.9405
425.9048	190.9405
425.9048	191.9643
426.4167	191.9643
426.4167	192.4762
426.9287	192.4762
426.9287	193.5000
427.4406	193.5000
427.4406	194.5238
427.9525	194.5238
427.9525	195.0358
428.4644	195.0358
428.4644	196.0596
428.9763	196.0596
428.9763	197.0834
429.4882	197.0834
429.4882	198.1072
430.0001	198.1072
430.0001	200.6667
430.5120	200.6667
430.5120	202.7143
431.0239	202.7143
431.0239	204.7619
431.5358	204.7619
431.5358	207.8334
432.0477	207.8334
432.0477	212.4405
432.5596	212.4405
432.5596	218.5834
433.0715	218.5834
433.0715	220.1191
432.5596	220.1191
432.5596	221.6548
432.0477	221.6548
432.0477	224.2143
431.5358	224.2143
431.5358	228.3096
431.0239	228.3096
431.0239	232.4048
430.5120	232.4048
430.5120	233.9405
430.0001	233.9405
430.0001	234.9643
429.4882	234.9643
429.4882	235.9881
428.9763	235.9881
428.9763	237.0119
428.4644	237.0119
428.4644	239.0596
427.9525	239.0596
427.9525	240.0834
427.4406	240.0834
427.4406	241.6191
426.9287	241.6191
426.9287	242.1310
426.4167	242.1310
426.4167	243.1548
425.9048	243.1548
425.9048	244.1786
425.3929	244.1786
425.3929	244.6905
424.8810	244.6905
424.8810	245.2024
424.3691	245.2024
424.3691	245.7143
423.8572	245.7143
423.8572	246.2262
423.3453	246.2262
423.3453	246.7381
422.8334	246.7381
422.8334	247.2500
422.3215	247.2500
422.3215	247.7620
421.8096	247.7620
421.8096	248.2739
421.2977	248.2739
421.2977	249.2977
420.2739	249.2977
420.2739	249.8096
419.7620	249.8096
419.7620	250.3215
419.2501	250.3215
419.2501	250.8334
418.7382	250.8334
418.7382	251.3453
418.2263	251.3453
418.2263	251.8572
417.7144	251.8572
417.7144	252.3691
417.2025	252.3691
417.2025	252.8810
416.6906	252.8810
416.6906	253.3929
416.1787	253.3929
416.1787	253.9048
415.6667	253.9048
415.6667	254.4167
415.1548	254.4167
415.1548	254.9286
414.6429	254.9286
414.6429	255.9524
414.1310	255.9524
414.1310	256.9762
413.6191	256.9762
413.6191	259.5358
413.1072	259.5358
413.1072	264.1429
412.5953	264.1429
412.5953	267.2143
413.1072	267.2143
413.1072	271.8215
412.5953	271.8215
412.5953	275.9167
412.0834	275.9167
412.0834	277.4524
411.5715	277.4524
411.5715	280.0120
411.0596	280.0120
411.0596	281.0358
410.5477	281.0358
410.5477	282.0596
410.0358	282.0596
410.0358	284.1072
409.5239	284.1072
409.5239	285.1310
409.0120	285.1310
409.0120	286.1548
408.5001	286.1548
408.5001	286.6667
407.9882	286.6667
407.9882	287.6905
407.4763	287.6905
407.4763	288.2024
406.9644	288.2024
406.9644	288.7143
406.4525	288.7143
406.4525	289.7382
405.9406	289.7382
405.9406	290.2501
404.9167	290.2501
404.9167	290.7620
403.8929	290.7620
403.8929	291.2739
403.3810	291.2739
403.3810	291.7858
402.8691	291.7858
402.8691	292.2977
401.8453	292.2977
401.8453	292.8096
400.8215	292.8096
400.8215	293.3215
400.3096	293.3215
400.3096	293.8334
399.7977	293.8334
399.7977	294.3453
399.2858	294.3453
399.2858	294.8572
398.7739	294.8572
398.7739	295.3691
398.2620	295.3691
398.2620	296.3929
397.7501	296.3929
397.7501	297.4167
397.2382	297.4167
397.2382	298.4405
396.7263	298.4405
396.7263	299.4643
396.2144	299.4643
396.2144	301.0001
395.7025	301.0001
395.7025	303.5596
395.1906	303.5596
395.1906	304.5834
394.6786	304.5834
394.6786	305.6072
394.1667	305.6072
394.1667	307.1429
393.6548	307.1429
393.6548	309.7024
393.1429	309.7024
393.1429	313.2858
393.6548	313.2858
393.6548	315.8453
394.1667	315.8453
394.1667	316.8691
394.6786	316.8691
394.6786	317.8929
395.1906	317.8929
395.1906	318.4048
395.7025	318.4048
395.7025	318.9167
396.2144	318.9167
396.2144	319.4286
396.7263	319.4286
396.7263	319.9405
397.2382	319.9405
397.2382	320.4524
397.7501	320.4524
397.7501	320.9643
398.2620	320.9643
398.2620	321.4763
398.7739	321.4763
398.7739	321.9882
399.2858	321.9882
399.2858	322.5001
400.3096	322.5001
400.3096	323.0120
400.8215	323.0120
400.8215	323.5239
401.3334	323.5239
401.3334	324.0358
401.8453	324.0358
401.8453	324.5477
402.3572	324.5477
402.3572	325.0596
402.8691	325.0596
402.8691	325.5715
403.3810	325.5715
403.3810	327.1072
403.8929	327.1072
403.8929	328.6429
403.3810	328.6429
403.3810	329.6667
402.8691	329.6667
402.8691	332.2263
402.3572	332.2263
402.3572	334.7858
402.8691	334.7858
402.8691	337.3453
403.3810	337.3453
403.3810	338.3691
403.8929	338.3691
403.8929	339.3929
404.4048	339.3929
404.4048	339.9048
404.9167	339.9048
404.9167	340.9286
405.4286	340.9286
405.4286	344.0001
404.9167	344.0001
404.9167	344.5120
401.8453	344.5120
401.8453	345.0239
401.3334	345.0239
401.3334	344.5120
400.8215	344.5120
400.8215	343.4882
400.3096	343.4882
400.3096	342.9763
399.7977	342.9763
399.7977	342.4644
399.2858	342.4644
399.2858	341.9524
398.7739	341.9524
398.7739	341.4405
398.2620	341.4405
398.2620	340.9286
397.7501	340.9286
397.7501	337.3453
397.2382	337.3453
397.2382	334.7858
396.7263	334.7858
396.7263	333.7620
396.2144	333.7620
396.2144	332.7382
395.7025	332.7382
395.7025	332.2263
395.1906	332.2263
395.1906	331.7143
394.6786	331.7143
394.6786	331.2024
394.1667	331.2024
394.1667	330.6905
393.6548	330.6905
393.6548	330.1786
392.6310	330.1786
392.6310	329.6667
391.6072	329.6667
391.6072	329.1548
389.0477	329.1548
389.0477	328.6429
386.4882	328.6429
386.4882	329.1548
383.9286	329.1548
383.9286	329.6667
382.9048	329.6667
382.9048	330.1786
381.8810	330.1786
381.8810	330.6905
381.3691	330.6905
381.3691	331.2024
380.3453	331.2024
380.3453	331.7143
379.8334	331.7143
379.8334	332.2263
378.8096	332.2263
378.8096	332.7382
378.2977	332.7382
378.2977	333.2501
377.7858	333.2501
377.7858	333.7620
376.7620	333.7620
376.7620	334.2739
376.2501	334.2739
376.2501	334.7858
372.6667	334.7858
372.6667	335.2977
370.1072	335.2977
370.1072	335.8096
368.5715	335.8096
368.5715	336.3215
367.5477	336.3215
367.5477	336.8334
366.5239	336.8334
366.5239	337.3453
366.0120	337.3453
366.0120	337.8572
365.5001	337.8572
365.5001	338.3691
364.9882	338.3691
364.9882	338.8810
364.4763	338.8810
364.4763	339.3929
363.9644	339.3929
363.9644	339.9048
363.4525	339.9048
363.4525	340.9286
362.4286	340.9286
362.4286	341.4405
361.9167	341.4405
361.9167	341.9524
361.4048	341.9524
361.4048	342.4644
360.8929	342.4644
360.8929	342.9763
360.3810	342.9763
360.3810	343.4882
359.8691	343.4882
359.8691	344.0001
359.3572	344.0001
359.3572	344.5120
358.8453	344.5120
358.8453	345.5358
358.3334	345.5358
358.3334	346.5596
357.8215	346.5596
357.8215	348.0953
357.3096	348.0953
357.3096	349.6310
356.7977	349.6310
356.7977	351.1667
356.2858	351.1667
356.2858	353.7263
355.7739	353.7263
355.7739	354.2382
355.2620	354.2382
355.2620	355.2620
354.7501	355.2620
354.7501	356.2858
354.2382	356.2858
354.2382	357.8215
353.7263	357.8215
353.7263	358.8453
353.2144	358.8453
353.2144	359.3572
352.7024	359.3572
352.7024	360.3810
352.1905	360.3810
352.1905	361.4048
351.6786	361.4048
351.6786	361.9167
351.1667	361.9167
351.1667	362.4286
350.6548	362.4286
350.6548	362.9405
350.1429	362.9405
350.1429	363.4525
349.6310	363.4525
349.6310	363.9644
349.1191	363.9644
349.1191	364.9882
348.0953	364.9882
348.0953	365.5001
347.0715	365.5001
347.0715	366.0120
346.0477	366.0120
346.0477	366.5239
345.0239	366.5239
345.0239	367.0358
344.5120	367.0358
344.5120	367.5477
344.0001	367.5477
344.0001	368.0596
343.4882	368.0596
343.4882	368.5715
342.4644	368.5715
342.4644	369.0834
341.4405	369.0834
341.4405	369.5953
340.4167	369.5953
340.4167	370.1072
339.9048	370.1072
339.9048	370.6191
339.3929	370.6191
339.3929	371.1310
337.8572	371.1310
337.8572	371.6429
336.8334	371.6429
336.8334	372.1548
333.7620	372.1548
333.7620	372.6667
331.2024	372.6667
331.2024	373.1786
324.5477	373.1786
324.5477	372.6667
319.9405	372.6667
319.9405	371.6429
320.9643	371.6429
320.9643	372.1548
328.6429	372.1548
328.6429	371.6429
331.2024	371.6429
331.2024	371.1310
332.7382	371.1310
332.7382	370.6191
333.7620	370.6191
333.7620	370.1072
334.7858	370.1072
334.7858	369.5953
335.8096	369.5953
335.8096	369.0834
336.8334	369.0834
336.8334	368.5715
337.8572	368.5715
337.8572	368.0596
338.8810	368.0596
338.8810	367.5477
339.3929	367.5477
339.3929	367.0358
339.9048	367.0358
339.9048	366.5239
340.4167	366.5239
340.4167	366.0120
340.9286	366.0120
340.9286	365.5001
341.4405	365.5001
341.4405	364.4763
341.9524	364.4763
341.9524	363.4525
342.4644	363.4525
342.4644	362.9405
342.9763	362.9405
342.9763	362.4286
343.4882	362.4286
343.4882	361.9167
344.0001	361.9167
344.0001	361.4048
344.5120	361.4048
344.5120	360.3810
345.0239	360.3810
345.0239	359.3572
345.5358	359.3572
345.5358	356.7977
346.0477	356.7977
346.0477	354.2382
345.5358	354.2382
345.5358	351.6786
345.0239	351.6786
345.0239	350.6548
344.5120	350.6548
344.5120	349.6310
344.0001	349.6310
344.0001	349.1191
343.4882	349.1191
343.4882	348.6072
342.9763	348.6072
342.9763	348.0953
342.4644	348.0953
342.4644	347.5834
341.9524	347.5834
341.9524	347.0715
340.9286	347.0715
340.9286	346.5596
339.9048	346.5596
339.9048	346.0477
337.3453	346.0477
337.3453	345.5358
334.7858	345.5358
334.7858	346.0477
333.7620	346.0477
333.7620	345.5358
328.6429	345.5358
328.6429	346.0477
327.6191	346.0477
327.6191	345.5358
325.0596	345.5358
325.0596	345.0239
324.5477	345.0239
324.5477	344.5120
324.0358	344.5120
324.0358	344.0001
323.5239	344.0001
323.5239	343.4882
323.0120	343.4882
323.0120	342.9763
322.5001	342.9763
322.5001	342.4644
321.4763	342.4644
321.4763	341.9524
320.4524	341.9524
320.4524	341.4405
317.8929	341.4405
317.8929	340.9286
314.3096	340.9286
314.3096	338.3691
313.7977	338.3691
313.7977	336.3215
313.2858	336.3215
313.2858	335.2977
312.7739	335.2977
312.7739	334.2739
312.2620	334.2739
312.2620	333.7620
311.7501	333.7620
311.7501	333.2501
311.2382	333.2501
311.2382	332.7382
310.7262	332.7382
310.7262	332.2263
310.2143	332.2263
310.2143	331.7143
309.1905	331.7143
309.1905	331.2024
308.1667	331.2024
308.1667	330.6905
305.6072	330.6905
305.6072	330.1786
302.0239	330.1786
302.0239	330.6905
301.5120	330.6905
301.5120	329.6667
302.0239	329.6667
302.0239	325.5715
301.5120	325.5715
301.5120	323.0120
301.0001	323.0120
301.0001	321.9882
300.4882	321.9882
300.4882	320.9643
299.9762	320.9643
299.9762	320.4524
299.4643	320.4524
299.4643	319.9405
298.9524	319.9405
298.9524	319.4286
298.4405	319.4286
298.4405	318.9167
297.9286	318.9167
297.9286	318.4048
296.9048	318.4048
296.9048	317.8929
295.8810	317.8929
295.8810	317.3810
293.3215	317.3810
293.3215	316.8691
290.7620	316.8691
290.7620	317.3810
288.2024	317.3810
288.2024	317.8929
287.1786	317.8929
287.1786	318.4048
286.1548	318.4048
286.1548	318.9167
285.6429	318.9167
285.6429	319.4286
285.1310	319.4286
285.1310	319.9405
280.5239	319.9405
280.5239	319.4286
279.5001	319.4286
279.5001	318.9167
276.9405	318.9167
276.9405	318.4048
274.3810	318.4048
274.3810	317.8929
271.8215	317.8929
271.8215	317.3810
268.7501	317.3810
268.7501	317.8929
264.6548	317.8929
264.6548	317.3810
263.6310	317.3810
263.6310	316.8691
262.0953	316.8691
262.0953	316.3572
260.5596	316.3572
260.5596	315.8453
258.0000	315.8453
258.0000	315.3334
256.4643	315.3334
256.4643	314.8215
255.4405	314.8215
255.4405	314.3096
254.4167	314.3096
254.4167	313.7977
252.8810	313.7977
252.8810	313.2858
251.3453	313.2858
251.3453	312.7739
250.3215	312.7739
250.3215	312.2620
249.2977	312.2620
249.2977	311.7501
246.7381	311.7501
246.7381	311.2382
246.2262	311.2382
246.2262	310.7262
245.2024	310.7262
245.2024	310.2143
244.1786	310.2143
244.1786	309.7024
243.1548	309.7024
243.1548	309.1905
242.6429	309.1905
242.6429	308.6786
242.1310	308.6786
242.1310	308.1667
241.6191	308.1667
241.6191	307.6548
241.1072	307.6548
241.1072	307.1429
240.5953	307.1429
240.5953	306.6310
239.5715	306.6310
239.5715	305.6072
239.0596	305.6072
239.0596	305.0953
238.5477	305.0953
238.5477	304.5834
238.0358	304.5834
238.0358	304.0715
237.5239	304.0715
237.5239	303.5596
237.0119	303.5596
237.0119	302.5358
236.5000	302.5358
236.5000	302.0239
235.9881	302.0239
235.9881	301.5120
235.4762	301.5120
235.4762	301.0001
234.9643	301.0001
234.9643	298.9524
234.4524	298.9524
234.4524	297.9286
233.9405	297.9286
233.9405	296.9048
233.4286	296.9048
233.4286	296.3929
232.9167	296.3929
232.9167	295.3691
233.4286	295.3691
233.4286	294.3453
233.9405	294.3453
233.9405	291.7858
234.4524	291.7858
234.4524	288.2024
233.9405	288.2024
233.9405	286.1548
234.4524	286.1548
234.4524	281.5477
234.9643	281.5477
234.9643	280.0120
235.4762	280.0120
235.4762	278.9881
235.9881	278.9881
235.9881	278.4762
236.5000	278.4762
236.5000	277.4524
237.0119	277.4524
237.0119	276.4286
238.0358	276.4286
238.0358	275.9167
238.5477	275.9167
238.5477	275.4048
239.0596	275.4048
239.0596	274.8929
239.5715	274.8929
239.5715	274.3810
240.0834	274.3810
240.0834	273.8691
240.5953	273.8691
240.5953	272.8453
241.1072	272.8453
241.1072	271.8215
241.6191	271.8215
241.6191	269.2620
242.1310	269.2620
242.1310	266.1905
242.6429	266.1905
242.6429	265.1667
243.1548	265.1667
243.1548	264.1429
243.6667	264.1429
243.6667	263.1191
244.1786	263.1191
244.1786	262.0953
244.6905	262.0953
244.6905	261.0715
245.2024	261.0715
245.2024	260.0477
245.7143	260.0477
245.7143	259.0239
246.2262	259.0239
246.2262	258.5120
246.7381	258.5120
246.7381	258.0000
247.2500	258.0000
247.2500	257.4881
247.7620	257.4881
247.7620	256.4643
248.2739	256.4643
248.2739	255.9524
248.7858	255.9524
248.7858	255.4405
249.2977	255.4405
249.2977	254.9286
250.3215	254.9286
250.3215	254.4167
250.8334	254.4167
250.8334	253.9048
251.8572	253.9048
251.8572	253.3929
252.3691	253.3929
252.3691	252.8810
252.8810	252.8810
252.8810	252.3691
254.4167	252.3691
254.4167	251.8572
255.4405	251.8572
255.4405	251.3453
256.4643	251.3453
256.4643	250.8334
258.5120	250.8334
258.5120	250.3215
261.0715	250.3215
261.0715	249.8096
262.6072	249.8096
262.6072	249.2977
263.6310	249.2977
263.6310	248.7858
266.1905	248.7858
266.1905	248.2739
268.7501	248.2739
268.7501	247.7620
269.7739	247.7620
269.7739	247.2500
280.0120	247.2500
280.0120	246.7381
286.1548	246.7381
286.1548	247.2500
289.2262	247.2500
289.2262	246.7381
291.7858	246.7381
291.7858	246.2262
292.8096	246.2262
292.8096	245.7143
293.8334	245.7143
293.8334	245.2024
294.8572	245.2024
294.8572	244.6905
302.5358	244.6905
302.5358	244.1786
306.1191	244.1786
306.1191	243.6667
308.6786	243.6667
308.6786	243.1548
309.7024	243.1548
309.7024	242.6429
310.7262	242.6429
310.7262	242.1310
311.2382	242.1310
311.2382	241.6191
312.2620	241.6191
312.2620	241.1072
312.7739	241.1072
312.7739	240.5953
313.2858	240.5953
313.2858	240.0834
313.7977	240.0834
313.7977	239.5715
314.3096	239.5715
314.3096	239.0596
314.8215	239.0596
314.8215	238.5477
315.3334	238.5477
315.3334	238.0358
315.8453	238.0358
315.8453	237.5239
316.3572	237.5239
316.3572	236.5000
316.8691	236.5000
316.8691	235.4762
317.3810	235.4762
317.3810	232.9167
317.8929	232.9167
317.8929	228.3096
317.3810	228.3096
317.3810	225.7500
316.8691	225.7500
316.8691	223.1905
316.3572	223.1905
316.3572	222.1667
315.8453	222.1667
315.8453	219.0953
315.3334	219.0953
315.3334	216.5358
314.8215	216.5358
314.8215	215.5119
314.3096	215.5119
314.3096	214.4881
313.7977	214.4881
313.7977	213.9762
313.2858	213.9762
313.2858	213.4643
312.7739	213.4643
312.7739	212.9524
312.2620	212.9524
312.2620	212.4405
311.7501	212.4405
311.7501	211.9286
310.7262	211.9286
310.7262	211.4167
309.7024	211.4167
309.7024	210.9048
309.1905	210.9048
309.1905	210.3929
308.1667	210.3929
308.1667	209.8810
307.1429	209.8810
307.1429	209.3691
305.0953	209.3691
305.0953	208.8572
304.5834	208.8572
304.5834	208.3453
304.0715	208.3453
304.0715	207.8334
303.5596	207.8334
303.5596	207.3215
302.5358	207.3215
302.5358	206.2977
302.0239	206.2977
302.0239	205.7858
301.5120	205.7858
301.5120	205.2738
301.0001	205.2738
301.0001	204.7619
300.4882	204.7619
300.4882	202.2024
299.9762	202.2024
299.9762	200.6667
299.4643	200.6667
299.4643	199.6429
298.9524	199.6429
298.9524	198.6191
298.4405	198.6191
298.4405	197.0834
298.9524	197.0834
298.9524	194.0119
298.4405	194.0119
298.4405	191.4524
297.9286	191.4524
297.9286	190.4286
297.4167	190.4286
297.4167	189.4048
296.9048	189.4048
296.9048	186.8453
296.3929	186.8453
296.3929	178.6548
295.8810	178.6548
295.8810	177.6310
296.3929	177.6310
296.3929	168.4167
295.8810	168.4167
295.8810	166.8810
296.3929	166.8810
296.3929	163.8096
296.9048	163.8096
296.9048	162.7857
297.4167	162.7857
297.4167	161.7619
297.9286	161.7619
297.9286	159.2024
298.4405	159.2024
298.4405	158.1786
298.9524	158.1786
298.9524	157.1548
299.4643	157.1548
299.4643	156.1310
299.9762	156.1310
299.9762	155.6191
300.4882	155.6191
300.4882	155.1072
301.0001	155.1072
301.0001	154.5953
301.5120	154.5953
301.5120	154.0834
302.0239	154.0834
302.0239	153.5715
302.5358	153.5715
302.5358	153.0596
303.0477	153.0596
303.0477	152.5476
303.5596	152.5476
303.5596	152.0357
304.0715	152.0357
304.0715	151.5238
304.5834	151.5238
304.5834	151.0119
305.6072	151.0119
305.6072	150.5000
306.6310	150.5000
306.6310	149.9881
307.6548	149.9881
307.6548	149.4762
308.1667	149.4762
308.1667	148.9643
308.6786	148.9643
308.6786	148.4524
310.2143	148.4524
310.2143	147.9405
311.2382	147.9405
311.2382	147.4286
312.7739	147.4286
312.7739	146.9167
314.3096	146.9167
314.3096	146.4048
316.8691	146.4048
316.8691	145.8929
318.9167	145.8929
318.9167	145.3810
326.0834	145.3810
