319.9405	138.7262
324.0358	138.7262
324.0358	139.2381
329.6667	139.2381
329.6667	139.7500
332.2263	139.7500
332.2263	140.2619
334.7858	140.2619
334.7858	140.7738
337.8572	140.7738
337.8572	141.2857
341.9524	141.2857
341.9524	141.7976
344.0001	141.7976
344.0001	142.3096
345.0239	142.3096
345.0239	142.8215
346.0477	142.8215
346.0477	143.3334
347.0715	143.3334
347.0715	143.8453
348.0953	143.8453
348.0953	144.3572
348.6072	144.3572
348.6072	144.8691
349.6310	144.8691
349.6310	145.3810
350.1429	145.3810
350.1429	145.8929
351.1667	145.8929
351.1667	146.4048
351.6786	146.4048
351.6786	146.9167
352.1905	146.9167
352.1905	147.4286
353.2144	147.4286
353.2144	147.9405
353.7263	147.9405
353.7263	148.4524
354.2382	148.4524
354.2382	148.9643
354.7501	148.9643
354.7501	149.4762
355.2620	149.4762
355.2620	149.9881
355.7739	149.9881
355.7739	150.5000
356.2858	150.5000
356.2858	151.0119
356.7977	151.0119
356.7977	151.5238
357.3096	151.5238
357.3096	152.0357
357.8215	152.0357
357.8215	152.5476
358.3334	152.5476
358.3334	153.5715
358.8453	153.5715
358.8453	154.5953
359.3572	154.5953
359.3572	155.6191
359.8691	155.6191
359.8691	156.1310
360.3810	156.1310
360.3810	156.6429
360.8929	156.6429
360.8929	157.1548
361.4048	157.1548
361.4048	157.6667
361.9167	157.6667
361.9167	158.1786
362.9405	158.1786
362.9405	158.6905
363.9644	158.6905
363.9644	159.2024
366.5239	159.2024
366.5239	159.7143
370.1072	159.7143
370.1072	159.2024
372.6667	159.2024
372.6667	158.6905
373.6905	158.6905
373.6905	158.1786
374.7144	158.1786
374.7144	157.6667
375.7382	157.6667
375.7382	157.1548
376.2501	157.1548
376.2501	156.6429
376.7620	156.6429
376.7620	156.1310
377.2739	156.1310
377.2739	155.6191
378.8096	155.6191
378.8096	155.1072
380.8572	155.1072
380.8572	154.5953
382.3929	154.5953
382.3929	154.0834
388.5358	154.0834
388.5358	154.5953
392.6310	154.5953
392.6310	155.1072
395.1906	155.1072
395.1906	155.6191
396.2144	155.6191
396.2144	156.1310
396.7263	156.1310
396.7263	156.6429
397.7501	156.6429
397.7501	157.1548
398.7739	157.1548
398.7739	157.6667
400.3096	157.6667
400.3096	158.1786
401.3334	158.1786
401.3334	158.6905
402.3572	158.6905
402.3572	159.2024
403.3810	159.2024
403.3810	159.7143
404.9167	159.7143
404.9167	160.2262
405.9406	160.2262
405.9406	160.7381
407.4763	160.7381
407.4763	161.2500
408.5001	161.2500
408.5001	161.7619
410.0358	161.7619
410.0358	162.2738
411.0596	162.2738
411.0596	162.7857
411.5715	162.7857
411.5715	163.2977
412.0834	163.2977
412.0834	163.8096
413.1072	163.8096
413.1072	164.3215
413.6191	164.3215
413.6191	164.8334
414.1310	164.8334
414.1310	165.3453
414.6429	165.3453
414.6429	165.8572
415.6667	165.8572
415.6667	166.3691
416.1787	166.3691
416.1787	166.8810
416.6906	166.8810
416.6906	167.3929
417.2025	167.3929
417.2025	167.9048
418.2263	167.9048
418.2263	168.9286
418.7382	168.9286
418.7382	169.9524
419.2501	169.9524
419.2501	170.9762
419.7620	170.9762
419.7620	171.4881
420.2739	171.4881
420.2739	172.5119
420.7858	172.5119
420.7858	173.5357
421.2977	173.5357
421.2977	174.0477
421.8096	174.0477
421.8096	175.0715
422.3215	175.0715
422.3215	175.5834
422.8334	175.5834
422.8334	176.0953
423.3453	176.0953
423.3453	177.1191
423.8572	177.1191
423.8572	177.6310
424.3691	177.6310
424.3691	178.6548
424.8810	178.6548
424.8810	179.6786
425.3929	179.6786
425.3929	180.7024
425.9048	180.7024
425.9048	181.2143
426.4167	181.2143
426.4167	181.7262
426.9287	181.7262
426.9287	182.7500
427.4406	182.7500
427.4406	183.7738
427.9525	183.7738
427.9525	184.7977
428.4644	184.7977
428.4644	185.3096
428.9763	185.3096
428.9763	186.3334
429.4882	186.3334
429.4882	187.3572
430.0001	187.3572
430.0001	188.3810
430.5120	188.3810
430.5120	188.8929
431.0239	188.8929
431.0239	190.4286
431.5358	190.4286
431.5358	192.4762
432.0477	192.4762
432.0477	193.5000
432.5596	193.5000
432.5596	194.5238
433.0715	194.5238
433.0715	195.0358
433.5834	195.0358
433.5834	196.0596
434.0953	196.0596
434.0953	196.5715
434.6072	196.5715
434.6072	197.5953
435.1191	197.5953
435.1191	199.1310
435.6310	199.1310
435.6310	200.1548
436.1429	200.1548
436.1429	201.1786
436.6548	201.1786
436.6548	203.2262
437.1667	203.2262
437.1667	205.2738
437.6787	205.2738
437.6787	208.3453
437.1667	208.3453
437.1667	211.9286
436.6548	211.9286
436.6548	215.0000
436.1429	215.0000
436.1429	216.0239
435.6310	216.0239
435.6310	217.0477
435.1191	217.0477
435.1191	218.5834
434.6072	218.5834
434.6072	220.1191
434.0953	220.1191
434.0953	221.1429
433.5834	221.1429
433.5834	221.6548
433.0715	221.6548
433.0715	222.6786
432.5596	222.6786
432.5596	223.7024
432.0477	223.7024
432.0477	224.2143
431.5358	224.2143
431.5358	224.7262
431.0239	224.7262
431.0239	225.2381
430.5120	225.2381
430.5120	225.7500
430.0001	225.7500
430.0001	226.2619
429.4882	226.2619
429.4882	226.7739
428.9763	226.7739
428.9763	227.2858
428.4644	227.2858
428.4644	227.7977
427.9525	227.7977
427.9525	228.3096
427.4406	228.3096
427.4406	228.8215
426.4167	228.8215
426.4167	229.3334
425.9048	229.3334
425.9048	229.8453
425.3929	229.8453
425.3929	230.3572
424.3691	230.3572
424.3691	230.8691
423.8572	230.8691
423.8572	231.3810
423.3453	231.3810
423.3453	231.8929
422.3215	231.8929
422.3215	232.4048
421.2977	232.4048
421.2977	232.9167
420.7858	232.9167
420.7858	233.4286
420.2739	233.4286
420.2739	233.9405
419.7620	233.9405
419.7620	234.4524
419.2501	234.4524
419.2501	234.9643
418.7382	234.9643
418.7382	235.4762
418.2263	235.4762
418.2263	236.5000
417.7144	236.5000
417.7144	237.5239
417.2025	237.5239
417.2025	239.0596
416.6906	239.0596
416.6906	241.1072
416.1787	241.1072
416.1787	242.1310
415.6667	242.1310
415.6667	242.6429
415.1548	242.6429
415.1548	243.6667
414.6429	243.6667
414.6429	244.6905
414.1310	244.6905
414.1310	245.2024
413.6191	245.2024
413.6191	245.7143
413.1072	245.7143
413.1072	246.2262
412.5953	246.2262
412.5953	246.7381
412.0834	246.7381
412.0834	247.2500
411.5715	247.2500
411.5715	247.7620
411.0596	247.7620
411.0596	248.2739
410.5477	248.2739
410.5477	248.7858
410.0358	248.7858
410.0358	249.8096
409.5239	249.8096
409.5239	250.8334
409.0120	250.8334
409.0120	253.3929
408.5001	253.3929
408.5001	256.4643
409.0120	256.4643
409.0120	259.0239
409.5239	259.0239
409.5239	266.1905
409.0120	266.1905
409.0120	268.7501
408.5001	268.7501
408.5001	272.8453
407.9882	272.8453
407.9882	273.8691
407.4763	273.8691
407.4763	275.4048
406.9644	275.4048
406.9644	277.9643
406.4525	277.9643
406.4525	278.4762
405.9406	278.4762
405.9406	279.5001
405.4286	279.5001
405.4286	280.0120
404.9167	280.0120
404.9167	281.0358
404.4048	281.0358
404.4048	281.5477
403.8929	281.5477
403.8929	282.5715
403.3810	282.5715
403.3810	283.0834
402.8691	283.0834
402.8691	283.5953
402.3572	283.5953
402.3572	284.1072
401.8453	284.1072
401.8453	285.1310
401.3334	285.1310
401.3334	285.6429
400.8215	285.6429
400.8215	286.1548
400.3096	286.1548
400.3096	286.6667
399.7977	286.6667
399.7977	287.1786
399.2858	287.1786
399.2858	288.2024
398.7739	288.2024
398.7739	288.7143
398.2620	288.7143
398.2620	289.2262
397.7501	289.2262
397.7501	290.2501
397.2382	290.2501
397.2382	291.2739
396.7263	291.2739
396.7263	292.2977
396.2144	292.2977
396.2144	293.3215
395.7025	293.3215
395.7025	294.3453
395.1906	294.3453
395.1906	295.8810
394.6786	295.8810
394.6786	298.4405
394.1667	298.4405
394.1667	299.4643
393.6548	299.4643
393.6548	301.0001
393.1429	301.0001
393.1429	302.0239
392.6310	302.0239
392.6310	304.5834
392.1191	304.5834
392.1191	307.6548
392.6310	307.6548
392.6310	310.2143
393.1429	310.2143
393.1429	311.2382
393.6548	311.2382
393.6548	312.2620
394.1667	312.2620
394.1667	312.7739
394.6786	312.7739
394.6786	313.2858
395.1906	313.2858
395.1906	313.7977
395.7025	313.7977
395.7025	314.3096
396.2144	314.3096
396.2144	314.8215
396.7263	314.8215
396.7263	315.3334
397.7501	315.3334
397.7501	315.8453
398.2620	315.8453
398.2620	316.3572
398.7739	316.3572
398.7739	316.8691
399.2858	316.8691
399.2858	317.3810
399.7977	317.3810
399.7977	317.8929
400.3096	317.8929
400.3096	318.4048
400.8215	318.4048
400.8215	318.9167
401.8453	318.9167
401.8453	319.4286
402.3572	319.4286
402.3572	319.9405
402.8691	319.9405
402.8691	320.4524
403.3810	320.4524
403.3810	320.9643
403.8929	320.9643
403.8929	321.9882
404.4048	321.9882
404.4048	322.5001
404.9167	322.5001
404.9167	323.0120
405.4286	323.0120
405.4286	325.0596
404.9167	325.0596
404.9167	327.6191
404.4048	327.6191
404.4048	330.6905
404.9167	330.6905
404.9167	333.2501
405.4286	333.2501
405.4286	334.2739
405.9406	334.2739
405.9406	335.2977
406.4525	335.2977
406.4525	337.3453
406.9644	337.3453
406.9644	339.3929
406.4525	339.3929
406.4525	339.9048
405.9406	339.9048
405.9406	339.3929
405.4286	339.3929
405.4286	338.8810
404.9167	338.8810
404.9167	338.3691
403.8929	338.3691
403.8929	337.8572
402.8691	337.8572
402.8691	337.3453
401.3334	337.3453
401.3334	336.8334
398.7739	336.8334
398.7739	334.2739
398.2620	334.2739
398.2620	332.2263
397.7501	332.2263
397.7501	331.7143
398.2620	331.7143
398.2620	328.1310
397.7501	328.1310
397.7501	325.5715
397.2382	325.5715
397.2382	324.5477
396.7263	324.5477
396.7263	323.5239
396.2144	323.5239
396.2144	323.0120
395.7025	323.0120
395.7025	322.5001
395.1906	322.5001
395.1906	321.9882
394.6786	321.9882
394.6786	321.4763
394.1667	321.4763
394.1667	320.9643
393.1429	320.9643
393.1429	320.4524
392.1191	320.4524
392.1191	319.9405
389.5596	319.9405
389.5596	319.4286
386.4882	319.4286
386.4882	319.9405
383.9286	319.9405
383.9286	320.4524
382.9048	320.4524
382.9048	320.9643
381.3691	320.9643
381.3691	321.4763
380.3453	321.4763
380.3453	321.9882
379.3215	321.9882
379.3215	322.5001
378.8096	322.5001
378.8096	323.0120
377.7858	323.0120
377.7858	323.5239
376.2501	323.5239
376.2501	324.0358
375.2263	324.0358
375.2263	324.5477
374.2025	324.5477
374.2025	325.0596
373.6905	325.0596
373.6905	325.5715
372.6667	325.5715
372.6667	326.0834
371.6429	326.0834
371.6429	326.5953
371.1310	326.5953
371.1310	327.1072
370.6191	327.1072
370.6191	327.6191
369.0834	327.6191
369.0834	328.1310
368.0596	328.1310
368.0596	328.6429
367.0358	328.6429
367.0358	329.1548
366.5239	329.1548
366.5239	329.6667
366.0120	329.6667
366.0120	330.1786
365.5001	330.1786
365.5001	330.6905
364.9882	330.6905
364.9882	331.2024
363.9644	331.2024
363.9644	331.7143
363.4525	331.7143
363.4525	332.2263
362.9405	332.2263
362.9405	332.7382
362.4286	332.7382
362.4286	333.2501
361.9167	333.2501
361.9167	333.7620
361.4048	333.7620
361.4048	334.7858
360.8929	334.7858
360.8929	335.8096
360.3810	335.8096
360.3810	336.8334
359.8691	336.8334
359.8691	339.3929
359.3572	339.3929
359.3572	346.0477
358.8453	346.0477
358.8453	348.6072
358.3334	348.6072
358.3334	351.6786
357.8215	351.6786
357.8215	352.1905
357.3096	352.1905
357.3096	353.2144
356.7977	353.2144
356.7977	354.2382
356.2858	354.2382
356.2858	356.2858
355.7739	356.2858
355.7739	357.3096
355.2620	357.3096
355.2620	358.3334
354.7501	358.3334
354.7501	359.3572
354.2382	359.3572
354.2382	359.8691
353.7263	359.8691
353.7263	360.3810
352.7024	360.3810
352.7024	360.8929
351.6786	360.8929
351.6786	361.4048
350.6548	361.4048
350.6548	361.9167
349.6310	361.9167
349.6310	362.4286
349.1191	362.4286
349.1191	362.9405
348.6072	362.9405
348.6072	363.4525
348.0953	363.4525
348.0953	363.9644
347.0715	363.9644
347.0715	364.4763
346.5596	364.4763
346.5596	364.9882
346.0477	364.9882
346.0477	365.5001
345.5358	365.5001
345.5358	366.0120
345.0239	366.0120
345.0239	366.5239
344.5120	366.5239
344.5120	367.0358
344.0001	367.0358
344.0001	367.5477
343.4882	367.5477
343.4882	368.0596
342.9763	368.0596
342.9763	369.0834
342.4644	369.0834
342.4644	369.5953
341.4405	369.5953
341.4405	370.1072
340.9286	370.1072
340.9286	370.6191
340.4167	370.6191
340.4167	371.1310
339.9048	371.1310
339.9048	371.6429
338.8810	371.6429
338.8810	372.1548
337.3453	372.1548
337.3453	372.6667
336.3215	372.6667
336.3215	373.1786
335.2977	373.1786
335.2977	373.6905
333.7620	373.6905
333.7620	374.2025
331.2024	374.2025
331.2024	374.7144
330.1786	374.7144
330.1786	375.2263
329.1548	375.2263
329.1548	375.7382
328.6429	375.7382
328.6429	376.2501
328.1310	376.2501
328.1310	376.7620
326.5953	376.7620
326.5953	377.2739
325.5715	377.2739
325.5715	377.7858
324.0358	377.7858
324.0358	378.2977
323.0120	378.2977
323.0120	378.8096
321.9882	378.8096
321.9882	379.3215
318.9167	379.3215
318.9167	379.8334
307.6548	379.8334
307.6548	379.3215
304.0715	379.3215
304.0715	378.8096
303.5596	378.8096
303.5596	378.2977
303.0477	378.2977
303.0477	377.7858
302.0239	377.7858
302.0239	377.2739
301.0001	377.2739
301.0001	376.7620
300.4882	376.7620
300.4882	376.2501
299.9762	376.2501
299.9762	375.7382
299.4643	375.7382
299.4643	375.2263
298.9524	375.2263
298.9524	374.7144
298.4405	374.7144
298.4405	374.2025
297.9286	374.2025
297.9286	373.6905
297.4167	373.6905
297.4167	373.1786
296.9048	373.1786
296.9048	372.6667
296.3929	372.6667
296.3929	371.6429
295.8810	371.6429
295.8810	371.1310
295.3691	371.1310
295.3691	370.1072
294.8572	370.1072
294.8572	369.5953
294.3453	369.5953
294.3453	369.0834
293.8334	369.0834
293.8334	368.5715
293.3215	368.5715
293.3215	368.0596
292.8096	368.0596
292.8096	366.0120
293.3215	366.0120
293.3215	365.5001
293.8334	365.5001
293.8334	364.9882
294.3453	364.9882
294.3453	363.9644
294.8572	363.9644
294.8572	362.9405
295.3691	362.9405
295.3691	360.3810
295.8810	360.3810
295.8810	357.8215
295.3691	357.8215
295.3691	355.2620
294.8572	355.2620
294.8572	354.2382
294.3453	354.2382
294.3453	353.2144
293.8334	353.2144
293.8334	352.7024
293.3215	352.7024
293.3215	352.1905
292.8096	352.1905
292.8096	351.6786
292.2977	351.6786
292.2977	349.6310
291.7858	349.6310
291.7858	347.0715
291.2739	347.0715
291.2739	343.4882
291.7858	343.4882
291.7858	340.9286
292.2977	340.9286
292.2977	337.3453
292.8096	337.3453
292.8096	335.8096
293.3215	335.8096
293.3215	335.2977
293.8334	335.2977
293.8334	334.7858
294.3453	334.7858
294.3453	333.7620
294.8572	333.7620
294.8572	332.7382
295.3691	332.7382
295.3691	330.1786
295.8810	330.1786
295.8810	327.6191
295.3691	327.6191
295.3691	325.0596
294.8572	325.0596
294.8572	324.0358
294.3453	324.0358
294.3453	323.0120
293.8334	323.0120
293.8334	322.5001
293.3215	322.5001
293.3215	321.9882
292.8096	321.9882
292.8096	321.4763
292.2977	321.4763
292.2977	320.9643
291.7858	320.9643
291.7858	319.9405
291.2739	319.9405
291.2739	319.4286
290.7620	319.4286
290.7620	318.4048
290.2501	318.4048
290.2501	317.3810
289.7382	317.3810
289.7382	316.8691
289.2262	316.8691
289.2262	316.3572
288.7143	316.3572
288.7143	313.7977
288.2024	313.7977
288.2024	312.7739
287.6905	312.7739
287.6905	311.7501
287.1786	311.7501
287.1786	311.2382
286.6667	311.2382
286.6667	310.7262
286.1548	310.7262
286.1548	310.2143
285.6429	310.2143
285.6429	309.7024
285.1310	309.7024
285.1310	309.1905
284.1072	309.1905
284.1072	308.6786
283.0834	308.6786
283.0834	308.1667
280.5239	308.1667
280.5239	307.6548
274.3810	307.6548
274.3810	307.1429
267.7262	307.1429
267.7262	306.6310
261.0715	306.6310
261.0715	306.1191
260.5596	306.1191
260.5596	305.6072
260.0477	305.6072
260.0477	305.0953
259.0239	305.0953
259.0239	304.5834
258.0000	304.5834
258.0000	304.0715
256.4643	304.0715
256.4643	303.5596
253.9048	303.5596
253.9048	303.0477
253.3929	303.0477
253.3929	302.5358
252.3691	302.5358
252.3691	302.0239
251.3453	302.0239
251.3453	301.5120
248.7858	301.5120
248.7858	301.0001
244.1786	301.0001
244.1786	301.5120
243.6667	301.5120
243.6667	301.0001
243.1548	301.0001
243.1548	299.9762
242.6429	299.9762
242.6429	298.9524
242.1310	298.9524
242.1310	298.4405
241.6191	298.4405
241.6191	297.9286
241.1072	297.9286
241.1072	297.4167
240.5953	297.4167
240.5953	296.9048
240.0834	296.9048
240.0834	296.3929
239.5715	296.3929
239.5715	295.8810
239.0596	295.8810
239.0596	294.3453
238.5477	294.3453
238.5477	293.3215
238.0358	293.3215
238.0358	292.2977
237.5239	292.2977
237.5239	290.7620
237.0119	290.7620
237.0119	285.1310
236.5000	285.1310
236.5000	282.5715
235.9881	282.5715
235.9881	281.5477
235.4762	281.5477
235.4762	280.5239
235.9881	280.5239
235.9881	277.9643
236.5000	277.9643
236.5000	274.3810
235.9881	274.3810
235.9881	271.8215
235.4762	271.8215
235.4762	270.7977
234.9643	270.7977
234.9643	269.7739
234.4524	269.7739
234.4524	268.2381
235.4762	268.2381
235.4762	267.7262
236.5000	267.7262
236.5000	267.2143
237.0119	267.2143
237.0119	266.7024
237.5239	266.7024
237.5239	266.1905
238.0358	266.1905
238.0358	265.6786
238.5477	265.6786
238.5477	265.1667
239.0596	265.1667
239.0596	264.6548
239.5715	264.6548
239.5715	263.6310
240.0834	263.6310
240.0834	262.6072
240.5953	262.6072
240.5953	260.0477
241.1072	260.0477
241.1072	257.4881
240.5953	257.4881
240.5953	254.9286
240.0834	254.9286
240.0834	253.9048
239.5715	253.9048
239.5715	252.8810
239.0596	252.8810
239.0596	252.3691
238.5477	252.3691
238.5477	251.8572
238.0358	251.8572
238.0358	251.3453
237.5239	251.3453
237.5239	250.8334
237.0119	250.8334
237.0119	250.3215
235.9881	250.3215
235.9881	249.2977
236.5000	249.2977
236.5000	248.7858
237.0119	248.7858
237.0119	248.2739
237.5239	248.2739
237.5239	247.2500
238.0358	247.2500
238.0358	246.2262
238.5477	246.2262
238.5477	243.6667
239.0596	243.6667
239.0596	240.5953
239.5715	240.5953
239.5715	239.5715
240.0834	239.5715
240.0834	238.5477
240.5953	238.5477
240.5953	237.5239
241.1072	237.5239
241.1072	236.5000
241.6191	236.5000
241.6191	234.9643
242.6429	234.9643
242.6429	234.4524
243.1548	234.4524
243.1548	233.9405
243.6667	233.9405
243.6667	233.4286
244.1786	233.4286
244.1786	232.9167
244.6905	232.9167
244.6905	232.4048
245.2024	232.4048
245.2024	231.8929
245.7143	231.8929
245.7143	231.3810
247.7620	231.3810
247.7620	230.8691
248.7858	230.8691
248.7858	230.3572
251.3453	230.3572
251.3453	229.8453
253.9048	229.8453
253.9048	229.3334
258.0000	229.3334
258.0000	228.8215
264.6548	228.8215
264.6548	229.3334
267.2143	229.3334
267.2143	228.8215
274.3810	228.8215
274.3810	229.3334
275.9167	229.3334
275.9167	229.8453
276.9405	229.8453
276.9405	230.3572
277.9643	230.3572
277.9643	230.8691
279.5001	230.8691
279.5001	231.3810
280.5239	231.3810
280.5239	231.8929
282.5715	231.8929
282.5715	232.4048
283.0834	232.4048
283.0834	232.9167
284.1072	232.9167
284.1072	233.4286
285.1310	233.4286
285.1310	233.9405
286.1548	233.9405
286.1548	234.4524
287.1786	234.4524
287.1786	234.9643
289.7382	234.9643
289.7382	235.4762
292.8096	235.4762
292.8096	235.9881
295.8810	235.9881
295.8810	236.5000
298.4405	236.5000
298.4405	237.0119
302.5358	237.0119
302.5358	236.5000
305.0953	236.5000
305.0953	235.9881
306.1191	235.9881
306.1191	235.4762
307.1429	235.4762
307.1429	234.9643
307.6548	234.9643
307.6548	234.4524
310.2143	234.4524
310.2143	233.9405
311.2382	233.9405
311.2382	233.4286
312.2620	233.4286
312.2620	232.9167
312.7739	232.9167
312.7739	232.4048
313.2858	232.4048
313.2858	231.8929
313.7977	231.8929
313.7977	231.3810
314.3096	231.3810
314.3096	230.8691
314.8215	230.8691
314.8215	229.8453
315.3334	229.8453
315.3334	228.8215
315.8453	228.8215
315.8453	226.2619
316.3572	226.2619
316.3572	223.1905
315.8453	223.1905
315.8453	220.6310
315.3334	220.6310
315.3334	219.6072
314.8215	219.6072
314.8215	218.5834
314.3096	218.5834
314.3096	216.0239
313.7977	216.0239
313.7977	213.4643
313.2858	213.4643
313.2858	212.4405
312.7739	212.4405
312.7739	211.4167
312.2620	211.4167
312.2620	210.9048
311.7501	210.9048
311.7501	210.3929
311.2382	210.3929
311.2382	209.8810
310.7262	209.8810
310.7262	209.3691
310.2143	209.3691
310.2143	208.8572
309.7024	208.8572
309.7024	208.3453
309.1905	208.3453
309.1905	207.8334
308.6786	207.8334
308.6786	205.7858
308.1667	205.7858
308.1667	204.7619
307.6548	204.7619
307.6548	203.7381
307.1429	203.7381
307.1429	203.2262
306.6310	203.2262
306.6310	202.7143
306.1191	202.7143
306.1191	202.2024
305.6072	202.2024
305.6072	201.6905
305.0953	201.6905
305.0953	200.6667
304.5834	200.6667
304.5834	200.1548
304.0715	200.1548
304.0715	199.1310
303.5596	199.1310
303.5596	198.6191
303.0477	198.6191
303.0477	197.5953
302.5358	197.5953
302.5358	197.0834
302.0239	197.0834
302.0239	196.0596
301.5120	196.0596
301.5120	195.5477
301.0001	195.5477
301.0001	194.0119
301.5120	194.0119
301.5120	190.4286
301.0001	190.4286
301.0001	187.8691
300.4882	187.8691
300.4882	186.8453
299.9762	186.8453
299.9762	185.8215
299.4643	185.8215
299.4643	185.3096
298.9524	185.3096
298.9524	184.7977
298.4405	184.7977
298.4405	184.2857
297.9286	184.2857
297.9286	183.7738
297.4167	183.7738
297.4167	183.2619
296.3929	183.2619
296.3929	181.7262
295.8810	181.7262
295.8810	180.7024
296.3929	180.7024
296.3929	179.1667
296.9048	179.1667
296.9048	177.1191
297.4167	177.1191
297.4167	175.0715
297.9286	175.0715
297.9286	172.5119
298.4405	172.5119
298.4405	166.8810
297.9286	166.8810
297.9286	164.3215
298.4405	164.3215
298.4405	161.7619
298.9524	161.7619
298.9524	160.2262
299.4643	160.2262
299.4643	158.1786
299.9762	158.1786
299.9762	157.1548
300.4882	157.1548
300.4882	156.1310
301.0001	156.1310
301.0001	155.6191
301.5120	155.6191
301.5120	155.1072
302.0239	155.1072
302.0239	154.5953
302.5358	154.5953
302.5358	154.0834
303.0477	154.0834
303.0477	153.0596
303.5596	153.0596
303.5596	152.0357
304.0715	152.0357
304.0715	149.4762
304.5834	149.4762
304.5834	145.8929
305.0953	145.8929
305.0953	144.8691
305.6072	144.8691
305.6072	144.3572
306.1191	144.3572
306.1191	143.8453
306.6310	143.8453
306.6310	143.3334
307.1429	143.3334
307.1429	142.8215
307.6548	142.8215
307.6548	142.3096
308.1667	142.3096
308.1667	141.7976
309.1905	141.7976
309.1905	141.2857
309.7024	141.2857
309.7024	140.7738
310.7262	140.7738
310.7262	140.2619
311.7501	140.2619
311.7501	139.7500
312.7739	139.7500
312.7739	139.2381
314.3096	139.2381
314.3096	138.7262
316.3572	138.7262
316.3572	138.2143
319.9405	138.2143
