334.7858	139.2381
338.3691	139.2381
338.3691	139.7500
340.9286	139.7500
340.9286	140.2619
342.9763	140.2619
342.9763	140.7738
344.0001	140.7738
344.0001	141.2857
345.0239	141.2857
345.0239	141.7976
346.0477	141.7976
346.0477	142.3096
347.0715	142.3096
347.0715	142.8215
347.5834	142.8215
347.5834	143.3334
348.6072	143.3334
348.6072	143.8453
349.1191	143.8453
349.1191	144.3572
349.6310	144.3572
349.6310	144.8691
350.1429	144.8691
350.1429	145.3810
350.6548	145.3810
350.6548	145.8929
351.1667	145.8929
351.1667	146.4048
351.6786	146.4048
351.6786	146.9167
352.1905	146.9167
352.1905	147.4286
352.7024	147.4286
352.7024	148.4524
353.2144	148.4524
353.2144	148.9643
353.7263	148.9643
353.7263	149.9881
354.2382	149.9881
354.2382	150.5000
354.7501	150.5000
354.7501	151.0119
355.2620	151.0119
355.2620	151.5238
355.7739	151.5238
355.7739	152.0357
356.2858	152.0357
356.2858	152.5476
356.7977	152.5476
356.7977	153.0596
357.3096	153.0596
357.3096	153.5715
357.8215	153.5715
357.8215	154.5953
358.3334	154.5953
358.3334	155.1072
358.8453	155.1072
358.8453	155.6191
359.3572	155.6191
359.3572	156.6429
359.8691	156.6429
359.8691	157.1548
360.3810	157.1548
360.3810	157.6667
360.8929	157.6667
360.8929	158.1786
361.4048	158.1786
361.4048	158.6905
361.9167	158.6905
361.9167	159.2024
362.9405	159.2024
362.9405	159.7143
363.9644	159.7143
363.9644	160.2262
366.5239	160.2262
366.5239	160.7381
369.0834	160.7381
369.0834	160.2262
371.6429	160.2262
371.6429	159.7143
372.6667	159.7143
372.6667	159.2024
373.6905	159.2024
373.6905	158.6905
374.2025	158.6905
374.2025	158.1786
374.7144	158.1786
374.7144	157.6667
376.2501	157.6667
376.2501	157.1548
377.7858	157.1548
377.7858	156.6429
378.8096	156.6429
378.8096	156.1310
380.8572	156.1310
380.8572	155.6191
390.5834	155.6191
390.5834	156.1310
394.1667	156.1310
394.1667	156.6429
396.7263	156.6429
396.7263	157.1548
397.7501	157.1548
397.7501	157.6667
398.2620	157.6667
398.2620	158.1786
399.2858	158.1786
399.2858	158.6905
400.3096	158.6905
400.3096	159.2024
401.3334	159.2024
401.3334	159.7143
403.3810	159.7143
403.3810	160.2262
405.4286	160.2262
405.4286	160.7381
406.4525	160.7381
406.4525	161.2500
407.9882	161.2500
407.9882	161.7619
409.5239	161.7619
409.5239	162.2738
411.0596	162.2738
411.0596	162.7857
412.0834	162.7857
412.0834	163.2977
413.1072	163.2977
413.1072	163.8096
414.1310	163.8096
414.1310	164.3215
415.1548	164.3215
415.1548	164.8334
415.6667	164.8334
415.6667	165.3453
416.1787	165.3453
416.1787	165.8572
416.6906	165.8572
416.6906	166.3691
417.2025	166.3691
417.2025	166.8810
417.7144	166.8810
417.7144	167.3929
418.2263	167.3929
418.2263	167.9048
418.7382	167.9048
418.7382	168.4167
419.2501	168.4167
419.2501	168.9286
420.2739	168.9286
420.2739	169.9524
420.7858	169.9524
420.7858	170.4643
421.2977	170.4643
421.2977	171.4881
421.8096	171.4881
421.8096	172.5119
422.3215	172.5119
422.3215	173.5357
422.8334	173.5357
422.8334	174.5596
423.3453	174.5596
423.3453	175.5834
423.8572	175.5834
423.8572	176.6072
424.3691	176.6072
424.3691	178.1429
424.8810	178.1429
424.8810	179.1667
425.3929	179.1667
425.3929	180.1905
425.9048	180.1905
425.9048	181.2143
426.4167	181.2143
426.4167	181.7262
426.9287	181.7262
426.9287	182.7500
427.4406	182.7500
427.4406	184.2857
427.9525	184.2857
427.9525	185.8215
428.4644	185.8215
428.4644	186.8453
428.9763	186.8453
428.9763	187.8691
429.4882	187.8691
429.4882	188.8929
430.0001	188.8929
430.0001	189.9167
430.5120	189.9167
430.5120	190.9405
431.0239	190.9405
431.0239	191.9643
431.5358	191.9643
431.5358	192.9881
432.0477	192.9881
432.0477	194.0119
432.5596	194.0119
432.5596	196.0596
433.0715	196.0596
433.0715	198.1072
433.5834	198.1072
433.5834	201.1786
434.0953	201.1786
434.0953	205.2738
434.6072	205.2738
434.6072	208.3453
435.1191	208.3453
435.1191	213.4643
434.6072	213.4643
434.6072	216.0239
434.0953	216.0239
434.0953	218.0715
433.5834	218.0715
433.5834	219.6072
433.0715	219.6072
433.0715	220.6310
432.5596	220.6310
432.5596	222.1667
432.0477	222.1667
432.0477	222.6786
431.5358	222.6786
431.5358	223.7024
430.5120	223.7024
430.5120	224.2143
430.0001	224.2143
430.0001	224.7262
429.4882	224.7262
429.4882	225.2381
428.9763	225.2381
428.9763	225.7500
428.4644	225.7500
428.4644	226.2619
427.9525	226.2619
427.9525	226.7739
427.4406	226.7739
427.4406	227.2858
426.9287	227.2858
426.9287	227.7977
426.4167	227.7977
426.4167	228.3096
425.9048	228.3096
425.9048	228.8215
425.3929	228.8215
425.3929	229.3334
424.8810	229.3334
424.8810	229.8453
423.8572	229.8453
423.8572	230.3572
423.3453	230.3572
423.3453	230.8691
422.8334	230.8691
422.8334	231.3810
422.3215	231.3810
422.3215	231.8929
421.8096	231.8929
421.8096	232.4048
421.2977	232.4048
421.2977	233.4286
420.7858	233.4286
420.7858	234.4524
420.2739	234.4524
420.2739	235.9881
419.7620	235.9881
419.7620	237.0119
419.2501	237.0119
419.2501	238.0358
418.7382	238.0358
418.7382	238.5477
418.2263	238.5477
418.2263	239.5715
417.7144	239.5715
417.7144	240.5953
417.2025	240.5953
417.2025	241.1072
416.1787	241.1072
416.1787	241.6191
415.6667	241.6191
415.6667	242.1310
415.1548	242.1310
415.1548	242.6429
414.6429	242.6429
414.6429	243.1548
414.1310	243.1548
414.1310	243.6667
413.6191	243.6667
413.6191	244.6905
413.1072	244.6905
413.1072	245.2024
412.5953	245.2024
412.5953	246.2262
412.0834	246.2262
412.0834	247.2500
411.5715	247.2500
411.5715	249.8096
411.0596	249.8096
411.0596	254.4167
411.5715	254.4167
411.5715	256.9762
412.0834	256.9762
412.0834	259.0239
412.5953	259.0239
412.5953	261.0715
413.1072	261.0715
413.1072	263.1191
413.6191	263.1191
413.6191	264.1429
413.1072	264.1429
413.1072	268.7501
412.5953	268.7501
412.5953	271.8215
412.0834	271.8215
412.0834	273.3572
411.5715	273.3572
411.5715	274.3810
411.0596	274.3810
411.0596	275.9167
410.5477	275.9167
410.5477	276.4286
410.0358	276.4286
410.0358	276.9405
409.5239	276.9405
409.5239	277.9643
409.0120	277.9643
409.0120	278.9881
408.5001	278.9881
408.5001	280.0120
407.9882	280.0120
407.9882	280.5239
407.4763	280.5239
407.4763	281.0358
406.9644	281.0358
406.9644	281.5477
406.4525	281.5477
406.4525	282.0596
405.9406	282.0596
405.9406	282.5715
405.4286	282.5715
405.4286	283.0834
404.9167	283.0834
404.9167	283.5953
404.4048	283.5953
404.4048	284.1072
403.8929	284.1072
403.8929	284.6191
403.3810	284.6191
403.3810	285.1310
402.8691	285.1310
402.8691	285.6429
402.3572	285.6429
402.3572	286.1548
401.8453	286.1548
401.8453	286.6667
401.3334	286.6667
401.3334	287.1786
400.8215	287.1786
400.8215	287.6905
400.3096	287.6905
400.3096	288.2024
399.7977	288.2024
399.7977	289.2262
399.2858	289.2262
399.2858	289.7382
398.7739	289.7382
398.7739	290.7620
398.2620	290.7620
398.2620	291.7858
397.7501	291.7858
397.7501	293.3215
397.2382	293.3215
397.2382	294.3453
396.7263	294.3453
396.7263	295.3691
396.2144	295.3691
396.2144	296.9048
395.7025	296.9048
395.7025	299.4643
395.1906	299.4643
395.1906	300.4882
394.6786	300.4882
394.6786	301.5120
394.1667	301.5120
394.1667	302.5358
393.6548	302.5358
393.6548	305.0953
393.1429	305.0953
393.1429	308.1667
393.6548	308.1667
393.6548	310.7262
394.1667	310.7262
394.1667	311.7501
394.6786	311.7501
394.6786	312.7739
395.1906	312.7739
395.1906	313.2858
395.7025	313.2858
395.7025	313.7977
396.2144	313.7977
396.2144	314.3096
396.7263	314.3096
396.7263	314.8215
397.2382	314.8215
397.2382	315.3334
397.7501	315.3334
397.7501	315.8453
398.2620	315.8453
398.2620	316.3572
398.7739	316.3572
398.7739	316.8691
399.2858	316.8691
399.2858	317.3810
399.7977	317.3810
399.7977	317.8929
400.3096	317.8929
400.3096	318.4048
400.8215	318.4048
400.8215	318.9167
401.3334	318.9167
401.3334	319.4286
402.3572	319.4286
402.3572	319.9405
402.8691	319.9405
402.8691	320.4524
403.3810	320.4524
403.3810	320.9643
403.8929	320.9643
403.8929	321.4763
404.4048	321.4763
404.4048	322.5001
404.9167	322.5001
404.9167	323.0120
405.4286	323.0120
405.4286	323.5239
405.9406	323.5239
405.9406	325.5715
405.4286	325.5715
405.4286	328.1310
404.9167	328.1310
404.9167	331.7143
405.4286	331.7143
405.4286	334.2739
405.9406	334.2739
405.9406	335.2977
406.4525	335.2977
406.4525	336.3215
406.9644	336.3215
406.9644	339.3929
406.4525	339.3929
406.4525	339.9048
405.9406	339.9048
405.9406	340.4167
405.4286	340.4167
405.4286	339.9048
404.9167	339.9048
404.9167	339.3929
404.4048	339.3929
404.4048	338.8810
403.8929	338.8810
403.8929	338.3691
403.3810	338.3691
403.3810	337.8572
402.3572	337.8572
402.3572	337.3453
401.3334	337.3453
401.3334	336.8334
398.7739	336.8334
398.7739	335.8096
399.2858	335.8096
399.2858	334.7858
399.7977	334.7858
399.7977	333.7620
400.3096	333.7620
400.3096	331.2024
400.8215	331.2024
400.8215	328.6429
400.3096	328.6429
400.3096	326.0834
399.7977	326.0834
399.7977	325.0596
399.2858	325.0596
399.2858	322.5001
398.7739	322.5001
398.7739	320.9643
398.2620	320.9643
398.2620	319.9405
397.7501	319.9405
397.7501	318.9167
397.2382	318.9167
397.2382	317.8929
396.7263	317.8929
396.7263	317.3810
396.2144	317.3810
396.2144	316.8691
395.7025	316.8691
395.7025	316.3572
395.1906	316.3572
395.1906	315.8453
394.6786	315.8453
394.6786	315.3334
394.1667	315.3334
394.1667	314.8215
393.1429	314.8215
393.1429	314.3096
392.1191	314.3096
392.1191	313.7977
389.5596	313.7977
389.5596	313.2858
387.0001	313.2858
387.0001	313.7977
384.4405	313.7977
384.4405	314.3096
383.4167	314.3096
383.4167	314.8215
382.3929	314.8215
382.3929	315.3334
381.8810	315.3334
381.8810	315.8453
381.3691	315.8453
381.3691	316.3572
380.8572	316.3572
380.8572	316.8691
380.3453	316.8691
380.3453	317.3810
379.8334	317.3810
379.8334	318.4048
379.3215	318.4048
379.3215	318.9167
378.2977	318.9167
378.2977	319.4286
377.7858	319.4286
377.7858	319.9405
377.2739	319.9405
377.2739	320.4524
376.7620	320.4524
376.7620	320.9643
376.2501	320.9643
376.2501	321.4763
375.7382	321.4763
375.7382	321.9882
375.2263	321.9882
375.2263	322.5001
374.7144	322.5001
374.7144	323.5239
374.2025	323.5239
374.2025	324.0358
373.6905	324.0358
373.6905	324.5477
372.6667	324.5477
372.6667	325.0596
372.1548	325.0596
372.1548	325.5715
371.6429	325.5715
371.6429	326.0834
370.6191	326.0834
370.6191	326.5953
370.1072	326.5953
370.1072	327.1072
369.0834	327.1072
369.0834	327.6191
368.0596	327.6191
368.0596	328.1310
367.5477	328.1310
367.5477	328.6429
364.9882	328.6429
364.9882	329.1548
363.9644	329.1548
363.9644	329.6667
362.9405	329.6667
362.9405	330.1786
362.4286	330.1786
362.4286	330.6905
361.9167	330.6905
361.9167	331.2024
361.4048	331.2024
361.4048	331.7143
360.8929	331.7143
360.8929	332.2263
360.3810	332.2263
360.3810	332.7382
359.8691	332.7382
359.8691	333.2501
359.3572	333.2501
359.3572	334.2739
358.8453	334.2739
358.8453	335.2977
358.3334	335.2977
358.3334	337.8572
357.8215	337.8572
357.8215	340.9286
358.3334	340.9286
358.3334	343.4882
358.8453	343.4882
358.8453	348.6072
358.3334	348.6072
358.3334	351.6786
357.8215	351.6786
357.8215	352.1905
357.3096	352.1905
357.3096	353.2144
356.7977	353.2144
356.7977	354.2382
356.2858	354.2382
356.2858	355.2620
355.7739	355.2620
355.7739	356.2858
355.2620	356.2858
355.2620	357.3096
354.7501	357.3096
354.7501	358.3334
354.2382	358.3334
354.2382	359.3572
353.7263	359.3572
353.7263	359.8691
353.2144	359.8691
353.2144	360.3810
352.7024	360.3810
352.7024	360.8929
352.1905	360.8929
352.1905	361.9167
351.6786	361.9167
351.6786	362.4286
350.6548	362.4286
350.6548	362.9405
350.1429	362.9405
350.1429	363.4525
349.6310	363.4525
349.6310	363.9644
349.1191	363.9644
349.1191	364.4763
348.0953	364.4763
348.0953	364.9882
347.5834	364.9882
347.5834	365.5001
347.0715	365.5001
347.0715	366.0120
346.5596	366.0120
346.5596	366.5239
346.0477	366.5239
346.0477	367.0358
345.5358	367.0358
345.5358	367.5477
345.0239	367.5477
345.0239	368.5715
344.5120	368.5715
344.5120	369.5953
343.4882	369.5953
343.4882	370.1072
342.9763	370.1072
342.9763	370.6191
342.4644	370.6191
342.4644	371.1310
341.9524	371.1310
341.9524	371.6429
341.4405	371.6429
341.4405	372.1548
338.8810	372.1548
338.8810	372.6667
336.3215	372.6667
336.3215	373.1786
335.2977	373.1786
335.2977	373.6905
334.2739	373.6905
334.2739	374.2025
333.7620	374.2025
333.7620	374.7144
333.2501	374.7144
333.2501	375.2263
332.7382	375.2263
332.7382	375.7382
332.2263	375.7382
332.2263	376.2501
331.7143	376.2501
331.7143	376.7620
331.2024	376.7620
331.2024	377.2739
330.1786	377.2739
330.1786	377.7858
328.1310	377.7858
328.1310	378.2977
327.1072	378.2977
327.1072	378.8096
326.0834	378.8096
326.0834	379.3215
325.5715	379.3215
325.5715	379.8334
325.0596	379.8334
325.0596	380.3453
324.5477	380.3453
324.5477	380.8572
324.0358	380.8572
324.0358	381.3691
323.5239	381.3691
323.5239	382.3929
322.5001	382.3929
322.5001	381.8810
319.9405	381.8810
319.9405	381.3691
316.3572	381.3691
316.3572	381.8810
313.7977	381.8810
313.7977	382.3929
312.7739	382.3929
312.7739	382.9048
311.7501	382.9048
311.7501	383.4167
302.5358	383.4167
302.5358	383.9286
299.9762	383.9286
299.9762	384.4405
298.9524	384.4405
298.9524	384.9525
297.4167	384.9525
297.4167	384.4405
296.3929	384.4405
296.3929	383.9286
294.8572	383.9286
294.8572	383.4167
293.8334	383.4167
293.8334	382.9048
293.3215	382.9048
293.3215	379.8334
292.8096	379.8334
292.8096	377.2739
292.2977	377.2739
292.2977	376.2501
291.7858	376.2501
291.7858	375.2263
291.2739	375.2263
291.2739	374.7144
290.7620	374.7144
290.7620	374.2025
290.2501	374.2025
290.2501	373.1786
289.7382	373.1786
289.7382	372.1548
289.2262	372.1548
289.2262	371.6429
288.7143	371.6429
288.7143	370.6191
288.2024	370.6191
288.2024	368.0596
287.6905	368.0596
287.6905	365.5001
287.1786	365.5001
287.1786	364.4763
286.6667	364.4763
286.6667	362.9405
287.1786	362.9405
287.1786	362.4286
287.6905	362.4286
287.6905	361.9167
288.2024	361.9167
288.2024	360.8929
288.7143	360.8929
288.7143	359.8691
289.2262	359.8691
289.2262	357.3096
289.7382	357.3096
289.7382	354.2382
289.2262	354.2382
289.2262	351.6786
288.7143	351.6786
288.7143	348.6072
289.2262	348.6072
289.2262	347.0715
289.7382	347.0715
289.7382	344.5120
290.2501	344.5120
290.2501	341.9524
290.7620	341.9524
290.7620	336.3215
291.2739	336.3215
291.2739	333.7620
291.7858	333.7620
291.7858	332.2263
292.2977	332.2263
292.2977	331.2024
292.8096	331.2024
292.8096	328.6429
293.3215	328.6429
293.3215	325.5715
292.8096	325.5715
292.8096	323.0120
292.2977	323.0120
292.2977	321.9882
291.7858	321.9882
291.7858	320.9643
291.2739	320.9643
291.2739	319.9405
290.7620	319.9405
290.7620	317.3810
290.2501	317.3810
290.2501	315.8453
289.7382	315.8453
289.7382	314.8215
289.2262	314.8215
289.2262	313.7977
288.7143	313.7977
288.7143	313.2858
288.2024	313.2858
288.2024	312.7739
287.6905	312.7739
287.6905	312.2620
287.1786	312.2620
287.1786	311.7501
286.6667	311.7501
286.6667	311.2382
285.6429	311.2382
285.6429	310.7262
284.6191	310.7262
284.6191	310.2143
282.0596	310.2143
282.0596	309.7024
279.5001	309.7024
279.5001	309.1905
275.4048	309.1905
275.4048	308.6786
274.3810	308.6786
274.3810	308.1667
273.3572	308.1667
273.3572	307.6548
272.3334	307.6548
272.3334	307.1429
271.8215	307.1429
271.8215	306.6310
270.7977	306.6310
270.7977	306.1191
269.7739	306.1191
269.7739	305.6072
267.2143	305.6072
267.2143	305.0953
264.1429	305.0953
264.1429	305.6072
261.5834	305.6072
261.5834	306.1191
260.5596	306.1191
260.5596	306.6310
259.5358	306.6310
259.5358	307.1429
258.5120	307.1429
258.5120	306.6310
257.4881	306.6310
257.4881	306.1191
256.4643	306.1191
256.4643	305.6072
254.4167	305.6072
254.4167	305.0953
251.8572	305.0953
251.8572	304.5834
251.3453	304.5834
251.3453	304.0715
250.3215	304.0715
250.3215	303.5596
249.2977	303.5596
249.2977	303.0477
247.2500	303.0477
247.2500	302.5358
246.2262	302.5358
246.2262	302.0239
243.6667	302.0239
243.6667	301.5120
239.0596	301.5120
239.0596	301.0001
238.5477	301.0001
238.5477	300.4882
238.0358	300.4882
238.0358	299.9762
237.5239	299.9762
237.5239	299.4643
237.0119	299.4643
237.0119	298.9524
235.9881	298.9524
235.9881	298.4405
235.4762	298.4405
235.4762	297.9286
234.9643	297.9286
234.9643	297.4167
234.4524	297.4167
234.4524	296.9048
233.9405	296.9048
233.9405	296.3929
233.4286	296.3929
233.4286	295.3691
232.9167	295.3691
232.9167	294.3453
232.4048	294.3453
232.4048	293.8334
231.8929	293.8334
231.8929	293.3215
231.3810	293.3215
231.3810	292.2977
230.8691	292.2977
230.8691	288.7143
231.3810	288.7143
231.3810	286.1548
230.8691	286.1548
230.8691	280.5239
230.3572	280.5239
230.3572	278.9881
230.8691	278.9881
230.8691	274.8929
231.3810	274.8929
231.3810	274.3810
232.4048	274.3810
232.4048	273.8691
232.9167	273.8691
232.9167	273.3572
233.4286	273.3572
233.4286	272.8453
233.9405	272.8453
233.9405	272.3334
234.4524	272.3334
234.4524	271.8215
234.9643	271.8215
234.9643	271.3096
235.9881	271.3096
235.9881	270.7977
237.0119	270.7977
237.0119	270.2858
238.0358	270.2858
238.0358	269.7739
238.5477	269.7739
238.5477	269.2620
239.0596	269.2620
239.0596	268.7501
239.5715	268.7501
239.5715	268.2381
240.0834	268.2381
240.0834	267.7262
240.5953	267.7262
240.5953	267.2143
241.1072	267.2143
241.1072	266.1905
241.6191	266.1905
241.6191	265.6786
244.1786	265.6786
244.1786	265.1667
246.7381	265.1667
246.7381	264.6548
247.7620	264.6548
247.7620	264.1429
248.7858	264.1429
248.7858	263.6310
249.2977	263.6310
249.2977	263.1191
249.8096	263.1191
249.8096	262.6072
250.3215	262.6072
250.3215	262.0953
250.8334	262.0953
250.8334	261.5834
251.3453	261.5834
251.3453	260.5596
251.8572	260.5596
251.8572	259.5358
252.3691	259.5358
252.3691	256.9762
252.8810	256.9762
252.8810	254.4167
252.3691	254.4167
252.3691	251.8572
251.8572	251.8572
251.8572	250.8334
251.3453	250.8334
251.3453	249.8096
250.8334	249.8096
250.8334	249.2977
250.3215	249.2977
250.3215	248.7858
249.8096	248.7858
249.8096	248.2739
249.2977	248.2739
249.2977	247.7620
248.7858	247.7620
248.7858	247.2500
248.2739	247.2500
248.2739	246.2262
247.7620	246.2262
247.7620	245.7143
247.2500	245.7143
247.2500	245.2024
246.7381	245.2024
246.7381	244.6905
246.2262	244.6905
246.2262	244.1786
245.7143	244.1786
245.7143	243.6667
244.6905	243.6667
244.6905	243.1548
243.6667	243.1548
243.6667	242.6429
241.1072	242.6429
241.1072	242.1310
237.5239	242.1310
237.5239	242.6429
234.9643	242.6429
234.9643	243.1548
233.9405	243.1548
233.9405	243.6667
232.4048	243.6667
232.4048	241.6191
232.9167	241.6191
232.9167	240.5953
233.4286	240.5953
233.4286	239.5715
233.9405	239.5715
233.9405	238.5477
234.4524	238.5477
234.4524	237.5239
234.9643	237.5239
234.9643	235.9881
235.4762	235.9881
235.4762	235.4762
235.9881	235.4762
235.9881	234.9643
236.5000	234.9643
236.5000	233.9405
237.0119	233.9405
237.0119	233.4286
237.5239	233.4286
237.5239	232.9167
238.0358	232.9167
238.0358	232.4048
238.5477	232.4048
238.5477	231.8929
239.0596	231.8929
239.0596	231.3810
240.0834	231.3810
240.0834	230.8691
240.5953	230.8691
240.5953	230.3572
241.6191	230.3572
241.6191	229.8453
242.6429	229.8453
242.6429	229.3334
243.1548	229.3334
243.1548	228.8215
243.6667	228.8215
243.6667	228.3096
244.6905	228.3096
244.6905	227.7977
245.7143	227.7977
245.7143	227.2858
246.7381	227.2858
246.7381	226.7739
253.9048	226.7739
253.9048	226.2619
255.4405	226.2619
255.4405	226.7739
259.5358	226.7739
259.5358	227.2858
262.0953	227.2858
262.0953	227.7977
264.6548	227.7977
264.6548	228.3096
270.7977	228.3096
270.7977	228.8215
273.8691	228.8215
273.8691	229.3334
275.4048	229.3334
275.4048	229.8453
276.4286	229.8453
276.4286	230.3572
277.9643	230.3572
277.9643	230.8691
278.4762	230.8691
278.4762	231.3810
279.5001	231.3810
279.5001	231.8929
280.5239	231.8929
280.5239	232.4048
281.5477	232.4048
281.5477	232.9167
282.5715	232.9167
282.5715	233.4286
283.5953	233.4286
283.5953	233.9405
285.6429	233.9405
285.6429	234.4524
288.2024	234.4524
288.2024	234.9643
293.3215	234.9643
293.3215	234.4524
293.8334	234.4524
293.8334	234.9643
294.8572	234.9643
294.8572	235.4762
295.8810	235.4762
295.8810	235.9881
296.9048	235.9881
296.9048	236.5000
299.4643	236.5000
299.4643	237.0119
302.0239	237.0119
302.0239	236.5000
304.5834	236.5000
304.5834	235.9881
305.6072	235.9881
305.6072	235.4762
306.6310	235.4762
306.6310	234.9643
308.1667	234.9643
308.1667	234.4524
309.1905	234.4524
309.1905	233.9405
310.2143	233.9405
310.2143	233.4286
310.7262	233.4286
310.7262	232.9167
311.2382	232.9167
311.2382	232.4048
311.7501	232.4048
311.7501	231.8929
312.2620	231.8929
312.2620	231.3810
312.7739	231.3810
312.7739	230.3572
313.2858	230.3572
313.2858	229.3334
313.7977	229.3334
313.7977	226.7739
314.3096	226.7739
314.3096	224.2143
313.7977	224.2143
313.7977	221.6548
313.2858	221.6548
313.2858	220.6310
312.7739	220.6310
312.7739	219.6072
312.2620	219.6072
312.2620	219.0953
311.7501	219.0953
311.7501	217.5596
311.2382	217.5596
311.2382	215.0000
310.7262	215.0000
310.7262	212.4405
310.2143	212.4405
310.2143	211.4167
309.7024	211.4167
309.7024	210.3929
309.1905	210.3929
309.1905	209.8810
308.6786	209.8810
308.6786	209.3691
308.1667	209.3691
308.1667	208.8572
307.6548	208.8572
307.6548	208.3453
307.1429	208.3453
307.1429	207.8334
306.1191	207.8334
306.1191	207.3215
305.0953	207.3215
305.0953	206.8096
304.5834	206.8096
304.5834	205.7858
304.0715	205.7858
304.0715	205.2738
303.5596	205.2738
303.5596	204.7619
303.0477	204.7619
303.0477	204.2500
302.5358	204.2500
302.5358	203.7381
302.0239	203.7381
302.0239	203.2262
301.0001	203.2262
301.0001	202.2024
300.4882	202.2024
300.4882	201.1786
299.9762	201.1786
299.9762	200.1548
299.4643	200.1548
299.4643	199.6429
298.9524	199.6429
298.9524	199.1310
298.4405	199.1310
298.4405	198.1072
297.9286	198.1072
297.9286	195.5477
297.4167	195.5477
297.4167	194.5238
296.9048	194.5238
296.9048	192.4762
297.4167	192.4762
297.4167	185.3096
296.9048	185.3096
296.9048	182.7500
296.3929	182.7500
296.3929	178.6548
295.8810	178.6548
295.8810	173.0238
296.3929	173.0238
296.3929	164.3215
296.9048	164.3215
296.9048	163.2977
297.4167	163.2977
297.4167	162.7857
297.9286	162.7857
297.9286	162.2738
298.4405	162.2738
298.4405	161.2500
298.9524	161.2500
298.9524	160.2262
299.4643	160.2262
299.4643	157.6667
299.9762	157.6667
299.9762	153.5715
299.4643	153.5715
299.4643	152.5476
299.9762	152.5476
299.9762	151.5238
300.4882	151.5238
300.4882	151.0119
301.0001	151.0119
301.0001	150.5000
301.5120	150.5000
301.5120	149.4762
302.0239	149.4762
302.0239	148.4524
302.5358	148.4524
302.5358	147.4286
303.0477	147.4286
303.0477	146.4048
303.5596	146.4048
303.5596	145.8929
304.0715	145.8929
304.0715	144.8691
304.5834	144.8691
304.5834	143.8453
305.0953	143.8453
305.0953	143.3334
306.1191	143.3334
306.1191	142.8215
306.6310	142.8215
306.6310	142.3096
308.1667	142.3096
308.1667	141.7976
309.1905	141.7976
309.1905	141.2857
310.7262	141.2857
310.7262	140.7738
311.7501	140.7738
311.7501	140.2619
312.7739	140.2619
312.7739	139.7500
315.8453	139.7500
315.8453	139.2381
320.4524	139.2381
320.4524	138.7262
334.7858	138.7262
