328.1310	138.7262
332.7382	138.7262
332.7382	139.2381
336.8334	139.2381
336.8334	139.7500
339.3929	139.7500
339.3929	140.2619
340.9286	140.2619
340.9286	140.7738
342.9763	140.7738
342.9763	141.2857
344.0001	141.2857
344.0001	141.7976
345.5358	141.7976
345.5358	142.3096
346.5596	142.3096
346.5596	142.8215
347.5834	142.8215
347.5834	143.3334
348.0953	143.3334
348.0953	143.8453
348.6072	143.8453
348.6072	144.3572
349.1191	144.3572
349.1191	144.8691
349.6310	144.8691
349.6310	145.3810
350.1429	145.3810
350.1429	145.8929
350.6548	145.8929
350.6548	146.4048
351.1667	146.4048
351.1667	146.9167
351.6786	146.9167
351.6786	147.4286
352.1905	147.4286
352.1905	148.4524
352.7024	148.4524
352.7024	148.9643
353.2144	148.9643
353.2144	149.9881
353.7263	149.9881
353.7263	151.0119
354.2382	151.0119
354.2382	151.5238
354.7501	151.5238
354.7501	152.0357
355.2620	152.0357
355.2620	152.5476
355.7739	152.5476
355.7739	153.0596
356.2858	153.0596
356.2858	154.0834
356.7977	154.0834
356.7977	154.5953
357.3096	154.5953
357.3096	155.1072
357.8215	155.1072
357.8215	155.6191
358.3334	155.6191
358.3334	156.6429
358.8453	156.6429
358.8453	157.1548
359.3572	157.1548
359.3572	157.6667
359.8691	157.6667
359.8691	158.1786
360.3810	158.1786
360.3810	158.6905
360.8929	158.6905
360.8929	159.2024
361.4048	159.2024
361.4048	159.7143
362.4286	159.7143
362.4286	160.2262
363.4525	160.2262
363.4525	160.7381
366.0120	160.7381
366.0120	161.2500
368.5715	161.2500
368.5715	160.7381
371.1310	160.7381
371.1310	160.2262
372.1548	160.2262
372.1548	159.7143
373.1786	159.7143
373.1786	159.2024
373.6905	159.2024
373.6905	158.6905
374.2025	158.6905
374.2025	158.1786
374.7144	158.1786
374.7144	157.6667
377.2739	157.6667
377.2739	157.1548
379.8334	157.1548
379.8334	156.6429
382.3929	156.6429
382.3929	156.1310
390.0715	156.1310
390.0715	156.6429
394.6786	156.6429
394.6786	157.1548
396.2144	157.1548
396.2144	157.6667
398.7739	157.6667
398.7739	158.1786
399.7977	158.1786
399.7977	158.6905
401.3334	158.6905
401.3334	159.2024
402.3572	159.2024
402.3572	159.7143
403.3810	159.7143
403.3810	160.2262
405.4286	160.2262
405.4286	160.7381
406.9644	160.7381
406.9644	161.2500
408.5001	161.2500
408.5001	161.7619
409.5239	161.7619
409.5239	162.2738
410.5477	162.2738
410.5477	162.7857
412.0834	162.7857
412.0834	163.2977
412.5953	163.2977
412.5953	163.8096
413.6191	163.8096
413.6191	164.3215
414.1310	164.3215
414.1310	164.8334
415.1548	164.8334
415.1548	165.3453
416.1787	165.3453
416.1787	165.8572
416.6906	165.8572
416.6906	166.3691
417.2025	166.3691
417.2025	166.8810
418.2263	166.8810
418.2263	167.3929
418.7382	167.3929
418.7382	167.9048
419.2501	167.9048
419.2501	168.4167
419.7620	168.4167
419.7620	168.9286
420.2739	168.9286
420.2739	169.4405
420.7858	169.4405
420.7858	169.9524
421.2977	169.9524
421.2977	170.4643
421.8096	170.4643
421.8096	171.4881
422.3215	171.4881
422.3215	172.5119
422.8334	172.5119
422.8334	173.0238
423.3453	173.0238
423.3453	174.0477
423.8572	174.0477
423.8572	175.0715
424.3691	175.0715
424.3691	176.0953
424.8810	176.0953
424.8810	177.1191
425.3929	177.1191
425.3929	177.6310
425.9048	177.6310
425.9048	178.6548
426.4167	178.6548
426.4167	179.6786
426.9287	179.6786
426.9287	180.7024
427.4406	180.7024
427.4406	183.2619
427.9525	183.2619
427.9525	185.8215
428.4644	185.8215
428.4644	188.3810
428.9763	188.3810
428.9763	190.9405
429.4882	190.9405
429.4882	191.9643
430.0001	191.9643
430.0001	192.9881
430.5120	192.9881
430.5120	194.0119
431.0239	194.0119
431.0239	194.5238
431.5358	194.5238
431.5358	195.0358
432.0477	195.0358
432.0477	197.0834
432.5596	197.0834
432.5596	200.6667
433.0715	200.6667
433.0715	203.2262
433.5834	203.2262
433.5834	204.7619
434.0953	204.7619
434.0953	207.3215
434.6072	207.3215
434.6072	208.8572
435.1191	208.8572
435.1191	216.5358
434.6072	216.5358
434.6072	218.5834
434.0953	218.5834
434.0953	219.6072
433.5834	219.6072
433.5834	221.1429
433.0715	221.1429
433.0715	222.1667
432.5596	222.1667
432.5596	222.6786
432.0477	222.6786
432.0477	223.7024
431.5358	223.7024
431.5358	224.2143
431.0239	224.2143
431.0239	225.2381
430.5120	225.2381
430.5120	225.7500
429.4882	225.7500
429.4882	226.2619
428.4644	226.2619
428.4644	226.7739
427.9525	226.7739
427.9525	227.2858
427.4406	227.2858
427.4406	227.7977
426.9287	227.7977
426.9287	228.3096
426.4167	228.3096
426.4167	228.8215
425.9048	228.8215
425.9048	229.3334
425.3929	229.3334
425.3929	229.8453
424.8810	229.8453
424.8810	230.3572
424.3691	230.3572
424.3691	231.3810
423.8572	231.3810
423.8572	231.8929
423.3453	231.8929
423.3453	232.4048
422.8334	232.4048
422.8334	232.9167
422.3215	232.9167
422.3215	233.4286
421.8096	233.4286
421.8096	233.9405
421.2977	233.9405
421.2977	234.9643
420.7858	234.9643
420.7858	235.9881
420.2739	235.9881
420.2739	238.5477
419.7620	238.5477
419.7620	239.0596
419.2501	239.0596
419.2501	239.5715
418.7382	239.5715
418.7382	240.0834
418.2263	240.0834
418.2263	240.5953
417.7144	240.5953
417.7144	241.6191
417.2025	241.6191
417.2025	242.6429
416.6906	242.6429
416.6906	243.1548
416.1787	243.1548
416.1787	243.6667
415.6667	243.6667
415.6667	244.1786
415.1548	244.1786
415.1548	244.6905
414.6429	244.6905
414.6429	245.7143
414.1310	245.7143
414.1310	246.7381
413.6191	246.7381
413.6191	247.7620
413.1072	247.7620
413.1072	248.7858
412.5953	248.7858
412.5953	251.3453
412.0834	251.3453
412.0834	255.9524
412.5953	255.9524
412.5953	258.5120
413.1072	258.5120
413.1072	259.5358
413.6191	259.5358
413.6191	265.1667
413.1072	265.1667
413.1072	269.7739
412.5953	269.7739
412.5953	270.7977
412.0834	270.7977
412.0834	272.3334
411.5715	272.3334
411.5715	273.8691
411.0596	273.8691
411.0596	275.4048
410.5477	275.4048
410.5477	275.9167
410.0358	275.9167
410.0358	276.4286
409.5239	276.4286
409.5239	277.4524
409.0120	277.4524
409.0120	278.4762
408.5001	278.4762
408.5001	279.5001
407.9882	279.5001
407.9882	280.0120
407.4763	280.0120
407.4763	281.0358
406.9644	281.0358
406.9644	282.0596
405.9406	282.0596
405.9406	282.5715
404.9167	282.5715
404.9167	283.0834
404.4048	283.0834
404.4048	283.5953
403.8929	283.5953
403.8929	284.1072
403.3810	284.1072
403.3810	284.6191
402.8691	284.6191
402.8691	285.1310
402.3572	285.1310
402.3572	285.6429
401.8453	285.6429
401.8453	286.6667
401.3334	286.6667
401.3334	287.1786
400.8215	287.1786
400.8215	287.6905
400.3096	287.6905
400.3096	288.2024
399.7977	288.2024
399.7977	288.7143
399.2858	288.7143
399.2858	289.2262
398.7739	289.2262
398.7739	289.7382
398.2620	289.7382
398.2620	290.7620
397.7501	290.7620
397.7501	291.7858
397.2382	291.7858
397.2382	292.8096
396.7263	292.8096
396.7263	293.3215
396.2144	293.3215
396.2144	294.3453
395.7025	294.3453
395.7025	295.3691
395.1906	295.3691
395.1906	296.9048
394.6786	296.9048
394.6786	299.4643
394.1667	299.4643
394.1667	300.4882
393.6548	300.4882
393.6548	301.5120
393.1429	301.5120
393.1429	302.5358
392.6310	302.5358
392.6310	305.0953
392.1191	305.0953
392.1191	307.6548
392.6310	307.6548
392.6310	310.2143
393.1429	310.2143
393.1429	311.2382
393.6548	311.2382
393.6548	312.2620
394.1667	312.2620
394.1667	312.7739
394.6786	312.7739
394.6786	313.2858
395.1906	313.2858
395.1906	313.7977
395.7025	313.7977
395.7025	314.3096
396.2144	314.3096
396.2144	314.8215
397.2382	314.8215
397.2382	315.3334
397.7501	315.3334
397.7501	315.8453
398.2620	315.8453
398.2620	316.3572
398.7739	316.3572
398.7739	316.8691
399.2858	316.8691
399.2858	317.3810
399.7977	317.3810
399.7977	317.8929
400.3096	317.8929
400.3096	318.4048
400.8215	318.4048
400.8215	318.9167
401.8453	318.9167
401.8453	319.4286
402.3572	319.4286
402.3572	319.9405
403.3810	319.9405
403.3810	320.9643
403.8929	320.9643
403.8929	321.4763
404.4048	321.4763
404.4048	322.5001
404.9167	322.5001
404.9167	323.0120
405.4286	323.0120
405.4286	323.5239
405.9406	323.5239
405.9406	325.5715
405.4286	325.5715
405.4286	328.1310
404.9167	328.1310
404.9167	331.2024
405.4286	331.2024
405.4286	333.7620
405.9406	333.7620
405.9406	334.7858
406.4525	334.7858
406.4525	335.8096
406.9644	335.8096
406.9644	339.3929
405.4286	339.3929
405.4286	338.8810
404.9167	338.8810
404.9167	338.3691
403.8929	338.3691
403.8929	337.8572
402.8691	337.8572
402.8691	337.3453
401.3334	337.3453
401.3334	336.8334
398.7739	336.8334
398.7739	336.3215
398.2620	336.3215
398.2620	334.7858
398.7739	334.7858
398.7739	332.2263
398.2620	332.2263
398.2620	331.2024
398.7739	331.2024
398.7739	330.1786
399.2858	330.1786
399.2858	327.6191
399.7977	327.6191
399.7977	325.0596
399.2858	325.0596
399.2858	322.5001
398.7739	322.5001
398.7739	320.9643
398.2620	320.9643
398.2620	319.9405
397.7501	319.9405
397.7501	318.9167
397.2382	318.9167
397.2382	317.8929
396.7263	317.8929
396.7263	316.8691
396.2144	316.8691
396.2144	316.3572
395.7025	316.3572
395.7025	315.8453
395.1906	315.8453
395.1906	315.3334
394.6786	315.3334
394.6786	314.8215
394.1667	314.8215
394.1667	314.3096
393.1429	314.3096
393.1429	313.7977
392.1191	313.7977
392.1191	313.2858
389.5596	313.2858
389.5596	312.7739
386.4882	312.7739
386.4882	313.2858
383.9286	313.2858
383.9286	313.7977
381.8810	313.7977
381.8810	314.3096
380.8572	314.3096
380.8572	314.8215
379.8334	314.8215
379.8334	315.3334
379.3215	315.3334
379.3215	315.8453
378.8096	315.8453
378.8096	316.3572
378.2977	316.3572
378.2977	316.8691
377.7858	316.8691
377.7858	317.3810
377.2739	317.3810
377.2739	317.8929
376.7620	317.8929
376.7620	318.4048
376.2501	318.4048
376.2501	319.4286
375.7382	319.4286
375.7382	319.9405
375.2263	319.9405
375.2263	320.9643
374.7144	320.9643
374.7144	321.9882
374.2025	321.9882
374.2025	322.5001
373.6905	322.5001
373.6905	323.0120
373.1786	323.0120
373.1786	323.5239
372.6667	323.5239
372.6667	324.0358
372.1548	324.0358
372.1548	325.0596
371.6429	325.0596
371.6429	326.0834
371.1310	326.0834
371.1310	326.5953
370.1072	326.5953
370.1072	327.1072
369.0834	327.1072
369.0834	327.6191
368.5715	327.6191
368.5715	328.1310
368.0596	328.1310
368.0596	328.6429
367.5477	328.6429
367.5477	329.1548
366.5239	329.1548
366.5239	329.6667
366.0120	329.6667
366.0120	330.1786
365.5001	330.1786
365.5001	330.6905
364.4763	330.6905
364.4763	331.2024
363.4525	331.2024
363.4525	331.7143
362.4286	331.7143
362.4286	332.2263
361.9167	332.2263
361.9167	332.7382
361.4048	332.7382
361.4048	333.2501
360.8929	333.2501
360.8929	333.7620
360.3810	333.7620
360.3810	334.2739
359.8691	334.2739
359.8691	335.2977
359.3572	335.2977
359.3572	336.3215
358.8453	336.3215
358.8453	338.8810
358.3334	338.8810
358.3334	343.4882
358.8453	343.4882
358.8453	348.6072
358.3334	348.6072
358.3334	351.6786
357.8215	351.6786
357.8215	352.7024
357.3096	352.7024
357.3096	353.7263
356.7977	353.7263
356.7977	354.7501
356.2858	354.7501
356.2858	355.7739
355.7739	355.7739
355.7739	356.7977
355.2620	356.7977
355.2620	357.3096
354.7501	357.3096
354.7501	357.8215
354.2382	357.8215
354.2382	358.8453
353.7263	358.8453
353.7263	359.3572
353.2144	359.3572
353.2144	360.3810
352.7024	360.3810
352.7024	360.8929
351.6786	360.8929
351.6786	361.4048
351.1667	361.4048
351.1667	361.9167
350.6548	361.9167
350.6548	362.4286
350.1429	362.4286
350.1429	362.9405
349.6310	362.9405
349.6310	363.4525
349.1191	363.4525
349.1191	363.9644
348.6072	363.9644
348.6072	364.4763
348.0953	364.4763
348.0953	364.9882
347.0715	364.9882
347.0715	365.5001
346.5596	365.5001
346.5596	366.0120
346.0477	366.0120
346.0477	366.5239
345.5358	366.5239
345.5358	367.0358
345.0239	367.0358
345.0239	367.5477
344.5120	367.5477
344.5120	368.0596
344.0001	368.0596
344.0001	368.5715
343.4882	368.5715
343.4882	369.0834
342.9763	369.0834
342.9763	369.5953
342.4644	369.5953
342.4644	370.1072
341.9524	370.1072
341.9524	370.6191
341.4405	370.6191
341.4405	371.1310
340.9286	371.1310
340.9286	371.6429
338.3691	371.6429
338.3691	372.1548
337.3453	372.1548
337.3453	372.6667
336.3215	372.6667
336.3215	373.1786
335.8096	373.1786
335.8096	373.6905
335.2977	373.6905
335.2977	374.2025
334.7858	374.2025
334.7858	374.7144
334.2739	374.7144
334.2739	375.2263
333.7620	375.2263
333.7620	375.7382
332.7382	375.7382
332.7382	376.2501
331.7143	376.2501
331.7143	376.7620
331.2024	376.7620
331.2024	377.2739
330.6905	377.2739
330.6905	377.7858
330.1786	377.7858
330.1786	378.2977
329.6667	378.2977
329.6667	378.8096
329.1548	378.8096
329.1548	379.3215
328.6429	379.3215
328.6429	379.8334
328.1310	379.8334
328.1310	380.8572
327.6191	380.8572
327.6191	381.3691
327.1072	381.3691
327.1072	381.8810
326.0834	381.8810
326.0834	381.3691
323.0120	381.3691
323.0120	381.8810
320.4524	381.8810
320.4524	382.3929
319.4286	382.3929
319.4286	382.9048
318.4048	382.9048
318.4048	383.4167
317.3810	383.4167
317.3810	382.9048
310.2143	382.9048
310.2143	383.4167
309.1905	383.4167
309.1905	382.9048
305.0953	382.9048
305.0953	383.4167
299.9762	383.4167
299.9762	382.9048
298.9524	382.9048
298.9524	382.3929
297.9286	382.3929
297.9286	381.8810
296.9048	381.8810
296.9048	381.3691
295.8810	381.3691
295.8810	380.8572
295.3691	380.8572
295.3691	380.3453
294.8572	380.3453
294.8572	379.8334
294.3453	379.8334
294.3453	379.3215
293.8334	379.3215
293.8334	378.2977
293.3215	378.2977
293.3215	377.7858
292.8096	377.7858
292.8096	377.2739
292.2977	377.2739
292.2977	376.2501
291.7858	376.2501
291.7858	375.7382
291.2739	375.7382
291.2739	375.2263
290.7620	375.2263
290.7620	374.7144
290.2501	374.7144
290.2501	373.6905
289.7382	373.6905
289.7382	373.1786
289.2262	373.1786
289.2262	372.6667
288.7143	372.6667
288.7143	371.1310
288.2024	371.1310
288.2024	369.5953
289.2262	369.5953
289.2262	370.1072
290.2501	370.1072
290.2501	370.6191
292.8096	370.6191
292.8096	371.1310
295.8810	371.1310
295.8810	370.6191
298.4405	370.6191
298.4405	370.1072
299.4643	370.1072
299.4643	369.5953
300.4882	369.5953
300.4882	369.0834
301.0001	369.0834
301.0001	368.5715
301.5120	368.5715
301.5120	368.0596
302.0239	368.0596
302.0239	367.5477
302.5358	367.5477
302.5358	367.0358
303.0477	367.0358
303.0477	366.0120
303.5596	366.0120
303.5596	364.9882
304.0715	364.9882
304.0715	362.4286
304.5834	362.4286
304.5834	359.8691
304.0715	359.8691
304.0715	357.3096
303.5596	357.3096
303.5596	356.2858
303.0477	356.2858
303.0477	355.2620
302.5358	355.2620
302.5358	354.7501
302.0239	354.7501
302.0239	354.2382
301.5120	354.2382
301.5120	353.7263
301.0001	353.7263
301.0001	353.2144
300.4882	353.2144
300.4882	352.7024
299.9762	352.7024
299.9762	352.1905
299.4643	352.1905
299.4643	351.6786
298.9524	351.6786
298.9524	351.1667
298.4405	351.1667
298.4405	350.6548
297.4167	350.6548
297.4167	350.1429
296.3929	350.1429
296.3929	349.6310
293.8334	349.6310
293.8334	349.1191
290.2501	349.1191
290.2501	349.6310
288.7143	349.6310
288.7143	349.1191
288.2024	349.1191
288.2024	348.0953
288.7143	348.0953
288.7143	347.0715
289.2262	347.0715
289.2262	346.0477
289.7382	346.0477
289.7382	344.5120
290.2501	344.5120
290.2501	343.4882
290.7620	343.4882
290.7620	340.9286
291.2739	340.9286
291.2739	335.2977
290.7620	335.2977
290.7620	334.2739
291.2739	334.2739
291.2739	333.7620
291.7858	333.7620
291.7858	332.7382
292.2977	332.7382
292.2977	331.7143
292.8096	331.7143
292.8096	329.1548
293.3215	329.1548
293.3215	326.0834
292.8096	326.0834
292.8096	323.5239
292.2977	323.5239
292.2977	322.5001
291.7858	322.5001
291.7858	321.4763
291.2739	321.4763
291.2739	320.4524
290.7620	320.4524
290.7620	318.9167
290.2501	318.9167
290.2501	317.3810
289.7382	317.3810
289.7382	316.3572
289.2262	316.3572
289.2262	315.3334
288.7143	315.3334
288.7143	314.8215
288.2024	314.8215
288.2024	314.3096
287.6905	314.3096
287.6905	313.7977
287.1786	313.7977
287.1786	313.2858
286.6667	313.2858
286.6667	312.7739
286.1548	312.7739
286.1548	312.2620
285.6429	312.2620
285.6429	311.7501
285.1310	311.7501
285.1310	311.2382
284.1072	311.2382
284.1072	310.7262
283.0834	310.7262
283.0834	310.2143
280.5239	310.2143
280.5239	309.7024
275.9167	309.7024
275.9167	309.1905
272.8453	309.1905
272.8453	308.6786
272.3334	308.6786
272.3334	308.1667
271.3096	308.1667
271.3096	307.6548
270.2858	307.6548
270.2858	307.1429
269.2620	307.1429
269.2620	306.6310
266.7024	306.6310
266.7024	306.1191
264.1429	306.1191
264.1429	306.6310
261.5834	306.6310
261.5834	307.1429
260.5596	307.1429
260.5596	307.6548
259.5358	307.6548
259.5358	307.1429
258.5120	307.1429
258.5120	306.6310
257.4881	306.6310
257.4881	306.1191
256.4643	306.1191
256.4643	305.6072
254.9286	305.6072
254.9286	305.0953
254.4167	305.0953
254.4167	304.5834
253.9048	304.5834
253.9048	304.0715
253.3929	304.0715
253.3929	303.5596
252.3691	303.5596
252.3691	303.0477
251.3453	303.0477
251.3453	302.5358
250.3215	302.5358
250.3215	302.0239
248.7858	302.0239
248.7858	301.5120
246.2262	301.5120
246.2262	301.0001
243.1548	301.0001
243.1548	301.5120
240.0834	301.5120
240.0834	301.0001
239.0596	301.0001
239.0596	300.4882
237.5239	300.4882
237.5239	299.9762
236.5000	299.9762
236.5000	299.4643
234.9643	299.4643
234.9643	298.9524
234.4524	298.9524
234.4524	298.4405
233.9405	298.4405
233.9405	297.9286
233.4286	297.9286
233.4286	297.4167
232.9167	297.4167
232.9167	296.3929
232.4048	296.3929
232.4048	295.8810
231.8929	295.8810
231.8929	295.3691
231.3810	295.3691
231.3810	294.8572
230.8691	294.8572
230.8691	292.2977
230.3572	292.2977
230.3572	291.2739
229.8453	291.2739
229.8453	290.2501
229.3334	290.2501
229.3334	285.1310
229.8453	285.1310
229.8453	282.5715
230.3572	282.5715
230.3572	277.4524
230.8691	277.4524
230.8691	272.3334
231.3810	272.3334
231.3810	269.7739
230.8691	269.7739
230.8691	267.2143
233.4286	267.2143
233.4286	266.7024
235.4762	266.7024
235.4762	266.1905
236.5000	266.1905
236.5000	265.6786
237.5239	265.6786
237.5239	265.1667
238.0358	265.1667
238.0358	264.6548
238.5477	264.6548
238.5477	264.1429
239.0596	264.1429
239.0596	263.6310
239.5715	263.6310
239.5715	263.1191
240.0834	263.1191
240.0834	262.0953
240.5953	262.0953
240.5953	261.0715
241.1072	261.0715
241.1072	258.5120
241.6191	258.5120
241.6191	255.9524
241.1072	255.9524
241.1072	253.3929
240.5953	253.3929
240.5953	252.3691
241.1072	252.3691
241.1072	249.8096
241.6191	249.8096
241.6191	247.2500
241.1072	247.2500
241.1072	244.6905
240.5953	244.6905
240.5953	243.6667
240.0834	243.6667
240.0834	242.6429
239.5715	242.6429
239.5715	242.1310
239.0596	242.1310
239.0596	241.6191
238.5477	241.6191
238.5477	241.1072
238.0358	241.1072
238.0358	240.5953
237.5239	240.5953
237.5239	240.0834
237.0119	240.0834
237.0119	239.5715
235.9881	239.5715
235.9881	239.0596
234.9643	239.0596
234.9643	237.5239
235.4762	237.5239
235.4762	234.4524
235.9881	234.4524
235.9881	233.4286
236.5000	233.4286
236.5000	232.9167
237.0119	232.9167
237.0119	232.4048
237.5239	232.4048
237.5239	231.3810
238.0358	231.3810
238.0358	230.8691
238.5477	230.8691
238.5477	230.3572
239.0596	230.3572
239.0596	229.8453
239.5715	229.8453
239.5715	229.3334
240.0834	229.3334
240.0834	228.8215
240.5953	228.8215
240.5953	227.7977
241.6191	227.7977
241.6191	227.2858
242.1310	227.2858
242.1310	226.7739
243.1548	226.7739
243.1548	226.2619
244.1786	226.2619
244.1786	225.7500
246.2262	225.7500
246.2262	225.2381
248.7858	225.2381
248.7858	224.7262
252.8810	224.7262
252.8810	225.2381
255.9524	225.2381
255.9524	225.7500
260.5596	225.7500
260.5596	226.2619
263.1191	226.2619
263.1191	226.7739
271.8215	226.7739
271.8215	227.2858
273.3572	227.2858
273.3572	227.7977
274.8929	227.7977
274.8929	228.3096
275.9167	228.3096
275.9167	228.8215
276.9405	228.8215
276.9405	229.3334
277.4524	229.3334
277.4524	229.8453
278.4762	229.8453
278.4762	230.3572
279.5001	230.3572
279.5001	230.8691
280.5239	230.8691
280.5239	231.3810
281.5477	231.3810
281.5477	231.8929
282.5715	231.8929
282.5715	232.4048
283.5953	232.4048
283.5953	232.9167
284.6191	232.9167
284.6191	233.4286
286.1548	233.4286
286.1548	233.9405
288.7143	233.9405
288.7143	234.4524
292.2977	234.4524
292.2977	233.9405
293.3215	233.9405
293.3215	234.4524
294.3453	234.4524
294.3453	234.9643
295.3691	234.9643
295.3691	235.4762
297.9286	235.4762
297.9286	235.9881
301.0001	235.9881
301.0001	235.4762
303.5596	235.4762
303.5596	234.9643
304.5834	234.9643
304.5834	234.4524
305.6072	234.4524
305.6072	233.9405
306.1191	233.9405
306.1191	233.4286
307.6548	233.4286
307.6548	232.9167
308.6786	232.9167
308.6786	232.4048
309.7024	232.4048
309.7024	231.8929
310.2143	231.8929
310.2143	231.3810
310.7262	231.3810
310.7262	230.8691
311.2382	230.8691
311.2382	230.3572
311.7501	230.3572
311.7501	229.8453
312.2620	229.8453
312.2620	228.8215
312.7739	228.8215
312.7739	227.7977
313.2858	227.7977
313.2858	225.2381
313.7977	225.2381
313.7977	222.6786
313.2858	222.6786
313.2858	220.1191
312.7739	220.1191
312.7739	219.0953
312.2620	219.0953
312.2620	218.0715
311.7501	218.0715
311.7501	217.5596
311.2382	217.5596
311.2382	215.0000
310.7262	215.0000
310.7262	212.9524
310.2143	212.9524
310.2143	211.9286
309.7024	211.9286
309.7024	210.9048
309.1905	210.9048
309.1905	210.3929
308.6786	210.3929
308.6786	209.8810
308.1667	209.8810
308.1667	209.3691
307.6548	209.3691
307.6548	208.8572
307.1429	208.8572
307.1429	208.3453
306.6310	208.3453
306.6310	207.8334
306.1191	207.8334
306.1191	207.3215
305.0953	207.3215
305.0953	206.8096
304.5834	206.8096
304.5834	206.2977
304.0715	206.2977
304.0715	205.7858
303.5596	205.7858
303.5596	205.2738
302.5358	205.2738
302.5358	204.7619
302.0239	204.7619
302.0239	204.2500
301.5120	204.2500
301.5120	203.7381
301.0001	203.7381
301.0001	203.2262
300.4882	203.2262
300.4882	202.2024
299.9762	202.2024
299.9762	201.6905
299.4643	201.6905
299.4643	201.1786
298.9524	201.1786
298.9524	199.6429
298.4405	199.6429
298.4405	198.1072
297.9286	198.1072
297.9286	196.5715
297.4167	196.5715
297.4167	195.0358
297.9286	195.0358
297.9286	192.4762
298.4405	192.4762
298.4405	189.9167
297.9286	189.9167
297.9286	187.3572
297.4167	187.3572
297.4167	182.7500
296.9048	182.7500
296.9048	180.1905
296.3929	180.1905
296.3929	178.1429
295.8810	178.1429
295.8810	175.5834
295.3691	175.5834
295.3691	175.0715
295.8810	175.0715
295.8810	171.4881
295.3691	171.4881
295.3691	168.4167
295.8810	168.4167
295.8810	165.8572
296.3929	165.8572
296.3929	165.3453
296.9048	165.3453
296.9048	164.8334
297.4167	164.8334
297.4167	163.8096
297.9286	163.8096
297.9286	162.7857
298.4405	162.7857
298.4405	160.2262
298.9524	160.2262
298.9524	157.6667
298.4405	157.6667
298.4405	155.1072
297.9286	155.1072
297.9286	154.0834
298.4405	154.0834
298.4405	153.5715
298.9524	153.5715
298.9524	152.5476
299.4643	152.5476
299.4643	152.0357
299.9762	152.0357
299.9762	151.5238
300.4882	151.5238
300.4882	151.0119
301.0001	151.0119
301.0001	150.5000
301.5120	150.5000
301.5120	149.9881
302.0239	149.9881
302.0239	148.9643
302.5358	148.9643
302.5358	147.9405
303.0477	147.9405
303.0477	146.4048
303.5596	146.4048
303.5596	145.3810
304.0715	145.3810
304.0715	143.3334
304.5834	143.3334
304.5834	142.8215
305.0953	142.8215
305.0953	142.3096
305.6072	142.3096
305.6072	141.7976
306.1191	141.7976
306.1191	141.2857
307.1429	141.2857
307.1429	140.7738
308.6786	140.7738
308.6786	140.2619
310.2143	140.2619
310.2143	139.7500
312.7739	139.7500
312.7739	139.2381
316.3572	139.2381
316.3572	138.7262
320.4524	138.7262
320.4524	138.2143
328.1310	138.2143
