331.2024	125.4167
332.7382	125.4167
332.7382	125.9286
334.7858	125.9286
334.7858	126.4405
335.8096	126.4405
335.8096	126.9524
336.8334	126.9524
336.8334	127.4643
337.3453	127.4643
337.3453	127.9762
338.3691	127.9762
338.3691	128.4881
338.8810	128.4881
338.8810	129.0000
339.3929	129.0000
339.3929	129.5119
339.9048	129.5119
339.9048	130.0238
340.4167	130.0238
340.4167	130.5357
340.9286	130.5357
340.9286	131.0476
341.4405	131.0476
341.4405	131.5595
341.9524	131.5595
341.9524	132.5834
342.4644	132.5834
342.4644	133.0953
342.9763	133.0953
342.9763	134.1191
343.4882	134.1191
343.4882	135.1429
344.0001	135.1429
344.0001	136.1667
344.5120	136.1667
344.5120	137.1905
345.0239	137.1905
345.0239	138.7262
345.5358	138.7262
345.5358	139.7500
346.0477	139.7500
346.0477	140.7738
346.5596	140.7738
346.5596	141.7976
347.0715	141.7976
347.0715	142.8215
347.5834	142.8215
347.5834	143.3334
348.0953	143.3334
348.0953	143.8453
348.6072	143.8453
348.6072	144.8691
349.1191	144.8691
349.1191	145.3810
349.6310	145.3810
349.6310	146.4048
350.1429	146.4048
350.1429	146.9167
350.6548	146.9167
350.6548	147.4286
351.1667	147.4286
351.1667	148.4524
351.6786	148.4524
351.6786	149.4762
352.1905	149.4762
352.1905	149.9881
352.7024	149.9881
352.7024	150.5000
353.2144	150.5000
353.2144	151.0119
353.7263	151.0119
353.7263	151.5238
354.2382	151.5238
354.2382	152.0357
355.2620	152.0357
355.2620	152.5476
356.2858	152.5476
356.2858	153.0596
358.8453	153.0596
358.8453	153.5715
363.4525	153.5715
363.4525	153.0596
366.0120	153.0596
366.0120	152.5476
367.0358	152.5476
367.0358	152.0357
368.0596	152.0357
368.0596	151.5238
369.0834	151.5238
369.0834	151.0119
369.5953	151.0119
369.5953	150.5000
372.1548	150.5000
372.1548	149.9881
373.1786	149.9881
373.1786	149.4762
374.2025	149.4762
374.2025	148.9643
375.2263	148.9643
375.2263	148.4524
376.2501	148.4524
376.2501	147.9405
377.2739	147.9405
377.2739	147.4286
379.3215	147.4286
379.3215	146.9167
388.0239	146.9167
388.0239	147.4286
389.0477	147.4286
389.0477	147.9405
390.0715	147.9405
390.0715	148.4524
391.0953	148.4524
391.0953	148.9643
391.6072	148.9643
391.6072	149.4762
392.6310	149.4762
392.6310	149.9881
393.1429	149.9881
393.1429	150.5000
394.1667	150.5000
394.1667	151.0119
395.1906	151.0119
395.1906	151.5238
396.2144	151.5238
396.2144	152.0357
396.7263	152.0357
396.7263	152.5476
397.2382	152.5476
397.2382	153.0596
398.2620	153.0596
398.2620	153.5715
398.7739	153.5715
398.7739	154.0834
399.2858	154.0834
399.2858	154.5953
400.3096	154.5953
400.3096	155.1072
400.8215	155.1072
400.8215	155.6191
401.8453	155.6191
401.8453	156.1310
402.8691	156.1310
402.8691	156.6429
403.3810	156.6429
403.3810	157.1548
404.4048	157.1548
404.4048	157.6667
404.9167	157.6667
404.9167	158.1786
405.4286	158.1786
405.4286	158.6905
406.4525	158.6905
406.4525	159.7143
406.9644	159.7143
406.9644	160.2262
407.4763	160.2262
407.4763	160.7381
407.9882	160.7381
407.9882	161.2500
408.5001	161.2500
408.5001	161.7619
409.0120	161.7619
409.0120	162.2738
409.5239	162.2738
409.5239	162.7857
410.0358	162.7857
410.0358	163.2977
410.5477	163.2977
410.5477	163.8096
411.0596	163.8096
411.0596	164.3215
411.5715	164.3215
411.5715	164.8334
412.0834	164.8334
412.0834	165.3453
412.5953	165.3453
412.5953	165.8572
413.1072	165.8572
413.1072	166.8810
413.6191	166.8810
413.6191	167.9048
414.1310	167.9048
414.1310	168.4167
414.6429	168.4167
414.6429	168.9286
415.1548	168.9286
415.1548	169.4405
415.6667	169.4405
415.6667	169.9524
416.1787	169.9524
416.1787	170.4643
416.6906	170.4643
416.6906	170.9762
417.2025	170.9762
417.2025	171.4881
417.7144	171.4881
417.7144	172.0000
418.7382	172.0000
418.7382	172.5119
419.2501	172.5119
419.2501	173.0238
420.2739	173.0238
420.2739	173.5357
421.2977	173.5357
421.2977	174.0477
422.3215	174.0477
422.3215	174.5596
422.8334	174.5596
422.8334	175.0715
423.3453	175.0715
423.3453	175.5834
423.8572	175.5834
423.8572	176.0953
424.3691	176.0953
424.3691	176.6072
424.8810	176.6072
424.8810	177.6310
425.3929	177.6310
425.3929	178.1429
425.9048	178.1429
425.9048	178.6548
426.4167	178.6548
426.4167	179.1667
426.9287	179.1667
426.9287	180.1905
427.4406	180.1905
427.4406	181.2143
427.9525	181.2143
427.9525	182.7500
428.4644	182.7500
428.4644	184.7977
428.9763	184.7977
428.9763	187.3572
429.4882	187.3572
429.4882	191.9643
430.0001	191.9643
430.0001	195.0358
430.5120	195.0358
430.5120	199.1310
430.0001	199.1310
430.0001	203.2262
430.5120	203.2262
430.5120	205.2738
430.0001	205.2738
430.0001	217.0477
429.4882	217.0477
429.4882	219.6072
428.9763	219.6072
428.9763	223.1905
428.4644	223.1905
428.4644	224.7262
427.9525	224.7262
427.9525	226.7739
427.4406	226.7739
427.4406	227.2858
426.9287	227.2858
426.9287	227.7977
426.4167	227.7977
426.4167	228.8215
425.9048	228.8215
425.9048	229.8453
425.3929	229.8453
425.3929	231.8929
424.8810	231.8929
424.8810	234.4524
424.3691	234.4524
424.3691	234.9643
423.8572	234.9643
423.8572	235.4762
423.3453	235.4762
423.3453	236.5000
422.8334	236.5000
422.8334	237.5239
422.3215	237.5239
422.3215	238.5477
421.8096	238.5477
421.8096	240.0834
421.2977	240.0834
421.2977	241.6191
420.7858	241.6191
420.7858	242.1310
420.2739	242.1310
420.2739	243.1548
419.7620	243.1548
419.7620	243.6667
419.2501	243.6667
419.2501	244.6905
418.7382	244.6905
418.7382	245.7143
418.2263	245.7143
418.2263	246.7381
417.7144	246.7381
417.7144	248.2739
417.2025	248.2739
417.2025	250.8334
416.6906	250.8334
416.6906	259.0239
417.2025	259.0239
417.2025	268.7501
416.6906	268.7501
416.6906	270.7977
416.1787	270.7977
416.1787	271.8215
415.6667	271.8215
415.6667	272.8453
415.1548	272.8453
415.1548	273.8691
414.6429	273.8691
414.6429	274.8929
414.1310	274.8929
414.1310	275.9167
413.6191	275.9167
413.6191	276.4286
413.1072	276.4286
413.1072	277.4524
412.5953	277.4524
412.5953	277.9643
412.0834	277.9643
412.0834	278.4762
411.5715	278.4762
411.5715	278.9881
411.0596	278.9881
411.0596	279.5001
410.5477	279.5001
410.5477	280.0120
410.0358	280.0120
410.0358	280.5239
409.5239	280.5239
409.5239	281.5477
409.0120	281.5477
409.0120	282.0596
408.5001	282.0596
408.5001	282.5715
407.9882	282.5715
407.9882	283.0834
407.4763	283.0834
407.4763	283.5953
406.9644	283.5953
406.9644	284.1072
406.4525	284.1072
406.4525	284.6191
405.9406	284.6191
405.9406	285.1310
405.4286	285.1310
405.4286	286.1548
404.9167	286.1548
404.9167	286.6667
402.3572	286.6667
402.3572	287.1786
401.3334	287.1786
401.3334	287.6905
400.3096	287.6905
400.3096	288.2024
399.7977	288.2024
399.7977	288.7143
399.2858	288.7143
399.2858	289.2262
398.7739	289.2262
398.7739	289.7382
398.2620	289.7382
398.2620	290.2501
397.7501	290.2501
397.7501	290.7620
397.2382	290.7620
397.2382	291.7858
396.7263	291.7858
396.7263	292.8096
396.2144	292.8096
396.2144	293.8334
395.7025	293.8334
395.7025	295.3691
395.1906	295.3691
395.1906	297.9286
394.6786	297.9286
394.6786	300.4882
394.1667	300.4882
394.1667	303.5596
393.6548	303.5596
393.6548	307.6548
394.1667	307.6548
394.1667	308.1667
393.6548	308.1667
393.6548	310.7262
394.1667	310.7262
394.1667	313.2858
394.6786	313.2858
394.6786	314.3096
395.1906	314.3096
395.1906	315.3334
395.7025	315.3334
395.7025	315.8453
396.2144	315.8453
396.2144	316.3572
396.7263	316.3572
396.7263	316.8691
397.2382	316.8691
397.2382	317.3810
397.7501	317.3810
397.7501	317.8929
398.7739	317.8929
398.7739	318.4048
399.7977	318.4048
399.7977	318.9167
400.8215	318.9167
400.8215	319.9405
401.3334	319.9405
401.3334	320.4524
401.8453	320.4524
401.8453	320.9643
402.3572	320.9643
402.3572	321.4763
402.8691	321.4763
402.8691	321.9882
403.3810	321.9882
403.3810	322.5001
403.8929	322.5001
403.8929	323.0120
404.4048	323.0120
404.4048	323.5239
404.9167	323.5239
404.9167	324.0358
405.4286	324.0358
405.4286	325.0596
404.9167	325.0596
404.9167	326.0834
404.4048	326.0834
404.4048	328.6429
403.8929	328.6429
403.8929	331.7143
404.4048	331.7143
404.4048	334.2739
404.9167	334.2739
404.9167	335.2977
405.4286	335.2977
405.4286	336.3215
405.9406	336.3215
405.9406	338.3691
405.4286	338.3691
405.4286	338.8810
404.9167	338.8810
404.9167	339.3929
404.4048	339.3929
404.4048	338.8810
403.8929	338.8810
403.8929	338.3691
402.8691	338.3691
402.8691	337.8572
401.8453	337.8572
401.8453	337.3453
400.3096	337.3453
400.3096	336.8334
397.7501	336.8334
397.7501	330.1786
398.2620	330.1786
398.2620	325.0596
397.7501	325.0596
397.7501	322.5001
397.2382	322.5001
397.2382	321.4763
396.7263	321.4763
396.7263	320.4524
396.2144	320.4524
396.2144	319.9405
395.7025	319.9405
395.7025	319.4286
395.1906	319.4286
395.1906	318.9167
394.6786	318.9167
394.6786	318.4048
394.1667	318.4048
394.1667	317.8929
393.6548	317.8929
393.6548	317.3810
393.1429	317.3810
393.1429	316.8691
392.6310	316.8691
392.6310	316.3572
392.1191	316.3572
392.1191	315.8453
391.0953	315.8453
391.0953	315.3334
390.0715	315.3334
390.0715	314.8215
387.5120	314.8215
387.5120	314.3096
384.9525	314.3096
384.9525	314.8215
382.3929	314.8215
382.3929	315.3334
381.3691	315.3334
381.3691	315.8453
380.3453	315.8453
380.3453	316.3572
379.8334	316.3572
379.8334	316.8691
379.3215	316.8691
379.3215	317.3810
378.8096	317.3810
378.8096	317.8929
378.2977	317.8929
378.2977	318.4048
377.7858	318.4048
377.7858	318.9167
377.2739	318.9167
377.2739	319.4286
376.7620	319.4286
376.7620	319.9405
375.2263	319.9405
375.2263	320.4524
374.2025	320.4524
374.2025	320.9643
373.1786	320.9643
373.1786	321.4763
372.6667	321.4763
372.6667	321.9882
372.1548	321.9882
372.1548	322.5001
371.6429	322.5001
371.6429	323.0120
371.1310	323.0120
371.1310	323.5239
370.6191	323.5239
370.6191	324.0358
370.1072	324.0358
370.1072	324.5477
369.5953	324.5477
369.5953	325.5715
369.0834	325.5715
369.0834	326.0834
368.0596	326.0834
368.0596	326.5953
367.5477	326.5953
367.5477	327.1072
366.5239	327.1072
366.5239	327.6191
366.0120	327.6191
366.0120	328.1310
364.9882	328.1310
364.9882	328.6429
363.9644	328.6429
363.9644	329.1548
363.4525	329.1548
363.4525	329.6667
362.4286	329.6667
362.4286	330.1786
361.4048	330.1786
361.4048	330.6905
360.8929	330.6905
360.8929	331.2024
360.3810	331.2024
360.3810	331.7143
359.8691	331.7143
359.8691	332.2263
359.3572	332.2263
359.3572	332.7382
358.8453	332.7382
358.8453	333.2501
358.3334	333.2501
358.3334	334.2739
357.8215	334.2739
357.8215	335.2977
357.3096	335.2977
357.3096	337.8572
356.7977	337.8572
356.7977	340.9286
357.3096	340.9286
357.3096	344.5120
357.8215	344.5120
357.8215	352.1905
357.3096	352.1905
357.3096	353.2144
356.7977	353.2144
356.7977	355.7739
356.2858	355.7739
356.2858	356.2858
355.7739	356.2858
355.7739	357.3096
355.2620	357.3096
355.2620	358.3334
354.7501	358.3334
354.7501	359.3572
354.2382	359.3572
354.2382	359.8691
353.7263	359.8691
353.7263	360.3810
353.2144	360.3810
353.2144	360.8929
352.7024	360.8929
352.7024	361.4048
352.1905	361.4048
352.1905	361.9167
351.6786	361.9167
351.6786	362.4286
351.1667	362.4286
351.1667	362.9405
350.6548	362.9405
350.6548	363.4525
350.1429	363.4525
350.1429	363.9644
349.6310	363.9644
349.6310	364.4763
349.1191	364.4763
349.1191	364.9882
348.6072	364.9882
348.6072	365.5001
348.0953	365.5001
348.0953	366.0120
347.5834	366.0120
347.5834	367.0358
347.0715	367.0358
347.0715	367.5477
346.5596	367.5477
346.5596	368.0596
346.0477	368.0596
346.0477	368.5715
345.5358	368.5715
345.5358	369.0834
345.0239	369.0834
345.0239	369.5953
344.0001	369.5953
344.0001	370.1072
342.9763	370.1072
342.9763	370.6191
342.4644	370.6191
342.4644	371.1310
341.9524	371.1310
341.9524	371.6429
339.3929	371.6429
339.3929	372.1548
337.8572	372.1548
337.8572	372.6667
335.2977	372.6667
335.2977	373.1786
333.7620	373.1786
333.7620	373.6905
332.7382	373.6905
332.7382	374.2025
331.7143	374.2025
331.7143	374.7144
331.2024	374.7144
331.2024	375.2263
330.6905	375.2263
330.6905	375.7382
330.1786	375.7382
330.1786	376.2501
329.6667	376.2501
329.6667	376.7620
329.1548	376.7620
329.1548	377.2739
328.6429	377.2739
328.6429	377.7858
328.1310	377.7858
328.1310	378.2977
327.6191	378.2977
327.6191	378.8096
325.5715	378.8096
325.5715	379.3215
324.5477	379.3215
324.5477	379.8334
323.5239	379.8334
323.5239	380.3453
322.5001	380.3453
322.5001	380.8572
321.9882	380.8572
321.9882	381.3691
320.9643	381.3691
320.9643	381.8810
320.4524	381.8810
320.4524	382.3929
317.8929	382.3929
317.8929	382.9048
317.3810	382.9048
317.3810	382.3929
316.8691	382.3929
316.8691	381.8810
315.8453	381.8810
315.8453	381.3691
314.8215	381.3691
314.8215	380.8572
312.2620	380.8572
312.2620	380.3453
306.6310	380.3453
306.6310	380.8572
304.0715	380.8572
304.0715	381.3691
303.0477	381.3691
303.0477	381.8810
302.0239	381.8810
302.0239	382.3929
301.5120	382.3929
301.5120	382.9048
301.0001	382.9048
301.0001	383.4167
300.4882	383.4167
300.4882	383.9286
299.9762	383.9286
299.9762	384.4405
299.4643	384.4405
299.4643	384.9525
298.9524	384.9525
298.9524	383.9286
298.4405	383.9286
298.4405	382.9048
297.9286	382.9048
297.9286	381.8810
297.4167	381.8810
297.4167	381.3691
296.9048	381.3691
296.9048	380.8572
296.3929	380.8572
296.3929	380.3453
295.8810	380.3453
295.8810	379.8334
295.3691	379.8334
295.3691	379.3215
294.3453	379.3215
294.3453	378.8096
293.3215	378.8096
293.3215	378.2977
292.2977	378.2977
292.2977	377.7858
291.2739	377.7858
291.2739	377.2739
288.7143	377.2739
288.7143	376.7620
288.2024	376.7620
288.2024	376.2501
287.1786	376.2501
287.1786	375.7382
286.1548	375.7382
286.1548	375.2263
285.1310	375.2263
285.1310	374.7144
283.5953	374.7144
283.5953	374.2025
282.5715	374.2025
282.5715	373.6905
281.5477	373.6905
281.5477	373.1786
280.0120	373.1786
280.0120	372.6667
279.5001	372.6667
279.5001	372.1548
278.9881	372.1548
278.9881	371.6429
278.4762	371.6429
278.4762	371.1310
277.9643	371.1310
277.9643	370.6191
277.4524	370.6191
277.4524	370.1072
276.9405	370.1072
276.9405	369.5953
276.4286	369.5953
276.4286	368.5715
275.9167	368.5715
275.9167	368.0596
275.4048	368.0596
275.4048	366.5239
274.8929	366.5239
274.8929	365.5001
274.3810	365.5001
274.3810	361.4048
274.8929	361.4048
274.8929	360.8929
275.4048	360.8929
275.4048	360.3810
275.9167	360.3810
275.9167	359.8691
276.4286	359.8691
276.4286	358.8453
276.9405	358.8453
276.9405	357.8215
277.4524	357.8215
277.4524	355.2620
277.9643	355.2620
277.9643	352.1905
277.4524	352.1905
277.4524	349.6310
276.9405	349.6310
276.9405	348.6072
276.4286	348.6072
276.4286	346.0477
276.9405	346.0477
276.9405	345.0239
277.4524	345.0239
277.4524	343.4882
277.9643	343.4882
277.9643	342.4644
278.4762	342.4644
278.4762	340.9286
278.9881	340.9286
278.9881	339.3929
279.5001	339.3929
279.5001	338.8810
280.0120	338.8810
280.0120	338.3691
280.5239	338.3691
280.5239	337.3453
281.0358	337.3453
281.0358	336.3215
281.5477	336.3215
281.5477	335.8096
282.0596	335.8096
282.0596	334.7858
282.5715	334.7858
282.5715	333.7620
283.0834	333.7620
283.0834	332.7382
283.5953	332.7382
283.5953	332.2263
284.1072	332.2263
284.1072	331.7143
284.6191	331.7143
284.6191	331.2024
285.1310	331.2024
285.1310	330.6905
285.6429	330.6905
285.6429	330.1786
286.1548	330.1786
286.1548	329.6667
286.6667	329.6667
286.6667	329.1548
287.1786	329.1548
287.1786	328.6429
287.6905	328.6429
287.6905	327.6191
288.2024	327.6191
288.2024	326.5953
288.7143	326.5953
288.7143	324.0358
289.2262	324.0358
289.2262	319.4286
288.7143	319.4286
288.7143	316.8691
288.2024	316.8691
288.2024	315.8453
287.6905	315.8453
287.6905	314.8215
287.1786	314.8215
287.1786	314.3096
286.6667	314.3096
286.6667	313.7977
286.1548	313.7977
286.1548	313.2858
285.6429	313.2858
285.6429	312.7739
285.1310	312.7739
285.1310	311.7501
284.6191	311.7501
284.6191	310.7262
284.1072	310.7262
284.1072	310.2143
283.5953	310.2143
283.5953	309.7024
283.0834	309.7024
283.0834	309.1905
282.5715	309.1905
282.5715	308.6786
282.0596	308.6786
282.0596	308.1667
281.5477	308.1667
281.5477	307.6548
281.0358	307.6548
281.0358	307.1429
280.0120	307.1429
280.0120	306.6310
278.9881	306.6310
278.9881	306.1191
276.4286	306.1191
276.4286	305.6072
273.8691	305.6072
273.8691	306.1191
271.3096	306.1191
271.3096	306.6310
269.7739	306.6310
269.7739	306.1191
265.6786	306.1191
265.6786	305.6072
254.4167	305.6072
254.4167	305.0953
253.3929	305.0953
253.3929	304.5834
252.3691	304.5834
252.3691	304.0715
249.8096	304.0715
249.8096	303.5596
246.2262	303.5596
246.2262	303.0477
245.7143	303.0477
245.7143	302.5358
244.6905	302.5358
244.6905	302.0239
243.6667	302.0239
243.6667	301.5120
242.6429	301.5120
242.6429	301.0001
241.6191	301.0001
241.6191	300.4882
241.1072	300.4882
241.1072	299.9762
240.0834	299.9762
240.0834	299.4643
239.0596	299.4643
239.0596	298.9524
238.5477	298.9524
238.5477	298.4405
238.0358	298.4405
238.0358	297.9286
237.0119	297.9286
237.0119	297.4167
235.9881	297.4167
235.9881	296.9048
234.9643	296.9048
234.9643	296.3929
234.4524	296.3929
234.4524	295.8810
233.4286	295.8810
233.4286	295.3691
232.9167	295.3691
232.9167	294.3453
232.4048	294.3453
232.4048	293.3215
231.8929	293.3215
231.8929	292.8096
231.3810	292.8096
231.3810	292.2977
230.8691	292.2977
230.8691	291.7858
230.3572	291.7858
230.3572	291.2739
229.8453	291.2739
229.8453	290.7620
229.3334	290.7620
229.3334	290.2501
228.8215	290.2501
228.8215	289.2262
228.3096	289.2262
228.3096	288.2024
227.7977	288.2024
227.7977	287.1786
227.2858	287.1786
227.2858	286.6667
226.7739	286.6667
226.7739	285.6429
226.2619	285.6429
226.2619	284.6191
225.7500	284.6191
225.7500	284.1072
225.2381	284.1072
225.2381	283.0834
224.7262	283.0834
224.7262	280.5239
224.2143	280.5239
224.2143	279.5001
224.7262	279.5001
224.7262	274.3810
225.2381	274.3810
225.2381	273.3572
225.7500	273.3572
225.7500	270.7977
226.2619	270.7977
226.2619	269.7739
226.7739	269.7739
226.7739	268.2381
227.2858	268.2381
227.2858	267.7262
227.7977	267.7262
227.7977	266.7024
228.3096	266.7024
228.3096	265.6786
228.8215	265.6786
228.8215	263.1191
229.3334	263.1191
229.3334	262.6072
229.8453	262.6072
229.8453	262.0953
230.8691	262.0953
230.8691	261.5834
231.8929	261.5834
231.8929	261.0715
232.4048	261.0715
232.4048	260.5596
232.9167	260.5596
232.9167	260.0477
233.4286	260.0477
233.4286	259.5358
233.9405	259.5358
233.9405	259.0239
234.4524	259.0239
234.4524	258.0000
234.9643	258.0000
234.9643	256.9762
235.4762	256.9762
235.4762	254.4167
235.9881	254.4167
235.9881	252.8810
236.5000	252.8810
236.5000	250.3215
237.0119	250.3215
237.0119	249.2977
237.5239	249.2977
237.5239	246.7381
238.0358	246.7381
238.0358	243.6667
237.5239	243.6667
237.5239	241.1072
237.0119	241.1072
237.0119	240.0834
236.5000	240.0834
236.5000	239.0596
235.9881	239.0596
235.9881	238.5477
235.4762	238.5477
235.4762	238.0358
234.9643	238.0358
234.9643	237.5239
234.4524	237.5239
234.4524	237.0119
233.9405	237.0119
233.9405	236.5000
233.4286	236.5000
233.4286	235.9881
232.9167	235.9881
232.9167	233.4286
233.4286	233.4286
233.4286	232.9167
233.9405	232.9167
233.9405	232.4048
234.4524	232.4048
234.4524	231.8929
234.9643	231.8929
234.9643	230.8691
235.4762	230.8691
235.4762	229.8453
236.5000	229.8453
236.5000	229.3334
237.0119	229.3334
237.0119	228.8215
237.5239	228.8215
237.5239	228.3096
238.5477	228.3096
238.5477	227.7977
239.5715	227.7977
239.5715	227.2858
240.0834	227.2858
240.0834	226.7739
240.5953	226.7739
240.5953	226.2619
241.1072	226.2619
241.1072	225.7500
241.6191	225.7500
241.6191	225.2381
242.6429	225.2381
242.6429	224.7262
243.6667	224.7262
243.6667	224.2143
244.1786	224.2143
244.1786	223.7024
244.6905	223.7024
244.6905	223.1905
245.2024	223.1905
245.2024	222.6786
245.7143	222.6786
245.7143	222.1667
246.2262	222.1667
246.2262	221.6548
246.7381	221.6548
246.7381	220.6310
247.2500	220.6310
247.2500	219.6072
248.7858	219.6072
248.7858	219.0953
249.8096	219.0953
249.8096	218.5834
250.8334	218.5834
250.8334	218.0715
251.3453	218.0715
251.3453	217.5596
251.8572	217.5596
251.8572	217.0477
252.3691	217.0477
252.3691	216.5358
253.3929	216.5358
253.3929	216.0239
254.4167	216.0239
254.4167	215.5119
255.4405	215.5119
255.4405	215.0000
256.4643	215.0000
256.4643	214.4881
258.0000	214.4881
258.0000	213.9762
260.5596	213.9762
260.5596	213.4643
264.1429	213.4643
264.1429	212.9524
271.3096	212.9524
271.3096	213.4643
272.8453	213.4643
272.8453	213.9762
274.3810	213.9762
274.3810	214.4881
275.4048	214.4881
275.4048	215.0000
276.4286	215.0000
276.4286	215.5119
277.4524	215.5119
277.4524	216.0239
278.4762	216.0239
278.4762	216.5358
279.5001	216.5358
279.5001	217.0477
280.5239	217.0477
280.5239	217.5596
281.0358	217.5596
281.0358	218.0715
281.5477	218.0715
281.5477	218.5834
282.0596	218.5834
282.0596	219.0953
282.5715	219.0953
282.5715	219.6072
283.0834	219.6072
283.0834	220.1191
283.5953	220.1191
283.5953	220.6310
284.1072	220.6310
284.1072	221.1429
284.6191	221.1429
284.6191	222.1667
285.1310	222.1667
285.1310	222.6786
285.6429	222.6786
285.6429	223.7024
286.1548	223.7024
286.1548	224.7262
286.6667	224.7262
286.6667	225.7500
287.1786	225.7500
287.1786	226.7739
287.6905	226.7739
287.6905	227.2858
288.2024	227.2858
288.2024	227.7977
288.7143	227.7977
288.7143	228.3096
289.2262	228.3096
289.2262	228.8215
289.7382	228.8215
289.7382	229.3334
290.2501	229.3334
290.2501	229.8453
290.7620	229.8453
290.7620	230.3572
291.2739	230.3572
291.2739	230.8691
291.7858	230.8691
291.7858	231.3810
292.2977	231.3810
292.2977	231.8929
293.3215	231.8929
293.3215	232.4048
294.3453	232.4048
294.3453	232.9167
295.3691	232.9167
295.3691	233.4286
297.9286	233.4286
297.9286	233.9405
301.5120	233.9405
301.5120	233.4286
304.0715	233.4286
304.0715	232.9167
305.0953	232.9167
305.0953	232.4048
306.1191	232.4048
306.1191	231.8929
306.6310	231.8929
306.6310	231.3810
307.1429	231.3810
307.1429	230.8691
307.6548	230.8691
307.6548	230.3572
308.6786	230.3572
308.6786	229.8453
309.7024	229.8453
309.7024	229.3334
310.2143	229.3334
310.2143	228.8215
310.7262	228.8215
310.7262	228.3096
311.2382	228.3096
311.2382	227.7977
311.7501	227.7977
311.7501	227.2858
312.2620	227.2858
312.2620	226.2619
312.7739	226.2619
312.7739	225.2381
313.2858	225.2381
313.2858	222.6786
313.7977	222.6786
313.7977	218.0715
313.2858	218.0715
313.2858	217.0477
313.7977	217.0477
313.7977	213.4643
313.2858	213.4643
313.2858	210.9048
312.7739	210.9048
312.7739	209.8810
312.2620	209.8810
312.2620	208.8572
311.7501	208.8572
311.7501	208.3453
311.2382	208.3453
311.2382	207.8334
310.7262	207.8334
310.7262	207.3215
310.2143	207.3215
310.2143	206.8096
309.7024	206.8096
309.7024	206.2977
309.1905	206.2977
309.1905	205.7858
308.1667	205.7858
308.1667	205.2738
307.1429	205.2738
307.1429	204.7619
306.6310	204.7619
306.6310	204.2500
306.1191	204.2500
306.1191	203.7381
305.6072	203.7381
305.6072	203.2262
305.0953	203.2262
305.0953	202.7143
304.5834	202.7143
304.5834	202.2024
304.0715	202.2024
304.0715	201.6905
303.5596	201.6905
303.5596	201.1786
303.0477	201.1786
303.0477	200.6667
302.5358	200.6667
302.5358	199.1310
302.0239	199.1310
302.0239	198.1072
301.5120	198.1072
301.5120	197.0834
301.0001	197.0834
301.0001	196.0596
300.4882	196.0596
300.4882	195.5477
299.9762	195.5477
299.9762	195.0358
299.4643	195.0358
299.4643	194.5238
298.9524	194.5238
298.9524	194.0119
298.4405	194.0119
298.4405	193.5000
297.9286	193.5000
297.9286	192.9881
297.4167	192.9881
297.4167	192.4762
296.3929	192.4762
296.3929	190.9405
295.8810	190.9405
295.8810	189.9167
295.3691	189.9167
295.3691	188.8929
294.8572	188.8929
294.8572	188.3810
294.3453	188.3810
294.3453	187.3572
293.8334	187.3572
293.8334	185.8215
293.3215	185.8215
293.3215	184.7977
292.8096	184.7977
292.8096	183.7738
292.2977	183.7738
292.2977	182.2381
291.7858	182.2381
291.7858	179.6786
291.2739	179.6786
291.2739	178.6548
290.7620	178.6548
290.7620	177.1191
290.2501	177.1191
290.2501	175.5834
290.7620	175.5834
290.7620	173.0238
291.2739	173.0238
291.2739	169.4405
290.7620	169.4405
290.7620	167.3929
291.2739	167.3929
291.2739	166.3691
291.7858	166.3691
291.7858	164.8334
292.2977	164.8334
292.2977	162.2738
292.8096	162.2738
292.8096	161.7619
293.3215	161.7619
293.3215	161.2500
293.8334	161.2500
293.8334	160.7381
294.3453	160.7381
294.3453	160.2262
294.8572	160.2262
294.8572	159.7143
295.3691	159.7143
295.3691	159.2024
295.8810	159.2024
295.8810	158.1786
296.3929	158.1786
296.3929	157.6667
296.9048	157.6667
296.9048	157.1548
297.4167	157.1548
297.4167	156.1310
297.9286	156.1310
297.9286	155.1072
298.4405	155.1072
298.4405	152.5476
298.9524	152.5476
298.9524	148.9643
299.4643	148.9643
299.4643	143.3334
298.9524	143.3334
298.9524	140.7738
298.4405	140.7738
298.4405	139.7500
298.9524	139.7500
298.9524	138.7262
299.4643	138.7262
299.4643	137.7024
300.4882	137.7024
300.4882	137.1905
301.0001	137.1905
301.0001	136.6786
301.5120	136.6786
301.5120	136.1667
302.0239	136.1667
302.0239	135.6548
302.5358	135.6548
302.5358	135.1429
303.0477	135.1429
303.0477	134.6310
303.5596	134.6310
303.5596	134.1191
304.0715	134.1191
304.0715	133.6072
304.5834	133.6072
304.5834	133.0953
305.0953	133.0953
305.0953	132.5834
305.6072	132.5834
305.6072	132.0715
306.1191	132.0715
306.1191	131.0476
307.1429	131.0476
307.1429	130.5357
307.6548	130.5357
307.6548	130.0238
308.1667	130.0238
308.1667	129.5119
308.6786	129.5119
308.6786	129.0000
309.1905	129.0000
309.1905	128.4881
310.2143	128.4881
310.2143	127.9762
311.2382	127.9762
311.2382	127.4643
312.2620	127.4643
312.2620	126.9524
313.2858	126.9524
313.2858	126.4405
315.8453	126.4405
315.8453	125.9286
317.8929	125.9286
317.8929	125.4167
324.5477	125.4167
324.5477	124.9048
331.2024	124.9048
