325.5715	123.3691
327.1072	123.3691
327.1072	123.8810
328.1310	123.8810
328.1310	124.3929
329.6667	124.3929
329.6667	124.9048
330.6905	124.9048
330.6905	125.4167
331.2024	125.4167
331.2024	125.9286
331.7143	125.9286
331.7143	126.4405
332.7382	126.4405
332.7382	126.9524
333.7620	126.9524
333.7620	127.4643
334.7858	127.4643
334.7858	127.9762
335.8096	127.9762
335.8096	128.4881
336.3215	128.4881
336.3215	129.0000
337.3453	129.0000
337.3453	129.5119
338.3691	129.5119
338.3691	130.0238
338.8810	130.0238
338.8810	130.5357
339.3929	130.5357
339.3929	131.0476
339.9048	131.0476
339.9048	131.5595
340.9286	131.5595
340.9286	132.0715
341.4405	132.0715
341.4405	132.5834
341.9524	132.5834
341.9524	133.0953
342.4644	133.0953
342.4644	133.6072
342.9763	133.6072
342.9763	134.1191
343.4882	134.1191
343.4882	134.6310
344.0001	134.6310
344.0001	135.1429
344.5120	135.1429
344.5120	135.6548
345.0239	135.6548
345.0239	136.1667
345.5358	136.1667
345.5358	136.6786
346.0477	136.6786
346.0477	137.1905
346.5596	137.1905
346.5596	137.7024
347.5834	137.7024
347.5834	138.2143
348.0953	138.2143
348.0953	138.7262
348.6072	138.7262
348.6072	139.2381
349.1191	139.2381
349.1191	139.7500
349.6310	139.7500
349.6310	140.2619
350.1429	140.2619
350.1429	140.7738
350.6548	140.7738
350.6548	141.7976
351.1667	141.7976
351.1667	142.3096
351.6786	142.3096
351.6786	142.8215
352.1905	142.8215
352.1905	143.3334
352.7024	143.3334
352.7024	143.8453
353.2144	143.8453
353.2144	144.3572
353.7263	144.3572
353.7263	144.8691
354.2382	144.8691
354.2382	145.3810
355.2620	145.3810
355.2620	145.8929
356.2858	145.8929
356.2858	146.4048
358.8453	146.4048
358.8453	146.9167
362.4286	146.9167
362.4286	146.4048
364.9882	146.4048
364.9882	145.8929
366.0120	145.8929
366.0120	145.3810
367.0358	145.3810
367.0358	144.8691
368.5715	144.8691
368.5715	144.3572
369.5953	144.3572
369.5953	143.8453
370.6191	143.8453
370.6191	144.3572
377.2739	144.3572
377.2739	143.8453
379.8334	143.8453
379.8334	143.3334
382.3929	143.3334
382.3929	143.8453
384.9525	143.8453
384.9525	144.3572
387.5120	144.3572
387.5120	144.8691
390.0715	144.8691
390.0715	145.3810
391.0953	145.3810
391.0953	145.8929
392.1191	145.8929
392.1191	146.4048
393.6548	146.4048
393.6548	146.9167
394.6786	146.9167
394.6786	147.4286
395.7025	147.4286
395.7025	147.9405
397.2382	147.9405
397.2382	148.4524
397.7501	148.4524
397.7501	148.9643
398.7739	148.9643
398.7739	149.4762
399.7977	149.4762
399.7977	149.9881
400.8215	149.9881
400.8215	150.5000
401.8453	150.5000
401.8453	151.0119
402.3572	151.0119
402.3572	151.5238
402.8691	151.5238
402.8691	152.0357
403.3810	152.0357
403.3810	152.5476
403.8929	152.5476
403.8929	153.0596
404.4048	153.0596
404.4048	153.5715
405.4286	153.5715
405.4286	154.0834
405.9406	154.0834
405.9406	154.5953
406.4525	154.5953
406.4525	155.1072
406.9644	155.1072
406.9644	155.6191
407.4763	155.6191
407.4763	156.1310
407.9882	156.1310
407.9882	156.6429
408.5001	156.6429
408.5001	157.1548
409.0120	157.1548
409.0120	157.6667
410.0358	157.6667
410.0358	158.1786
410.5477	158.1786
410.5477	158.6905
411.0596	158.6905
411.0596	159.2024
411.5715	159.2024
411.5715	159.7143
412.0834	159.7143
412.0834	160.2262
413.1072	160.2262
413.1072	161.2500
413.6191	161.2500
413.6191	161.7619
414.1310	161.7619
414.1310	162.2738
414.6429	162.2738
414.6429	162.7857
415.1548	162.7857
415.1548	163.8096
415.6667	163.8096
415.6667	164.3215
416.1787	164.3215
416.1787	164.8334
416.6906	164.8334
416.6906	165.3453
417.2025	165.3453
417.2025	165.8572
417.7144	165.8572
417.7144	166.8810
418.2263	166.8810
418.2263	167.3929
418.7382	167.3929
418.7382	168.4167
419.2501	168.4167
419.2501	168.9286
419.7620	168.9286
419.7620	169.4405
420.2739	169.4405
420.2739	169.9524
420.7858	169.9524
420.7858	170.4643
421.2977	170.4643
421.2977	171.4881
421.8096	171.4881
421.8096	173.0238
422.3215	173.0238
422.3215	175.0715
422.8334	175.0715
422.8334	177.1191
423.3453	177.1191
423.3453	178.1429
423.8572	178.1429
423.8572	179.1667
424.3691	179.1667
424.3691	180.1905
424.8810	180.1905
424.8810	181.2143
425.3929	181.2143
425.3929	182.2381
425.9048	182.2381
425.9048	182.7500
426.4167	182.7500
426.4167	183.2619
426.9287	183.2619
426.9287	183.7738
427.4406	183.7738
427.4406	184.7977
427.9525	184.7977
427.9525	186.3334
428.4644	186.3334
428.4644	188.8929
428.9763	188.8929
428.9763	192.9881
429.4882	192.9881
429.4882	196.0596
430.0001	196.0596
430.0001	203.2262
429.4882	203.2262
429.4882	210.9048
428.9763	210.9048
428.9763	213.4643
428.4644	213.4643
428.4644	216.0239
427.9525	216.0239
427.9525	219.6072
427.4406	219.6072
427.4406	225.2381
426.9287	225.2381
426.9287	229.3334
426.4167	229.3334
426.4167	231.8929
425.9048	231.8929
425.9048	234.4524
425.3929	234.4524
425.3929	235.4762
424.8810	235.4762
424.8810	238.0358
424.3691	238.0358
424.3691	239.0596
423.8572	239.0596
423.8572	240.0834
423.3453	240.0834
423.3453	241.1072
422.8334	241.1072
422.8334	241.6191
422.3215	241.6191
422.3215	242.1310
421.8096	242.1310
421.8096	243.1548
421.2977	243.1548
421.2977	244.1786
420.7858	244.1786
420.7858	245.2024
420.2739	245.2024
420.2739	246.2262
419.7620	246.2262
419.7620	247.2500
419.2501	247.2500
419.2501	248.2739
418.7382	248.2739
418.7382	250.8334
418.2263	250.8334
418.2263	254.9286
418.7382	254.9286
418.7382	257.4881
419.2501	257.4881
419.2501	258.5120
419.7620	258.5120
419.7620	260.0477
420.2739	260.0477
420.2739	261.5834
420.7858	261.5834
420.7858	263.6310
421.2977	263.6310
421.2977	266.7024
421.8096	266.7024
421.8096	269.7739
421.2977	269.7739
421.2977	273.3572
420.7858	273.3572
420.7858	274.8929
420.2739	274.8929
420.2739	276.4286
419.7620	276.4286
419.7620	277.4524
419.2501	277.4524
419.2501	278.4762
418.7382	278.4762
418.7382	278.9881
418.2263	278.9881
418.2263	279.5001
417.7144	279.5001
417.7144	280.0120
417.2025	280.0120
417.2025	280.5239
416.6906	280.5239
416.6906	281.0358
416.1787	281.0358
416.1787	282.0596
415.6667	282.0596
415.6667	282.5715
415.1548	282.5715
415.1548	283.0834
414.6429	283.0834
414.6429	283.5953
414.1310	283.5953
414.1310	284.1072
413.6191	284.1072
413.6191	284.6191
413.1072	284.6191
413.1072	285.1310
412.5953	285.1310
412.5953	285.6429
412.0834	285.6429
412.0834	286.6667
411.5715	286.6667
411.5715	287.6905
411.0596	287.6905
411.0596	288.2024
410.5477	288.2024
410.5477	287.6905
407.9882	287.6905
407.9882	288.2024
405.4286	288.2024
405.4286	288.7143
404.4048	288.7143
404.4048	289.2262
403.3810	289.2262
403.3810	289.7382
402.8691	289.7382
402.8691	290.2501
402.3572	290.2501
402.3572	290.7620
401.8453	290.7620
401.8453	291.2739
401.3334	291.2739
401.3334	291.7858
400.8215	291.7858
400.8215	292.8096
400.3096	292.8096
400.3096	293.8334
399.7977	293.8334
399.7977	296.3929
399.2858	296.3929
399.2858	302.0239
398.7739	302.0239
398.7739	308.1667
398.2620	308.1667
398.2620	310.7262
398.7739	310.7262
398.7739	313.2858
399.2858	313.2858
399.2858	314.8215
399.7977	314.8215
399.7977	315.8453
400.3096	315.8453
400.3096	316.8691
400.8215	316.8691
400.8215	317.3810
401.3334	317.3810
401.3334	317.8929
401.8453	317.8929
401.8453	318.4048
402.3572	318.4048
402.3572	318.9167
402.8691	318.9167
402.8691	319.4286
403.3810	319.4286
403.3810	319.9405
403.8929	319.9405
403.8929	320.4524
404.4048	320.4524
404.4048	320.9643
404.9167	320.9643
404.9167	321.4763
405.4286	321.4763
405.4286	321.9882
405.9406	321.9882
405.9406	324.0358
405.4286	324.0358
405.4286	326.5953
404.9167	326.5953
404.9167	330.1786
405.4286	330.1786
405.4286	332.7382
405.9406	332.7382
405.9406	333.7620
406.4525	333.7620
406.4525	338.3691
405.4286	338.3691
405.4286	337.8572
404.9167	337.8572
404.9167	337.3453
403.8929	337.3453
403.8929	336.8334
402.8691	336.8334
402.8691	336.3215
400.3096	336.3215
400.3096	335.8096
397.7501	335.8096
397.7501	328.1310
398.2620	328.1310
398.2620	323.5239
397.7501	323.5239
397.7501	320.9643
397.2382	320.9643
397.2382	319.9405
396.7263	319.9405
396.7263	318.9167
396.2144	318.9167
396.2144	318.4048
395.7025	318.4048
395.7025	317.8929
395.1906	317.8929
395.1906	317.3810
394.6786	317.3810
394.6786	316.3572
394.1667	316.3572
394.1667	315.8453
393.6548	315.8453
393.6548	315.3334
393.1429	315.3334
393.1429	314.8215
392.6310	314.8215
392.6310	314.3096
392.1191	314.3096
392.1191	313.7977
391.6072	313.7977
391.6072	313.2858
390.5834	313.2858
390.5834	312.7739
389.5596	312.7739
389.5596	312.2620
387.0001	312.2620
387.0001	311.7501
383.9286	311.7501
383.9286	312.2620
381.3691	312.2620
381.3691	312.7739
380.3453	312.7739
380.3453	313.2858
379.3215	313.2858
379.3215	313.7977
378.8096	313.7977
378.8096	314.3096
378.2977	314.3096
378.2977	314.8215
377.7858	314.8215
377.7858	315.3334
377.2739	315.3334
377.2739	315.8453
376.7620	315.8453
376.7620	316.3572
376.2501	316.3572
376.2501	316.8691
375.2263	316.8691
375.2263	317.3810
374.7144	317.3810
374.7144	317.8929
374.2025	317.8929
374.2025	318.4048
373.6905	318.4048
373.6905	318.9167
373.1786	318.9167
373.1786	319.4286
372.6667	319.4286
372.6667	320.4524
372.1548	320.4524
372.1548	321.4763
371.6429	321.4763
371.6429	321.9882
371.1310	321.9882
371.1310	322.5001
370.6191	322.5001
370.6191	323.0120
370.1072	323.0120
370.1072	323.5239
369.5953	323.5239
369.5953	324.5477
369.0834	324.5477
369.0834	325.5715
368.5715	325.5715
368.5715	326.5953
368.0596	326.5953
368.0596	327.1072
367.5477	327.1072
367.5477	327.6191
367.0358	327.6191
367.0358	328.1310
366.5239	328.1310
366.5239	328.6429
366.0120	328.6429
366.0120	329.6667
365.5001	329.6667
365.5001	330.1786
364.9882	330.1786
364.9882	330.6905
364.4763	330.6905
364.4763	331.2024
363.9644	331.2024
363.9644	331.7143
363.4525	331.7143
363.4525	332.7382
362.9405	332.7382
362.9405	333.7620
362.4286	333.7620
362.4286	336.3215
361.9167	336.3215
361.9167	339.3929
362.4286	339.3929
362.4286	341.9524
362.9405	341.9524
362.9405	349.6310
363.4525	349.6310
363.4525	351.6786
362.9405	351.6786
362.9405	354.2382
362.4286	354.2382
362.4286	356.2858
361.9167	356.2858
361.9167	356.7977
361.4048	356.7977
361.4048	357.3096
360.8929	357.3096
360.8929	357.8215
360.3810	357.8215
360.3810	358.8453
359.8691	358.8453
359.8691	359.3572
359.3572	359.3572
359.3572	360.3810
358.3334	360.3810
358.3334	360.8929
357.8215	360.8929
357.8215	361.4048
356.7977	361.4048
356.7977	361.9167
356.2858	361.9167
356.2858	362.4286
355.7739	362.4286
355.7739	362.9405
355.2620	362.9405
355.2620	363.4525
354.7501	363.4525
354.7501	363.9644
354.2382	363.9644
354.2382	364.4763
353.7263	364.4763
353.7263	364.9882
350.6548	364.9882
350.6548	365.5001
347.0715	365.5001
347.0715	366.0120
344.5120	366.0120
344.5120	366.5239
343.4882	366.5239
343.4882	367.0358
342.4644	367.0358
342.4644	367.5477
341.9524	367.5477
341.9524	368.0596
341.4405	368.0596
341.4405	368.5715
340.9286	368.5715
340.9286	369.0834
340.4167	369.0834
340.4167	369.5953
339.9048	369.5953
339.9048	370.1072
339.3929	370.1072
339.3929	371.1310
338.8810	371.1310
338.8810	371.6429
338.3691	371.6429
338.3691	372.6667
337.8572	372.6667
337.8572	373.6905
337.3453	373.6905
337.3453	374.7144
336.8334	374.7144
336.8334	375.2263
336.3215	375.2263
336.3215	375.7382
335.8096	375.7382
335.8096	376.7620
335.2977	376.7620
335.2977	377.2739
334.7858	377.2739
334.7858	377.7858
332.7382	377.7858
332.7382	378.2977
331.7143	378.2977
331.7143	378.8096
330.6905	378.8096
330.6905	379.3215
329.1548	379.3215
329.1548	379.8334
326.5953	379.8334
326.5953	380.3453
324.5477	380.3453
324.5477	380.8572
323.5239	380.8572
323.5239	380.3453
322.5001	380.3453
322.5001	379.8334
319.9405	379.8334
319.9405	379.3215
312.7739	379.3215
312.7739	379.8334
310.2143	379.8334
310.2143	380.3453
309.1905	380.3453
309.1905	380.8572
308.1667	380.8572
308.1667	381.3691
307.6548	381.3691
307.6548	381.8810
307.1429	381.8810
307.1429	382.3929
306.6310	382.3929
306.6310	382.9048
306.1191	382.9048
306.1191	383.4167
305.6072	383.4167
305.6072	384.4405
305.0953	384.4405
305.0953	385.4644
304.5834	385.4644
304.5834	382.9048
304.0715	382.9048
304.0715	381.8810
303.5596	381.8810
303.5596	380.8572
303.0477	380.8572
303.0477	380.3453
302.5358	380.3453
302.5358	379.8334
302.0239	379.8334
302.0239	379.3215
301.5120	379.3215
301.5120	378.8096
301.0001	378.8096
301.0001	378.2977
299.9762	378.2977
299.9762	377.7858
298.9524	377.7858
298.9524	377.2739
297.4167	377.2739
297.4167	376.7620
295.8810	376.7620
295.8810	376.2501
293.3215	376.2501
293.3215	375.7382
291.7858	375.7382
291.7858	375.2263
289.2262	375.2263
289.2262	374.7144
288.2024	374.7144
288.2024	374.2025
287.1786	374.2025
287.1786	373.6905
285.6429	373.6905
285.6429	373.1786
283.0834	373.1786
283.0834	372.6667
281.5477	372.6667
281.5477	372.1548
280.5239	372.1548
280.5239	371.6429
280.0120	371.6429
280.0120	371.1310
278.9881	371.1310
278.9881	370.6191
277.9643	370.6191
277.9643	370.1072
277.4524	370.1072
277.4524	369.5953
276.9405	369.5953
276.9405	369.0834
276.4286	369.0834
276.4286	368.0596
275.9167	368.0596
275.9167	367.0358
275.4048	367.0358
275.4048	366.0120
274.8929	366.0120
274.8929	365.5001
274.3810	365.5001
274.3810	364.4763
273.8691	364.4763
273.8691	361.4048
273.3572	361.4048
273.3572	358.8453
272.8453	358.8453
272.8453	357.8215
272.3334	357.8215
272.3334	354.7501
272.8453	354.7501
272.8453	354.2382
273.3572	354.2382
273.3572	353.7263
273.8691	353.7263
273.8691	353.2144
274.3810	353.2144
274.3810	352.1905
274.8929	352.1905
274.8929	351.1667
275.4048	351.1667
275.4048	348.6072
275.9167	348.6072
275.9167	345.0239
276.4286	345.0239
276.4286	344.0001
276.9405	344.0001
276.9405	342.9763
277.4524	342.9763
277.4524	342.4644
277.9643	342.4644
277.9643	341.9524
278.4762	341.9524
278.4762	341.4405
278.9881	341.4405
278.9881	340.4167
279.5001	340.4167
279.5001	339.9048
280.0120	339.9048
280.0120	339.3929
280.5239	339.3929
280.5239	338.8810
281.0358	338.8810
281.0358	338.3691
281.5477	338.3691
281.5477	337.8572
282.0596	337.8572
282.0596	337.3453
282.5715	337.3453
282.5715	336.8334
283.0834	336.8334
283.0834	336.3215
283.5953	336.3215
283.5953	335.8096
284.1072	335.8096
284.1072	335.2977
284.6191	335.2977
284.6191	334.7858
285.1310	334.7858
285.1310	334.2739
285.6429	334.2739
285.6429	333.7620
286.1548	333.7620
286.1548	332.7382
286.6667	332.7382
286.6667	331.7143
287.1786	331.7143
287.1786	329.6667
287.6905	329.6667
287.6905	329.1548
288.2024	329.1548
288.2024	328.1310
288.7143	328.1310
288.7143	327.1072
289.2262	327.1072
289.2262	326.0834
289.7382	326.0834
289.7382	325.5715
290.2501	325.5715
290.2501	325.0596
290.7620	325.0596
290.7620	324.0358
291.2739	324.0358
291.2739	323.0120
291.7858	323.0120
291.7858	320.4524
292.2977	320.4524
292.2977	316.8691
291.7858	316.8691
291.7858	314.3096
291.2739	314.3096
291.2739	313.2858
290.7620	313.2858
290.7620	312.2620
290.2501	312.2620
290.2501	311.7501
289.7382	311.7501
289.7382	310.2143
289.2262	310.2143
289.2262	309.1905
288.7143	309.1905
288.7143	308.1667
288.2024	308.1667
288.2024	307.6548
287.6905	307.6548
287.6905	307.1429
287.1786	307.1429
287.1786	306.6310
286.6667	306.6310
286.6667	306.1191
286.1548	306.1191
286.1548	305.6072
285.6429	305.6072
285.6429	305.0953
284.6191	305.0953
284.6191	304.5834
283.5953	304.5834
283.5953	304.0715
282.0596	304.0715
282.0596	303.5596
279.5001	303.5596
279.5001	303.0477
276.4286	303.0477
276.4286	302.5358
275.4048	302.5358
275.4048	302.0239
273.3572	302.0239
273.3572	301.5120
272.8453	301.5120
272.8453	301.0001
272.3334	301.0001
272.3334	300.4882
271.8215	300.4882
271.8215	299.9762
271.3096	299.9762
271.3096	299.4643
270.7977	299.4643
270.7977	298.9524
269.7739	298.9524
269.7739	298.4405
268.7501	298.4405
268.7501	297.9286
266.1905	297.9286
266.1905	297.4167
263.1191	297.4167
263.1191	297.9286
260.5596	297.9286
260.5596	298.4405
259.5358	298.4405
259.5358	298.9524
258.5120	298.9524
258.5120	299.4643
253.3929	299.4643
253.3929	298.9524
252.3691	298.9524
252.3691	298.4405
251.3453	298.4405
251.3453	297.9286
248.7858	297.9286
248.7858	297.4167
245.2024	297.4167
245.2024	296.9048
244.1786	296.9048
244.1786	296.3929
243.1548	296.3929
243.1548	295.8810
242.1310	295.8810
242.1310	295.3691
241.1072	295.3691
241.1072	294.8572
240.5953	294.8572
240.5953	294.3453
240.0834	294.3453
240.0834	293.8334
239.5715	293.8334
239.5715	293.3215
239.0596	293.3215
239.0596	292.8096
238.5477	292.8096
238.5477	292.2977
238.0358	292.2977
238.0358	291.7858
237.5239	291.7858
237.5239	291.2739
237.0119	291.2739
237.0119	290.2501
236.5000	290.2501
236.5000	289.2262
235.9881	289.2262
235.9881	288.7143
235.4762	288.7143
235.4762	287.6905
234.9643	287.6905
234.9643	286.6667
234.4524	286.6667
234.4524	285.6429
233.9405	285.6429
233.9405	284.6191
233.4286	284.6191
233.4286	284.1072
232.9167	284.1072
232.9167	283.5953
232.4048	283.5953
232.4048	283.0834
231.8929	283.0834
231.8929	282.5715
231.3810	282.5715
231.3810	281.5477
230.8691	281.5477
230.8691	280.5239
230.3572	280.5239
230.3572	279.5001
229.8453	279.5001
229.8453	278.9881
229.3334	278.9881
229.3334	277.4524
228.8215	277.4524
228.8215	276.4286
229.3334	276.4286
229.3334	272.3334
228.8215	272.3334
228.8215	267.2143
228.3096	267.2143
228.3096	265.1667
228.8215	265.1667
228.8215	262.6072
228.3096	262.6072
228.3096	260.0477
227.7977	260.0477
227.7977	259.0239
227.2858	259.0239
227.2858	258.0000
228.3096	258.0000
228.3096	258.5120
229.3334	258.5120
229.3334	259.0239
230.3572	259.0239
230.3572	259.5358
232.9167	259.5358
232.9167	260.0477
235.4762	260.0477
235.4762	259.5358
238.0358	259.5358
238.0358	259.0239
239.0596	259.0239
239.0596	258.5120
240.0834	258.5120
240.0834	258.0000
241.1072	258.0000
241.1072	257.4881
241.6191	257.4881
241.6191	256.9762
242.1310	256.9762
242.1310	256.4643
242.6429	256.4643
242.6429	255.9524
243.1548	255.9524
243.1548	255.4405
243.6667	255.4405
243.6667	254.4167
244.1786	254.4167
244.1786	253.3929
244.6905	253.3929
244.6905	250.8334
245.2024	250.8334
245.2024	248.2739
244.6905	248.2739
244.6905	245.7143
244.1786	245.7143
244.1786	244.6905
243.6667	244.6905
243.6667	243.6667
243.1548	243.6667
243.1548	243.1548
243.6667	243.1548
243.6667	240.5953
243.1548	240.5953
243.1548	238.0358
242.6429	238.0358
242.6429	237.0119
242.1310	237.0119
242.1310	235.9881
241.6191	235.9881
241.6191	235.4762
241.1072	235.4762
241.1072	234.9643
240.5953	234.9643
240.5953	234.4524
240.0834	234.4524
240.0834	233.9405
239.5715	233.9405
239.5715	233.4286
238.5477	233.4286
238.5477	232.9167
237.5239	232.9167
237.5239	232.4048
234.9643	232.4048
234.9643	231.8929
230.8691	231.8929
230.8691	231.3810
230.3572	231.3810
230.3572	230.8691
230.8691	230.8691
230.8691	229.8453
231.3810	229.8453
231.3810	228.8215
231.8929	228.8215
231.8929	227.7977
232.4048	227.7977
232.4048	226.7739
232.9167	226.7739
232.9167	226.2619
233.4286	226.2619
233.4286	225.7500
233.9405	225.7500
233.9405	225.2381
234.4524	225.2381
234.4524	224.7262
234.9643	224.7262
234.9643	224.2143
235.9881	224.2143
235.9881	223.7024
236.5000	223.7024
236.5000	223.1905
237.0119	223.1905
237.0119	222.6786
237.5239	222.6786
237.5239	222.1667
238.0358	222.1667
238.0358	221.6548
238.5477	221.6548
238.5477	221.1429
239.5715	221.1429
239.5715	220.6310
240.0834	220.6310
240.0834	220.1191
240.5953	220.1191
240.5953	219.6072
242.1310	219.6072
242.1310	219.0953
243.1548	219.0953
243.1548	218.5834
244.1786	218.5834
244.1786	218.0715
245.7143	218.0715
245.7143	217.5596
246.7381	217.5596
246.7381	217.0477
249.2977	217.0477
249.2977	216.5358
250.3215	216.5358
250.3215	216.0239
260.0477	216.0239
260.0477	215.5119
264.6548	215.5119
264.6548	215.0000
267.2143	215.0000
267.2143	214.4881
268.7501	214.4881
268.7501	213.9762
269.7739	213.9762
269.7739	213.4643
272.3334	213.4643
272.3334	212.9524
273.3572	212.9524
273.3572	212.4405
276.9405	212.4405
276.9405	211.9286
277.4524	211.9286
277.4524	212.4405
281.0358	212.4405
281.0358	212.9524
283.0834	212.9524
283.0834	213.4643
284.1072	213.4643
284.1072	213.9762
285.1310	213.9762
285.1310	214.4881
285.6429	214.4881
285.6429	215.0000
286.6667	215.0000
286.6667	215.5119
287.6905	215.5119
287.6905	216.0239
288.7143	216.0239
288.7143	216.5358
289.7382	216.5358
289.7382	217.0477
290.7620	217.0477
290.7620	217.5596
291.7858	217.5596
291.7858	218.0715
294.3453	218.0715
294.3453	218.5834
296.9048	218.5834
296.9048	218.0715
299.4643	218.0715
299.4643	217.5596
300.4882	217.5596
300.4882	217.0477
301.5120	217.0477
301.5120	216.5358
302.0239	216.5358
302.0239	216.0239
302.5358	216.0239
302.5358	215.5119
303.0477	215.5119
303.0477	215.0000
303.5596	215.0000
303.5596	214.4881
304.0715	214.4881
304.0715	213.4643
304.5834	213.4643
304.5834	212.4405
305.0953	212.4405
305.0953	209.8810
305.6072	209.8810
305.6072	207.3215
305.0953	207.3215
305.0953	204.7619
304.5834	204.7619
304.5834	203.7381
304.0715	203.7381
304.0715	202.7143
303.5596	202.7143
303.5596	202.2024
303.0477	202.2024
303.0477	201.1786
302.5358	201.1786
302.5358	200.1548
302.0239	200.1548
302.0239	199.1310
301.5120	199.1310
301.5120	198.1072
301.0001	198.1072
301.0001	197.0834
300.4882	197.0834
300.4882	196.5715
299.9762	196.5715
299.9762	195.5477
299.4643	195.5477
299.4643	194.5238
298.9524	194.5238
298.9524	194.0119
298.4405	194.0119
298.4405	192.9881
297.9286	192.9881
297.9286	192.4762
297.4167	192.4762
297.4167	191.9643
296.9048	191.9643
296.9048	191.4524
296.3929	191.4524
296.3929	190.4286
295.8810	190.4286
295.8810	188.3810
296.3929	188.3810
296.3929	180.7024
295.8810	180.7024
295.8810	178.1429
295.3691	178.1429
295.3691	177.1191
294.8572	177.1191
294.8572	175.5834
294.3453	175.5834
294.3453	168.9286
294.8572	168.9286
294.8572	161.7619
298.4405	161.7619
298.4405	161.2500
301.0001	161.2500
301.0001	160.7381
302.0239	160.7381
302.0239	160.2262
303.0477	160.2262
303.0477	159.7143
303.5596	159.7143
303.5596	159.2024
304.0715	159.2024
304.0715	158.6905
304.5834	158.6905
304.5834	158.1786
305.0953	158.1786
305.0953	157.6667
305.6072	157.6667
305.6072	156.6429
306.1191	156.6429
306.1191	156.1310
306.6310	156.1310
306.6310	155.6191
307.1429	155.6191
307.1429	155.1072
307.6548	155.1072
307.6548	154.0834
308.1667	154.0834
308.1667	153.0596
308.6786	153.0596
308.6786	150.5000
309.1905	150.5000
309.1905	147.9405
308.6786	147.9405
308.6786	145.3810
308.1667	145.3810
308.1667	144.3572
307.6548	144.3572
307.6548	143.3334
307.1429	143.3334
307.1429	142.8215
306.6310	142.8215
306.6310	142.3096
307.1429	142.3096
307.1429	138.2143
306.6310	138.2143
306.6310	135.6548
306.1191	135.6548
306.1191	134.6310
305.6072	134.6310
305.6072	133.6072
305.0953	133.6072
305.0953	132.5834
305.6072	132.5834
305.6072	131.5595
306.1191	131.5595
306.1191	131.0476
306.6310	131.0476
306.6310	130.5357
307.1429	130.5357
307.1429	130.0238
307.6548	130.0238
307.6548	129.5119
308.1667	129.5119
308.1667	129.0000
309.1905	129.0000
309.1905	128.4881
309.7024	128.4881
309.7024	127.9762
310.2143	127.9762
310.2143	127.4643
310.7262	127.4643
310.7262	126.9524
311.7501	126.9524
311.7501	126.4405
312.2620	126.4405
312.2620	125.9286
313.2858	125.9286
313.2858	125.4167
314.3096	125.4167
314.3096	124.9048
314.8215	124.9048
314.8215	124.3929
315.3334	124.3929
315.3334	123.8810
316.8691	123.8810
316.8691	123.3691
320.9643	123.3691
320.9643	122.8572
325.5715	122.8572
