341.9524	203.7381
343.4882	203.7381
343.4882	204.2500
344.0001	204.2500
344.0001	204.7619
345.0239	204.7619
345.0239	205.2738
346.0477	205.2738
346.0477	205.7858
348.6072	205.7858
348.6072	206.2977
352.1905	206.2977
352.1905	206.8096
354.7501	206.8096
354.7501	207.3215
355.2620	207.3215
355.2620	207.8334
356.2858	207.8334
356.2858	208.3453
357.3096	208.3453
357.3096	208.8572
358.8453	208.8572
358.8453	209.3691
360.8929	209.3691
360.8929	209.8810
362.4286	209.8810
362.4286	210.3929
363.4525	210.3929
363.4525	210.9048
364.4763	210.9048
364.4763	211.4167
365.5001	211.4167
365.5001	211.9286
366.0120	211.9286
366.0120	212.4405
367.0358	212.4405
367.0358	212.9524
367.5477	212.9524
367.5477	213.4643
368.0596	213.4643
368.0596	213.9762
368.5715	213.9762
368.5715	214.4881
369.5953	214.4881
369.5953	215.0000
370.1072	215.0000
370.1072	215.5119
371.1310	215.5119
371.1310	216.0239
371.6429	216.0239
371.6429	216.5358
372.1548	216.5358
372.1548	217.0477
372.6667	217.0477
372.6667	217.5596
373.1786	217.5596
373.1786	218.0715
374.2025	218.0715
374.2025	219.0953
374.7144	219.0953
374.7144	219.6072
375.2263	219.6072
375.2263	220.1191
375.7382	220.1191
375.7382	220.6310
376.2501	220.6310
376.2501	221.6548
376.7620	221.6548
376.7620	222.6786
377.2739	222.6786
377.2739	224.2143
377.7858	224.2143
377.7858	225.2381
378.2977	225.2381
378.2977	226.7739
378.8096	226.7739
378.8096	227.7977
379.3215	227.7977
379.3215	229.3334
379.8334	229.3334
379.8334	230.3572
380.3453	230.3572
380.3453	234.9643
380.8572	234.9643
380.8572	237.5239
381.3691	237.5239
381.3691	240.0834
381.8810	240.0834
381.8810	242.6429
381.3691	242.6429
381.3691	244.1786
380.8572	244.1786
380.8572	245.7143
380.3453	245.7143
380.3453	248.2739
379.8334	248.2739
379.8334	250.8334
379.3215	250.8334
379.3215	258.5120
379.8334	258.5120
379.8334	261.0715
380.3453	261.0715
380.3453	262.0953
380.8572	262.0953
380.8572	267.7262
381.3691	267.7262
381.3691	270.2858
381.8810	270.2858
381.8810	271.3096
382.3929	271.3096
382.3929	272.3334
382.9048	272.3334
382.9048	272.8453
383.4167	272.8453
383.4167	274.8929
383.9286	274.8929
383.9286	275.9167
384.4405	275.9167
384.4405	277.4524
384.9525	277.4524
384.9525	278.4762
384.4405	278.4762
384.4405	283.0834
384.9525	283.0834
384.9525	285.6429
385.4644	285.6429
385.4644	286.6667
385.9763	286.6667
385.9763	289.2262
385.4644	289.2262
385.4644	289.7382
384.9525	289.7382
384.9525	290.2501
384.4405	290.2501
384.4405	290.7620
383.9286	290.7620
383.9286	291.7858
383.4167	291.7858
383.4167	292.8096
382.9048	292.8096
382.9048	295.3691
382.3929	295.3691
382.3929	295.8810
381.3691	295.8810
381.3691	296.3929
380.8572	296.3929
380.8572	296.9048
380.3453	296.9048
380.3453	297.4167
379.8334	297.4167
379.8334	297.9286
379.3215	297.9286
379.3215	298.4405
378.8096	298.4405
378.8096	298.9524
378.2977	298.9524
378.2977	299.9762
377.7858	299.9762
377.7858	301.0001
377.2739	301.0001
377.2739	303.5596
376.7620	303.5596
376.7620	306.1191
376.2501	306.1191
376.2501	310.7262
376.7620	310.7262
376.7620	312.2620
376.2501	312.2620
376.2501	312.7739
375.7382	312.7739
375.7382	313.7977
375.2263	313.7977
375.2263	314.8215
374.7144	314.8215
374.7144	317.3810
374.2025	317.3810
374.2025	319.9405
374.7144	319.9405
374.7144	322.5001
375.2263	322.5001
375.2263	323.5239
375.7382	323.5239
375.7382	324.5477
376.2501	324.5477
376.2501	325.0596
376.7620	325.0596
376.7620	325.5715
377.2739	325.5715
377.2739	326.0834
377.7858	326.0834
377.7858	326.5953
378.2977	326.5953
378.2977	329.1548
377.7858	329.1548
377.7858	329.6667
377.2739	329.6667
377.2739	330.1786
376.7620	330.1786
376.7620	331.2024
376.2501	331.2024
376.2501	332.2263
375.7382	332.2263
375.7382	331.7143
375.2263	331.7143
375.2263	330.6905
374.7144	330.6905
374.7144	329.6667
374.2025	329.6667
374.2025	329.1548
373.6905	329.1548
373.6905	328.6429
373.1786	328.6429
373.1786	328.1310
372.6667	328.1310
372.6667	327.6191
372.1548	327.6191
372.1548	327.1072
371.6429	327.1072
371.6429	326.5953
371.1310	326.5953
371.1310	326.0834
370.6191	326.0834
370.6191	325.5715
369.5953	325.5715
369.5953	325.0596
368.5715	325.0596
368.5715	324.5477
366.0120	324.5477
366.0120	324.0358
361.4048	324.0358
361.4048	324.5477
358.8453	324.5477
358.8453	324.0358
355.7739	324.0358
355.7739	324.5477
353.2144	324.5477
353.2144	325.0596
352.1905	325.0596
352.1905	325.5715
351.1667	325.5715
351.1667	326.0834
349.1191	326.0834
349.1191	326.5953
346.0477	326.5953
346.0477	327.1072
338.8810	327.1072
338.8810	326.5953
337.8572	326.5953
337.8572	326.0834
337.3453	326.0834
337.3453	325.5715
336.8334	325.5715
336.8334	325.0596
336.3215	325.0596
336.3215	324.5477
335.2977	324.5477
335.2977	324.0358
334.2739	324.0358
334.2739	323.5239
332.7382	323.5239
332.7382	323.0120
330.1786	323.0120
330.1786	322.5001
329.6667	322.5001
329.6667	321.9882
329.1548	321.9882
329.1548	321.4763
328.6429	321.4763
328.6429	320.9643
327.6191	320.9643
327.6191	320.4524
326.5953	320.4524
326.5953	319.9405
324.0358	319.9405
324.0358	319.4286
323.5239	319.4286
323.5239	318.9167
323.0120	318.9167
323.0120	318.4048
321.9882	318.4048
321.9882	317.8929
320.9643	317.8929
320.9643	317.3810
319.9405	317.3810
319.9405	316.8691
319.4286	316.8691
319.4286	316.3572
318.9167	316.3572
318.9167	315.8453
317.8929	315.8453
317.8929	315.3334
316.8691	315.3334
316.8691	314.8215
315.3334	314.8215
315.3334	314.3096
314.3096	314.3096
314.3096	313.7977
312.7739	313.7977
312.7739	313.2858
312.2620	313.2858
312.2620	312.7739
311.7501	312.7739
311.7501	312.2620
310.7262	312.2620
310.7262	311.7501
309.7024	311.7501
309.7024	310.7262
309.1905	310.7262
309.1905	310.2143
308.6786	310.2143
308.6786	309.7024
308.1667	309.7024
308.1667	308.6786
307.6548	308.6786
307.6548	307.6548
307.1429	307.6548
307.1429	306.6310
306.6310	306.6310
306.6310	306.1191
306.1191	306.1191
306.1191	305.6072
305.6072	305.6072
305.6072	305.0953
305.0953	305.0953
305.0953	304.0715
304.5834	304.0715
304.5834	303.5596
304.0715	303.5596
304.0715	303.0477
303.5596	303.0477
303.5596	302.5358
303.0477	302.5358
303.0477	302.0239
302.5358	302.0239
302.5358	301.0001
302.0239	301.0001
302.0239	299.9762
301.5120	299.9762
301.5120	299.4643
301.0001	299.4643
301.0001	298.9524
300.4882	298.9524
300.4882	297.9286
299.9762	297.9286
299.9762	291.2739
299.4643	291.2739
299.4643	290.2501
300.4882	290.2501
300.4882	289.7382
301.5120	289.7382
301.5120	289.2262
302.5358	289.2262
302.5358	288.7143
303.0477	288.7143
303.0477	288.2024
303.5596	288.2024
303.5596	287.6905
304.0715	287.6905
304.0715	287.1786
304.5834	287.1786
304.5834	286.6667
305.0953	286.6667
305.0953	285.6429
305.6072	285.6429
305.6072	284.6191
306.1191	284.6191
306.1191	282.5715
306.6310	282.5715
306.6310	281.5477
307.1429	281.5477
307.1429	278.9881
307.6548	278.9881
307.6548	274.8929
307.1429	274.8929
307.1429	272.3334
306.6310	272.3334
306.6310	271.3096
307.1429	271.3096
307.1429	270.2858
307.6548	270.2858
307.6548	269.2620
308.1667	269.2620
308.1667	268.7501
308.6786	268.7501
308.6786	268.2381
309.1905	268.2381
309.1905	267.2143
309.7024	267.2143
309.7024	266.1905
310.2143	266.1905
310.2143	263.6310
310.7262	263.6310
310.7262	257.4881
311.2382	257.4881
311.2382	251.3453
311.7501	251.3453
311.7501	248.7858
312.2620	248.7858
312.2620	247.2500
312.7739	247.2500
312.7739	245.2024
313.2858	245.2024
313.2858	244.1786
313.7977	244.1786
313.7977	243.1548
314.3096	243.1548
314.3096	242.1310
314.8215	242.1310
314.8215	239.5715
315.3334	239.5715
315.3334	237.5239
315.8453	237.5239
315.8453	237.0119
316.3572	237.0119
316.3572	236.5000
316.8691	236.5000
316.8691	235.9881
317.3810	235.9881
317.3810	235.4762
317.8929	235.4762
317.8929	234.4524
318.4048	234.4524
318.4048	233.4286
318.9167	233.4286
318.9167	230.8691
319.4286	230.8691
319.4286	228.3096
318.9167	228.3096
318.9167	225.7500
318.4048	225.7500
318.4048	224.7262
317.8929	224.7262
317.8929	223.7024
317.3810	223.7024
317.3810	223.1905
316.8691	223.1905
316.8691	222.6786
316.3572	222.6786
316.3572	221.1429
316.8691	221.1429
316.8691	220.6310
317.3810	220.6310
317.3810	219.6072
317.8929	219.6072
317.8929	218.5834
318.4048	218.5834
318.4048	217.5596
319.4286	217.5596
319.4286	217.0477
320.4524	217.0477
320.4524	216.5358
320.9643	216.5358
320.9643	216.0239
321.9882	216.0239
321.9882	215.5119
322.5001	215.5119
322.5001	215.0000
323.0120	215.0000
323.0120	214.4881
323.5239	214.4881
323.5239	213.9762
324.0358	213.9762
324.0358	213.4643
324.5477	213.4643
324.5477	212.9524
325.0596	212.9524
325.0596	212.4405
325.5715	212.4405
325.5715	211.4167
326.0834	211.4167
326.0834	210.3929
326.5953	210.3929
326.5953	209.8810
327.1072	209.8810
327.1072	209.3691
327.6191	209.3691
327.6191	208.8572
328.1310	208.8572
328.1310	208.3453
328.6429	208.3453
328.6429	207.8334
329.1548	207.8334
329.1548	207.3215
329.6667	207.3215
329.6667	206.8096
333.2501	206.8096
333.2501	206.2977
335.8096	206.2977
335.8096	205.7858
336.8334	205.7858
336.8334	205.2738
337.8572	205.2738
337.8572	204.7619
338.3691	204.7619
338.3691	204.2500
338.8810	204.2500
338.8810	203.7381
340.9286	203.7381
340.9286	203.2262
341.9524	203.2262
