404.4048	199.1310
405.4286	199.1310
405.4286	201.1786
405.9406	201.1786
405.9406	202.2024
405.4286	202.2024
405.4286	202.7143
404.9167	202.7143
404.9167	203.2262
404.4048	203.2262
404.4048	203.7381
403.8929	203.7381
403.8929	204.2500
403.3810	204.2500
403.3810	204.7619
402.8691	204.7619
402.8691	205.7858
402.3572	205.7858
402.3572	206.8096
401.8453	206.8096
401.8453	209.3691
401.3334	209.3691
401.3334	212.4405
401.8453	212.4405
401.8453	215.0000
402.3572	215.0000
402.3572	216.0239
402.8691	216.0239
402.8691	217.0477
403.3810	217.0477
403.3810	217.5596
403.8929	217.5596
403.8929	218.0715
404.4048	218.0715
404.4048	218.5834
404.9167	218.5834
404.9167	219.0953
405.4286	219.0953
405.4286	219.6072
405.9406	219.6072
405.9406	220.1191
406.4525	220.1191
406.4525	220.6310
406.9644	220.6310
406.9644	221.1429
407.4763	221.1429
407.4763	221.6548
407.9882	221.6548
407.9882	222.1667
409.0120	222.1667
409.0120	223.1905
409.5239	223.1905
409.5239	223.7024
410.0358	223.7024
410.0358	224.2143
410.5477	224.2143
410.5477	224.7262
411.0596	224.7262
411.0596	225.7500
411.5715	225.7500
411.5715	226.2619
412.0834	226.2619
412.0834	226.7739
412.5953	226.7739
412.5953	227.2858
413.1072	227.2858
413.1072	228.3096
413.6191	228.3096
413.6191	229.3334
414.1310	229.3334
414.1310	229.8453
414.6429	229.8453
414.6429	230.8691
415.1548	230.8691
415.1548	231.3810
415.6667	231.3810
415.6667	232.9167
416.1787	232.9167
416.1787	233.9405
416.6906	233.9405
416.6906	234.9643
417.2025	234.9643
417.2025	235.4762
417.7144	235.4762
417.7144	235.9881
418.2263	235.9881
418.2263	236.5000
418.7382	236.5000
418.7382	238.0358
419.2501	238.0358
419.2501	239.0596
419.7620	239.0596
419.7620	240.0834
420.2739	240.0834
420.2739	240.5953
420.7858	240.5953
420.7858	242.1310
421.2977	242.1310
421.2977	243.1548
421.8096	243.1548
421.8096	244.6905
422.3215	244.6905
422.3215	245.7143
422.8334	245.7143
422.8334	246.7381
423.3453	246.7381
423.3453	247.7620
423.8572	247.7620
423.8572	248.7858
424.3691	248.7858
424.3691	249.8096
424.8810	249.8096
424.8810	250.8334
425.3929	250.8334
425.3929	251.8572
425.9048	251.8572
425.9048	252.8810
426.4167	252.8810
426.4167	254.4167
426.9287	254.4167
426.9287	255.4405
427.4406	255.4405
427.4406	256.9762
427.9525	256.9762
427.9525	258.0000
428.4644	258.0000
428.4644	260.5596
428.9763	260.5596
428.9763	262.6072
429.4882	262.6072
429.4882	263.6310
430.0001	263.6310
430.0001	265.1667
430.5120	265.1667
430.5120	266.1905
431.0239	266.1905
431.0239	268.2381
431.5358	268.2381
431.5358	270.7977
432.0477	270.7977
432.0477	277.4524
431.5358	277.4524
431.5358	281.0358
431.0239	281.0358
431.0239	284.1072
431.5358	284.1072
431.5358	284.6191
431.0239	284.6191
431.0239	286.1548
430.5120	286.1548
430.5120	287.6905
430.0001	287.6905
430.0001	289.2262
429.4882	289.2262
429.4882	290.2501
428.9763	290.2501
428.9763	291.7858
428.4644	291.7858
428.4644	293.8334
427.9525	293.8334
427.9525	295.3691
427.4406	295.3691
427.4406	296.9048
426.9287	296.9048
426.9287	297.9286
426.4167	297.9286
426.4167	299.4643
425.9048	299.4643
425.9048	300.4882
425.3929	300.4882
425.3929	302.5358
424.8810	302.5358
424.8810	303.0477
424.3691	303.0477
424.3691	303.5596
423.8572	303.5596
423.8572	304.5834
423.3453	304.5834
423.3453	305.0953
422.8334	305.0953
422.8334	306.1191
422.3215	306.1191
422.3215	306.6310
421.8096	306.6310
421.8096	307.6548
421.2977	307.6548
421.2977	308.6786
420.7858	308.6786
420.7858	309.1905
420.2739	309.1905
420.2739	309.7024
419.7620	309.7024
419.7620	310.2143
419.2501	310.2143
419.2501	310.7262
418.7382	310.7262
418.7382	311.2382
418.2263	311.2382
418.2263	311.7501
417.7144	311.7501
417.7144	312.7739
417.2025	312.7739
417.2025	313.2858
416.6906	313.2858
416.6906	313.7977
416.1787	313.7977
416.1787	314.3096
415.6667	314.3096
415.6667	314.8215
415.1548	314.8215
415.1548	315.3334
414.6429	315.3334
414.6429	315.8453
414.1310	315.8453
414.1310	316.3572
413.6191	316.3572
413.6191	316.8691
413.1072	316.8691
413.1072	317.3810
412.5953	317.3810
412.5953	317.8929
412.0834	317.8929
412.0834	318.4048
411.5715	318.4048
411.5715	318.9167
411.0596	318.9167
411.0596	319.4286
410.5477	319.4286
410.5477	319.9405
409.5239	319.9405
409.5239	320.4524
409.0120	320.4524
409.0120	320.9643
408.5001	320.9643
408.5001	321.4763
407.9882	321.4763
407.9882	321.9882
406.9644	321.9882
406.9644	322.5001
405.9406	322.5001
405.9406	323.0120
405.4286	323.0120
405.4286	323.5239
404.9167	323.5239
404.9167	324.0358
404.4048	324.0358
404.4048	324.5477
403.8929	324.5477
403.8929	325.0596
403.3810	325.0596
403.3810	325.5715
402.8691	325.5715
402.8691	326.0834
402.3572	326.0834
402.3572	326.5953
401.3334	326.5953
401.3334	327.1072
400.8215	327.1072
400.8215	327.6191
399.7977	327.6191
399.7977	328.1310
399.2858	328.1310
399.2858	328.6429
398.7739	328.6429
398.7739	329.1548
398.2620	329.1548
398.2620	329.6667
397.7501	329.6667
397.7501	330.1786
396.7263	330.1786
396.7263	330.6905
396.2144	330.6905
396.2144	331.2024
395.1906	331.2024
395.1906	331.7143
394.1667	331.7143
394.1667	332.2263
393.1429	332.2263
393.1429	332.7382
392.1191	332.7382
392.1191	333.2501
388.5358	333.2501
388.5358	333.7620
385.9763	333.7620
385.9763	334.2739
384.4405	334.2739
384.4405	334.7858
381.8810	334.7858
381.8810	335.2977
380.8572	335.2977
380.8572	335.8096
379.8334	335.8096
379.8334	336.3215
376.7620	336.3215
376.7620	335.8096
372.6667	335.8096
372.6667	336.3215
370.1072	336.3215
370.1072	336.8334
367.5477	336.8334
367.5477	337.3453
365.5001	337.3453
365.5001	337.8572
359.3572	337.8572
359.3572	337.3453
356.7977	337.3453
356.7977	337.8572
354.2382	337.8572
354.2382	338.3691
351.6786	338.3691
351.6786	338.8810
350.6548	338.8810
350.6548	339.3929
345.5358	339.3929
345.5358	339.9048
338.8810	339.9048
338.8810	339.3929
337.8572	339.3929
337.8572	338.8810
337.3453	338.8810
337.3453	338.3691
336.8334	338.3691
336.8334	337.8572
336.3215	337.8572
336.3215	337.3453
335.8096	337.3453
335.8096	336.8334
335.2977	336.8334
335.2977	336.3215
334.2739	336.3215
334.2739	335.8096
333.2501	335.8096
333.2501	335.2977
330.6905	335.2977
330.6905	334.7858
328.1310	334.7858
328.1310	335.2977
325.5715	335.2977
325.5715	335.8096
324.5477	335.8096
324.5477	336.3215
323.5239	336.3215
323.5239	335.8096
320.4524	335.8096
320.4524	335.2977
318.4048	335.2977
318.4048	334.7858
315.8453	334.7858
315.8453	334.2739
311.7501	334.2739
311.7501	333.7620
308.1667	333.7620
308.1667	334.2739
303.5596	334.2739
303.5596	333.7620
303.0477	333.7620
303.0477	333.2501
302.5358	333.2501
302.5358	332.7382
302.0239	332.7382
302.0239	331.7143
301.5120	331.7143
301.5120	330.6905
301.0001	330.6905
301.0001	329.6667
300.4882	329.6667
300.4882	328.6429
299.9762	328.6429
299.9762	326.0834
299.4643	326.0834
299.4643	325.0596
298.9524	325.0596
298.9524	324.0358
298.4405	324.0358
298.4405	323.0120
297.9286	323.0120
297.9286	322.5001
297.4167	322.5001
297.4167	321.9882
296.9048	321.9882
296.9048	321.4763
296.3929	321.4763
296.3929	320.9643
295.8810	320.9643
295.8810	318.4048
295.3691	318.4048
295.3691	315.8453
294.8572	315.8453
294.8572	314.8215
295.3691	314.8215
295.3691	310.7262
294.8572	310.7262
294.8572	308.1667
294.3453	308.1667
294.3453	307.1429
293.8334	307.1429
293.8334	306.1191
293.3215	306.1191
293.3215	305.0953
292.8096	305.0953
292.8096	304.0715
292.2977	304.0715
292.2977	299.4643
291.7858	299.4643
291.7858	296.9048
291.2739	296.9048
291.2739	295.8810
290.7620	295.8810
290.7620	294.8572
290.2501	294.8572
290.2501	294.3453
290.7620	294.3453
290.7620	289.2262
290.2501	289.2262
290.2501	286.6667
289.7382	286.6667
289.7382	285.6429
289.2262	285.6429
289.2262	284.6191
288.7143	284.6191
288.7143	284.1072
288.2024	284.1072
288.2024	283.5953
287.6905	283.5953
287.6905	278.4762
288.2024	278.4762
288.2024	275.4048
287.6905	275.4048
287.6905	273.8691
288.2024	273.8691
288.2024	259.5358
287.6905	259.5358
287.6905	256.4643
288.2024	256.4643
288.2024	255.4405
288.7143	255.4405
288.7143	252.8810
289.2262	252.8810
289.2262	251.8572
289.7382	251.8572
289.7382	250.3215
290.2501	250.3215
290.2501	249.2977
290.7620	249.2977
290.7620	247.2500
291.2739	247.2500
291.2739	246.2262
291.7858	246.2262
291.7858	245.7143
292.2977	245.7143
292.2977	245.2024
292.8096	245.2024
292.8096	244.1786
293.3215	244.1786
293.3215	243.1548
293.8334	243.1548
293.8334	242.6429
294.3453	242.6429
294.3453	241.6191
294.8572	241.6191
294.8572	240.5953
295.3691	240.5953
295.3691	239.5715
295.8810	239.5715
295.8810	238.5477
296.3929	238.5477
296.3929	238.0358
296.9048	238.0358
296.9048	237.5239
297.4167	237.5239
297.4167	237.0119
297.9286	237.0119
297.9286	236.5000
298.4405	236.5000
298.4405	235.9881
298.9524	235.9881
298.9524	235.4762
299.4643	235.4762
299.4643	234.4524
299.9762	234.4524
299.9762	233.9405
300.4882	233.9405
300.4882	233.4286
301.0001	233.4286
301.0001	232.9167
301.5120	232.9167
301.5120	232.4048
302.5358	232.4048
302.5358	231.8929
303.5596	231.8929
303.5596	231.3810
304.0715	231.3810
304.0715	230.8691
304.5834	230.8691
304.5834	230.3572
305.0953	230.3572
305.0953	229.8453
305.6072	229.8453
305.6072	229.3334
306.1191	229.3334
306.1191	228.8215
306.6310	228.8215
306.6310	228.3096
307.1429	228.3096
307.1429	227.7977
307.6548	227.7977
307.6548	227.2858
308.1667	227.2858
308.1667	226.7739
309.1905	226.7739
309.1905	226.2619
309.7024	226.2619
309.7024	225.7500
310.2143	225.7500
310.2143	225.2381
310.7262	225.2381
310.7262	224.7262
311.7501	224.7262
311.7501	224.2143
312.7739	224.2143
312.7739	223.7024
313.2858	223.7024
313.2858	223.1905
313.7977	223.1905
313.7977	222.6786
314.3096	222.6786
314.3096	222.1667
314.8215	222.1667
314.8215	221.6548
315.3334	221.6548
315.3334	221.1429
315.8453	221.1429
315.8453	220.6310
316.3572	220.6310
316.3572	220.1191
317.3810	220.1191
317.3810	219.6072
317.8929	219.6072
317.8929	219.0953
318.4048	219.0953
318.4048	218.5834
318.9167	218.5834
318.9167	218.0715
319.4286	218.0715
319.4286	217.5596
321.4763	217.5596
321.4763	217.0477
322.5001	217.0477
322.5001	216.5358
323.5239	216.5358
323.5239	216.0239
324.5477	216.0239
324.5477	215.5119
325.5715	215.5119
325.5715	215.0000
326.5953	215.0000
326.5953	214.4881
327.1072	214.4881
327.1072	213.9762
327.6191	213.9762
327.6191	213.4643
330.1786	213.4643
330.1786	212.9524
331.7143	212.9524
331.7143	212.4405
332.7382	212.4405
332.7382	211.9286
333.7620	211.9286
333.7620	211.4167
334.7858	211.4167
334.7858	210.9048
335.8096	210.9048
335.8096	210.3929
336.3215	210.3929
336.3215	209.8810
336.8334	209.8810
336.8334	209.3691
337.8572	209.3691
337.8572	208.8572
338.3691	208.8572
338.3691	208.3453
338.8810	208.3453
338.8810	207.8334
339.9048	207.8334
339.9048	207.3215
341.9524	207.3215
341.9524	206.8096
342.9763	206.8096
342.9763	206.2977
344.0001	206.2977
344.0001	205.7858
346.0477	205.7858
346.0477	205.2738
347.0715	205.2738
347.0715	204.7619
349.1191	204.7619
349.1191	204.2500
351.1667	204.2500
351.1667	203.7381
354.2382	203.7381
354.2382	204.2500
358.8453	204.2500
358.8453	203.7381
361.9167	203.7381
361.9167	204.2500
366.0120	204.2500
366.0120	204.7619
369.5953	204.7619
369.5953	205.2738
373.6905	205.2738
373.6905	205.7858
375.2263	205.7858
375.2263	206.2977
377.7858	206.2977
377.7858	206.8096
379.3215	206.8096
379.3215	207.3215
381.3691	207.3215
381.3691	207.8334
383.9286	207.8334
383.9286	208.3453
385.4644	208.3453
385.4644	208.8572
388.0239	208.8572
388.0239	209.3691
390.5834	209.3691
390.5834	209.8810
394.1667	209.8810
394.1667	209.3691
396.7263	209.3691
396.7263	208.8572
397.7501	208.8572
397.7501	208.3453
398.7739	208.3453
398.7739	207.8334
399.2858	207.8334
399.2858	207.3215
399.7977	207.3215
399.7977	206.8096
400.3096	206.8096
400.3096	206.2977
400.8215	206.2977
400.8215	205.7858
401.3334	205.7858
401.3334	204.7619
401.8453	204.7619
401.8453	203.7381
402.3572	203.7381
402.3572	201.6905
402.8691	201.6905
402.8691	199.1310
403.8929	199.1310
403.8929	198.6191
404.4048	198.6191
