362.4286	213.4643
366.5239	213.4643
366.5239	213.9762
370.1072	213.9762
370.1072	214.4881
372.1548	214.4881
372.1548	215.0000
374.7144	215.0000
374.7144	215.5119
375.7382	215.5119
375.7382	216.0239
378.2977	216.0239
378.2977	216.5358
379.8334	216.5358
379.8334	217.0477
381.3691	217.0477
381.3691	217.5596
382.3929	217.5596
382.3929	218.0715
383.9286	218.0715
383.9286	218.5834
386.4882	218.5834
386.4882	219.0953
387.5120	219.0953
387.5120	219.6072
389.0477	219.6072
389.0477	220.1191
390.0715	220.1191
390.0715	220.6310
391.0953	220.6310
391.0953	221.1429
392.1191	221.1429
392.1191	221.6548
393.1429	221.6548
393.1429	222.1667
394.6786	222.1667
394.6786	222.6786
395.1906	222.6786
395.1906	223.1905
396.2144	223.1905
396.2144	223.7024
397.2382	223.7024
397.2382	224.2143
397.7501	224.2143
397.7501	224.7262
398.7739	224.7262
398.7739	225.2381
399.2858	225.2381
399.2858	225.7500
399.7977	225.7500
399.7977	226.2619
400.3096	226.2619
400.3096	226.7739
400.8215	226.7739
400.8215	227.7977
401.3334	227.7977
401.3334	228.3096
401.8453	228.3096
401.8453	228.8215
402.3572	228.8215
402.3572	229.8453
402.8691	229.8453
402.8691	230.8691
403.3810	230.8691
403.3810	231.3810
403.8929	231.3810
403.8929	231.8929
404.4048	231.8929
404.4048	232.4048
404.9167	232.4048
404.9167	232.9167
405.4286	232.9167
405.4286	233.4286
405.9406	233.4286
405.9406	233.9405
406.4525	233.9405
406.4525	234.4524
406.9644	234.4524
406.9644	234.9643
407.4763	234.9643
407.4763	235.4762
407.9882	235.4762
407.9882	235.9881
408.5001	235.9881
408.5001	236.5000
409.0120	236.5000
409.0120	237.0119
409.5239	237.0119
409.5239	237.5239
410.0358	237.5239
410.0358	238.0358
410.5477	238.0358
410.5477	238.5477
411.0596	238.5477
411.0596	239.0596
411.5715	239.0596
411.5715	239.5715
412.0834	239.5715
412.0834	240.0834
412.5953	240.0834
412.5953	240.5953
413.1072	240.5953
413.1072	241.1072
414.1310	241.1072
414.1310	241.6191
414.6429	241.6191
414.6429	242.6429
415.1548	242.6429
415.1548	243.6667
415.6667	243.6667
415.6667	245.2024
416.1787	245.2024
416.1787	246.2262
416.6906	246.2262
416.6906	247.2500
417.2025	247.2500
417.2025	248.7858
417.7144	248.7858
417.7144	249.8096
418.2263	249.8096
418.2263	251.8572
418.7382	251.8572
418.7382	252.8810
419.2501	252.8810
419.2501	253.9048
419.7620	253.9048
419.7620	254.4167
420.2739	254.4167
420.2739	255.4405
420.7858	255.4405
420.7858	256.4643
421.2977	256.4643
421.2977	257.4881
421.8096	257.4881
421.8096	258.5120
422.3215	258.5120
422.3215	259.5358
422.8334	259.5358
422.8334	261.0715
423.3453	261.0715
423.3453	262.0953
423.8572	262.0953
423.8572	263.1191
424.3691	263.1191
424.3691	264.1429
424.8810	264.1429
424.8810	264.6548
425.3929	264.6548
425.3929	265.6786
425.9048	265.6786
425.9048	266.7024
426.4167	266.7024
426.4167	267.7262
426.9287	267.7262
426.9287	268.7501
427.4406	268.7501
427.4406	269.7739
427.9525	269.7739
427.9525	270.2858
428.4644	270.2858
428.4644	272.3334
428.9763	272.3334
428.9763	273.3572
429.4882	273.3572
429.4882	274.3810
430.0001	274.3810
430.0001	275.9167
430.5120	275.9167
430.5120	276.9405
431.0239	276.9405
431.0239	278.9881
431.5358	278.9881
431.5358	280.5239
432.0477	280.5239
432.0477	283.0834
432.5596	283.0834
432.5596	285.6429
433.0715	285.6429
433.0715	294.3453
433.5834	294.3453
433.5834	303.0477
433.0715	303.0477
433.0715	307.1429
432.5596	307.1429
432.5596	315.3334
432.0477	315.3334
432.0477	322.5001
431.5358	322.5001
431.5358	328.6429
431.0239	328.6429
431.0239	332.2263
430.5120	332.2263
430.5120	334.7858
430.0001	334.7858
430.0001	336.8334
429.4882	336.8334
429.4882	339.3929
428.9763	339.3929
428.9763	340.9286
428.4644	340.9286
428.4644	342.4644
427.9525	342.4644
427.9525	343.4882
427.4406	343.4882
427.4406	345.5358
426.9287	345.5358
426.9287	346.5596
426.4167	346.5596
426.4167	347.5834
425.9048	347.5834
425.9048	348.6072
425.3929	348.6072
425.3929	349.6310
424.8810	349.6310
424.8810	350.1429
424.3691	350.1429
424.3691	350.6548
423.8572	350.6548
423.8572	351.1667
423.3453	351.1667
423.3453	352.1905
422.8334	352.1905
422.8334	353.2144
422.3215	353.2144
422.3215	354.7501
421.8096	354.7501
421.8096	355.2620
421.2977	355.2620
421.2977	355.7739
420.7858	355.7739
420.7858	356.2858
420.2739	356.2858
420.2739	357.3096
419.7620	357.3096
419.7620	358.3334
419.2501	358.3334
419.2501	359.3572
418.7382	359.3572
418.7382	360.3810
418.2263	360.3810
418.2263	361.4048
417.7144	361.4048
417.7144	362.4286
417.2025	362.4286
417.2025	362.9405
416.6906	362.9405
416.6906	363.9644
416.1787	363.9644
416.1787	364.9882
415.6667	364.9882
415.6667	365.5001
415.1548	365.5001
415.1548	366.5239
414.6429	366.5239
414.6429	367.0358
414.1310	367.0358
414.1310	367.5477
413.6191	367.5477
413.6191	368.5715
412.5953	368.5715
412.5953	369.0834
412.0834	369.0834
412.0834	369.5953
411.5715	369.5953
411.5715	370.1072
411.0596	370.1072
411.0596	370.6191
410.0358	370.6191
410.0358	371.1310
409.5239	371.1310
409.5239	371.6429
409.0120	371.6429
409.0120	372.1548
407.9882	372.1548
407.9882	372.6667
406.9644	372.6667
406.9644	373.1786
405.9406	373.1786
405.9406	373.6905
404.9167	373.6905
404.9167	374.2025
403.8929	374.2025
403.8929	374.7144
402.8691	374.7144
402.8691	375.2263
400.8215	375.2263
400.8215	375.7382
399.7977	375.7382
399.7977	376.2501
397.7501	376.2501
397.7501	376.7620
395.1906	376.7620
395.1906	376.2501
392.1191	376.2501
392.1191	376.7620
389.5596	376.7620
389.5596	377.2739
387.0001	377.2739
387.0001	377.7858
385.4644	377.7858
385.4644	378.2977
383.9286	378.2977
383.9286	378.8096
380.3453	378.8096
380.3453	378.2977
376.2501	378.2977
376.2501	378.8096
373.6905	378.8096
373.6905	379.3215
372.6667	379.3215
372.6667	379.8334
371.6429	379.8334
371.6429	380.3453
370.6191	380.3453
370.6191	379.8334
363.4525	379.8334
363.4525	379.3215
361.4048	379.3215
361.4048	378.8096
360.3810	378.8096
360.3810	378.2977
359.3572	378.2977
359.3572	377.7858
357.3096	377.7858
357.3096	376.7620
356.7977	376.7620
356.7977	376.2501
356.2858	376.2501
356.2858	375.7382
355.7739	375.7382
355.7739	375.2263
355.2620	375.2263
355.2620	374.7144
354.7501	374.7144
354.7501	374.2025
354.2382	374.2025
354.2382	373.6905
353.2144	373.6905
353.2144	373.1786
352.1905	373.1786
352.1905	372.6667
349.6310	372.6667
349.6310	372.1548
347.0715	372.1548
347.0715	372.6667
346.5596	372.6667
346.5596	371.6429
347.0715	371.6429
347.0715	368.0596
346.5596	368.0596
346.5596	365.5001
346.0477	365.5001
346.0477	364.4763
345.5358	364.4763
345.5358	363.4525
345.0239	363.4525
345.0239	362.9405
344.5120	362.9405
344.5120	362.4286
344.0001	362.4286
344.0001	361.9167
343.4882	361.9167
343.4882	361.4048
342.9763	361.4048
342.9763	360.8929
342.4644	360.8929
342.4644	360.3810
341.4405	360.3810
341.4405	359.8691
340.4167	359.8691
340.4167	359.3572
339.3929	359.3572
339.3929	358.8453
338.8810	358.8453
338.8810	357.8215
338.3691	357.8215
338.3691	357.3096
337.8572	357.3096
337.8572	356.7977
337.3453	356.7977
337.3453	356.2858
336.8334	356.2858
336.8334	355.7739
336.3215	355.7739
336.3215	355.2620
335.2977	355.2620
335.2977	354.7501
334.2739	354.7501
334.2739	354.2382
331.7143	354.2382
331.7143	353.7263
329.1548	353.7263
329.1548	354.2382
326.5953	354.2382
326.5953	354.7501
325.5715	354.7501
325.5715	355.2620
324.5477	355.2620
324.5477	355.7739
324.0358	355.7739
324.0358	356.2858
323.5239	356.2858
323.5239	356.7977
323.0120	356.7977
323.0120	357.3096
322.5001	357.3096
322.5001	357.8215
321.9882	357.8215
321.9882	358.3334
321.4763	358.3334
321.4763	359.3572
320.9643	359.3572
320.9643	360.3810
319.4286	360.3810
319.4286	359.8691
318.4048	359.8691
318.4048	359.3572
317.3810	359.3572
317.3810	358.8453
314.8215	358.8453
314.8215	358.3334
312.2620	358.3334
312.2620	358.8453
310.7262	358.8453
310.7262	358.3334
306.1191	358.3334
306.1191	358.8453
304.0715	358.8453
304.0715	358.3334
301.5120	358.3334
301.5120	357.8215
296.3929	357.8215
296.3929	358.3334
293.3215	358.3334
293.3215	357.8215
292.2977	357.8215
292.2977	357.3096
291.7858	357.3096
291.7858	356.7977
291.2739	356.7977
291.2739	356.2858
290.7620	356.2858
290.7620	355.7739
290.2501	355.7739
290.2501	354.7501
289.7382	354.7501
289.7382	354.2382
289.2262	354.2382
289.2262	348.0953
289.7382	348.0953
289.7382	345.0239
289.2262	345.0239
289.2262	342.4644
288.7143	342.4644
288.7143	339.3929
289.2262	339.3929
289.2262	336.8334
288.7143	336.8334
288.7143	334.7858
289.2262	334.7858
289.2262	327.6191
288.7143	327.6191
288.7143	325.0596
288.2024	325.0596
288.2024	324.0358
287.6905	324.0358
287.6905	323.0120
287.1786	323.0120
287.1786	321.9882
286.6667	321.9882
286.6667	321.4763
286.1548	321.4763
286.1548	320.9643
285.6429	320.9643
285.6429	320.4524
285.1310	320.4524
285.1310	319.9405
284.6191	319.9405
284.6191	318.4048
285.1310	318.4048
285.1310	317.8929
285.6429	317.8929
285.6429	317.3810
286.1548	317.3810
286.1548	316.8691
286.6667	316.8691
286.6667	316.3572
287.1786	316.3572
287.1786	315.8453
287.6905	315.8453
287.6905	314.8215
288.2024	314.8215
288.2024	313.7977
288.7143	313.7977
288.7143	311.2382
289.2262	311.2382
289.2262	308.6786
289.7382	308.6786
289.7382	304.5834
289.2262	304.5834
289.2262	302.0239
288.7143	302.0239
288.7143	298.4405
288.2024	298.4405
288.2024	295.8810
287.6905	295.8810
287.6905	293.3215
287.1786	293.3215
287.1786	292.2977
286.6667	292.2977
286.6667	291.2739
286.1548	291.2739
286.1548	290.7620
285.6429	290.7620
285.6429	290.2501
285.1310	290.2501
285.1310	289.7382
284.6191	289.7382
284.6191	289.2262
284.1072	289.2262
284.1072	288.7143
283.5953	288.7143
283.5953	288.2024
282.5715	288.2024
282.5715	287.6905
283.0834	287.6905
283.0834	286.6667
283.5953	286.6667
283.5953	284.1072
284.1072	284.1072
284.1072	278.9881
283.5953	278.9881
283.5953	276.9405
284.1072	276.9405
284.1072	274.3810
284.6191	274.3810
284.6191	271.3096
284.1072	271.3096
284.1072	268.7501
283.5953	268.7501
283.5953	267.7262
283.0834	267.7262
283.0834	266.7024
282.5715	266.7024
282.5715	265.6786
282.0596	265.6786
282.0596	263.6310
282.5715	263.6310
282.5715	262.6072
283.0834	262.6072
283.0834	261.5834
283.5953	261.5834
283.5953	260.5596
284.1072	260.5596
284.1072	259.5358
284.6191	259.5358
284.6191	256.9762
285.6429	256.9762
285.6429	256.4643
286.1548	256.4643
286.1548	255.9524
286.6667	255.9524
286.6667	255.4405
287.1786	255.4405
287.1786	254.9286
287.6905	254.9286
287.6905	254.4167
288.2024	254.4167
288.2024	253.3929
288.7143	253.3929
288.7143	252.3691
289.2262	252.3691
289.2262	251.8572
289.7382	251.8572
289.7382	251.3453
290.2501	251.3453
290.2501	250.3215
290.7620	250.3215
290.7620	249.2977
291.2739	249.2977
291.2739	247.2500
291.7858	247.2500
291.7858	246.7381
292.2977	246.7381
292.2977	245.7143
292.8096	245.7143
292.8096	244.6905
293.3215	244.6905
293.3215	244.1786
293.8334	244.1786
293.8334	243.1548
294.8572	243.1548
294.8572	242.6429
295.3691	242.6429
295.3691	242.1310
295.8810	242.1310
295.8810	241.6191
296.3929	241.6191
296.3929	241.1072
296.9048	241.1072
296.9048	240.5953
297.4167	240.5953
297.4167	239.5715
297.9286	239.5715
297.9286	238.5477
298.4405	238.5477
298.4405	238.0358
298.9524	238.0358
298.9524	237.0119
299.4643	237.0119
299.4643	236.5000
299.9762	236.5000
299.9762	235.9881
300.4882	235.9881
300.4882	235.4762
301.0001	235.4762
301.0001	234.9643
301.5120	234.9643
301.5120	234.4524
302.0239	234.4524
302.0239	233.9405
303.0477	233.9405
303.0477	233.4286
303.5596	233.4286
303.5596	232.9167
304.0715	232.9167
304.0715	232.4048
304.5834	232.4048
304.5834	231.8929
305.0953	231.8929
305.0953	231.3810
305.6072	231.3810
305.6072	230.8691
306.1191	230.8691
306.1191	230.3572
306.6310	230.3572
306.6310	229.8453
307.1429	229.8453
307.1429	229.3334
307.6548	229.3334
307.6548	228.8215
308.6786	228.8215
308.6786	228.3096
309.1905	228.3096
309.1905	227.7977
309.7024	227.7977
309.7024	227.2858
310.7262	227.2858
310.7262	226.7739
311.2382	226.7739
311.2382	226.2619
311.7501	226.2619
311.7501	225.7500
312.2620	225.7500
312.2620	225.2381
313.2858	225.2381
313.2858	224.7262
313.7977	224.7262
313.7977	224.2143
314.3096	224.2143
314.3096	223.7024
316.8691	223.7024
316.8691	223.1905
319.4286	223.1905
319.4286	222.6786
321.9882	222.6786
321.9882	222.1667
323.5239	222.1667
323.5239	221.6548
324.5477	221.6548
324.5477	221.1429
325.5715	221.1429
325.5715	220.6310
326.5953	220.6310
326.5953	220.1191
327.6191	220.1191
327.6191	219.6072
328.6429	219.6072
328.6429	219.0953
329.1548	219.0953
329.1548	218.5834
331.2024	218.5834
331.2024	218.0715
332.2263	218.0715
332.2263	217.5596
334.2739	217.5596
334.2739	217.0477
341.4405	217.0477
341.4405	216.5358
346.0477	216.5358
346.0477	216.0239
348.6072	216.0239
348.6072	215.5119
349.6310	215.5119
349.6310	215.0000
350.6548	215.0000
350.6548	214.4881
351.6786	214.4881
351.6786	213.9762
355.2620	213.9762
355.2620	213.4643
357.8215	213.4643
357.8215	212.9524
362.4286	212.9524
