371.1310	221.6548
376.2501	221.6548
376.2501	222.1667
379.8334	222.1667
379.8334	222.6786
381.8810	222.6786
381.8810	223.1905
382.9048	223.1905
382.9048	223.7024
385.4644	223.7024
385.4644	224.2143
386.4882	224.2143
386.4882	224.7262
388.0239	224.7262
388.0239	225.2381
389.0477	225.2381
389.0477	225.7500
390.0715	225.7500
390.0715	226.2619
391.0953	226.2619
391.0953	226.7739
392.1191	226.7739
392.1191	227.2858
393.1429	227.2858
393.1429	227.7977
394.1667	227.7977
394.1667	228.3096
394.6786	228.3096
394.6786	228.8215
395.1906	228.8215
395.1906	229.3334
396.2144	229.3334
396.2144	229.8453
397.2382	229.8453
397.2382	230.3572
397.7501	230.3572
397.7501	230.8691
398.7739	230.8691
398.7739	231.3810
399.2858	231.3810
399.2858	231.8929
400.3096	231.8929
400.3096	232.4048
401.3334	232.4048
401.3334	232.9167
402.3572	232.9167
402.3572	233.4286
403.3810	233.4286
403.3810	233.9405
404.4048	233.9405
404.4048	234.4524
405.4286	234.4524
405.4286	234.9643
406.4525	234.9643
406.4525	235.4762
406.9644	235.4762
406.9644	235.9881
407.4763	235.9881
407.4763	236.5000
407.9882	236.5000
407.9882	237.0119
408.5001	237.0119
408.5001	237.5239
409.5239	237.5239
409.5239	238.0358
410.0358	238.0358
410.0358	238.5477
411.0596	238.5477
411.0596	239.5715
411.5715	239.5715
411.5715	240.0834
412.0834	240.0834
412.0834	240.5953
412.5953	240.5953
412.5953	241.1072
413.1072	241.1072
413.1072	241.6191
413.6191	241.6191
413.6191	242.1310
414.1310	242.1310
414.1310	242.6429
414.6429	242.6429
414.6429	243.1548
415.1548	243.1548
415.1548	243.6667
415.6667	243.6667
415.6667	244.1786
416.1787	244.1786
416.1787	244.6905
416.6906	244.6905
416.6906	245.2024
417.7144	245.2024
417.7144	245.7143
418.2263	245.7143
418.2263	247.2500
418.7382	247.2500
418.7382	248.2739
419.2501	248.2739
419.2501	249.2977
419.7620	249.2977
419.7620	250.3215
420.2739	250.3215
420.2739	251.3453
420.7858	251.3453
420.7858	252.3691
421.2977	252.3691
421.2977	253.3929
421.8096	253.3929
421.8096	253.9048
422.3215	253.9048
422.3215	254.4167
422.8334	254.4167
422.8334	254.9286
423.3453	254.9286
423.3453	255.4405
423.8572	255.4405
423.8572	256.4643
424.3691	256.4643
424.3691	257.4881
424.8810	257.4881
424.8810	258.0000
425.3929	258.0000
425.3929	258.5120
425.9048	258.5120
425.9048	259.5358
426.4167	259.5358
426.4167	260.5596
426.9287	260.5596
426.9287	261.5834
427.4406	261.5834
427.4406	262.0953
427.9525	262.0953
427.9525	263.1191
428.4644	263.1191
428.4644	264.1429
428.9763	264.1429
428.9763	265.1667
429.4882	265.1667
429.4882	266.7024
430.0001	266.7024
430.0001	268.2381
430.5120	268.2381
430.5120	269.7739
431.0239	269.7739
431.0239	270.7977
431.5358	270.7977
431.5358	271.8215
432.0477	271.8215
432.0477	272.8453
432.5596	272.8453
432.5596	273.8691
433.0715	273.8691
433.0715	274.8929
433.5834	274.8929
433.5834	275.9167
434.0953	275.9167
434.0953	276.9405
434.6072	276.9405
434.6072	277.9643
435.1191	277.9643
435.1191	278.4762
435.6310	278.4762
435.6310	279.5001
436.1429	279.5001
436.1429	280.5239
436.6548	280.5239
436.6548	281.5477
437.1667	281.5477
437.1667	284.1072
437.6787	284.1072
437.6787	285.1310
438.1906	285.1310
438.1906	286.1548
438.7025	286.1548
438.7025	287.6905
439.2144	287.6905
439.2144	288.7143
439.7263	288.7143
439.7263	289.7382
440.2382	289.7382
440.2382	291.7858
440.7501	291.7858
440.7501	292.8096
441.2620	292.8096
441.2620	295.3691
441.7739	295.3691
441.7739	297.9286
442.2858	297.9286
442.2858	301.0001
442.7977	301.0001
442.7977	338.3691
442.2858	338.3691
442.2858	342.9763
441.7739	342.9763
441.7739	345.0239
441.2620	345.0239
441.2620	347.0715
440.7501	347.0715
440.7501	349.6310
440.2382	349.6310
440.2382	351.6786
439.7263	351.6786
439.7263	354.2382
439.2144	354.2382
439.2144	355.2620
438.7025	355.2620
438.7025	356.7977
438.1906	356.7977
438.1906	357.8215
437.6787	357.8215
437.6787	358.8453
437.1667	358.8453
437.1667	359.3572
436.6548	359.3572
436.6548	360.3810
436.1429	360.3810
436.1429	361.4048
435.6310	361.4048
435.6310	361.9167
435.1191	361.9167
435.1191	362.4286
434.6072	362.4286
434.6072	362.9405
434.0953	362.9405
434.0953	363.9644
433.5834	363.9644
433.5834	364.4763
433.0715	364.4763
433.0715	365.5001
432.5596	365.5001
432.5596	366.0120
432.0477	366.0120
432.0477	367.0358
431.5358	367.0358
431.5358	368.0596
431.0239	368.0596
431.0239	368.5715
430.5120	368.5715
430.5120	369.0834
430.0001	369.0834
430.0001	369.5953
429.4882	369.5953
429.4882	370.1072
428.9763	370.1072
428.9763	370.6191
428.4644	370.6191
428.4644	371.1310
427.9525	371.1310
427.9525	371.6429
427.4406	371.6429
427.4406	372.1548
426.9287	372.1548
426.9287	372.6667
426.4167	372.6667
426.4167	373.1786
425.9048	373.1786
425.9048	373.6905
425.3929	373.6905
425.3929	374.2025
424.8810	374.2025
424.8810	374.7144
424.3691	374.7144
424.3691	375.2263
423.8572	375.2263
423.8572	375.7382
423.3453	375.7382
423.3453	376.2501
422.3215	376.2501
422.3215	376.7620
421.8096	376.7620
421.8096	377.2739
421.2977	377.2739
421.2977	377.7858
420.7858	377.7858
420.7858	378.2977
420.2739	378.2977
420.2739	378.8096
419.2501	378.8096
419.2501	379.3215
418.2263	379.3215
418.2263	379.8334
417.7144	379.8334
417.7144	380.3453
417.2025	380.3453
417.2025	380.8572
416.1787	380.8572
416.1787	381.3691
415.6667	381.3691
415.6667	381.8810
414.6429	381.8810
414.6429	382.3929
413.6191	382.3929
413.6191	382.9048
411.5715	382.9048
411.5715	383.4167
410.5477	383.4167
410.5477	383.9286
409.5239	383.9286
409.5239	384.4405
407.9882	384.4405
407.9882	384.9525
406.9644	384.9525
406.9644	385.4644
405.4286	385.4644
405.4286	385.9763
403.3810	385.9763
403.3810	386.4882
402.3572	386.4882
402.3572	387.0001
401.3334	387.0001
401.3334	387.5120
397.7501	387.5120
397.7501	388.0239
394.6786	388.0239
394.6786	388.5358
392.1191	388.5358
392.1191	389.0477
391.0953	389.0477
391.0953	389.5596
389.5596	389.5596
389.5596	389.0477
388.5358	389.0477
388.5358	388.5358
385.9763	388.5358
385.9763	388.0239
381.3691	388.0239
381.3691	387.5120
380.3453	387.5120
380.3453	387.0001
377.7858	387.0001
377.7858	386.4882
373.1786	386.4882
373.1786	387.0001
367.0358	387.0001
367.0358	386.4882
366.0120	386.4882
366.0120	385.9763
363.4525	385.9763
363.4525	385.4644
356.2858	385.4644
356.2858	384.9525
352.7024	384.9525
352.7024	385.4644
346.5596	385.4644
346.5596	384.9525
345.0239	384.9525
345.0239	384.4405
344.0001	384.4405
344.0001	383.9286
342.9763	383.9286
342.9763	383.4167
341.9524	383.4167
341.9524	381.8810
341.4405	381.8810
341.4405	380.8572
340.9286	380.8572
340.9286	379.8334
340.4167	379.8334
340.4167	379.3215
339.9048	379.3215
339.9048	378.8096
339.3929	378.8096
339.3929	378.2977
338.8810	378.2977
338.8810	377.7858
338.3691	377.7858
338.3691	377.2739
337.8572	377.2739
337.8572	376.7620
336.8334	376.7620
336.8334	376.2501
335.8096	376.2501
335.8096	375.7382
333.2501	375.7382
333.2501	375.2263
330.1786	375.2263
330.1786	374.7144
329.6667	374.7144
329.6667	374.2025
328.6429	374.2025
328.6429	373.6905
327.6191	373.6905
327.6191	373.1786
326.5953	373.1786
326.5953	372.6667
325.0596	372.6667
325.0596	372.1548
324.0358	372.1548
324.0358	371.6429
323.0120	371.6429
323.0120	371.1310
322.5001	371.1310
322.5001	370.6191
321.9882	370.6191
321.9882	369.5953
321.4763	369.5953
321.4763	369.0834
320.9643	369.0834
320.9643	368.5715
320.4524	368.5715
320.4524	368.0596
319.9405	368.0596
319.9405	367.5477
319.4286	367.5477
319.4286	367.0358
318.9167	367.0358
318.9167	366.5239
317.8929	366.5239
317.8929	366.0120
316.8691	366.0120
316.8691	365.5001
315.8453	365.5001
315.8453	364.9882
313.2858	364.9882
313.2858	364.4763
309.7024	364.4763
309.7024	364.9882
307.1429	364.9882
307.1429	365.5001
306.1191	365.5001
306.1191	366.0120
305.0953	366.0120
305.0953	366.5239
304.5834	366.5239
304.5834	367.0358
304.0715	367.0358
304.0715	367.5477
303.5596	367.5477
303.5596	368.0596
303.0477	368.0596
303.0477	368.5715
302.5358	368.5715
302.5358	369.5953
302.0239	369.5953
302.0239	370.1072
298.9524	370.1072
298.9524	369.5953
297.9286	369.5953
297.9286	369.0834
297.4167	369.0834
297.4167	368.5715
296.9048	368.5715
296.9048	368.0596
296.3929	368.0596
296.3929	367.5477
295.8810	367.5477
295.8810	367.0358
295.3691	367.0358
295.3691	366.5239
294.8572	366.5239
294.8572	361.9167
295.3691	361.9167
295.3691	360.8929
295.8810	360.8929
295.8810	359.8691
296.3929	359.8691
296.3929	358.8453
296.9048	358.8453
296.9048	357.3096
297.9286	357.3096
297.9286	356.7977
299.4643	356.7977
299.4643	356.2858
300.4882	356.2858
300.4882	355.7739
301.5120	355.7739
301.5120	356.2858
303.0477	356.2858
303.0477	357.3096
303.5596	357.3096
303.5596	358.3334
304.0715	358.3334
304.0715	358.8453
304.5834	358.8453
304.5834	359.3572
305.0953	359.3572
305.0953	359.8691
305.6072	359.8691
305.6072	360.3810
306.1191	360.3810
306.1191	360.8929
306.6310	360.8929
306.6310	361.4048
307.6548	361.4048
307.6548	361.9167
308.6786	361.9167
308.6786	362.4286
309.7024	362.4286
309.7024	362.9405
312.2620	362.9405
312.2620	363.4525
314.8215	363.4525
314.8215	362.9405
317.3810	362.9405
317.3810	362.4286
318.4048	362.4286
318.4048	361.9167
319.4286	361.9167
319.4286	361.4048
319.9405	361.4048
319.9405	360.8929
320.4524	360.8929
320.4524	360.3810
320.9643	360.3810
320.9643	359.8691
321.4763	359.8691
321.4763	359.3572
321.9882	359.3572
321.9882	358.3334
322.5001	358.3334
322.5001	357.3096
323.0120	357.3096
323.0120	354.7501
323.5239	354.7501
323.5239	351.6786
323.0120	351.6786
323.0120	349.1191
322.5001	349.1191
322.5001	346.5596
321.9882	346.5596
321.9882	345.5358
322.5001	345.5358
322.5001	341.9524
321.9882	341.9524
321.9882	339.3929
321.4763	339.3929
321.4763	338.3691
320.9643	338.3691
320.9643	337.3453
320.4524	337.3453
320.4524	336.8334
319.9405	336.8334
319.9405	336.3215
319.4286	336.3215
319.4286	335.8096
318.9167	335.8096
318.9167	335.2977
318.4048	335.2977
318.4048	334.7858
317.3810	334.7858
317.3810	334.2739
316.8691	334.2739
316.8691	333.7620
317.8929	333.7620
317.8929	333.2501
320.9643	333.2501
320.9643	332.7382
323.5239	332.7382
323.5239	332.2263
324.5477	332.2263
324.5477	331.7143
325.5715	331.7143
325.5715	331.2024
326.0834	331.2024
326.0834	330.6905
326.5953	330.6905
326.5953	330.1786
328.6429	330.1786
328.6429	329.6667
329.6667	329.6667
329.6667	329.1548
330.6905	329.1548
330.6905	328.6429
331.2024	328.6429
331.2024	328.1310
331.7143	328.1310
331.7143	327.6191
332.2263	327.6191
332.2263	327.1072
332.7382	327.1072
332.7382	326.5953
333.2501	326.5953
333.2501	325.5715
333.7620	325.5715
333.7620	324.5477
334.2739	324.5477
334.2739	321.9882
334.7858	321.9882
334.7858	318.9167
334.2739	318.9167
334.2739	318.4048
334.7858	318.4048
334.7858	312.7739
334.2739	312.7739
334.2739	310.2143
333.7620	310.2143
333.7620	309.1905
333.2501	309.1905
333.2501	308.1667
332.7382	308.1667
332.7382	307.6548
332.2263	307.6548
332.2263	307.1429
331.7143	307.1429
331.7143	306.6310
331.2024	306.6310
331.2024	306.1191
330.6905	306.1191
330.6905	305.6072
329.6667	305.6072
329.6667	305.0953
328.6429	305.0953
328.6429	304.5834
328.1310	304.5834
328.1310	302.0239
327.6191	302.0239
327.6191	300.4882
327.1072	300.4882
327.1072	299.4643
326.5953	299.4643
326.5953	298.4405
326.0834	298.4405
326.0834	297.9286
325.5715	297.9286
325.5715	297.4167
325.0596	297.4167
325.0596	296.9048
324.5477	296.9048
324.5477	296.3929
324.0358	296.3929
324.0358	295.8810
323.5239	295.8810
323.5239	295.3691
323.0120	295.3691
323.0120	294.8572
321.9882	294.8572
321.9882	294.3453
320.9643	294.3453
320.9643	293.8334
318.9167	293.8334
318.9167	293.3215
317.8929	293.3215
317.8929	292.8096
317.3810	292.8096
317.3810	292.2977
316.8691	292.2977
316.8691	291.7858
316.3572	291.7858
316.3572	291.2739
315.8453	291.2739
315.8453	290.7620
314.8215	290.7620
314.8215	290.2501
313.7977	290.2501
313.7977	289.7382
311.2382	289.7382
311.2382	289.2262
310.7262	289.2262
310.7262	288.7143
309.7024	288.7143
309.7024	288.2024
308.6786	288.2024
308.6786	287.6905
306.6310	287.6905
306.6310	284.6191
306.1191	284.6191
306.1191	282.0596
305.6072	282.0596
305.6072	281.0358
305.0953	281.0358
305.0953	280.0120
304.5834	280.0120
304.5834	279.5001
304.0715	279.5001
304.0715	278.9881
303.5596	278.9881
303.5596	278.4762
303.0477	278.4762
303.0477	277.9643
302.5358	277.9643
302.5358	277.4524
301.5120	277.4524
301.5120	276.9405
300.4882	276.9405
300.4882	276.4286
297.9286	276.4286
297.9286	275.9167
294.3453	275.9167
294.3453	276.4286
291.7858	276.4286
291.7858	276.9405
290.7620	276.9405
290.7620	277.4524
290.2501	277.4524
290.2501	276.9405
289.7382	276.9405
289.7382	275.9167
289.2262	275.9167
289.2262	275.4048
288.7143	275.4048
288.7143	272.8453
289.2262	272.8453
289.2262	271.8215
289.7382	271.8215
289.7382	270.7977
290.2501	270.7977
290.2501	269.2620
290.7620	269.2620
290.7620	268.7501
291.2739	268.7501
291.2739	267.7262
291.7858	267.7262
291.7858	266.7024
292.2977	266.7024
292.2977	266.1905
292.8096	266.1905
292.8096	265.6786
293.3215	265.6786
293.3215	264.6548
293.8334	264.6548
293.8334	263.6310
294.3453	263.6310
294.3453	263.1191
294.8572	263.1191
294.8572	262.0953
295.3691	262.0953
295.3691	261.0715
295.8810	261.0715
295.8810	260.0477
296.3929	260.0477
296.3929	258.0000
296.9048	258.0000
296.9048	257.4881
297.9286	257.4881
297.9286	256.9762
298.4405	256.9762
298.4405	256.4643
298.9524	256.4643
298.9524	255.9524
299.4643	255.9524
299.4643	255.4405
299.9762	255.4405
299.9762	254.9286
300.4882	254.9286
300.4882	254.4167
301.0001	254.4167
301.0001	253.9048
302.0239	253.9048
302.0239	253.3929
302.5358	253.3929
302.5358	252.8810
303.0477	252.8810
303.0477	252.3691
303.5596	252.3691
303.5596	251.8572
304.0715	251.8572
304.0715	251.3453
304.5834	251.3453
304.5834	250.8334
305.0953	250.8334
305.0953	250.3215
305.6072	250.3215
305.6072	249.8096
306.6310	249.8096
306.6310	249.2977
307.1429	249.2977
307.1429	248.7858
309.1905	248.7858
309.1905	248.2739
310.2143	248.2739
310.2143	247.7620
311.2382	247.7620
311.2382	247.2500
311.7501	247.2500
311.7501	246.7381
312.2620	246.7381
312.2620	246.2262
312.7739	246.2262
312.7739	245.7143
313.2858	245.7143
313.2858	245.2024
313.7977	245.2024
313.7977	244.6905
314.3096	244.6905
314.3096	243.6667
314.8215	243.6667
314.8215	242.6429
315.3334	242.6429
315.3334	241.6191
315.8453	241.6191
315.8453	241.1072
316.3572	241.1072
316.3572	240.5953
317.3810	240.5953
317.3810	240.0834
318.4048	240.0834
318.4048	239.5715
318.9167	239.5715
318.9167	239.0596
319.4286	239.0596
319.4286	238.5477
320.9643	238.5477
320.9643	238.0358
321.9882	238.0358
321.9882	237.5239
323.0120	237.5239
323.0120	237.0119
324.0358	237.0119
324.0358	236.5000
324.5477	236.5000
324.5477	235.9881
325.0596	235.9881
325.0596	235.4762
325.5715	235.4762
325.5715	234.9643
326.0834	234.9643
326.0834	234.4524
326.5953	234.4524
326.5953	233.9405
327.1072	233.9405
327.1072	233.4286
328.1310	233.4286
328.1310	232.9167
328.6429	232.9167
328.6429	232.4048
329.1548	232.4048
329.1548	231.8929
330.6905	231.8929
330.6905	231.3810
331.7143	231.3810
331.7143	230.8691
334.2739	230.8691
334.2739	230.3572
336.3215	230.3572
336.3215	229.8453
337.3453	229.8453
337.3453	229.3334
338.3691	229.3334
338.3691	228.8215
338.8810	228.8215
338.8810	228.3096
340.4167	228.3096
340.4167	227.7977
342.9763	227.7977
342.9763	227.2858
344.0001	227.2858
344.0001	226.7739
345.5358	226.7739
345.5358	226.2619
347.0715	226.2619
347.0715	225.7500
349.1191	225.7500
349.1191	225.2381
351.6786	225.2381
351.6786	224.7262
353.7263	224.7262
353.7263	224.2143
356.2858	224.2143
356.2858	223.7024
357.3096	223.7024
357.3096	223.1905
360.3810	223.1905
360.3810	222.6786
363.4525	222.6786
363.4525	222.1667
366.0120	222.1667
366.0120	221.6548
370.1072	221.6548
370.1072	221.1429
371.1310	221.1429
