369.5953	178.1429
371.1310	178.1429
371.1310	178.6548
372.1548	178.6548
372.1548	179.1667
374.2025	179.1667
374.2025	179.6786
375.2263	179.6786
375.2263	180.1905
376.7620	180.1905
376.7620	180.7024
377.2739	180.7024
377.2739	181.2143
378.2977	181.2143
378.2977	181.7262
379.3215	181.7262
379.3215	182.2381
380.3453	182.2381
380.3453	182.7500
381.3691	182.7500
381.3691	183.2619
382.3929	183.2619
382.3929	183.7738
383.4167	183.7738
383.4167	184.2857
384.4405	184.2857
384.4405	184.7977
385.9763	184.7977
385.9763	185.3096
387.0001	185.3096
387.0001	185.8215
389.5596	185.8215
389.5596	186.3334
392.1191	186.3334
392.1191	185.8215
394.6786	185.8215
394.6786	185.3096
395.7025	185.3096
395.7025	184.7977
396.7263	184.7977
396.7263	184.2857
397.2382	184.2857
397.2382	183.7738
397.7501	183.7738
397.7501	183.2619
398.2620	183.2619
398.2620	182.7500
398.7739	182.7500
398.7739	182.2381
399.2858	182.2381
399.2858	181.7262
399.7977	181.7262
399.7977	180.7024
400.8215	180.7024
400.8215	181.2143
401.3334	181.2143
401.3334	182.2381
400.8215	182.2381
400.8215	182.7500
400.3096	182.7500
400.3096	183.7738
399.7977	183.7738
399.7977	184.7977
399.2858	184.7977
399.2858	187.3572
398.7739	187.3572
398.7739	189.9167
399.2858	189.9167
399.2858	192.4762
399.7977	192.4762
399.7977	193.5000
400.3096	193.5000
400.3096	194.5238
400.8215	194.5238
400.8215	195.0358
401.3334	195.0358
401.3334	195.5477
401.8453	195.5477
401.8453	196.0596
402.3572	196.0596
402.3572	196.5715
402.8691	196.5715
402.8691	197.0834
403.3810	197.0834
403.3810	197.5953
403.8929	197.5953
403.8929	198.1072
404.4048	198.1072
404.4048	198.6191
404.9167	198.6191
404.9167	199.1310
405.4286	199.1310
405.4286	200.1548
405.9406	200.1548
405.9406	200.6667
406.4525	200.6667
406.4525	201.1786
406.9644	201.1786
406.9644	201.6905
407.4763	201.6905
407.4763	202.7143
407.9882	202.7143
407.9882	203.2262
408.5001	203.2262
408.5001	203.7381
409.0120	203.7381
409.0120	204.2500
409.5239	204.2500
409.5239	204.7619
410.0358	204.7619
410.0358	205.2738
410.5477	205.2738
410.5477	205.7858
411.0596	205.7858
411.0596	206.2977
411.5715	206.2977
411.5715	207.3215
412.0834	207.3215
412.0834	208.3453
412.5953	208.3453
412.5953	209.3691
413.1072	209.3691
413.1072	209.8810
413.6191	209.8810
413.6191	210.3929
414.1310	210.3929
414.1310	210.9048
414.6429	210.9048
414.6429	211.9286
415.1548	211.9286
415.1548	212.9524
415.6667	212.9524
415.6667	213.9762
416.1787	213.9762
416.1787	215.0000
416.6906	215.0000
416.6906	215.5119
417.2025	215.5119
417.2025	216.0239
417.7144	216.0239
417.7144	217.0477
418.2263	217.0477
418.2263	218.0715
418.7382	218.0715
418.7382	218.5834
419.2501	218.5834
419.2501	219.0953
419.7620	219.0953
419.7620	220.1191
420.2739	220.1191
420.2739	220.6310
420.7858	220.6310
420.7858	221.1429
421.2977	221.1429
421.2977	221.6548
421.8096	221.6548
421.8096	222.6786
422.3215	222.6786
422.3215	224.2143
422.8334	224.2143
422.8334	225.2381
423.3453	225.2381
423.3453	226.2619
423.8572	226.2619
423.8572	227.7977
424.3691	227.7977
424.3691	229.3334
424.8810	229.3334
424.8810	230.3572
425.3929	230.3572
425.3929	231.3810
425.9048	231.3810
425.9048	232.9167
426.4167	232.9167
426.4167	233.9405
426.9287	233.9405
426.9287	234.9643
427.4406	234.9643
427.4406	235.9881
427.9525	235.9881
427.9525	236.5000
428.4644	236.5000
428.4644	237.5239
428.9763	237.5239
428.9763	239.0596
429.4882	239.0596
429.4882	240.0834
430.0001	240.0834
430.0001	241.1072
430.5120	241.1072
430.5120	243.6667
431.0239	243.6667
431.0239	244.6905
431.5358	244.6905
431.5358	245.7143
432.0477	245.7143
432.0477	247.7620
432.5596	247.7620
432.5596	249.8096
433.0715	249.8096
433.0715	251.3453
433.5834	251.3453
433.5834	252.8810
434.0953	252.8810
434.0953	253.9048
434.6072	253.9048
434.6072	258.0000
435.1191	258.0000
435.1191	261.0715
435.6310	261.0715
435.6310	265.1667
436.1429	265.1667
436.1429	269.2620
436.6548	269.2620
436.6548	273.8691
436.1429	273.8691
436.1429	275.9167
435.6310	275.9167
435.6310	278.4762
435.1191	278.4762
435.1191	281.0358
434.6072	281.0358
434.6072	287.6905
434.0953	287.6905
434.0953	295.8810
433.5834	295.8810
433.5834	300.4882
433.0715	300.4882
433.0715	302.5358
432.5596	302.5358
432.5596	304.0715
432.0477	304.0715
432.0477	306.1191
431.5358	306.1191
431.5358	307.1429
431.0239	307.1429
431.0239	309.1905
430.5120	309.1905
430.5120	310.2143
430.0001	310.2143
430.0001	311.2382
429.4882	311.2382
429.4882	312.2620
428.9763	312.2620
428.9763	313.2858
428.4644	313.2858
428.4644	314.3096
427.9525	314.3096
427.9525	315.3334
427.4406	315.3334
427.4406	316.3572
426.9287	316.3572
426.9287	317.8929
426.4167	317.8929
426.4167	318.9167
425.9048	318.9167
425.9048	319.4286
425.3929	319.4286
425.3929	319.9405
424.8810	319.9405
424.8810	320.4524
424.3691	320.4524
424.3691	320.9643
423.8572	320.9643
423.8572	321.4763
423.3453	321.4763
423.3453	321.9882
422.8334	321.9882
422.8334	322.5001
422.3215	322.5001
422.3215	323.5239
421.8096	323.5239
421.8096	324.0358
421.2977	324.0358
421.2977	324.5477
420.2739	324.5477
420.2739	325.0596
419.7620	325.0596
419.7620	325.5715
419.2501	325.5715
419.2501	326.0834
418.7382	326.0834
418.7382	326.5953
417.7144	326.5953
417.7144	327.1072
416.6906	327.1072
416.6906	327.6191
415.6667	327.6191
415.6667	328.1310
415.1548	328.1310
415.1548	328.6429
414.6429	328.6429
414.6429	329.1548
413.6191	329.1548
413.6191	329.6667
412.5953	329.6667
412.5953	330.1786
412.0834	330.1786
412.0834	330.6905
411.0596	330.6905
411.0596	331.2024
410.5477	331.2024
410.5477	331.7143
409.5239	331.7143
409.5239	332.2263
408.5001	332.2263
408.5001	332.7382
407.4763	332.7382
407.4763	333.2501
406.4525	333.2501
406.4525	333.7620
405.4286	333.7620
405.4286	334.2739
404.9167	334.2739
404.9167	334.7858
403.3810	334.7858
403.3810	335.2977
401.8453	335.2977
401.8453	335.8096
400.8215	335.8096
400.8215	336.3215
398.2620	336.3215
398.2620	336.8334
396.7263	336.8334
396.7263	337.3453
395.1906	337.3453
395.1906	337.8572
394.1667	337.8572
394.1667	338.3691
391.6072	338.3691
391.6072	338.8810
389.0477	338.8810
389.0477	339.3929
388.0239	339.3929
388.0239	339.9048
387.0001	339.9048
387.0001	340.4167
384.4405	340.4167
384.4405	340.9286
382.3929	340.9286
382.3929	341.4405
371.6429	341.4405
371.6429	341.9524
369.0834	341.9524
369.0834	342.4644
365.5001	342.4644
365.5001	342.9763
357.8215	342.9763
357.8215	342.4644
355.7739	342.4644
355.7739	341.9524
354.7501	341.9524
354.7501	341.4405
353.2144	341.4405
353.2144	340.9286
352.7024	340.9286
352.7024	340.4167
352.1905	340.4167
352.1905	339.9048
351.1667	339.9048
351.1667	339.3929
350.1429	339.3929
350.1429	338.8810
347.5834	338.8810
347.5834	338.3691
346.0477	338.3691
346.0477	337.8572
345.5358	337.8572
345.5358	337.3453
345.0239	337.3453
345.0239	336.8334
344.5120	336.8334
344.5120	335.2977
344.0001	335.2977
344.0001	334.2739
343.4882	334.2739
343.4882	333.2501
342.9763	333.2501
342.9763	332.7382
342.4644	332.7382
342.4644	332.2263
341.9524	332.2263
341.9524	331.7143
341.4405	331.7143
341.4405	331.2024
340.9286	331.2024
340.9286	330.6905
339.9048	330.6905
339.9048	330.1786
338.8810	330.1786
338.8810	329.6667
336.3215	329.6667
336.3215	329.1548
333.7620	329.1548
333.7620	329.6667
331.2024	329.6667
331.2024	330.1786
330.1786	330.1786
330.1786	330.6905
329.1548	330.6905
329.1548	331.2024
327.1072	331.2024
327.1072	330.6905
326.5953	330.6905
326.5953	330.1786
325.5715	330.1786
325.5715	329.6667
325.0596	329.6667
325.0596	329.1548
324.0358	329.1548
324.0358	328.6429
323.0120	328.6429
323.0120	328.1310
321.9882	328.1310
321.9882	324.5477
321.4763	324.5477
321.4763	321.9882
320.9643	321.9882
320.9643	320.9643
320.4524	320.9643
320.4524	319.9405
319.9405	319.9405
319.9405	317.3810
319.4286	317.3810
319.4286	316.3572
318.9167	316.3572
318.9167	315.3334
318.4048	315.3334
318.4048	314.8215
317.8929	314.8215
317.8929	314.3096
317.3810	314.3096
317.3810	313.7977
316.8691	313.7977
316.8691	313.2858
316.3572	313.2858
316.3572	312.7739
315.8453	312.7739
315.8453	312.2620
314.8215	312.2620
314.8215	311.7501
313.7977	311.7501
313.7977	311.2382
311.2382	311.2382
311.2382	310.7262
308.6786	310.7262
308.6786	311.2382
306.1191	311.2382
306.1191	311.7501
305.0953	311.7501
305.0953	312.2620
304.0715	312.2620
304.0715	312.7739
303.5596	312.7739
303.5596	313.2858
303.0477	313.2858
303.0477	313.7977
302.5358	313.7977
302.5358	314.3096
302.0239	314.3096
302.0239	314.8215
299.9762	314.8215
299.9762	315.3334
298.9524	315.3334
298.9524	315.8453
297.9286	315.8453
297.9286	316.3572
297.4167	316.3572
297.4167	316.8691
296.9048	316.8691
296.9048	317.3810
296.3929	317.3810
296.3929	317.8929
295.8810	317.8929
295.8810	318.4048
295.3691	318.4048
295.3691	319.4286
294.8572	319.4286
294.8572	320.4524
294.3453	320.4524
294.3453	323.0120
293.8334	323.0120
293.8334	325.5715
289.7382	325.5715
289.7382	325.0596
289.2262	325.0596
289.2262	324.5477
288.7143	324.5477
288.7143	324.0358
288.2024	324.0358
288.2024	323.0120
287.6905	323.0120
287.6905	322.5001
287.1786	322.5001
287.1786	320.4524
286.6667	320.4524
286.6667	314.3096
287.1786	314.3096
287.1786	311.2382
286.6667	311.2382
286.6667	308.6786
286.1548	308.6786
286.1548	306.6310
286.6667	306.6310
286.6667	306.1191
287.1786	306.1191
287.1786	306.6310
290.7620	306.6310
290.7620	306.1191
293.3215	306.1191
293.3215	305.6072
294.3453	305.6072
294.3453	305.0953
295.3691	305.0953
295.3691	304.5834
295.8810	304.5834
295.8810	304.0715
296.3929	304.0715
296.3929	303.5596
296.9048	303.5596
296.9048	303.0477
297.4167	303.0477
297.4167	302.5358
297.9286	302.5358
297.9286	302.0239
298.4405	302.0239
298.4405	301.0001
298.9524	301.0001
298.9524	299.9762
299.4643	299.9762
299.4643	299.4643
299.9762	299.4643
299.9762	298.4405
300.4882	298.4405
300.4882	297.4167
301.0001	297.4167
301.0001	294.8572
301.5120	294.8572
301.5120	292.2977
301.0001	292.2977
301.0001	289.7382
300.4882	289.7382
300.4882	286.6667
299.9762	286.6667
299.9762	284.1072
299.4643	284.1072
299.4643	283.0834
298.9524	283.0834
298.9524	280.5239
298.4405	280.5239
298.4405	277.9643
297.9286	277.9643
297.9286	276.9405
297.4167	276.9405
297.4167	275.9167
296.9048	275.9167
296.9048	275.4048
296.3929	275.4048
296.3929	274.8929
295.8810	274.8929
295.8810	274.3810
295.3691	274.3810
295.3691	273.8691
294.8572	273.8691
294.8572	273.3572
294.3453	273.3572
294.3453	272.8453
293.3215	272.8453
293.3215	272.3334
292.2977	272.3334
292.2977	271.8215
291.7858	271.8215
291.7858	271.3096
290.7620	271.3096
290.7620	270.7977
289.7382	270.7977
289.7382	269.7739
289.2262	269.7739
289.2262	268.7501
288.7143	268.7501
288.7143	267.7262
289.2262	267.7262
289.2262	267.2143
290.2501	267.2143
290.2501	267.7262
290.7620	267.7262
290.7620	268.2381
291.2739	268.2381
291.2739	268.7501
291.7858	268.7501
291.7858	269.2620
292.2977	269.2620
292.2977	269.7739
292.8096	269.7739
292.8096	270.2858
293.3215	270.2858
293.3215	270.7977
293.8334	270.7977
293.8334	271.3096
294.8572	271.3096
294.8572	271.8215
295.8810	271.8215
295.8810	272.3334
298.4405	272.3334
298.4405	272.8453
301.5120	272.8453
301.5120	272.3334
302.0239	272.3334
302.0239	272.8453
301.5120	272.8453
301.5120	276.9405
302.0239	276.9405
302.0239	279.5001
302.5358	279.5001
302.5358	280.5239
303.0477	280.5239
303.0477	281.5477
303.5596	281.5477
303.5596	282.5715
303.0477	282.5715
303.0477	285.1310
303.5596	285.1310
303.5596	287.6905
304.0715	287.6905
304.0715	288.7143
304.5834	288.7143
304.5834	289.7382
305.0953	289.7382
305.0953	290.2501
305.6072	290.2501
305.6072	290.7620
306.1191	290.7620
306.1191	291.2739
306.6310	291.2739
306.6310	291.7858
307.1429	291.7858
307.1429	292.2977
308.1667	292.2977
308.1667	292.8096
309.1905	292.8096
309.1905	293.3215
311.7501	293.3215
311.7501	293.8334
316.3572	293.8334
316.3572	293.3215
316.8691	293.3215
316.8691	293.8334
317.8929	293.8334
317.8929	294.3453
318.9167	294.3453
318.9167	294.8572
321.4763	294.8572
321.4763	295.3691
324.0358	295.3691
324.0358	294.8572
326.5953	294.8572
326.5953	294.3453
327.6191	294.3453
327.6191	293.8334
328.6429	293.8334
328.6429	293.3215
329.1548	293.3215
329.1548	292.8096
329.6667	292.8096
329.6667	292.2977
330.1786	292.2977
330.1786	291.7858
330.6905	291.7858
330.6905	291.2739
331.2024	291.2739
331.2024	290.7620
331.7143	290.7620
331.7143	289.7382
332.2263	289.7382
332.2263	289.2262
332.7382	289.2262
332.7382	288.7143
333.2501	288.7143
333.2501	288.2024
333.7620	288.2024
333.7620	287.6905
334.2739	287.6905
334.2739	287.1786
334.7858	287.1786
334.7858	286.1548
335.2977	286.1548
335.2977	285.1310
335.8096	285.1310
335.8096	282.5715
336.3215	282.5715
336.3215	279.5001
335.8096	279.5001
335.8096	276.9405
335.2977	276.9405
335.2977	275.9167
334.7858	275.9167
334.7858	274.8929
334.2739	274.8929
334.2739	274.3810
333.7620	274.3810
333.7620	273.8691
333.2501	273.8691
333.2501	273.3572
332.7382	273.3572
332.7382	272.8453
332.2263	272.8453
332.2263	272.3334
331.7143	272.3334
331.7143	271.8215
331.2024	271.8215
331.2024	271.3096
330.6905	271.3096
330.6905	270.7977
330.1786	270.7977
330.1786	269.7739
329.6667	269.7739
329.6667	269.2620
329.1548	269.2620
329.1548	268.7501
328.6429	268.7501
328.6429	268.2381
328.1310	268.2381
328.1310	267.7262
327.6191	267.7262
327.6191	267.2143
326.5953	267.2143
326.5953	266.7024
325.5715	266.7024
325.5715	266.1905
325.0596	266.1905
325.0596	264.6548
324.5477	264.6548
324.5477	264.1429
325.0596	264.1429
325.0596	261.0715
324.5477	261.0715
324.5477	258.5120
324.0358	258.5120
324.0358	257.4881
323.5239	257.4881
323.5239	256.4643
323.0120	256.4643
323.0120	255.9524
322.5001	255.9524
322.5001	253.3929
321.9882	253.3929
321.9882	252.3691
321.4763	252.3691
321.4763	251.3453
320.9643	251.3453
320.9643	250.3215
320.4524	250.3215
320.4524	249.8096
319.9405	249.8096
319.9405	249.2977
319.4286	249.2977
319.4286	248.7858
318.9167	248.7858
318.9167	248.2739
318.4048	248.2739
318.4048	247.7620
317.3810	247.7620
317.3810	247.2500
316.3572	247.2500
316.3572	246.7381
314.8215	246.7381
314.8215	246.2262
314.3096	246.2262
314.3096	245.7143
313.7977	245.7143
313.7977	245.2024
313.2858	245.2024
313.2858	244.6905
312.2620	244.6905
312.2620	244.1786
311.2382	244.1786
311.2382	243.6667
310.2143	243.6667
310.2143	243.1548
307.6548	243.1548
307.6548	242.1310
307.1429	242.1310
307.1429	241.1072
306.6310	241.1072
306.6310	240.0834
306.1191	240.0834
306.1191	239.5715
305.6072	239.5715
305.6072	239.0596
305.0953	239.0596
305.0953	238.0358
304.5834	238.0358
304.5834	235.4762
304.0715	235.4762
304.0715	232.9167
303.5596	232.9167
303.5596	231.8929
303.0477	231.8929
303.0477	230.8691
302.5358	230.8691
302.5358	230.3572
302.0239	230.3572
302.0239	229.8453
301.5120	229.8453
301.5120	229.3334
301.0001	229.3334
301.0001	228.8215
300.4882	228.8215
300.4882	228.3096
299.4643	228.3096
299.4643	227.7977
298.4405	227.7977
298.4405	227.2858
295.8810	227.2858
295.8810	226.7739
295.3691	226.7739
295.3691	225.7500
295.8810	225.7500
295.8810	222.6786
295.3691	222.6786
295.3691	220.1191
294.8572	220.1191
294.8572	219.0953
294.3453	219.0953
294.3453	218.0715
294.8572	218.0715
294.8572	217.0477
295.3691	217.0477
295.3691	215.0000
295.8810	215.0000
295.8810	213.9762
296.3929	213.9762
296.3929	211.9286
296.9048	211.9286
296.9048	209.3691
297.4167	209.3691
297.4167	208.3453
298.4405	208.3453
298.4405	207.8334
299.4643	207.8334
299.4643	207.3215
299.9762	207.3215
299.9762	206.8096
300.4882	206.8096
300.4882	206.2977
301.0001	206.2977
301.0001	205.7858
301.5120	205.7858
301.5120	205.2738
302.0239	205.2738
302.0239	204.7619
302.5358	204.7619
302.5358	203.7381
303.0477	203.7381
303.0477	202.7143
303.5596	202.7143
303.5596	201.1786
304.0715	201.1786
304.0715	198.6191
304.5834	198.6191
304.5834	198.1072
305.0953	198.1072
305.0953	197.5953
305.6072	197.5953
305.6072	197.0834
306.1191	197.0834
306.1191	196.5715
307.1429	196.5715
307.1429	196.0596
309.7024	196.0596
309.7024	195.5477
310.7262	195.5477
310.7262	195.0358
311.7501	195.0358
311.7501	194.5238
312.7739	194.5238
312.7739	194.0119
313.2858	194.0119
313.2858	193.5000
313.7977	193.5000
313.7977	192.9881
314.3096	192.9881
314.3096	192.4762
314.8215	192.4762
314.8215	191.9643
315.3334	191.9643
315.3334	191.4524
315.8453	191.4524
315.8453	190.9405
316.3572	190.9405
316.3572	189.9167
316.8691	189.9167
316.8691	189.4048
317.3810	189.4048
317.3810	188.8929
318.4048	188.8929
318.4048	188.3810
318.9167	188.3810
318.9167	187.8691
319.9405	187.8691
319.9405	187.3572
320.9643	187.3572
320.9643	186.8453
321.4763	186.8453
321.4763	186.3334
321.9882	186.3334
321.9882	185.8215
323.0120	185.8215
323.0120	185.3096
324.0358	185.3096
324.0358	184.7977
325.0596	184.7977
325.0596	184.2857
327.1072	184.2857
327.1072	183.7738
328.1310	183.7738
328.1310	183.2619
329.1548	183.2619
329.1548	182.7500
331.7143	182.7500
331.7143	182.2381
333.7620	182.2381
333.7620	181.7262
336.3215	181.7262
336.3215	181.2143
337.3453	181.2143
337.3453	180.7024
338.3691	180.7024
338.3691	180.1905
342.4644	180.1905
342.4644	179.6786
350.6548	179.6786
350.6548	180.1905
353.2144	180.1905
353.2144	179.6786
355.7739	179.6786
355.7739	179.1667
357.8215	179.1667
357.8215	178.6548
358.8453	178.6548
358.8453	178.1429
361.9167	178.1429
361.9167	177.6310
369.5953	177.6310
