372.1548	214.4881
375.2263	214.4881
375.2263	215.0000
377.7858	215.0000
377.7858	215.5119
380.8572	215.5119
380.8572	216.0239
381.8810	216.0239
381.8810	216.5358
383.9286	216.5358
383.9286	217.0477
384.9525	217.0477
384.9525	217.5596
387.0001	217.5596
387.0001	218.0715
389.5596	218.0715
389.5596	218.5834
392.1191	218.5834
392.1191	218.0715
394.6786	218.0715
394.6786	217.5596
395.7025	217.5596
395.7025	217.0477
396.7263	217.0477
396.7263	216.5358
397.2382	216.5358
397.2382	217.0477
396.7263	217.0477
396.7263	219.6072
397.2382	219.6072
397.2382	222.1667
397.7501	222.1667
397.7501	223.1905
398.2620	223.1905
398.2620	224.2143
398.7739	224.2143
398.7739	224.7262
399.2858	224.7262
399.2858	225.2381
399.7977	225.2381
399.7977	225.7500
400.3096	225.7500
400.3096	226.2619
400.8215	226.2619
400.8215	226.7739
401.8453	226.7739
401.8453	227.2858
402.8691	227.2858
402.8691	227.7977
403.3810	227.7977
403.3810	228.3096
403.8929	228.3096
403.8929	228.8215
404.4048	228.8215
404.4048	229.8453
404.9167	229.8453
404.9167	230.8691
405.4286	230.8691
405.4286	231.8929
405.9406	231.8929
405.9406	232.9167
406.4525	232.9167
406.4525	233.4286
406.9644	233.4286
406.9644	234.4524
407.4763	234.4524
407.4763	235.4762
407.9882	235.4762
407.9882	238.0358
408.5001	238.0358
408.5001	239.5715
409.0120	239.5715
409.0120	244.1786
409.5239	244.1786
409.5239	248.7858
410.0358	248.7858
410.0358	255.4405
410.5477	255.4405
410.5477	255.9524
410.0358	255.9524
410.0358	260.0477
409.5239	260.0477
409.5239	267.2143
409.0120	267.2143
409.0120	268.2381
408.5001	268.2381
408.5001	269.2620
407.9882	269.2620
407.9882	271.8215
407.4763	271.8215
407.4763	275.9167
406.9644	275.9167
406.9644	277.9643
406.4525	277.9643
406.4525	278.4762
405.9406	278.4762
405.9406	279.5001
405.4286	279.5001
405.4286	280.5239
404.9167	280.5239
404.9167	282.0596
404.4048	282.0596
404.4048	283.0834
403.8929	283.0834
403.8929	283.5953
403.3810	283.5953
403.3810	284.1072
402.8691	284.1072
402.8691	284.6191
402.3572	284.6191
402.3572	285.6429
401.8453	285.6429
401.8453	286.1548
401.3334	286.1548
401.3334	287.1786
400.8215	287.1786
400.8215	288.2024
400.3096	288.2024
400.3096	289.2262
399.7977	289.2262
399.7977	290.2501
399.2858	290.2501
399.2858	291.2739
398.7739	291.2739
398.7739	293.8334
398.2620	293.8334
398.2620	294.8572
397.7501	294.8572
397.7501	295.8810
397.2382	295.8810
397.2382	297.4167
396.7263	297.4167
396.7263	298.4405
396.2144	298.4405
396.2144	299.9762
395.7025	299.9762
395.7025	301.0001
395.1906	301.0001
395.1906	301.5120
394.6786	301.5120
394.6786	302.0239
394.1667	302.0239
394.1667	302.5358
393.6548	302.5358
393.6548	303.0477
393.1429	303.0477
393.1429	303.5596
392.1191	303.5596
392.1191	304.0715
391.0953	304.0715
391.0953	304.5834
390.0715	304.5834
390.0715	305.0953
389.0477	305.0953
389.0477	305.6072
388.5358	305.6072
388.5358	306.1191
388.0239	306.1191
388.0239	306.6310
387.5120	306.6310
387.5120	307.1429
387.0001	307.1429
387.0001	307.6548
386.4882	307.6548
386.4882	308.1667
385.9763	308.1667
385.9763	308.6786
384.9525	308.6786
384.9525	309.1905
384.4405	309.1905
384.4405	309.7024
383.9286	309.7024
383.9286	310.2143
383.4167	310.2143
383.4167	310.7262
382.9048	310.7262
382.9048	311.2382
382.3929	311.2382
382.3929	311.7501
381.8810	311.7501
381.8810	312.2620
381.3691	312.2620
381.3691	313.2858
380.8572	313.2858
380.8572	314.3096
379.8334	314.3096
379.8334	314.8215
378.8096	314.8215
378.8096	315.3334
377.7858	315.3334
377.7858	315.8453
375.2263	315.8453
375.2263	316.3572
373.1786	316.3572
373.1786	316.8691
372.1548	316.8691
372.1548	317.3810
371.1310	317.3810
371.1310	317.8929
370.1072	317.8929
370.1072	318.4048
369.5953	318.4048
369.5953	318.9167
369.0834	318.9167
369.0834	319.4286
368.5715	319.4286
368.5715	319.9405
368.0596	319.9405
368.0596	320.4524
367.5477	320.4524
367.5477	320.9643
367.0358	320.9643
367.0358	321.4763
366.5239	321.4763
366.5239	321.9882
364.4763	321.9882
364.4763	322.5001
363.4525	322.5001
363.4525	323.0120
360.8929	323.0120
360.8929	323.5239
358.8453	323.5239
358.8453	324.0358
357.8215	324.0358
357.8215	324.5477
356.7977	324.5477
356.7977	325.0596
355.7739	325.0596
355.7739	325.5715
354.2382	325.5715
354.2382	326.0834
351.1667	326.0834
351.1667	326.5953
348.6072	326.5953
348.6072	327.1072
347.0715	327.1072
347.0715	327.6191
344.5120	327.6191
344.5120	328.1310
342.9763	328.1310
342.9763	328.6429
341.9524	328.6429
341.9524	329.1548
340.9286	329.1548
340.9286	329.6667
340.4167	329.6667
340.4167	330.1786
339.9048	330.1786
339.9048	330.6905
339.3929	330.6905
339.3929	331.2024
338.8810	331.2024
338.8810	331.7143
338.3691	331.7143
338.3691	332.2263
337.8572	332.2263
337.8572	332.7382
336.8334	332.7382
336.8334	333.2501
335.8096	333.2501
335.8096	333.7620
334.7858	333.7620
334.7858	334.2739
331.7143	334.2739
331.7143	334.7858
329.1548	334.7858
329.1548	335.2977
327.6191	335.2977
327.6191	334.7858
326.5953	334.7858
326.5953	334.2739
325.5715	334.2739
325.5715	333.7620
324.5477	333.7620
324.5477	333.2501
321.9882	333.2501
321.9882	332.7382
321.4763	332.7382
321.4763	332.2263
320.9643	332.2263
320.9643	331.7143
320.4524	331.7143
320.4524	331.2024
319.9405	331.2024
319.9405	330.6905
318.9167	330.6905
318.9167	330.1786
317.8929	330.1786
317.8929	329.6667
316.3572	329.6667
316.3572	329.1548
313.7977	329.1548
313.7977	328.6429
313.2858	328.6429
313.2858	327.6191
312.7739	327.6191
312.7739	327.1072
313.2858	327.1072
313.2858	326.5953
313.7977	326.5953
313.7977	326.0834
314.3096	326.0834
314.3096	325.5715
314.8215	325.5715
314.8215	325.0596
315.3334	325.0596
315.3334	324.5477
315.8453	324.5477
315.8453	323.5239
316.3572	323.5239
316.3572	322.5001
316.8691	322.5001
316.8691	321.4763
317.3810	321.4763
317.3810	320.4524
317.8929	320.4524
317.8929	317.8929
318.4048	317.8929
318.4048	314.3096
317.8929	314.3096
317.8929	311.7501
317.3810	311.7501
317.3810	310.7262
316.8691	310.7262
316.8691	309.7024
316.3572	309.7024
316.3572	309.1905
315.8453	309.1905
315.8453	308.6786
315.3334	308.6786
315.3334	308.1667
314.8215	308.1667
314.8215	307.6548
314.3096	307.6548
314.3096	307.1429
313.2858	307.1429
313.2858	306.6310
312.2620	306.6310
312.2620	306.1191
309.7024	306.1191
309.7024	305.6072
309.1905	305.6072
309.1905	305.0953
308.6786	305.0953
308.6786	304.5834
307.6548	304.5834
307.6548	304.0715
306.6310	304.0715
306.6310	303.5596
304.0715	303.5596
304.0715	303.0477
299.9762	303.0477
299.9762	303.5596
299.4643	303.5596
299.4643	303.0477
298.4405	303.0477
298.4405	302.5358
297.9286	302.5358
297.9286	301.5120
297.4167	301.5120
297.4167	301.0001
296.9048	301.0001
296.9048	300.4882
296.3929	300.4882
296.3929	299.4643
296.9048	299.4643
296.9048	296.3929
296.3929	296.3929
296.3929	293.8334
295.8810	293.8334
295.8810	292.8096
295.3691	292.8096
295.3691	291.7858
294.8572	291.7858
294.8572	291.2739
294.3453	291.2739
294.3453	288.7143
293.8334	288.7143
293.8334	286.1548
293.3215	286.1548
293.3215	285.1310
292.8096	285.1310
292.8096	284.1072
292.2977	284.1072
292.2977	283.5953
291.7858	283.5953
291.7858	283.0834
291.2739	283.0834
291.2739	282.5715
290.7620	282.5715
290.7620	280.0120
292.8096	280.0120
292.8096	279.5001
293.8334	279.5001
293.8334	280.0120
298.4405	280.0120
298.4405	280.5239
301.5120	280.5239
301.5120	280.0120
304.0715	280.0120
304.0715	279.5001
305.0953	279.5001
305.0953	278.9881
306.1191	278.9881
306.1191	278.4762
306.6310	278.4762
306.6310	277.9643
307.1429	277.9643
307.1429	277.4524
307.6548	277.4524
307.6548	276.9405
308.1667	276.9405
308.1667	276.4286
308.6786	276.4286
308.6786	275.4048
309.1905	275.4048
309.1905	274.3810
309.7024	274.3810
309.7024	273.3572
310.2143	273.3572
310.2143	270.7977
310.7262	270.7977
310.7262	266.1905
310.2143	266.1905
310.2143	264.6548
310.7262	264.6548
310.7262	263.6310
311.2382	263.6310
311.2382	261.0715
311.7501	261.0715
311.7501	256.4643
312.2620	256.4643
312.2620	255.9524
312.7739	255.9524
312.7739	255.4405
313.2858	255.4405
313.2858	254.9286
313.7977	254.9286
313.7977	253.9048
314.3096	253.9048
314.3096	252.8810
314.8215	252.8810
314.8215	251.3453
315.3334	251.3453
315.3334	250.3215
315.8453	250.3215
315.8453	248.7858
316.3572	248.7858
316.3572	247.7620
316.8691	247.7620
316.8691	247.2500
317.3810	247.2500
317.3810	246.2262
317.8929	246.2262
317.8929	245.7143
318.4048	245.7143
318.4048	244.6905
318.9167	244.6905
318.9167	243.6667
319.4286	243.6667
319.4286	243.1548
319.9405	243.1548
319.9405	242.6429
320.4524	242.6429
320.4524	242.1310
320.9643	242.1310
320.9643	241.6191
321.4763	241.6191
321.4763	241.1072
321.9882	241.1072
321.9882	240.5953
322.5001	240.5953
322.5001	240.0834
323.0120	240.0834
323.0120	239.5715
323.5239	239.5715
323.5239	239.0596
324.0358	239.0596
324.0358	238.5477
325.0596	238.5477
325.0596	238.0358
326.0834	238.0358
326.0834	237.5239
327.1072	237.5239
327.1072	237.0119
327.6191	237.0119
327.6191	236.5000
328.1310	236.5000
328.1310	235.9881
329.1548	235.9881
329.1548	235.4762
330.1786	235.4762
330.1786	234.9643
331.2024	234.9643
331.2024	234.4524
331.7143	234.4524
331.7143	233.9405
332.2263	233.9405
332.2263	233.4286
332.7382	233.4286
332.7382	232.9167
333.2501	232.9167
333.2501	232.4048
333.7620	232.4048
333.7620	231.8929
334.2739	231.8929
334.2739	231.3810
335.2977	231.3810
335.2977	230.8691
336.3215	230.8691
336.3215	230.3572
337.3453	230.3572
337.3453	229.8453
337.8572	229.8453
337.8572	229.3334
338.8810	229.3334
338.8810	228.8215
339.9048	228.8215
339.9048	228.3096
340.4167	228.3096
340.4167	227.7977
341.4405	227.7977
341.4405	227.2858
342.4644	227.2858
342.4644	226.7739
342.9763	226.7739
342.9763	226.2619
343.4882	226.2619
343.4882	225.7500
344.0001	225.7500
344.0001	225.2381
344.5120	225.2381
344.5120	224.7262
345.0239	224.7262
345.0239	224.2143
345.5358	224.2143
345.5358	223.7024
346.5596	223.7024
346.5596	223.1905
347.5834	223.1905
347.5834	222.6786
348.0953	222.6786
348.0953	222.1667
348.6072	222.1667
348.6072	221.6548
349.6310	221.6548
349.6310	221.1429
350.6548	221.1429
350.6548	220.6310
351.1667	220.6310
351.1667	220.1191
352.1905	220.1191
352.1905	219.6072
352.7024	219.6072
352.7024	219.0953
353.2144	219.0953
353.2144	218.5834
353.7263	218.5834
353.7263	218.0715
354.2382	218.0715
354.2382	217.5596
354.7501	217.5596
354.7501	217.0477
357.3096	217.0477
357.3096	216.5358
358.3334	216.5358
358.3334	216.0239
359.3572	216.0239
359.3572	215.5119
360.3810	215.5119
360.3810	215.0000
361.4048	215.0000
361.4048	214.4881
367.0358	214.4881
367.0358	213.9762
372.1548	213.9762
