368.5715	213.4643
369.5953	213.4643
369.5953	213.9762
370.1072	213.9762
370.1072	214.4881
371.1310	214.4881
371.1310	215.0000
372.1548	215.0000
372.1548	215.5119
372.6667	215.5119
372.6667	216.0239
373.6905	216.0239
373.6905	216.5358
374.2025	216.5358
374.2025	217.0477
374.7144	217.0477
374.7144	217.5596
375.7382	217.5596
375.7382	218.0715
376.2501	218.0715
376.2501	218.5834
376.7620	218.5834
376.7620	219.0953
377.7858	219.0953
377.7858	219.6072
378.2977	219.6072
378.2977	220.1191
378.8096	220.1191
378.8096	220.6310
379.3215	220.6310
379.3215	221.1429
379.8334	221.1429
379.8334	221.6548
380.3453	221.6548
380.3453	222.1667
380.8572	222.1667
380.8572	222.6786
381.3691	222.6786
381.3691	223.1905
381.8810	223.1905
381.8810	224.2143
382.3929	224.2143
382.3929	224.7262
382.9048	224.7262
382.9048	225.2381
383.4167	225.2381
383.4167	225.7500
383.9286	225.7500
383.9286	226.2619
384.4405	226.2619
384.4405	226.7739
384.9525	226.7739
384.9525	227.2858
385.4644	227.2858
385.4644	227.7977
385.9763	227.7977
385.9763	228.3096
386.4882	228.3096
386.4882	228.8215
387.0001	228.8215
387.0001	229.8453
387.5120	229.8453
387.5120	230.3572
388.0239	230.3572
388.0239	231.3810
388.5358	231.3810
388.5358	232.4048
389.0477	232.4048
389.0477	232.9167
389.5596	232.9167
389.5596	233.9405
390.0715	233.9405
390.0715	234.9643
390.5834	234.9643
390.5834	236.5000
391.0953	236.5000
391.0953	237.5239
391.6072	237.5239
391.6072	238.5477
392.1191	238.5477
392.1191	239.5715
392.6310	239.5715
392.6310	240.0834
393.1429	240.0834
393.1429	241.1072
393.6548	241.1072
393.6548	243.6667
394.1667	243.6667
394.1667	244.6905
394.6786	244.6905
394.6786	246.7381
395.1906	246.7381
395.1906	247.7620
395.7025	247.7620
395.7025	248.7858
396.2144	248.7858
396.2144	249.8096
396.7263	249.8096
396.7263	250.8334
397.2382	250.8334
397.2382	251.3453
397.7501	251.3453
397.7501	251.8572
398.2620	251.8572
398.2620	252.3691
398.7739	252.3691
398.7739	252.8810
399.2858	252.8810
399.2858	253.3929
399.7977	253.3929
399.7977	253.9048
400.3096	253.9048
400.3096	254.4167
400.8215	254.4167
400.8215	254.9286
401.8453	254.9286
401.8453	255.4405
402.3572	255.4405
402.3572	255.9524
402.8691	255.9524
402.8691	256.4643
403.3810	256.4643
403.3810	256.9762
403.8929	256.9762
403.8929	258.5120
404.4048	258.5120
404.4048	261.0715
404.9167	261.0715
404.9167	262.0953
405.4286	262.0953
405.4286	263.1191
405.9406	263.1191
405.9406	263.6310
406.4525	263.6310
406.4525	264.1429
406.9644	264.1429
406.9644	264.6548
407.4763	264.6548
407.4763	265.6786
406.9644	265.6786
406.9644	270.7977
407.4763	270.7977
407.4763	273.3572
407.9882	273.3572
407.9882	274.3810
407.4763	274.3810
407.4763	275.4048
406.9644	275.4048
406.9644	276.4286
406.4525	276.4286
406.4525	278.9881
405.9406	278.9881
405.9406	280.0120
405.4286	280.0120
405.4286	281.0358
404.9167	281.0358
404.9167	283.5953
404.4048	283.5953
404.4048	286.1548
403.8929	286.1548
403.8929	286.6667
403.3810	286.6667
403.3810	287.1786
402.8691	287.1786
402.8691	288.2024
401.8453	288.2024
401.8453	288.7143
401.3334	288.7143
401.3334	289.2262
400.8215	289.2262
400.8215	289.7382
400.3096	289.7382
400.3096	290.2501
399.7977	290.2501
399.7977	290.7620
399.2858	290.7620
399.2858	291.7858
398.7739	291.7858
398.7739	292.8096
398.2620	292.8096
398.2620	293.8334
397.7501	293.8334
397.7501	295.8810
397.2382	295.8810
397.2382	298.4405
396.7263	298.4405
396.7263	299.4643
396.2144	299.4643
396.2144	300.4882
395.7025	300.4882
395.7025	303.0477
395.1906	303.0477
395.1906	305.6072
394.6786	305.6072
394.6786	308.1667
394.1667	308.1667
394.1667	309.1905
393.6548	309.1905
393.6548	310.2143
393.1429	310.2143
393.1429	310.7262
392.6310	310.7262
392.6310	311.7501
392.1191	311.7501
392.1191	312.2620
391.6072	312.2620
391.6072	312.7739
391.0953	312.7739
391.0953	313.7977
390.5834	313.7977
390.5834	314.8215
390.0715	314.8215
390.0715	315.8453
389.5596	315.8453
389.5596	316.8691
388.5358	316.8691
388.5358	317.3810
388.0239	317.3810
388.0239	317.8929
387.5120	317.8929
387.5120	318.4048
387.0001	318.4048
387.0001	318.9167
386.4882	318.9167
386.4882	319.4286
385.9763	319.4286
385.9763	319.9405
385.4644	319.9405
385.4644	320.4524
384.9525	320.4524
384.9525	320.9643
384.4405	320.9643
384.4405	321.4763
383.9286	321.4763
383.9286	321.9882
383.4167	321.9882
383.4167	323.0120
382.9048	323.0120
382.9048	324.0358
381.3691	324.0358
381.3691	324.5477
380.3453	324.5477
380.3453	325.0596
379.3215	325.0596
379.3215	325.5715
378.2977	325.5715
378.2977	326.0834
377.2739	326.0834
377.2739	326.5953
376.2501	326.5953
376.2501	327.1072
375.2263	327.1072
375.2263	327.6191
374.7144	327.6191
374.7144	328.1310
374.2025	328.1310
374.2025	328.6429
373.6905	328.6429
373.6905	329.1548
370.6191	329.1548
370.6191	329.6667
368.0596	329.6667
368.0596	330.1786
367.0358	330.1786
367.0358	330.6905
366.0120	330.6905
366.0120	331.2024
365.5001	331.2024
365.5001	331.7143
364.9882	331.7143
364.9882	332.2263
364.4763	332.2263
364.4763	332.7382
363.9644	332.7382
363.9644	333.2501
363.4525	333.2501
363.4525	334.2739
362.9405	334.2739
362.9405	335.2977
362.4286	335.2977
362.4286	337.3453
361.4048	337.3453
361.4048	336.8334
360.8929	336.8334
360.8929	334.2739
360.3810	334.2739
360.3810	333.2501
359.8691	333.2501
359.8691	332.2263
359.3572	332.2263
359.3572	331.2024
358.8453	331.2024
358.8453	330.6905
358.3334	330.6905
358.3334	330.1786
357.8215	330.1786
357.8215	329.6667
357.3096	329.6667
357.3096	329.1548
356.7977	329.1548
356.7977	328.6429
355.7739	328.6429
355.7739	328.1310
354.7501	328.1310
354.7501	327.6191
353.7263	327.6191
353.7263	327.1072
351.6786	327.1072
351.6786	326.5953
352.1905	326.5953
352.1905	325.5715
352.7024	325.5715
352.7024	324.5477
353.2144	324.5477
353.2144	321.9882
353.7263	321.9882
353.7263	318.4048
353.2144	318.4048
353.2144	316.3572
353.7263	316.3572
353.7263	315.3334
354.2382	315.3334
354.2382	313.7977
354.7501	313.7977
354.7501	311.2382
355.2620	311.2382
355.2620	307.6548
354.7501	307.6548
354.7501	305.0953
354.2382	305.0953
354.2382	304.0715
353.7263	304.0715
353.7263	303.0477
353.2144	303.0477
353.2144	302.5358
352.7024	302.5358
352.7024	302.0239
352.1905	302.0239
352.1905	301.5120
351.6786	301.5120
351.6786	301.0001
351.1667	301.0001
351.1667	300.4882
350.6548	300.4882
350.6548	299.9762
349.6310	299.9762
349.6310	299.4643
348.6072	299.4643
348.6072	298.9524
346.0477	298.9524
346.0477	298.4405
338.3691	298.4405
338.3691	297.9286
337.3453	297.9286
337.3453	297.4167
334.7858	297.4167
334.7858	296.9048
330.6905	296.9048
330.6905	297.4167
328.1310	297.4167
328.1310	297.9286
326.0834	297.9286
326.0834	297.4167
327.1072	297.4167
327.1072	296.9048
328.1310	296.9048
328.1310	296.3929
329.1548	296.3929
329.1548	295.8810
329.6667	295.8810
329.6667	295.3691
330.1786	295.3691
330.1786	294.8572
330.6905	294.8572
330.6905	294.3453
331.2024	294.3453
331.2024	293.8334
331.7143	293.8334
331.7143	293.3215
332.2263	293.3215
332.2263	292.8096
332.7382	292.8096
332.7382	292.2977
333.2501	292.2977
333.2501	291.2739
333.7620	291.2739
333.7620	290.2501
334.2739	290.2501
334.2739	289.2262
334.7858	289.2262
334.7858	286.6667
335.2977	286.6667
335.2977	285.6429
335.8096	285.6429
335.8096	283.0834
336.3215	283.0834
336.3215	278.4762
335.8096	278.4762
335.8096	277.4524
336.3215	277.4524
336.3215	274.8929
336.8334	274.8929
336.8334	271.8215
336.3215	271.8215
336.3215	269.2620
335.8096	269.2620
335.8096	268.2381
335.2977	268.2381
335.2977	267.2143
334.7858	267.2143
334.7858	266.7024
334.2739	266.7024
334.2739	266.1905
333.7620	266.1905
333.7620	265.6786
333.2501	265.6786
333.2501	265.1667
332.7382	265.1667
332.7382	264.6548
332.2263	264.6548
332.2263	264.1429
331.2024	264.1429
331.2024	263.6310
330.1786	263.6310
330.1786	263.1191
328.6429	263.1191
328.6429	262.6072
326.0834	262.6072
326.0834	262.0953
322.5001	262.0953
322.5001	262.6072
319.9405	262.6072
319.9405	263.1191
318.9167	263.1191
318.9167	263.6310
317.8929	263.6310
317.8929	264.1429
317.3810	264.1429
317.3810	264.6548
315.8453	264.6548
315.8453	265.1667
314.8215	265.1667
314.8215	264.6548
314.3096	264.6548
314.3096	264.1429
313.2858	264.1429
313.2858	263.1191
312.7739	263.1191
312.7739	262.6072
312.2620	262.6072
312.2620	262.0953
311.7501	262.0953
311.7501	261.5834
311.2382	261.5834
311.2382	261.0715
310.7262	261.0715
310.7262	260.0477
310.2143	260.0477
310.2143	259.5358
310.7262	259.5358
310.7262	258.5120
311.2382	258.5120
311.2382	255.9524
311.7501	255.9524
311.7501	252.8810
311.2382	252.8810
311.2382	250.3215
310.7262	250.3215
310.7262	249.2977
310.2143	249.2977
310.2143	248.2739
310.7262	248.2739
310.7262	245.7143
311.2382	245.7143
311.2382	242.1310
312.2620	242.1310
312.2620	241.6191
313.2858	241.6191
313.2858	241.1072
314.3096	241.1072
314.3096	240.5953
314.8215	240.5953
314.8215	240.0834
315.3334	240.0834
315.3334	239.5715
315.8453	239.5715
315.8453	239.0596
316.3572	239.0596
316.3572	238.5477
316.8691	238.5477
316.8691	237.5239
317.3810	237.5239
317.3810	236.5000
317.8929	236.5000
317.8929	233.9405
318.4048	233.9405
318.4048	231.3810
317.8929	231.3810
317.8929	228.8215
317.3810	228.8215
317.3810	227.7977
316.8691	227.7977
316.8691	226.7739
316.3572	226.7739
316.3572	225.7500
315.8453	225.7500
315.8453	225.2381
315.3334	225.2381
315.3334	224.2143
314.8215	224.2143
314.8215	223.1905
314.3096	223.1905
314.3096	222.6786
313.7977	222.6786
313.7977	222.1667
313.2858	222.1667
313.2858	221.6548
312.7739	221.6548
312.7739	221.1429
312.2620	221.1429
312.2620	220.6310
311.7501	220.6310
311.7501	220.1191
311.2382	220.1191
311.2382	219.6072
310.7262	219.6072
310.7262	217.0477
310.2143	217.0477
310.2143	216.0239
309.7024	216.0239
309.7024	215.0000
309.1905	215.0000
309.1905	214.4881
309.7024	214.4881
309.7024	213.9762
310.2143	213.9762
310.2143	214.4881
310.7262	214.4881
310.7262	215.0000
311.2382	215.0000
311.2382	217.0477
311.7501	217.0477
311.7501	218.0715
312.2620	218.0715
312.2620	219.6072
312.7739	219.6072
312.7739	220.6310
313.2858	220.6310
313.2858	221.6548
313.7977	221.6548
313.7977	222.1667
314.3096	222.1667
314.3096	222.6786
314.8215	222.6786
314.8215	223.1905
315.3334	223.1905
315.3334	223.7024
315.8453	223.7024
315.8453	224.2143
316.8691	224.2143
316.8691	224.7262
317.3810	224.7262
317.3810	225.2381
317.8929	225.2381
317.8929	225.7500
318.4048	225.7500
318.4048	226.2619
318.9167	226.2619
318.9167	226.7739
319.9405	226.7739
319.9405	227.2858
320.9643	227.2858
320.9643	227.7977
323.5239	227.7977
323.5239	228.3096
326.0834	228.3096
326.0834	227.7977
328.6429	227.7977
328.6429	227.2858
329.6667	227.2858
329.6667	226.7739
330.6905	226.7739
330.6905	226.2619
331.2024	226.2619
331.2024	225.7500
331.7143	225.7500
331.7143	225.2381
332.2263	225.2381
332.2263	224.7262
334.2739	224.7262
334.2739	224.2143
335.2977	224.2143
335.2977	223.7024
337.3453	223.7024
337.3453	223.1905
338.3691	223.1905
338.3691	222.6786
339.3929	222.6786
339.3929	222.1667
340.4167	222.1667
340.4167	221.6548
341.4405	221.6548
341.4405	221.1429
342.4644	221.1429
342.4644	220.6310
343.4882	220.6310
343.4882	220.1191
344.0001	220.1191
344.0001	219.6072
345.0239	219.6072
345.0239	219.0953
345.5358	219.0953
345.5358	218.5834
346.5596	218.5834
346.5596	218.0715
348.0953	218.0715
348.0953	217.5596
349.1191	217.5596
349.1191	217.0477
350.1429	217.0477
350.1429	216.5358
352.1905	216.5358
352.1905	216.0239
354.7501	216.0239
354.7501	215.5119
355.7739	215.5119
355.7739	215.0000
357.3096	215.0000
357.3096	214.4881
358.3334	214.4881
358.3334	213.9762
360.8929	213.9762
360.8929	213.4643
364.9882	213.4643
364.9882	212.9524
368.5715	212.9524
