395.7025	176.0953
398.7739	176.0953
398.7739	176.6072
399.7977	176.6072
399.7977	177.1191
401.8453	177.1191
401.8453	177.6310
402.8691	177.6310
402.8691	178.1429
404.9167	178.1429
404.9167	178.6548
405.4286	178.6548
405.4286	179.1667
405.9406	179.1667
405.9406	179.6786
406.9644	179.6786
406.9644	180.1905
407.9882	180.1905
407.9882	180.7024
409.0120	180.7024
409.0120	181.2143
409.5239	181.2143
409.5239	181.7262
410.0358	181.7262
410.0358	182.2381
411.0596	182.2381
411.0596	182.7500
411.5715	182.7500
411.5715	183.2619
412.5953	183.2619
412.5953	183.7738
413.6191	183.7738
413.6191	184.2857
414.6429	184.2857
414.6429	184.7977
415.6667	184.7977
415.6667	185.3096
416.6906	185.3096
416.6906	185.8215
417.2025	185.8215
417.2025	186.3334
418.2263	186.3334
418.2263	186.8453
419.2501	186.8453
419.2501	187.3572
419.7620	187.3572
419.7620	187.8691
420.2739	187.8691
420.2739	188.3810
420.7858	188.3810
420.7858	188.8929
421.8096	188.8929
421.8096	189.4048
422.3215	189.4048
422.3215	189.9167
422.8334	189.9167
422.8334	190.4286
423.3453	190.4286
423.3453	190.9405
423.8572	190.9405
423.8572	191.4524
424.3691	191.4524
424.3691	191.9643
424.8810	191.9643
424.8810	192.4762
425.3929	192.4762
425.3929	193.5000
425.9048	193.5000
425.9048	194.0119
426.4167	194.0119
426.4167	195.0358
426.9287	195.0358
426.9287	195.5477
427.4406	195.5477
427.4406	196.0596
427.9525	196.0596
427.9525	197.0834
428.4644	197.0834
428.4644	197.5953
428.9763	197.5953
428.9763	198.6191
429.4882	198.6191
429.4882	199.6429
430.0001	199.6429
430.0001	200.6667
430.5120	200.6667
430.5120	201.6905
431.0239	201.6905
431.0239	204.2500
431.5358	204.2500
431.5358	205.2738
432.0477	205.2738
432.0477	213.9762
431.5358	213.9762
431.5358	216.5358
431.0239	216.5358
431.0239	219.6072
430.5120	219.6072
430.5120	220.6310
430.0001	220.6310
430.0001	222.1667
429.4882	222.1667
429.4882	223.7024
428.9763	223.7024
428.9763	224.7262
428.4644	224.7262
428.4644	226.2619
427.9525	226.2619
427.9525	227.2858
427.4406	227.2858
427.4406	229.3334
426.9287	229.3334
426.9287	230.3572
426.4167	230.3572
426.4167	231.3810
425.9048	231.3810
425.9048	232.4048
425.3929	232.4048
425.3929	232.9167
424.8810	232.9167
424.8810	233.4286
424.3691	233.4286
424.3691	233.9405
423.8572	233.9405
423.8572	234.4524
423.3453	234.4524
423.3453	234.9643
422.8334	234.9643
422.8334	235.4762
422.3215	235.4762
422.3215	235.9881
421.8096	235.9881
421.8096	236.5000
421.2977	236.5000
421.2977	237.0119
420.7858	237.0119
420.7858	237.5239
420.2739	237.5239
420.2739	238.0358
419.7620	238.0358
419.7620	238.5477
419.2501	238.5477
419.2501	239.0596
418.7382	239.0596
418.7382	239.5715
418.2263	239.5715
418.2263	240.0834
417.7144	240.0834
417.7144	240.5953
417.2025	240.5953
417.2025	241.1072
416.6906	241.1072
416.6906	241.6191
416.1787	241.6191
416.1787	242.6429
415.6667	242.6429
415.6667	243.1548
415.1548	243.1548
415.1548	243.6667
414.6429	243.6667
414.6429	244.1786
414.1310	244.1786
414.1310	244.6905
413.6191	244.6905
413.6191	245.7143
413.1072	245.7143
413.1072	246.7381
412.5953	246.7381
412.5953	249.2977
412.0834	249.2977
412.0834	252.8810
412.5953	252.8810
412.5953	255.4405
413.1072	255.4405
413.1072	256.4643
413.6191	256.4643
413.6191	257.4881
414.1310	257.4881
414.1310	259.0239
414.6429	259.0239
414.6429	260.0477
415.1548	260.0477
415.1548	261.0715
415.6667	261.0715
415.6667	265.6786
415.1548	265.6786
415.1548	268.2381
414.6429	268.2381
414.6429	269.7739
414.1310	269.7739
414.1310	271.8215
413.6191	271.8215
413.6191	272.8453
413.1072	272.8453
413.1072	273.8691
412.5953	273.8691
412.5953	274.8929
412.0834	274.8929
412.0834	277.4524
411.5715	277.4524
411.5715	280.0120
412.0834	280.0120
412.0834	282.5715
412.5953	282.5715
412.5953	283.5953
413.1072	283.5953
413.1072	284.6191
413.6191	284.6191
413.6191	285.1310
414.1310	285.1310
414.1310	285.6429
414.6429	285.6429
414.6429	286.1548
415.1548	286.1548
415.1548	286.6667
415.6667	286.6667
415.6667	287.1786
416.6906	287.1786
416.6906	287.6905
417.7144	287.6905
417.7144	288.2024
419.7620	288.2024
419.7620	288.7143
421.2977	288.7143
421.2977	289.2262
422.3215	289.2262
422.3215	289.7382
423.3453	289.7382
423.3453	290.2501
425.9048	290.2501
425.9048	290.7620
429.4882	290.7620
429.4882	291.2739
430.5120	291.2739
430.5120	291.7858
431.5358	291.7858
431.5358	292.2977
433.5834	292.2977
433.5834	292.8096
434.0953	292.8096
434.0953	293.3215
435.1191	293.3215
435.1191	293.8334
435.6310	293.8334
435.6310	294.8572
436.1429	294.8572
436.1429	295.3691
436.6548	295.3691
436.6548	295.8810
437.1667	295.8810
437.1667	296.3929
437.6787	296.3929
437.6787	296.9048
438.1906	296.9048
438.1906	297.4167
438.7025	297.4167
438.7025	297.9286
439.7263	297.9286
439.7263	298.4405
440.7501	298.4405
440.7501	298.9524
441.7739	298.9524
441.7739	299.4643
441.2620	299.4643
441.2620	302.0239
440.7501	302.0239
440.7501	304.5834
441.2620	304.5834
441.2620	307.1429
441.7739	307.1429
441.7739	308.1667
442.2858	308.1667
442.2858	309.1905
442.7977	309.1905
442.7977	309.7024
443.3096	309.7024
443.3096	310.2143
442.7977	310.2143
442.7977	309.7024
439.7263	309.7024
439.7263	309.1905
438.7025	309.1905
438.7025	308.6786
436.1429	308.6786
436.1429	308.1667
432.5596	308.1667
432.5596	308.6786
430.0001	308.6786
430.0001	309.1905
428.9763	309.1905
428.9763	308.6786
428.4644	308.6786
428.4644	308.1667
427.9525	308.1667
427.9525	307.6548
427.4406	307.6548
427.4406	307.1429
426.9287	307.1429
426.9287	306.6310
426.4167	306.6310
426.4167	306.1191
425.3929	306.1191
425.3929	305.6072
424.3691	305.6072
424.3691	305.0953
421.8096	305.0953
421.8096	304.5834
417.7144	304.5834
417.7144	304.0715
413.6191	304.0715
413.6191	304.5834
411.0596	304.5834
411.0596	305.0953
410.0358	305.0953
410.0358	305.6072
407.4763	305.6072
407.4763	306.1191
405.9406	306.1191
405.9406	306.6310
404.9167	306.6310
404.9167	307.1429
403.8929	307.1429
403.8929	307.6548
403.3810	307.6548
403.3810	308.1667
402.8691	308.1667
402.8691	308.6786
402.3572	308.6786
402.3572	309.1905
401.8453	309.1905
401.8453	309.7024
399.2858	309.7024
399.2858	310.2143
398.2620	310.2143
398.2620	310.7262
397.2382	310.7262
397.2382	311.2382
396.7263	311.2382
396.7263	311.7501
396.2144	311.7501
396.2144	312.2620
395.7025	312.2620
395.7025	312.7739
395.1906	312.7739
395.1906	313.2858
394.6786	313.2858
394.6786	314.3096
394.1667	314.3096
394.1667	315.3334
393.6548	315.3334
393.6548	316.3572
393.1429	316.3572
393.1429	317.3810
392.6310	317.3810
392.6310	318.4048
392.1191	318.4048
392.1191	320.9643
391.6072	320.9643
391.6072	323.5239
390.5834	323.5239
390.5834	324.0358
390.0715	324.0358
390.0715	324.5477
389.5596	324.5477
389.5596	325.0596
389.0477	325.0596
389.0477	325.5715
388.5358	325.5715
388.5358	326.0834
388.0239	326.0834
388.0239	327.1072
387.5120	327.1072
387.5120	328.1310
387.0001	328.1310
387.0001	328.6429
386.4882	328.6429
386.4882	329.1548
385.9763	329.1548
385.9763	329.6667
385.4644	329.6667
385.4644	330.6905
384.9525	330.6905
384.9525	331.7143
384.4405	331.7143
384.4405	334.2739
383.9286	334.2739
383.9286	337.3453
384.4405	337.3453
384.4405	338.3691
383.9286	338.3691
383.9286	344.5120
384.4405	344.5120
384.4405	345.0239
383.9286	345.0239
383.9286	345.5358
383.4167	345.5358
383.4167	346.5596
382.9048	346.5596
382.9048	347.0715
381.8810	347.0715
381.8810	347.5834
381.3691	347.5834
381.3691	348.0953
380.8572	348.0953
380.8572	348.6072
380.3453	348.6072
380.3453	349.1191
379.3215	349.1191
379.3215	348.6072
376.7620	348.6072
376.7620	348.0953
373.6905	348.0953
373.6905	348.6072
371.1310	348.6072
371.1310	349.1191
368.5715	349.1191
368.5715	348.0953
368.0596	348.0953
368.0596	347.0715
367.5477	347.0715
367.5477	346.0477
367.0358	346.0477
367.0358	345.5358
366.5239	345.5358
366.5239	345.0239
366.0120	345.0239
366.0120	344.5120
365.5001	344.5120
365.5001	344.0001
364.9882	344.0001
364.9882	343.4882
364.4763	343.4882
364.4763	342.9763
363.4525	342.9763
363.4525	342.4644
362.4286	342.4644
362.4286	341.9524
359.8691	341.9524
359.8691	341.4405
356.2858	341.4405
356.2858	341.9524
354.2382	341.9524
354.2382	341.4405
353.7263	341.4405
353.7263	340.9286
353.2144	340.9286
353.2144	340.4167
352.1905	340.4167
352.1905	339.9048
351.1667	339.9048
351.1667	339.3929
348.6072	339.3929
348.6072	338.8810
346.0477	338.8810
346.0477	339.3929
343.4882	339.3929
343.4882	339.9048
342.4644	339.9048
342.4644	340.4167
341.4405	340.4167
341.4405	340.9286
340.9286	340.9286
340.9286	341.4405
340.4167	341.4405
340.4167	341.9524
339.9048	341.9524
339.9048	341.4405
340.4167	341.4405
340.4167	340.4167
340.9286	340.4167
340.9286	337.8572
341.4405	337.8572
341.4405	335.2977
340.9286	335.2977
340.9286	332.7382
340.4167	332.7382
340.4167	331.7143
339.9048	331.7143
339.9048	330.6905
339.3929	330.6905
339.3929	330.1786
338.8810	330.1786
338.8810	329.6667
338.3691	329.6667
338.3691	329.1548
337.8572	329.1548
337.8572	326.5953
337.3453	326.5953
337.3453	324.5477
336.8334	324.5477
336.8334	323.5239
336.3215	323.5239
336.3215	322.5001
335.8096	322.5001
335.8096	321.9882
335.2977	321.9882
335.2977	321.4763
334.7858	321.4763
334.7858	320.9643
334.2739	320.9643
334.2739	320.4524
333.7620	320.4524
333.7620	319.9405
332.7382	319.9405
332.7382	319.4286
331.7143	319.4286
331.7143	318.9167
331.2024	318.9167
331.2024	318.4048
330.6905	318.4048
330.6905	315.8453
330.1786	315.8453
330.1786	313.2858
329.6667	313.2858
329.6667	312.2620
329.1548	312.2620
329.1548	311.2382
328.6429	311.2382
328.6429	310.7262
328.1310	310.7262
328.1310	310.2143
327.6191	310.2143
327.6191	309.7024
327.1072	309.7024
327.1072	309.1905
326.5953	309.1905
326.5953	308.6786
325.5715	308.6786
325.5715	308.1667
324.5477	308.1667
324.5477	307.6548
324.0358	307.6548
324.0358	307.1429
323.5239	307.1429
323.5239	305.0953
323.0120	305.0953
323.0120	304.0715
322.5001	304.0715
322.5001	303.0477
321.9882	303.0477
321.9882	302.5358
321.4763	302.5358
321.4763	302.0239
320.9643	302.0239
320.9643	301.5120
320.4524	301.5120
320.4524	301.0001
319.9405	301.0001
319.9405	300.4882
319.4286	300.4882
319.4286	299.9762
318.9167	299.9762
318.9167	299.4643
318.4048	299.4643
318.4048	298.9524
317.8929	298.9524
317.8929	298.4405
317.3810	298.4405
317.3810	297.9286
316.3572	297.9286
316.3572	297.4167
315.3334	297.4167
315.3334	296.9048
312.7739	296.9048
312.7739	296.3929
307.6548	296.3929
307.6548	296.9048
305.0953	296.9048
305.0953	297.4167
304.0715	297.4167
304.0715	297.9286
303.0477	297.9286
303.0477	298.4405
302.5358	298.4405
302.5358	298.9524
302.0239	298.9524
302.0239	299.4643
301.5120	299.4643
301.5120	299.9762
301.0001	299.9762
301.0001	300.4882
300.4882	300.4882
300.4882	301.5120
299.9762	301.5120
299.9762	302.5358
299.4643	302.5358
299.4643	304.5834
297.4167	304.5834
297.4167	304.0715
295.8810	304.0715
295.8810	303.0477
295.3691	303.0477
295.3691	302.5358
294.8572	302.5358
294.8572	302.0239
294.3453	302.0239
294.3453	300.4882
293.8334	300.4882
293.8334	298.9524
293.3215	298.9524
293.3215	296.9048
293.8334	296.9048
293.8334	295.8810
294.3453	295.8810
294.3453	294.8572
294.8572	294.8572
294.8572	294.3453
295.3691	294.3453
295.3691	293.3215
295.8810	293.3215
295.8810	292.8096
296.3929	292.8096
296.3929	291.7858
297.4167	291.7858
297.4167	291.2739
297.9286	291.2739
297.9286	290.7620
298.4405	290.7620
298.4405	290.2501
298.9524	290.2501
298.9524	289.7382
299.4643	289.7382
299.4643	289.2262
299.9762	289.2262
299.9762	288.2024
300.4882	288.2024
300.4882	287.1786
301.0001	287.1786
301.0001	286.1548
301.5120	286.1548
301.5120	283.5953
302.0239	283.5953
302.0239	281.0358
302.5358	281.0358
302.5358	279.5001
303.0477	279.5001
303.0477	278.4762
303.5596	278.4762
303.5596	275.9167
304.0715	275.9167
304.0715	273.3572
304.5834	273.3572
304.5834	270.2858
304.0715	270.2858
304.0715	267.7262
303.5596	267.7262
303.5596	266.7024
303.0477	266.7024
303.0477	265.6786
302.5358	265.6786
302.5358	265.1667
302.0239	265.1667
302.0239	264.6548
301.5120	264.6548
301.5120	264.1429
301.0001	264.1429
301.0001	263.6310
300.4882	263.6310
300.4882	263.1191
299.9762	263.1191
299.9762	262.6072
298.9524	262.6072
298.9524	262.0953
298.4405	262.0953
298.4405	261.5834
297.4167	261.5834
297.4167	261.0715
296.9048	261.0715
296.9048	259.5358
297.9286	259.5358
297.9286	259.0239
298.4405	259.0239
298.4405	258.5120
298.9524	258.5120
298.9524	258.0000
299.4643	258.0000
299.4643	257.4881
299.9762	257.4881
299.9762	256.9762
300.4882	256.9762
300.4882	255.9524
301.0001	255.9524
301.0001	254.9286
301.5120	254.9286
301.5120	253.9048
302.0239	253.9048
302.0239	251.3453
302.5358	251.3453
302.5358	250.3215
303.0477	250.3215
303.0477	249.2977
303.5596	249.2977
303.5596	248.2739
304.0715	248.2739
304.0715	245.7143
304.5834	245.7143
304.5834	244.6905
305.0953	244.6905
305.0953	243.6667
305.6072	243.6667
305.6072	241.1072
306.1191	241.1072
306.1191	238.0358
305.6072	238.0358
305.6072	234.9643
305.0953	234.9643
305.0953	233.9405
309.1905	233.9405
309.1905	234.4524
311.7501	234.4524
311.7501	233.9405
314.3096	233.9405
314.3096	233.4286
315.3334	233.4286
315.3334	232.9167
316.3572	232.9167
316.3572	232.4048
316.8691	232.4048
316.8691	231.8929
317.3810	231.8929
317.3810	231.3810
317.8929	231.3810
317.8929	230.8691
318.4048	230.8691
318.4048	230.3572
318.9167	230.3572
318.9167	229.8453
319.4286	229.8453
319.4286	228.8215
320.4524	228.8215
320.4524	229.3334
320.9643	229.3334
320.9643	229.8453
321.4763	229.8453
321.4763	232.4048
321.9882	232.4048
321.9882	233.4286
322.5001	233.4286
322.5001	234.4524
323.0120	234.4524
323.0120	234.9643
323.5239	234.9643
323.5239	235.4762
324.0358	235.4762
324.0358	235.9881
324.5477	235.9881
324.5477	236.5000
325.0596	236.5000
325.0596	237.0119
325.5715	237.0119
325.5715	237.5239
326.5953	237.5239
326.5953	238.0358
327.6191	238.0358
327.6191	238.5477
330.1786	238.5477
330.1786	239.0596
332.7382	239.0596
332.7382	238.5477
335.2977	238.5477
335.2977	238.0358
336.3215	238.0358
336.3215	237.5239
337.3453	237.5239
337.3453	237.0119
338.3691	237.0119
338.3691	236.5000
339.3929	236.5000
339.3929	235.9881
340.4167	235.9881
340.4167	235.4762
340.9286	235.4762
340.9286	234.9643
341.4405	234.9643
341.4405	234.4524
341.9524	234.4524
341.9524	233.9405
342.4644	233.9405
342.4644	233.4286
342.9763	233.4286
342.9763	232.9167
343.4882	232.9167
343.4882	232.4048
344.0001	232.4048
344.0001	231.8929
344.5120	231.8929
344.5120	230.8691
345.0239	230.8691
345.0239	229.8453
345.5358	229.8453
345.5358	228.8215
346.0477	228.8215
346.0477	227.7977
346.5596	227.7977
346.5596	227.2858
347.0715	227.2858
347.0715	226.7739
347.5834	226.7739
347.5834	226.2619
348.0953	226.2619
348.0953	225.7500
348.6072	225.7500
348.6072	225.2381
349.1191	225.2381
349.1191	224.7262
349.6310	224.7262
349.6310	224.2143
350.1429	224.2143
350.1429	223.7024
350.6548	223.7024
350.6548	222.6786
351.1667	222.6786
351.1667	221.6548
351.6786	221.6548
351.6786	220.6310
352.1905	220.6310
352.1905	219.6072
352.7024	219.6072
352.7024	217.0477
353.2144	217.0477
353.2144	216.5358
353.7263	216.5358
353.7263	216.0239
354.2382	216.0239
354.2382	215.5119
354.7501	215.5119
354.7501	214.4881
355.2620	214.4881
355.2620	213.4643
355.7739	213.4643
355.7739	211.9286
356.2858	211.9286
356.2858	209.3691
356.7977	209.3691
356.7977	208.8572
357.3096	208.8572
357.3096	208.3453
357.8215	208.3453
357.8215	207.8334
358.3334	207.8334
358.3334	207.3215
358.8453	207.3215
358.8453	206.8096
359.3572	206.8096
359.3572	206.2977
359.8691	206.2977
359.8691	205.2738
360.3810	205.2738
360.3810	204.2500
360.8929	204.2500
360.8929	203.2262
361.4048	203.2262
361.4048	202.2024
361.9167	202.2024
361.9167	201.1786
362.4286	201.1786
362.4286	200.1548
362.9405	200.1548
362.9405	198.6191
363.9644	198.6191
363.9644	198.1072
364.9882	198.1072
364.9882	197.5953
365.5001	197.5953
365.5001	197.0834
366.0120	197.0834
366.0120	196.5715
366.5239	196.5715
366.5239	196.0596
367.0358	196.0596
367.0358	195.5477
367.5477	195.5477
367.5477	194.5238
368.0596	194.5238
368.0596	194.0119
368.5715	194.0119
368.5715	193.5000
369.0834	193.5000
369.0834	192.4762
369.5953	192.4762
369.5953	191.4524
370.1072	191.4524
370.1072	190.4286
370.6191	190.4286
370.6191	188.8929
371.6429	188.8929
371.6429	188.3810
372.1548	188.3810
372.1548	187.8691
372.6667	187.8691
372.6667	187.3572
373.1786	187.3572
373.1786	186.8453
373.6905	186.8453
373.6905	186.3334
374.2025	186.3334
374.2025	185.8215
374.7144	185.8215
374.7144	185.3096
375.2263	185.3096
375.2263	184.7977
375.7382	184.7977
375.7382	184.2857
376.2501	184.2857
376.2501	183.7738
377.7858	183.7738
377.7858	183.2619
378.8096	183.2619
378.8096	182.7500
380.8572	182.7500
380.8572	182.2381
381.8810	182.2381
381.8810	181.7262
382.9048	181.7262
382.9048	181.2143
383.4167	181.2143
383.4167	180.7024
383.9286	180.7024
383.9286	180.1905
384.4405	180.1905
384.4405	179.6786
384.9525	179.6786
384.9525	179.1667
385.4644	179.1667
385.4644	178.1429
386.4882	178.1429
386.4882	177.6310
388.0239	177.6310
388.0239	177.1191
389.0477	177.1191
389.0477	176.6072
391.0953	176.6072
391.0953	176.0953
394.1667	176.0953
394.1667	175.5834
395.7025	175.5834
