401.8453	183.7738
407.9882	183.7738
407.9882	184.2857
409.5239	184.2857
409.5239	184.7977
412.0834	184.7977
412.0834	185.3096
415.6667	185.3096
415.6667	185.8215
417.2025	185.8215
417.2025	186.3334
419.7620	186.3334
419.7620	186.8453
421.2977	186.8453
421.2977	187.3572
423.8572	187.3572
423.8572	187.8691
424.8810	187.8691
424.8810	188.3810
425.9048	188.3810
425.9048	188.8929
426.9287	188.8929
426.9287	189.4048
429.4882	189.4048
429.4882	189.9167
430.0001	189.9167
430.0001	190.4286
430.5120	190.4286
430.5120	190.9405
431.0239	190.9405
431.0239	191.4524
431.5358	191.4524
431.5358	191.9643
432.0477	191.9643
432.0477	192.4762
432.5596	192.4762
432.5596	192.9881
433.5834	192.9881
433.5834	194.0119
434.0953	194.0119
434.0953	194.5238
434.6072	194.5238
434.6072	195.0358
435.1191	195.0358
435.1191	195.5477
435.6310	195.5477
435.6310	196.0596
436.1429	196.0596
436.1429	196.5715
436.6548	196.5715
436.6548	197.0834
437.1667	197.0834
437.1667	197.5953
437.6787	197.5953
437.6787	198.6191
438.1906	198.6191
438.1906	199.1310
438.7025	199.1310
438.7025	199.6429
439.2144	199.6429
439.2144	200.1548
439.7263	200.1548
439.7263	201.1786
440.2382	201.1786
440.2382	202.2024
440.7501	202.2024
440.7501	203.2262
441.2620	203.2262
441.2620	203.7381
441.7739	203.7381
441.7739	205.2738
442.2858	205.2738
442.2858	206.2977
442.7977	206.2977
442.7977	207.3215
443.3096	207.3215
443.3096	207.8334
443.8215	207.8334
443.8215	209.8810
444.3334	209.8810
444.3334	211.9286
444.8453	211.9286
444.8453	213.4643
445.3572	213.4643
445.3572	214.4881
445.8691	214.4881
445.8691	224.7262
445.3572	224.7262
445.3572	227.7977
444.8453	227.7977
444.8453	229.3334
444.3334	229.3334
444.3334	230.3572
443.8215	230.3572
443.8215	231.8929
443.3096	231.8929
443.3096	232.4048
442.7977	232.4048
442.7977	233.4286
442.2858	233.4286
442.2858	233.9405
441.7739	233.9405
441.7739	234.9643
441.2620	234.9643
441.2620	235.9881
440.7501	235.9881
440.7501	237.0119
440.2382	237.0119
440.2382	237.5239
439.7263	237.5239
439.7263	238.0358
439.2144	238.0358
439.2144	238.5477
438.7025	238.5477
438.7025	239.0596
438.1906	239.0596
438.1906	239.5715
437.6787	239.5715
437.6787	240.0834
437.1667	240.0834
437.1667	240.5953
436.6548	240.5953
436.6548	241.1072
436.1429	241.1072
436.1429	242.1310
435.6310	242.1310
435.6310	242.6429
435.1191	242.6429
435.1191	243.1548
434.6072	243.1548
434.6072	243.6667
434.0953	243.6667
434.0953	244.1786
433.5834	244.1786
433.5834	244.6905
433.0715	244.6905
433.0715	245.7143
432.5596	245.7143
432.5596	246.2262
432.0477	246.2262
432.0477	246.7381
431.5358	246.7381
431.5358	247.2500
431.0239	247.2500
431.0239	247.7620
430.5120	247.7620
430.5120	248.2739
430.0001	248.2739
430.0001	248.7858
429.4882	248.7858
429.4882	249.2977
428.9763	249.2977
428.9763	250.3215
428.4644	250.3215
428.4644	251.3453
427.9525	251.3453
427.9525	251.8572
426.9287	251.8572
426.9287	252.3691
426.4167	252.3691
426.4167	252.8810
425.3929	252.8810
425.3929	253.3929
424.8810	253.3929
424.8810	253.9048
424.3691	253.9048
424.3691	254.4167
423.8572	254.4167
423.8572	254.9286
423.3453	254.9286
423.3453	255.4405
422.8334	255.4405
422.8334	255.9524
422.3215	255.9524
422.3215	256.9762
421.8096	256.9762
421.8096	257.4881
421.2977	257.4881
421.2977	258.5120
420.7858	258.5120
420.7858	259.5358
420.2739	259.5358
420.2739	262.0953
419.7620	262.0953
419.7620	265.6786
420.2739	265.6786
420.2739	268.2381
420.7858	268.2381
420.7858	269.7739
421.2977	269.7739
421.2977	271.3096
421.8096	271.3096
421.8096	272.8453
422.3215	272.8453
422.3215	276.4286
421.8096	276.4286
421.8096	278.9881
421.2977	278.9881
421.2977	280.5239
420.7858	280.5239
420.7858	283.0834
420.2739	283.0834
420.2739	286.1548
420.7858	286.1548
420.7858	288.7143
421.2977	288.7143
421.2977	289.7382
421.8096	289.7382
421.8096	290.7620
422.3215	290.7620
422.3215	291.2739
422.8334	291.2739
422.8334	291.7858
423.3453	291.7858
423.3453	292.2977
423.8572	292.2977
423.8572	292.8096
424.3691	292.8096
424.3691	293.3215
424.8810	293.3215
424.8810	293.8334
425.9048	293.8334
425.9048	294.3453
426.9287	294.3453
426.9287	294.8572
429.4882	294.8572
429.4882	295.3691
430.0001	295.3691
430.0001	295.8810
431.0239	295.8810
431.0239	296.3929
431.5358	296.3929
431.5358	296.9048
432.0477	296.9048
432.0477	297.4167
432.5596	297.4167
432.5596	297.9286
433.5834	297.9286
433.5834	298.4405
434.6072	298.4405
434.6072	298.9524
437.1667	298.9524
437.1667	299.4643
442.2858	299.4643
442.2858	299.9762
443.3096	299.9762
443.3096	300.4882
443.8215	300.4882
443.8215	301.0001
444.8453	301.0001
444.8453	301.5120
445.8691	301.5120
445.8691	302.0239
447.4048	302.0239
447.4048	302.5358
449.9644	302.5358
449.9644	303.0477
451.5001	303.0477
451.5001	303.5596
454.0596	303.5596
454.0596	307.1429
454.5715	307.1429
454.5715	309.7024
455.0834	309.7024
455.0834	310.7262
455.5953	310.7262
455.5953	311.7501
456.1072	311.7501
456.1072	312.2620
456.6191	312.2620
456.6191	312.7739
457.1310	312.7739
457.1310	313.2858
457.6429	313.2858
457.6429	313.7977
458.1548	313.7977
458.1548	314.3096
458.6668	314.3096
458.6668	315.8453
459.1787	315.8453
459.1787	316.8691
459.6906	316.8691
459.6906	317.8929
460.2025	317.8929
460.2025	318.4048
460.7144	318.4048
460.7144	319.9405
457.1310	319.9405
457.1310	320.4524
454.5715	320.4524
454.5715	320.9643
454.0596	320.9643
454.0596	320.4524
451.5001	320.4524
451.5001	319.9405
446.8929	319.9405
446.8929	320.4524
444.3334	320.4524
444.3334	320.9643
442.7977	320.9643
442.7977	321.4763
442.2858	321.4763
442.2858	320.9643
441.7739	320.9643
441.7739	320.4524
441.2620	320.4524
441.2620	319.9405
440.7501	319.9405
440.7501	319.4286
440.2382	319.4286
440.2382	317.8929
439.7263	317.8929
439.7263	316.8691
439.2144	316.8691
439.2144	315.8453
438.7025	315.8453
438.7025	314.8215
438.1906	314.8215
438.1906	314.3096
437.6787	314.3096
437.6787	313.7977
437.1667	313.7977
437.1667	313.2858
436.6548	313.2858
436.6548	312.7739
436.1429	312.7739
436.1429	312.2620
435.1191	312.2620
435.1191	311.7501
434.0953	311.7501
434.0953	311.2382
431.5358	311.2382
431.5358	310.7262
427.9525	310.7262
427.9525	311.2382
425.3929	311.2382
425.3929	311.7501
424.3691	311.7501
424.3691	312.2620
423.3453	312.2620
423.3453	312.7739
422.8334	312.7739
422.8334	313.2858
421.8096	313.2858
421.8096	312.7739
419.2501	312.7739
419.2501	313.2858
416.6906	313.2858
416.6906	313.7977
415.6667	313.7977
415.6667	314.3096
414.6429	314.3096
414.6429	314.8215
414.1310	314.8215
414.1310	315.3334
413.6191	315.3334
413.6191	315.8453
413.1072	315.8453
413.1072	316.3572
412.5953	316.3572
412.5953	316.8691
412.0834	316.8691
412.0834	317.3810
411.5715	317.3810
411.5715	318.4048
409.0120	318.4048
409.0120	318.9167
406.9644	318.9167
406.9644	319.4286
405.9406	319.4286
405.9406	319.9405
404.9167	319.9405
404.9167	320.4524
404.4048	320.4524
404.4048	320.9643
403.8929	320.9643
403.8929	321.4763
403.3810	321.4763
403.3810	321.9882
402.8691	321.9882
402.8691	322.5001
402.3572	322.5001
402.3572	323.0120
401.3334	323.0120
401.3334	323.5239
400.8215	323.5239
400.8215	324.0358
400.3096	324.0358
400.3096	324.5477
399.7977	324.5477
399.7977	325.0596
399.2858	325.0596
399.2858	325.5715
398.7739	325.5715
398.7739	326.0834
398.2620	326.0834
398.2620	326.5953
397.7501	326.5953
397.7501	327.6191
396.7263	327.6191
396.7263	328.1310
395.7025	328.1310
395.7025	328.6429
395.1906	328.6429
395.1906	329.1548
394.6786	329.1548
394.6786	329.6667
394.1667	329.6667
394.1667	330.1786
393.6548	330.1786
393.6548	330.6905
393.1429	330.6905
393.1429	331.7143
392.6310	331.7143
392.6310	332.7382
392.1191	332.7382
392.1191	335.2977
391.6072	335.2977
391.6072	338.3691
392.1191	338.3691
392.1191	340.9286
392.6310	340.9286
392.6310	342.4644
392.1191	342.4644
392.1191	342.9763
391.6072	342.9763
391.6072	343.4882
391.0953	343.4882
391.0953	344.0001
390.5834	344.0001
390.5834	345.0239
390.0715	345.0239
390.0715	346.0477
389.5596	346.0477
389.5596	347.5834
389.0477	347.5834
389.0477	350.1429
388.5358	350.1429
388.5358	352.1905
387.5120	352.1905
387.5120	351.6786
384.9525	351.6786
384.9525	352.1905
382.3929	352.1905
382.3929	352.7024
380.8572	352.7024
380.8572	353.2144
378.2977	353.2144
378.2977	352.1905
377.7858	352.1905
377.7858	351.6786
377.2739	351.6786
377.2739	351.1667
376.7620	351.1667
376.7620	350.6548
376.2501	350.6548
376.2501	350.1429
375.7382	350.1429
375.7382	349.6310
375.2263	349.6310
375.2263	349.1191
374.2025	349.1191
374.2025	348.6072
373.1786	348.6072
373.1786	348.0953
370.6191	348.0953
370.6191	347.5834
368.0596	347.5834
368.0596	348.0953
365.5001	348.0953
365.5001	348.6072
362.9405	348.6072
362.9405	349.1191
361.9167	349.1191
361.9167	349.6310
360.8929	349.6310
360.8929	350.1429
360.3810	350.1429
360.3810	350.6548
359.8691	350.6548
359.8691	351.1667
359.3572	351.1667
359.3572	351.6786
358.8453	351.6786
358.8453	352.1905
358.3334	352.1905
358.3334	352.7024
357.8215	352.7024
357.8215	353.2144
357.3096	353.2144
357.3096	354.2382
356.7977	354.2382
356.7977	355.2620
355.2620	355.2620
355.2620	354.7501
352.7024	354.7501
352.7024	354.2382
349.6310	354.2382
349.6310	354.7501
347.0715	354.7501
347.0715	355.2620
346.0477	355.2620
346.0477	355.7739
345.0239	355.7739
345.0239	356.2858
344.5120	356.2858
344.5120	356.7977
344.0001	356.7977
344.0001	357.3096
343.4882	357.3096
343.4882	357.8215
342.9763	357.8215
342.9763	358.3334
342.4644	358.3334
342.4644	358.8453
341.9524	358.8453
341.9524	359.3572
341.4405	359.3572
341.4405	359.8691
340.4167	359.8691
340.4167	360.3810
339.9048	360.3810
339.9048	360.8929
338.8810	360.8929
338.8810	361.4048
337.8572	361.4048
337.8572	361.9167
337.3453	361.9167
337.3453	362.4286
335.8096	362.4286
335.8096	362.9405
333.2501	362.9405
333.2501	363.4525
332.2263	363.4525
332.2263	363.9644
331.2024	363.9644
331.2024	364.4763
328.6429	364.4763
328.6429	363.9644
328.1310	363.9644
328.1310	361.4048
327.6191	361.4048
327.6191	359.3572
327.1072	359.3572
327.1072	358.3334
326.5953	358.3334
326.5953	357.3096
326.0834	357.3096
326.0834	356.2858
326.5953	356.2858
326.5953	355.2620
327.1072	355.2620
327.1072	354.2382
327.6191	354.2382
327.6191	352.7024
329.1548	352.7024
329.1548	352.1905
330.1786	352.1905
330.1786	351.6786
331.2024	351.6786
331.2024	351.1667
331.7143	351.1667
331.7143	350.6548
332.7382	350.6548
332.7382	350.1429
333.2501	350.1429
333.2501	349.6310
333.7620	349.6310
333.7620	349.1191
334.2739	349.1191
334.2739	348.6072
334.7858	348.6072
334.7858	348.0953
335.2977	348.0953
335.2977	347.0715
335.8096	347.0715
335.8096	346.0477
336.3215	346.0477
336.3215	343.4882
336.8334	343.4882
336.8334	340.9286
336.3215	340.9286
336.3215	338.3691
335.8096	338.3691
335.8096	337.3453
336.8334	337.3453
336.8334	336.8334
337.3453	336.8334
337.3453	336.3215
337.8572	336.3215
337.8572	335.8096
338.3691	335.8096
338.3691	335.2977
338.8810	335.2977
338.8810	334.7858
339.3929	334.7858
339.3929	334.2739
339.9048	334.2739
339.9048	333.2501
340.4167	333.2501
340.4167	332.2263
340.9286	332.2263
340.9286	329.6667
341.4405	329.6667
341.4405	325.5715
340.9286	325.5715
340.9286	323.0120
340.4167	323.0120
340.4167	320.9643
339.9048	320.9643
339.9048	318.4048
339.3929	318.4048
339.3929	316.8691
338.8810	316.8691
338.8810	315.8453
338.3691	315.8453
338.3691	314.8215
337.8572	314.8215
337.8572	313.7977
337.3453	313.7977
337.3453	312.7739
336.8334	312.7739
336.8334	311.7501
336.3215	311.7501
336.3215	311.2382
335.8096	311.2382
335.8096	310.7262
335.2977	310.7262
335.2977	310.2143
334.7858	310.2143
334.7858	309.7024
334.2739	309.7024
334.2739	309.1905
333.2501	309.1905
333.2501	308.6786
332.2263	308.6786
332.2263	308.1667
331.2024	308.1667
331.2024	307.6548
330.6905	307.6548
330.6905	307.1429
330.1786	307.1429
330.1786	306.6310
329.6667	306.6310
329.6667	305.6072
329.1548	305.6072
329.1548	305.0953
328.6429	305.0953
328.6429	304.5834
328.1310	304.5834
328.1310	304.0715
327.6191	304.0715
327.6191	303.5596
327.1072	303.5596
327.1072	303.0477
326.0834	303.0477
326.0834	302.5358
325.0596	302.5358
325.0596	302.0239
322.5001	302.0239
322.5001	301.5120
319.9405	301.5120
319.9405	302.0239
317.3810	302.0239
317.3810	302.5358
316.3572	302.5358
316.3572	303.0477
315.3334	303.0477
315.3334	303.5596
314.8215	303.5596
314.8215	304.0715
314.3096	304.0715
314.3096	304.5834
313.7977	304.5834
313.7977	305.0953
313.2858	305.0953
313.2858	305.6072
312.7739	305.6072
312.7739	306.1191
312.2620	306.1191
312.2620	306.6310
311.7501	306.6310
311.7501	307.1429
311.2382	307.1429
311.2382	308.1667
310.7262	308.1667
310.7262	309.1905
310.2143	309.1905
310.2143	309.7024
309.7024	309.7024
309.7024	310.2143
309.1905	310.2143
309.1905	311.2382
308.6786	311.2382
308.6786	312.2620
308.1667	312.2620
308.1667	314.8215
306.1191	314.8215
306.1191	314.3096
305.6072	314.3096
305.6072	313.7977
304.5834	313.7977
304.5834	313.2858
304.0715	313.2858
304.0715	312.7739
303.5596	312.7739
303.5596	312.2620
302.5358	312.2620
302.5358	311.7501
302.0239	311.7501
302.0239	311.2382
301.5120	311.2382
301.5120	310.7262
301.0001	310.7262
301.0001	310.2143
301.5120	310.2143
301.5120	309.7024
302.0239	309.7024
302.0239	309.1905
302.5358	309.1905
302.5358	308.6786
303.0477	308.6786
303.0477	308.1667
303.5596	308.1667
303.5596	307.1429
304.0715	307.1429
304.0715	306.1191
304.5834	306.1191
304.5834	303.5596
305.0953	303.5596
305.0953	301.0001
305.6072	301.0001
305.6072	298.9524
306.1191	298.9524
306.1191	297.9286
306.6310	297.9286
306.6310	295.3691
307.1429	295.3691
307.1429	294.8572
307.6548	294.8572
307.6548	294.3453
308.1667	294.3453
308.1667	293.3215
308.6786	293.3215
308.6786	292.2977
309.1905	292.2977
309.1905	290.2501
309.7024	290.2501
309.7024	287.6905
310.2143	287.6905
310.2143	286.6667
310.7262	286.6667
310.7262	285.6429
311.2382	285.6429
311.2382	283.0834
311.7501	283.0834
311.7501	280.5239
311.2382	280.5239
311.2382	277.9643
310.7262	277.9643
310.7262	276.9405
310.2143	276.9405
310.2143	276.4286
310.7262	276.4286
310.7262	271.8215
310.2143	271.8215
310.2143	269.2620
309.7024	269.2620
309.7024	268.2381
309.1905	268.2381
309.1905	267.2143
308.6786	267.2143
308.6786	266.7024
308.1667	266.7024
308.1667	266.1905
307.6548	266.1905
307.6548	265.6786
307.1429	265.6786
307.1429	265.1667
306.6310	265.1667
306.6310	264.6548
307.1429	264.6548
307.1429	264.1429
307.6548	264.1429
307.6548	263.6310
308.1667	263.6310
308.1667	262.6072
308.6786	262.6072
308.6786	261.5834
309.1905	261.5834
309.1905	260.0477
309.7024	260.0477
309.7024	259.0239
310.2143	259.0239
310.2143	257.4881
310.7262	257.4881
310.7262	254.9286
311.2382	254.9286
311.2382	254.4167
311.7501	254.4167
311.7501	253.9048
312.2620	253.9048
312.2620	253.3929
312.7739	253.3929
312.7739	252.8810
313.2858	252.8810
313.2858	252.3691
313.7977	252.3691
313.7977	251.8572
314.3096	251.8572
314.3096	250.8334
314.8215	250.8334
314.8215	249.8096
315.3334	249.8096
315.3334	247.2500
315.8453	247.2500
315.8453	244.6905
315.3334	244.6905
315.3334	242.1310
314.8215	242.1310
314.8215	241.1072
314.3096	241.1072
314.3096	240.0834
313.7977	240.0834
313.7977	238.5477
315.3334	238.5477
315.3334	238.0358
317.8929	238.0358
317.8929	238.5477
318.4048	238.5477
318.4048	239.0596
319.4286	239.0596
319.4286	240.0834
319.9405	240.0834
319.9405	241.1072
320.4524	241.1072
320.4524	242.1310
320.9643	242.1310
320.9643	243.1548
321.4763	243.1548
321.4763	244.1786
321.9882	244.1786
321.9882	244.6905
322.5001	244.6905
322.5001	245.2024
323.0120	245.2024
323.0120	245.7143
323.5239	245.7143
323.5239	246.2262
324.0358	246.2262
324.0358	246.7381
325.0596	246.7381
325.0596	247.2500
326.0834	247.2500
326.0834	247.7620
328.6429	247.7620
328.6429	248.2739
331.2024	248.2739
331.2024	247.7620
333.7620	247.7620
333.7620	247.2500
334.7858	247.2500
334.7858	246.7381
335.8096	246.7381
335.8096	246.2262
337.8572	246.2262
337.8572	245.7143
339.3929	245.7143
339.3929	245.2024
340.9286	245.2024
340.9286	244.6905
341.9524	244.6905
341.9524	244.1786
344.0001	244.1786
344.0001	244.6905
347.5834	244.6905
347.5834	244.1786
350.1429	244.1786
350.1429	243.6667
351.1667	243.6667
351.1667	243.1548
352.1905	243.1548
352.1905	242.6429
353.2144	242.6429
353.2144	242.1310
353.7263	242.1310
353.7263	241.6191
354.2382	241.6191
354.2382	241.1072
354.7501	241.1072
354.7501	240.5953
355.2620	240.5953
355.2620	240.0834
355.7739	240.0834
355.7739	239.5715
356.2858	239.5715
356.2858	239.0596
356.7977	239.0596
356.7977	238.0358
357.3096	238.0358
357.3096	237.0119
357.8215	237.0119
357.8215	234.4524
358.3334	234.4524
358.3334	230.8691
357.8215	230.8691
357.8215	228.3096
357.3096	228.3096
357.3096	224.2143
357.8215	224.2143
357.8215	223.1905
358.3334	223.1905
358.3334	222.1667
358.8453	222.1667
358.8453	220.6310
359.3572	220.6310
359.3572	220.1191
359.8691	220.1191
359.8691	219.6072
360.3810	219.6072
360.3810	218.5834
360.8929	218.5834
360.8929	217.5596
361.4048	217.5596
361.4048	215.5119
361.9167	215.5119
361.9167	212.9524
362.4286	212.9524
362.4286	211.9286
362.9405	211.9286
362.9405	211.4167
363.4525	211.4167
363.4525	210.3929
363.9644	210.3929
363.9644	209.3691
364.4763	209.3691
364.4763	207.8334
364.9882	207.8334
364.9882	205.2738
365.5001	205.2738
365.5001	204.7619
366.0120	204.7619
366.0120	203.7381
366.5239	203.7381
366.5239	202.7143
367.0358	202.7143
367.0358	201.6905
367.5477	201.6905
367.5477	201.1786
369.0834	201.1786
369.0834	200.6667
370.1072	200.6667
370.1072	200.1548
371.1310	200.1548
371.1310	199.6429
371.6429	199.6429
371.6429	199.1310
372.1548	199.1310
372.1548	198.6191
372.6667	198.6191
372.6667	198.1072
373.1786	198.1072
373.1786	197.5953
373.6905	197.5953
373.6905	197.0834
374.7144	197.0834
374.7144	196.5715
375.2263	196.5715
375.2263	196.0596
375.7382	196.0596
375.7382	195.5477
376.2501	195.5477
376.2501	195.0358
376.7620	195.0358
376.7620	194.5238
377.2739	194.5238
377.2739	194.0119
377.7858	194.0119
377.7858	192.9881
378.2977	192.9881
378.2977	191.9643
378.8096	191.9643
378.8096	190.9405
380.3453	190.9405
380.3453	190.4286
381.3691	190.4286
381.3691	189.9167
382.3929	189.9167
382.3929	189.4048
383.4167	189.4048
383.4167	188.8929
383.9286	188.8929
383.9286	188.3810
384.9525	188.3810
384.9525	187.8691
385.9763	187.8691
385.9763	187.3572
386.4882	187.3572
386.4882	186.8453
387.5120	186.8453
387.5120	186.3334
388.5358	186.3334
388.5358	185.8215
389.0477	185.8215
389.0477	185.3096
389.5596	185.3096
389.5596	184.7977
393.6548	184.7977
393.6548	184.2857
396.2144	184.2857
396.2144	183.7738
399.7977	183.7738
399.7977	183.2619
401.8453	183.2619
