338.3691	217.5596
340.9286	217.5596
340.9286	218.0715
347.5834	218.0715
347.5834	217.5596
356.7977	217.5596
356.7977	218.0715
357.8215	218.0715
357.8215	218.5834
358.8453	218.5834
358.8453	219.0953
359.3572	219.0953
359.3572	219.6072
359.8691	219.6072
359.8691	220.1191
360.8929	220.1191
360.8929	220.6310
361.9167	220.6310
361.9167	221.1429
362.4286	221.1429
362.4286	221.6548
362.9405	221.6548
362.9405	222.1667
363.4525	222.1667
363.4525	222.6786
364.4763	222.6786
364.4763	223.1905
365.5001	223.1905
365.5001	223.7024
366.5239	223.7024
366.5239	224.2143
367.0358	224.2143
367.0358	224.7262
368.0596	224.7262
368.0596	225.2381
368.5715	225.2381
368.5715	225.7500
369.0834	225.7500
369.0834	226.2619
369.5953	226.2619
369.5953	226.7739
370.1072	226.7739
370.1072	227.2858
371.1310	227.2858
371.1310	227.7977
372.1548	227.7977
372.1548	228.8215
372.6667	228.8215
372.6667	229.3334
373.1786	229.3334
373.1786	230.3572
373.6905	230.3572
373.6905	231.3810
374.2025	231.3810
374.2025	231.8929
374.7144	231.8929
374.7144	232.4048
375.2263	232.4048
375.2263	233.4286
375.7382	233.4286
375.7382	233.9405
376.2501	233.9405
376.2501	234.4524
376.7620	234.4524
376.7620	234.9643
377.2739	234.9643
377.2739	235.4762
377.7858	235.4762
377.7858	235.9881
378.2977	235.9881
378.2977	236.5000
378.8096	236.5000
378.8096	237.0119
379.3215	237.0119
379.3215	237.5239
379.8334	237.5239
379.8334	238.0358
380.8572	238.0358
380.8572	238.5477
381.3691	238.5477
381.3691	239.0596
381.8810	239.0596
381.8810	240.0834
382.3929	240.0834
382.3929	240.5953
382.9048	240.5953
382.9048	241.6191
383.4167	241.6191
383.4167	242.1310
383.9286	242.1310
383.9286	243.1548
384.4405	243.1548
384.4405	244.1786
384.9525	244.1786
384.9525	245.2024
385.4644	245.2024
385.4644	245.7143
385.9763	245.7143
385.9763	246.2262
386.4882	246.2262
386.4882	247.2500
387.0001	247.2500
387.0001	247.7620
387.5120	247.7620
387.5120	248.2739
388.0239	248.2739
388.0239	249.2977
388.5358	249.2977
388.5358	250.3215
389.0477	250.3215
389.0477	251.3453
389.5596	251.3453
389.5596	251.8572
390.0715	251.8572
390.0715	252.3691
390.5834	252.3691
390.5834	252.8810
391.0953	252.8810
391.0953	253.3929
391.6072	253.3929
391.6072	253.9048
392.1191	253.9048
392.1191	254.4167
392.6310	254.4167
392.6310	254.9286
393.1429	254.9286
393.1429	255.4405
394.1667	255.4405
394.1667	256.4643
394.6786	256.4643
394.6786	257.4881
395.1906	257.4881
395.1906	258.5120
395.7025	258.5120
395.7025	259.0239
396.2144	259.0239
396.2144	259.5358
396.7263	259.5358
396.7263	260.0477
397.2382	260.0477
397.2382	260.5596
397.7501	260.5596
397.7501	261.0715
398.2620	261.0715
398.2620	261.5834
398.7739	261.5834
398.7739	262.6072
399.2858	262.6072
399.2858	263.1191
398.7739	263.1191
398.7739	264.1429
398.2620	264.1429
398.2620	265.1667
397.7501	265.1667
397.7501	267.7262
397.2382	267.7262
397.2382	270.2858
397.7501	270.2858
397.7501	272.8453
398.2620	272.8453
398.2620	273.8691
398.7739	273.8691
398.7739	274.8929
399.2858	274.8929
399.2858	275.4048
399.7977	275.4048
399.7977	275.9167
400.3096	275.9167
400.3096	276.4286
400.8215	276.4286
400.8215	276.9405
401.3334	276.9405
401.3334	277.4524
401.8453	277.4524
401.8453	280.5239
402.3572	280.5239
402.3572	283.0834
402.8691	283.0834
402.8691	284.1072
403.3810	284.1072
403.3810	285.1310
403.8929	285.1310
403.8929	285.6429
404.4048	285.6429
404.4048	286.1548
404.9167	286.1548
404.9167	286.6667
405.4286	286.6667
405.4286	287.1786
405.9406	287.1786
405.9406	287.6905
406.9644	287.6905
406.9644	288.2024
407.9882	288.2024
407.9882	288.7143
410.5477	288.7143
410.5477	289.2262
414.1310	289.2262
414.1310	288.7143
414.6429	288.7143
414.6429	289.2262
415.1548	289.2262
415.1548	290.2501
415.6667	290.2501
415.6667	291.2739
416.1787	291.2739
416.1787	291.7858
416.6906	291.7858
416.6906	292.2977
417.2025	292.2977
417.2025	292.8096
417.7144	292.8096
417.7144	293.3215
417.2025	293.3215
417.2025	293.8334
416.6906	293.8334
416.6906	294.3453
415.6667	294.3453
415.6667	293.8334
415.1548	293.8334
415.1548	292.8096
414.6429	292.8096
414.6429	292.2977
414.1310	292.2977
414.1310	291.7858
413.6191	291.7858
413.6191	291.2739
413.1072	291.2739
413.1072	290.7620
412.5953	290.7620
412.5953	290.2501
411.5715	290.2501
411.5715	289.7382
410.5477	289.7382
410.5477	289.2262
407.9882	289.2262
407.9882	288.7143
405.4286	288.7143
405.4286	289.2262
402.8691	289.2262
402.8691	289.7382
401.8453	289.7382
401.8453	290.2501
400.8215	290.2501
400.8215	290.7620
400.3096	290.7620
400.3096	291.2739
399.7977	291.2739
399.7977	291.7858
399.2858	291.7858
399.2858	292.2977
398.7739	292.2977
398.7739	292.8096
398.2620	292.8096
398.2620	293.3215
397.7501	293.3215
397.7501	294.3453
397.2382	294.3453
397.2382	295.3691
395.1906	295.3691
395.1906	295.8810
394.1667	295.8810
394.1667	296.3929
393.1429	296.3929
393.1429	296.9048
392.6310	296.9048
392.6310	297.4167
392.1191	297.4167
392.1191	297.9286
391.6072	297.9286
391.6072	298.4405
390.5834	298.4405
390.5834	298.9524
389.5596	298.9524
389.5596	299.4643
389.0477	299.4643
389.0477	299.9762
388.5358	299.9762
388.5358	300.4882
388.0239	300.4882
388.0239	301.0001
387.5120	301.0001
387.5120	301.5120
387.0001	301.5120
387.0001	302.0239
386.4882	302.0239
386.4882	302.5358
385.9763	302.5358
385.9763	303.0477
384.9525	303.0477
384.9525	303.5596
384.4405	303.5596
384.4405	304.0715
383.9286	304.0715
383.9286	304.5834
383.4167	304.5834
383.4167	305.0953
382.3929	305.0953
382.3929	305.6072
381.8810	305.6072
381.8810	306.1191
380.8572	306.1191
380.8572	306.6310
380.3453	306.6310
380.3453	307.1429
379.8334	307.1429
379.8334	307.6548
379.3215	307.6548
379.3215	308.1667
378.8096	308.1667
378.8096	308.6786
378.2977	308.6786
378.2977	309.1905
377.7858	309.1905
377.7858	309.7024
377.2739	309.7024
377.2739	310.7262
376.7620	310.7262
376.7620	311.2382
376.2501	311.2382
376.2501	311.7501
375.7382	311.7501
375.7382	312.7739
375.2263	312.7739
375.2263	313.7977
374.7144	313.7977
374.7144	314.8215
374.2025	314.8215
374.2025	316.3572
373.6905	316.3572
373.6905	317.3810
373.1786	317.3810
373.1786	318.4048
371.6429	318.4048
371.6429	317.8929
366.0120	317.8929
366.0120	318.4048
363.4525	318.4048
363.4525	318.9167
361.4048	318.9167
361.4048	319.4286
360.3810	319.4286
360.3810	319.9405
359.3572	319.9405
359.3572	320.4524
358.8453	320.4524
358.8453	320.9643
358.3334	320.9643
358.3334	321.4763
357.8215	321.4763
357.8215	321.9882
357.3096	321.9882
357.3096	322.5001
356.7977	322.5001
356.7977	323.5239
356.2858	323.5239
356.2858	324.5477
355.7739	324.5477
355.7739	325.0596
355.2620	325.0596
355.2620	325.5715
354.7501	325.5715
354.7501	325.0596
352.7024	325.0596
352.7024	323.5239
352.1905	323.5239
352.1905	321.9882
352.7024	321.9882
352.7024	319.4286
353.2144	319.4286
353.2144	316.8691
352.7024	316.8691
352.7024	314.3096
352.1905	314.3096
352.1905	313.2858
351.6786	313.2858
351.6786	312.2620
351.1667	312.2620
351.1667	311.7501
350.6548	311.7501
350.6548	311.2382
350.1429	311.2382
350.1429	310.7262
349.6310	310.7262
349.6310	310.2143
349.1191	310.2143
349.1191	309.7024
348.0953	309.7024
348.0953	309.1905
347.0715	309.1905
347.0715	308.6786
344.5120	308.6786
344.5120	308.1667
341.4405	308.1667
341.4405	308.6786
340.9286	308.6786
340.9286	308.1667
340.4167	308.1667
340.4167	307.6548
339.9048	307.6548
339.9048	307.1429
339.3929	307.1429
339.3929	306.6310
338.8810	306.6310
338.8810	306.1191
338.3691	306.1191
338.3691	305.6072
337.3453	305.6072
337.3453	305.0953
336.3215	305.0953
336.3215	304.5834
333.7620	304.5834
333.7620	304.0715
332.7382	304.0715
332.7382	303.5596
330.1786	303.5596
330.1786	303.0477
328.6429	303.0477
328.6429	302.5358
328.1310	302.5358
328.1310	300.4882
328.6429	300.4882
328.6429	296.9048
328.1310	296.9048
328.1310	294.3453
327.6191	294.3453
327.6191	293.3215
327.1072	293.3215
327.1072	292.2977
326.5953	292.2977
326.5953	291.7858
326.0834	291.7858
326.0834	291.2739
325.5715	291.2739
325.5715	290.7620
325.0596	290.7620
325.0596	290.2501
324.5477	290.2501
324.5477	289.7382
324.0358	289.7382
324.0358	289.2262
323.0120	289.2262
323.0120	287.6905
322.5001	287.6905
322.5001	286.6667
321.9882	286.6667
321.9882	285.6429
321.4763	285.6429
321.4763	283.0834
320.9643	283.0834
320.9643	280.5239
321.4763	280.5239
321.4763	274.3810
320.9643	274.3810
320.9643	271.8215
320.4524	271.8215
320.4524	270.7977
319.9405	270.7977
319.9405	268.2381
319.4286	268.2381
319.4286	265.6786
318.9167	265.6786
318.9167	263.1191
318.4048	263.1191
318.4048	262.0953
318.9167	262.0953
318.9167	260.0477
319.4286	260.0477
319.4286	257.4881
319.9405	257.4881
319.9405	254.4167
319.4286	254.4167
319.4286	251.8572
318.9167	251.8572
318.9167	250.8334
318.4048	250.8334
318.4048	249.8096
317.8929	249.8096
317.8929	249.2977
317.3810	249.2977
317.3810	246.7381
316.8691	246.7381
316.8691	245.2024
316.3572	245.2024
316.3572	244.1786
315.8453	244.1786
315.8453	243.1548
315.3334	243.1548
315.3334	242.6429
314.8215	242.6429
314.8215	242.1310
314.3096	242.1310
314.3096	241.6191
313.7977	241.6191
313.7977	241.1072
313.2858	241.1072
313.2858	240.5953
312.7739	240.5953
312.7739	240.0834
311.7501	240.0834
311.7501	239.5715
310.7262	239.5715
310.7262	239.0596
308.1667	239.0596
308.1667	238.5477
308.6786	238.5477
308.6786	233.4286
308.1667	233.4286
308.1667	230.8691
307.6548	230.8691
307.6548	229.8453
307.1429	229.8453
307.1429	228.8215
306.6310	228.8215
306.6310	228.3096
306.1191	228.3096
306.1191	227.7977
305.6072	227.7977
305.6072	227.2858
305.0953	227.2858
305.0953	226.7739
304.5834	226.7739
304.5834	224.2143
304.0715	224.2143
304.0715	222.6786
303.5596	222.6786
303.5596	221.6548
303.0477	221.6548
303.0477	220.1191
303.5596	220.1191
303.5596	219.6072
304.0715	219.6072
304.0715	219.0953
304.5834	219.0953
304.5834	218.0715
306.1191	218.0715
306.1191	218.5834
307.6548	218.5834
307.6548	219.0953
308.6786	219.0953
308.6786	220.1191
309.1905	220.1191
309.1905	221.1429
309.7024	221.1429
309.7024	221.6548
310.2143	221.6548
310.2143	222.1667
310.7262	222.1667
310.7262	222.6786
311.2382	222.6786
311.2382	223.1905
311.7501	223.1905
311.7501	223.7024
312.7739	223.7024
312.7739	224.2143
313.7977	224.2143
313.7977	224.7262
316.3572	224.7262
316.3572	225.2381
319.9405	225.2381
319.9405	224.7262
322.5001	224.7262
322.5001	224.2143
324.5477	224.2143
324.5477	223.7024
325.5715	223.7024
325.5715	223.1905
326.5953	223.1905
326.5953	222.6786
327.1072	222.6786
327.1072	222.1667
327.6191	222.1667
327.6191	221.6548
328.1310	221.6548
328.1310	221.1429
328.6429	221.1429
328.6429	220.6310
329.6667	220.6310
329.6667	220.1191
332.2263	220.1191
332.2263	219.6072
334.2739	219.6072
334.2739	219.0953
335.2977	219.0953
335.2977	218.5834
336.3215	218.5834
336.3215	218.0715
336.8334	218.0715
336.8334	217.5596
337.3453	217.5596
337.3453	217.0477
338.3691	217.0477
