354.2382	225.7500
356.2858	225.7500
356.2858	226.2619
357.3096	226.2619
357.3096	226.7739
358.3334	226.7739
358.3334	227.2858
358.8453	227.2858
358.8453	227.7977
359.8691	227.7977
359.8691	228.3096
360.8929	228.3096
360.8929	228.8215
361.4048	228.8215
361.4048	229.3334
361.9167	229.3334
361.9167	229.8453
362.4286	229.8453
362.4286	230.3572
362.9405	230.3572
362.9405	230.8691
363.9644	230.8691
363.9644	231.3810
364.4763	231.3810
364.4763	231.8929
364.9882	231.8929
364.9882	232.4048
365.5001	232.4048
365.5001	232.9167
366.0120	232.9167
366.0120	233.4286
366.5239	233.4286
366.5239	233.9405
367.0358	233.9405
367.0358	234.4524
367.5477	234.4524
367.5477	234.9643
368.0596	234.9643
368.0596	235.4762
369.0834	235.4762
369.0834	235.9881
370.1072	235.9881
370.1072	236.5000
371.1310	236.5000
371.1310	237.0119
372.1548	237.0119
372.1548	237.5239
372.6667	237.5239
372.6667	238.5477
373.1786	238.5477
373.1786	239.0596
373.6905	239.0596
373.6905	239.5715
374.2025	239.5715
374.2025	240.0834
374.7144	240.0834
374.7144	240.5953
375.2263	240.5953
375.2263	241.6191
375.7382	241.6191
375.7382	242.6429
376.2501	242.6429
376.2501	243.1548
376.7620	243.1548
376.7620	243.6667
377.2739	243.6667
377.2739	244.1786
377.7858	244.1786
377.7858	245.2024
378.2977	245.2024
378.2977	246.2262
378.8096	246.2262
378.8096	246.7381
379.3215	246.7381
379.3215	247.7620
379.8334	247.7620
379.8334	248.2739
380.3453	248.2739
380.3453	249.2977
380.8572	249.2977
380.8572	250.3215
381.3691	250.3215
381.3691	252.3691
381.8810	252.3691
381.8810	253.3929
382.3929	253.3929
382.3929	254.4167
382.9048	254.4167
382.9048	255.4405
383.4167	255.4405
383.4167	256.4643
383.9286	256.4643
383.9286	256.9762
384.4405	256.9762
384.4405	257.4881
384.9525	257.4881
384.9525	258.0000
385.4644	258.0000
385.4644	258.5120
385.9763	258.5120
385.9763	259.0239
386.4882	259.0239
386.4882	259.5358
387.0001	259.5358
387.0001	260.0477
387.5120	260.0477
387.5120	260.5596
388.0239	260.5596
388.0239	261.0715
389.0477	261.0715
389.0477	261.5834
389.5596	261.5834
389.5596	262.0953
390.0715	262.0953
390.0715	262.6072
390.5834	262.6072
390.5834	263.1191
391.0953	263.1191
391.0953	263.6310
392.1191	263.6310
392.1191	264.1429
393.1429	264.1429
393.1429	264.6548
394.1667	264.6548
394.1667	265.1667
394.6786	265.1667
394.6786	265.6786
395.1906	265.6786
395.1906	266.1905
395.7025	266.1905
395.7025	271.3096
396.2144	271.3096
396.2144	275.4048
396.7263	275.4048
396.7263	278.9881
397.2382	278.9881
397.2382	280.0120
396.7263	280.0120
396.7263	285.1310
397.2382	285.1310
397.2382	286.1548
396.7263	286.1548
396.7263	289.2262
397.2382	289.2262
397.2382	291.7858
397.7501	291.7858
397.7501	292.8096
398.2620	292.8096
398.2620	293.3215
396.2144	293.3215
396.2144	293.8334
395.1906	293.8334
395.1906	294.3453
394.1667	294.3453
394.1667	294.8572
393.6548	294.8572
393.6548	295.3691
393.1429	295.3691
393.1429	295.8810
392.6310	295.8810
392.6310	296.3929
392.1191	296.3929
392.1191	296.9048
391.6072	296.9048
391.6072	297.4167
391.0953	297.4167
391.0953	297.9286
390.5834	297.9286
390.5834	298.9524
390.0715	298.9524
390.0715	299.9762
389.5596	299.9762
389.5596	300.4882
389.0477	300.4882
389.0477	301.0001
388.5358	301.0001
388.5358	302.0239
388.0239	302.0239
388.0239	303.0477
387.5120	303.0477
387.5120	304.0715
387.0001	304.0715
387.0001	305.0953
386.4882	305.0953
386.4882	306.1191
385.9763	306.1191
385.9763	308.6786
384.9525	308.6786
384.9525	309.1905
382.3929	309.1905
382.3929	309.7024
380.3453	309.7024
380.3453	310.2143
378.8096	310.2143
378.8096	310.7262
377.7858	310.7262
377.7858	311.2382
376.7620	311.2382
376.7620	311.7501
376.2501	311.7501
376.2501	312.2620
375.7382	312.2620
375.7382	312.7739
375.2263	312.7739
375.2263	313.2858
374.7144	313.2858
374.7144	313.7977
373.6905	313.7977
373.6905	314.3096
372.6667	314.3096
372.6667	314.8215
372.1548	314.8215
372.1548	315.3334
371.6429	315.3334
371.6429	315.8453
371.1310	315.8453
371.1310	316.3572
370.6191	316.3572
370.6191	316.8691
370.1072	316.8691
370.1072	317.3810
369.5953	317.3810
369.5953	318.4048
369.0834	318.4048
369.0834	318.9167
368.5715	318.9167
368.5715	319.4286
368.0596	319.4286
368.0596	319.9405
367.5477	319.9405
367.5477	320.4524
367.0358	320.4524
367.0358	320.9643
366.5239	320.9643
366.5239	321.4763
366.0120	321.4763
366.0120	321.9882
365.5001	321.9882
365.5001	322.5001
364.9882	322.5001
364.9882	323.0120
364.4763	323.0120
364.4763	323.5239
363.4525	323.5239
363.4525	324.0358
360.8929	324.0358
360.8929	324.5477
359.3572	324.5477
359.3572	325.0596
355.2620	325.0596
355.2620	325.5715
352.7024	325.5715
352.7024	326.0834
351.6786	326.0834
351.6786	326.5953
350.6548	326.5953
350.6548	327.1072
350.1429	327.1072
350.1429	327.6191
346.5596	327.6191
346.5596	328.1310
344.0001	328.1310
344.0001	328.6429
342.9763	328.6429
342.9763	329.1548
341.9524	329.1548
341.9524	329.6667
341.4405	329.6667
341.4405	330.1786
340.9286	330.1786
340.9286	330.6905
340.4167	330.6905
340.4167	331.2024
339.9048	331.2024
339.9048	331.7143
339.3929	331.7143
339.3929	332.2263
338.8810	332.2263
338.8810	333.2501
337.8572	333.2501
337.8572	332.7382
334.2739	332.7382
334.2739	333.2501
331.7143	333.2501
331.7143	333.7620
330.6905	333.7620
330.6905	334.2739
329.6667	334.2739
329.6667	334.7858
329.1548	334.7858
329.1548	335.2977
328.6429	335.2977
328.6429	335.8096
328.1310	335.8096
328.1310	336.3215
327.6191	336.3215
327.6191	336.8334
327.1072	336.8334
327.1072	337.3453
326.0834	337.3453
326.0834	337.8572
325.5715	337.8572
325.5715	338.3691
325.0596	338.3691
325.0596	338.8810
324.5477	338.8810
324.5477	339.3929
324.0358	339.3929
324.0358	339.9048
323.5239	339.9048
323.5239	340.4167
323.0120	340.4167
323.0120	341.4405
322.5001	341.4405
322.5001	342.4644
321.9882	342.4644
321.9882	345.0239
321.4763	345.0239
321.4763	347.5834
321.9882	347.5834
321.9882	350.1429
322.5001	350.1429
322.5001	351.1667
323.0120	351.1667
323.0120	352.1905
323.5239	352.1905
323.5239	352.7024
324.0358	352.7024
324.0358	353.2144
324.5477	353.2144
324.5477	353.7263
325.0596	353.7263
325.0596	354.2382
325.5715	354.2382
325.5715	354.7501
326.5953	354.7501
326.5953	355.7739
325.5715	355.7739
325.5715	356.2858
324.5477	356.2858
324.5477	356.7977
324.0358	356.7977
324.0358	357.3096
323.5239	357.3096
323.5239	357.8215
313.7977	357.8215
313.7977	358.3334
312.2620	358.3334
312.2620	357.8215
311.7501	357.8215
311.7501	357.3096
310.7262	357.3096
310.7262	356.7977
310.2143	356.7977
310.2143	356.2858
309.7024	356.2858
309.7024	354.7501
309.1905	354.7501
309.1905	353.7263
308.6786	353.7263
308.6786	352.7024
308.1667	352.7024
308.1667	351.6786
307.6548	351.6786
307.6548	349.1191
307.1429	349.1191
307.1429	346.5596
306.6310	346.5596
306.6310	344.0001
306.1191	344.0001
306.1191	342.9763
305.6072	342.9763
305.6072	340.9286
305.0953	340.9286
305.0953	339.3929
305.6072	339.3929
305.6072	337.8572
307.1429	337.8572
307.1429	337.3453
308.1667	337.3453
308.1667	336.8334
309.1905	336.8334
309.1905	336.3215
309.7024	336.3215
309.7024	335.8096
310.2143	335.8096
310.2143	335.2977
310.7262	335.2977
310.7262	334.7858
311.2382	334.7858
311.2382	334.2739
311.7501	334.2739
311.7501	333.2501
312.2620	333.2501
312.2620	332.2263
312.7739	332.2263
312.7739	329.6667
313.2858	329.6667
313.2858	326.5953
312.7739	326.5953
312.7739	326.0834
313.2858	326.0834
313.2858	325.0596
313.7977	325.0596
313.7977	324.0358
314.3096	324.0358
314.3096	321.4763
314.8215	321.4763
314.8215	318.9167
314.3096	318.9167
314.3096	316.3572
313.7977	316.3572
313.7977	313.7977
313.2858	313.7977
313.2858	312.2620
312.7739	312.2620
312.7739	311.2382
312.2620	311.2382
312.2620	310.2143
311.7501	310.2143
311.7501	309.7024
311.2382	309.7024
311.2382	309.1905
310.7262	309.1905
310.7262	308.6786
310.2143	308.6786
310.2143	308.1667
309.7024	308.1667
309.7024	307.6548
308.6786	307.6548
308.6786	307.1429
307.6548	307.1429
307.6548	306.6310
305.0953	306.6310
305.0953	306.1191
302.5358	306.1191
302.5358	306.6310
298.9524	306.6310
298.9524	307.1429
297.9286	307.1429
297.9286	306.1191
298.9524	306.1191
298.9524	305.6072
301.5120	305.6072
301.5120	305.0953
304.0715	305.0953
304.0715	304.5834
306.1191	304.5834
306.1191	304.0715
307.1429	304.0715
307.1429	303.5596
308.1667	303.5596
308.1667	303.0477
310.2143	303.0477
310.2143	302.5358
312.7739	302.5358
312.7739	302.0239
314.8215	302.0239
314.8215	301.5120
315.8453	301.5120
315.8453	301.0001
316.8691	301.0001
316.8691	300.4882
317.3810	300.4882
317.3810	299.9762
317.8929	299.9762
317.8929	299.4643
318.4048	299.4643
318.4048	298.9524
318.9167	298.9524
318.9167	298.4405
319.4286	298.4405
319.4286	297.4167
319.9405	297.4167
319.9405	296.3929
320.4524	296.3929
320.4524	293.8334
320.9643	293.8334
320.9643	291.2739
320.4524	291.2739
320.4524	288.7143
319.9405	288.7143
319.9405	287.6905
319.4286	287.6905
319.4286	286.6667
318.9167	286.6667
318.9167	286.1548
319.9405	286.1548
319.9405	285.6429
320.9643	285.6429
320.9643	285.1310
321.9882	285.1310
321.9882	284.6191
322.5001	284.6191
322.5001	284.1072
323.0120	284.1072
323.0120	283.5953
323.5239	283.5953
323.5239	283.0834
324.0358	283.0834
324.0358	282.5715
324.5477	282.5715
324.5477	281.5477
325.0596	281.5477
325.0596	280.5239
325.5715	280.5239
325.5715	277.9643
326.0834	277.9643
326.0834	275.4048
325.5715	275.4048
325.5715	272.8453
325.0596	272.8453
325.0596	271.8215
324.5477	271.8215
324.5477	270.7977
324.0358	270.7977
324.0358	270.2858
323.5239	270.2858
323.5239	269.7739
323.0120	269.7739
323.0120	269.2620
322.5001	269.2620
322.5001	268.7501
321.9882	268.7501
321.9882	268.2381
321.4763	268.2381
321.4763	267.7262
320.9643	267.7262
320.9643	267.2143
319.9405	267.2143
319.9405	266.7024
318.9167	266.7024
318.9167	266.1905
316.3572	266.1905
316.3572	265.6786
313.7977	265.6786
313.7977	263.6310
314.3096	263.6310
314.3096	259.5358
313.7977	259.5358
313.7977	256.9762
313.2858	256.9762
313.2858	254.9286
313.7977	254.9286
313.7977	252.3691
314.3096	252.3691
314.3096	248.2739
313.7977	248.2739
313.7977	245.7143
313.2858	245.7143
313.2858	243.6667
312.7739	243.6667
312.7739	242.6429
312.2620	242.6429
312.2620	241.6191
311.7501	241.6191
311.7501	241.1072
311.2382	241.1072
311.2382	240.0834
310.7262	240.0834
310.7262	239.0596
310.2143	239.0596
310.2143	238.5477
309.7024	238.5477
309.7024	238.0358
309.1905	238.0358
309.1905	237.5239
308.6786	237.5239
308.6786	237.0119
308.1667	237.0119
308.1667	236.5000
307.6548	236.5000
307.6548	235.9881
307.1429	235.9881
307.1429	235.4762
306.1191	235.4762
306.1191	234.9643
305.0953	234.9643
305.0953	234.4524
304.0715	234.4524
304.0715	233.9405
303.5596	233.9405
303.5596	231.3810
303.0477	231.3810
303.0477	229.8453
302.5358	229.8453
302.5358	228.8215
302.0239	228.8215
302.0239	227.7977
302.5358	227.7977
302.5358	227.2858
303.0477	227.2858
303.0477	226.7739
306.6310	226.7739
306.6310	227.2858
307.1429	227.2858
307.1429	228.3096
307.6548	228.3096
307.6548	229.3334
308.1667	229.3334
308.1667	230.3572
308.6786	230.3572
308.6786	231.3810
309.1905	231.3810
309.1905	232.4048
309.7024	232.4048
309.7024	232.9167
310.2143	232.9167
310.2143	233.4286
310.7262	233.4286
310.7262	233.9405
311.2382	233.9405
311.2382	234.4524
311.7501	234.4524
311.7501	234.9643
312.7739	234.9643
312.7739	235.4762
313.7977	235.4762
313.7977	235.9881
316.3572	235.9881
316.3572	236.5000
318.9167	236.5000
318.9167	235.9881
321.4763	235.9881
321.4763	235.4762
325.0596	235.4762
325.0596	234.9643
327.6191	234.9643
327.6191	234.4524
328.6429	234.4524
328.6429	233.9405
329.6667	233.9405
329.6667	233.4286
330.6905	233.4286
330.6905	232.9167
331.2024	232.9167
331.2024	232.4048
331.7143	232.4048
331.7143	231.8929
332.7382	231.8929
332.7382	231.3810
333.7620	231.3810
333.7620	230.8691
334.7858	230.8691
334.7858	230.3572
335.2977	230.3572
335.2977	229.8453
336.8334	229.8453
336.8334	229.3334
337.8572	229.3334
337.8572	228.8215
338.8810	228.8215
338.8810	228.3096
340.4167	228.3096
340.4167	227.7977
341.9524	227.7977
341.9524	227.2858
344.0001	227.2858
344.0001	226.7739
346.0477	226.7739
346.0477	226.2619
348.6072	226.2619
348.6072	225.7500
351.1667	225.7500
351.1667	225.2381
354.2382	225.2381
