326.0834	212.9524
325.5715	212.9524
325.5715	215.5119
325.0596	215.5119
325.0596	218.0715
325.5715	218.0715
325.5715	220.6310
326.0834	220.6310
326.0834	221.6548
326.5953	221.6548
326.5953	222.6786
327.1072	222.6786
327.1072	223.1905
327.6191	223.1905
327.6191	223.7024
328.1310	223.7024
328.1310	224.2143
328.6429	224.2143
328.6429	224.7262
329.1548	224.7262
329.1548	225.2381
330.1786	225.2381
330.1786	225.7500
331.2024	225.7500
331.2024	226.2619
333.7620	226.2619
333.7620	226.7739
336.3215	226.7739
336.3215	226.2619
338.8810	226.2619
338.8810	225.7500
339.9048	225.7500
339.9048	225.2381
340.9286	225.2381
340.9286	224.7262
341.9524	224.7262
341.9524	224.2143
342.9763	224.2143
342.9763	223.7024
343.4882	223.7024
343.4882	223.1905
345.5358	223.1905
345.5358	222.6786
346.5596	222.6786
346.5596	222.1667
348.0953	222.1667
348.0953	221.6548
349.1191	221.6548
349.1191	221.1429
350.1429	221.1429
350.1429	220.6310
350.6548	220.6310
350.6548	220.1191
351.1667	220.1191
351.1667	219.6072
352.1905	219.6072
352.1905	219.0953
353.2144	219.0953
353.2144	218.5834
354.2382	218.5834
354.2382	218.0715
354.7501	218.0715
354.7501	217.5596
355.2620	217.5596
355.2620	217.0477
355.7739	217.0477
355.7739	216.5358
356.2858	216.5358
356.2858	216.0239
358.8453	216.0239
358.8453	215.5119
361.4048	215.5119
361.4048	215.0000
364.9882	215.0000
364.9882	215.5119
367.0358	215.5119
367.0358	216.0239
368.5715	216.0239
368.5715	216.5358
371.1310	216.5358
371.1310	217.0477
372.1548	217.0477
372.1548	217.5596
373.1786	217.5596
373.1786	218.0715
374.7144	218.0715
374.7144	218.5834
376.2501	218.5834
376.2501	219.0953
377.2739	219.0953
377.2739	219.6072
378.2977	219.6072
378.2977	220.1191
379.3215	220.1191
379.3215	220.6310
380.3453	220.6310
380.3453	221.1429
381.3691	221.1429
381.3691	221.6548
381.8810	221.6548
381.8810	222.1667
382.9048	222.1667
382.9048	222.6786
383.4167	222.6786
383.4167	223.1905
383.9286	223.1905
383.9286	223.7024
384.9525	223.7024
384.9525	224.2143
385.4644	224.2143
385.4644	224.7262
385.9763	224.7262
385.9763	225.2381
386.4882	225.2381
386.4882	226.2619
387.0001	226.2619
387.0001	227.2858
387.5120	227.2858
387.5120	227.7977
388.0239	227.7977
388.0239	228.8215
388.5358	228.8215
388.5358	229.8453
389.0477	229.8453
389.0477	230.3572
389.5596	230.3572
389.5596	231.3810
390.0715	231.3810
390.0715	231.8929
390.5834	231.8929
390.5834	233.4286
391.0953	233.4286
391.0953	234.4524
391.6072	234.4524
391.6072	235.4762
392.1191	235.4762
392.1191	236.5000
392.6310	236.5000
392.6310	239.0596
393.1429	239.0596
393.1429	240.5953
393.6548	240.5953
393.6548	242.1310
394.1667	242.1310
394.1667	243.6667
394.6786	243.6667
394.6786	245.7143
395.1906	245.7143
395.1906	246.7381
395.7025	246.7381
395.7025	247.7620
396.2144	247.7620
396.2144	248.2739
396.7263	248.2739
396.7263	248.7858
397.2382	248.7858
397.2382	249.2977
397.7501	249.2977
397.7501	249.8096
398.2620	249.8096
398.2620	250.3215
398.7739	250.3215
398.7739	250.8334
399.7977	250.8334
399.7977	251.3453
400.8215	251.3453
400.8215	251.8572
401.8453	251.8572
401.8453	252.3691
402.3572	252.3691
402.3572	254.9286
402.8691	254.9286
402.8691	256.9762
403.3810	256.9762
403.3810	258.0000
403.8929	258.0000
403.8929	259.0239
404.4048	259.0239
404.4048	260.0477
403.8929	260.0477
403.8929	266.7024
404.4048	266.7024
404.4048	269.2620
404.9167	269.2620
404.9167	270.2858
405.4286	270.2858
405.4286	271.3096
405.9406	271.3096
405.9406	271.8215
405.4286	271.8215
405.4286	274.3810
405.9406	274.3810
405.9406	276.9405
406.4525	276.9405
406.4525	277.9643
406.9644	277.9643
406.9644	278.9881
407.4763	278.9881
407.4763	279.5001
407.9882	279.5001
407.9882	280.0120
408.5001	280.0120
408.5001	280.5239
409.0120	280.5239
409.0120	281.0358
409.5239	281.0358
409.5239	281.5477
410.5477	281.5477
410.5477	282.0596
409.0120	282.0596
409.0120	281.5477
406.4525	281.5477
406.4525	282.0596
403.8929	282.0596
403.8929	282.5715
402.8691	282.5715
402.8691	283.0834
401.8453	283.0834
401.8453	283.5953
401.3334	283.5953
401.3334	284.1072
400.8215	284.1072
400.8215	284.6191
400.3096	284.6191
400.3096	285.1310
399.7977	285.1310
399.7977	285.6429
399.2858	285.6429
399.2858	286.1548
398.7739	286.1548
398.7739	287.1786
398.2620	287.1786
398.2620	288.2024
397.7501	288.2024
397.7501	290.2501
397.2382	290.2501
397.2382	290.7620
396.2144	290.7620
396.2144	291.2739
395.7025	291.2739
395.7025	291.7858
395.1906	291.7858
395.1906	292.2977
394.6786	292.2977
394.6786	292.8096
394.1667	292.8096
394.1667	293.3215
393.6548	293.3215
393.6548	293.8334
393.1429	293.8334
393.1429	294.3453
392.6310	294.3453
392.6310	294.8572
392.1191	294.8572
392.1191	295.8810
391.6072	295.8810
391.6072	296.9048
391.0953	296.9048
391.0953	298.4405
390.0715	298.4405
390.0715	298.9524
389.0477	298.9524
389.0477	299.4643
388.0239	299.4643
388.0239	299.9762
387.5120	299.9762
387.5120	300.4882
387.0001	300.4882
387.0001	301.0001
386.4882	301.0001
386.4882	301.5120
385.9763	301.5120
385.9763	302.0239
385.4644	302.0239
385.4644	302.5358
384.9525	302.5358
384.9525	303.5596
384.4405	303.5596
384.4405	304.0715
383.9286	304.0715
383.9286	304.5834
383.4167	304.5834
383.4167	305.0953
382.9048	305.0953
382.9048	305.6072
382.3929	305.6072
382.3929	306.6310
381.8810	306.6310
381.8810	307.6548
381.3691	307.6548
381.3691	308.6786
380.8572	308.6786
380.8572	309.1905
380.3453	309.1905
380.3453	309.7024
379.8334	309.7024
379.8334	310.7262
379.3215	310.7262
379.3215	311.7501
378.8096	311.7501
378.8096	312.2620
378.2977	312.2620
378.2977	313.2858
377.7858	313.2858
377.7858	314.3096
377.2739	314.3096
377.2739	315.3334
376.2501	315.3334
376.2501	315.8453
375.7382	315.8453
375.7382	316.3572
375.2263	316.3572
375.2263	316.8691
374.7144	316.8691
374.7144	317.3810
374.2025	317.3810
374.2025	317.8929
373.6905	317.8929
373.6905	318.4048
373.1786	318.4048
373.1786	318.9167
372.6667	318.9167
372.6667	319.4286
372.1548	319.4286
372.1548	319.9405
371.1310	319.9405
371.1310	320.4524
370.6191	320.4524
370.6191	320.9643
370.1072	320.9643
370.1072	321.4763
369.5953	321.4763
369.5953	321.9882
369.0834	321.9882
369.0834	322.5001
368.5715	322.5001
368.5715	323.5239
368.0596	323.5239
368.0596	324.5477
367.5477	324.5477
367.5477	325.5715
367.0358	325.5715
367.0358	326.5953
366.0120	326.5953
366.0120	327.1072
365.5001	327.1072
365.5001	327.6191
364.9882	327.6191
364.9882	328.1310
364.4763	328.1310
364.4763	328.6429
363.9644	328.6429
363.9644	329.1548
363.4525	329.1548
363.4525	329.6667
362.9405	329.6667
362.9405	330.1786
361.9167	330.1786
361.9167	330.6905
360.8929	330.6905
360.8929	330.1786
360.3810	330.1786
360.3810	329.6667
359.8691	329.6667
359.8691	329.1548
359.3572	329.1548
359.3572	328.6429
358.3334	328.6429
358.3334	328.1310
357.3096	328.1310
357.3096	327.6191
354.7501	327.6191
354.7501	327.1072
352.1905	327.1072
352.1905	327.6191
349.6310	327.6191
349.6310	328.1310
347.0715	328.1310
347.0715	328.6429
346.0477	328.6429
346.0477	329.1548
345.0239	329.1548
345.0239	329.6667
344.5120	329.6667
344.5120	330.1786
344.0001	330.1786
344.0001	330.6905
343.4882	330.6905
343.4882	331.2024
342.9763	331.2024
342.9763	331.7143
341.9524	331.7143
341.9524	332.2263
340.9286	332.2263
340.9286	332.7382
340.4167	332.7382
340.4167	333.2501
339.9048	333.2501
339.9048	333.7620
339.3929	333.7620
339.3929	334.2739
338.8810	334.2739
338.8810	334.7858
338.3691	334.7858
338.3691	335.8096
337.8572	335.8096
337.8572	336.8334
337.3453	336.8334
337.3453	339.3929
336.8334	339.3929
336.8334	342.9763
337.3453	342.9763
337.3453	345.5358
337.8572	345.5358
337.8572	347.0715
338.3691	347.0715
338.3691	348.0953
338.8810	348.0953
338.8810	349.1191
339.3929	349.1191
339.3929	349.6310
339.9048	349.6310
339.9048	350.1429
340.4167	350.1429
340.4167	350.6548
340.9286	350.6548
340.9286	351.1667
341.4405	351.1667
341.4405	351.6786
340.9286	351.6786
340.9286	352.1905
339.3929	352.1905
339.3929	352.7024
337.3453	352.7024
337.3453	352.1905
335.8096	352.1905
335.8096	351.6786
334.7858	351.6786
334.7858	351.1667
333.7620	351.1667
333.7620	350.6548
331.2024	350.6548
331.2024	350.1429
327.1072	350.1429
327.1072	350.6548
324.5477	350.6548
324.5477	351.1667
323.5239	351.1667
323.5239	351.6786
322.5001	351.6786
322.5001	352.1905
321.9882	352.1905
321.9882	352.7024
318.4048	352.7024
318.4048	352.1905
316.8691	352.1905
316.8691	351.1667
316.3572	351.1667
316.3572	350.1429
315.8453	350.1429
315.8453	349.1191
315.3334	349.1191
315.3334	348.6072
314.8215	348.6072
314.8215	348.0953
314.3096	348.0953
314.3096	347.5834
313.7977	347.5834
313.7977	347.0715
313.2858	347.0715
313.2858	346.0477
314.3096	346.0477
314.3096	345.5358
314.8215	345.5358
314.8215	345.0239
315.3334	345.0239
315.3334	344.5120
315.8453	344.5120
315.8453	344.0001
316.3572	344.0001
316.3572	343.4882
316.8691	343.4882
316.8691	342.4644
317.3810	342.4644
317.3810	341.4405
317.8929	341.4405
317.8929	338.8810
318.4048	338.8810
318.4048	334.7858
317.8929	334.7858
317.8929	333.2501
318.4048	333.2501
318.4048	332.7382
318.9167	332.7382
318.9167	332.2263
319.4286	332.2263
319.4286	331.7143
319.9405	331.7143
319.9405	331.2024
320.4524	331.2024
320.4524	330.6905
320.9643	330.6905
320.9643	329.6667
321.4763	329.6667
321.4763	328.6429
321.9882	328.6429
321.9882	326.0834
322.5001	326.0834
322.5001	320.9643
321.9882	320.9643
321.9882	319.4286
322.5001	319.4286
322.5001	318.9167
323.0120	318.9167
323.0120	318.4048
323.5239	318.4048
323.5239	317.8929
324.0358	317.8929
324.0358	317.3810
324.5477	317.3810
324.5477	316.8691
325.0596	316.8691
325.0596	315.8453
325.5715	315.8453
325.5715	315.3334
326.0834	315.3334
326.0834	314.8215
327.1072	314.8215
327.1072	314.3096
328.1310	314.3096
328.1310	313.7977
329.1548	313.7977
329.1548	313.2858
330.1786	313.2858
330.1786	312.7739
330.6905	312.7739
330.6905	312.2620
331.2024	312.2620
331.2024	311.7501
331.7143	311.7501
331.7143	311.2382
332.2263	311.2382
332.2263	310.7262
332.7382	310.7262
332.7382	309.7024
333.2501	309.7024
333.2501	308.6786
333.7620	308.6786
333.7620	306.1191
334.2739	306.1191
334.2739	303.5596
333.7620	303.5596
333.7620	301.0001
333.2501	301.0001
333.2501	299.9762
332.7382	299.9762
332.7382	298.9524
332.2263	298.9524
332.2263	298.4405
331.7143	298.4405
331.7143	297.9286
331.2024	297.9286
331.2024	297.4167
330.6905	297.4167
330.6905	296.9048
330.1786	296.9048
330.1786	296.3929
329.1548	296.3929
329.1548	294.8572
329.6667	294.8572
329.6667	290.2501
329.1548	290.2501
329.1548	287.6905
328.6429	287.6905
328.6429	286.6667
328.1310	286.6667
328.1310	285.6429
327.6191	285.6429
327.6191	285.1310
327.1072	285.1310
327.1072	284.6191
326.5953	284.6191
326.5953	284.1072
326.0834	284.1072
326.0834	283.5953
325.5715	283.5953
325.5715	283.0834
324.5477	283.0834
324.5477	282.5715
323.5239	282.5715
323.5239	282.0596
321.9882	282.0596
321.9882	281.5477
321.4763	281.5477
321.4763	280.0120
321.9882	280.0120
321.9882	276.9405
321.4763	276.9405
321.4763	274.3810
320.9643	274.3810
320.9643	273.3572
320.4524	273.3572
320.4524	272.3334
319.9405	272.3334
319.9405	271.8215
319.4286	271.8215
319.4286	267.7262
318.9167	267.7262
318.9167	266.1905
319.4286	266.1905
319.4286	263.6310
319.9405	263.6310
319.9405	260.0477
319.4286	260.0477
319.4286	257.4881
318.9167	257.4881
318.9167	256.4643
318.4048	256.4643
318.4048	255.4405
317.8929	255.4405
317.8929	254.9286
317.3810	254.9286
317.3810	253.3929
317.8929	253.3929
317.8929	252.8810
318.4048	252.8810
318.4048	252.3691
318.9167	252.3691
318.9167	251.8572
319.4286	251.8572
319.4286	250.8334
319.9405	250.8334
319.9405	249.8096
320.4524	249.8096
320.4524	247.2500
320.9643	247.2500
320.9643	244.6905
320.4524	244.6905
320.4524	242.1310
319.9405	242.1310
319.9405	241.1072
319.4286	241.1072
319.4286	240.0834
318.9167	240.0834
318.9167	239.5715
318.4048	239.5715
318.4048	239.0596
317.8929	239.0596
317.8929	238.5477
317.3810	238.5477
317.3810	238.0358
316.8691	238.0358
316.8691	237.5239
315.8453	237.5239
315.8453	237.0119
314.8215	237.0119
314.8215	236.5000
312.7739	236.5000
312.7739	234.4524
312.2620	234.4524
312.2620	233.4286
311.7501	233.4286
311.7501	232.4048
311.2382	232.4048
311.2382	231.8929
310.7262	231.8929
310.7262	231.3810
310.2143	231.3810
310.2143	230.8691
309.7024	230.8691
309.7024	230.3572
309.1905	230.3572
309.1905	229.8453
308.6786	229.8453
308.6786	229.3334
307.6548	229.3334
307.6548	228.8215
306.6310	228.8215
306.6310	228.3096
305.6072	228.3096
305.6072	227.2858
306.1191	227.2858
306.1191	226.7739
306.6310	226.7739
306.6310	226.2619
307.1429	226.2619
307.1429	225.2381
307.6548	225.2381
307.6548	224.2143
308.1667	224.2143
308.1667	223.1905
308.6786	223.1905
308.6786	220.6310
309.1905	220.6310
309.1905	217.5596
308.6786	217.5596
308.6786	215.0000
308.1667	215.0000
308.1667	213.9762
311.2382	213.9762
311.2382	214.4881
311.7501	214.4881
311.7501	215.0000
312.7739	215.0000
312.7739	215.5119
313.7977	215.5119
313.7977	216.0239
316.3572	216.0239
316.3572	216.5358
318.9167	216.5358
318.9167	216.0239
321.4763	216.0239
321.4763	215.5119
322.5001	215.5119
322.5001	215.0000
323.5239	215.0000
323.5239	214.4881
324.0358	214.4881
324.0358	213.9762
324.5477	213.9762
324.5477	213.4643
325.0596	213.4643
325.0596	212.9524
325.5715	212.9524
325.5715	212.4405
326.0834	212.4405
