353.2144	194.0119
355.7739	194.0119
355.7739	194.5238
360.3810	194.5238
360.3810	195.0358
361.4048	195.0358
361.4048	195.5477
362.9405	195.5477
362.9405	196.0596
365.5001	196.0596
365.5001	196.5715
368.0596	196.5715
368.0596	196.0596
370.6191	196.0596
370.6191	196.5715
375.2263	196.5715
375.2263	196.0596
379.3215	196.0596
379.3215	196.5715
380.3453	196.5715
380.3453	197.0834
381.8810	197.0834
381.8810	197.5953
382.9048	197.5953
382.9048	198.1072
384.9525	198.1072
384.9525	198.6191
387.0001	198.6191
387.0001	199.1310
389.0477	199.1310
389.0477	199.6429
391.6072	199.6429
391.6072	200.1548
394.1667	200.1548
394.1667	200.6667
397.2382	200.6667
397.2382	200.1548
399.7977	200.1548
399.7977	199.6429
400.8215	199.6429
400.8215	199.1310
401.8453	199.1310
401.8453	198.6191
402.3572	198.6191
402.3572	198.1072
404.9167	198.1072
404.9167	198.6191
405.4286	198.6191
405.4286	199.1310
405.9406	199.1310
405.9406	201.6905
405.4286	201.6905
405.4286	205.2738
405.9406	205.2738
405.9406	207.8334
406.4525	207.8334
406.4525	208.8572
406.9644	208.8572
406.9644	209.8810
407.4763	209.8810
407.4763	210.9048
407.9882	210.9048
407.9882	211.4167
408.5001	211.4167
408.5001	211.9286
409.0120	211.9286
409.0120	212.9524
409.5239	212.9524
409.5239	213.4643
410.0358	213.4643
410.0358	213.9762
410.5477	213.9762
410.5477	215.0000
411.0596	215.0000
411.0596	216.0239
411.5715	216.0239
411.5715	217.0477
412.0834	217.0477
412.0834	218.0715
412.5953	218.0715
412.5953	218.5834
413.1072	218.5834
413.1072	219.0953
413.6191	219.0953
413.6191	219.6072
414.1310	219.6072
414.1310	220.1191
414.6429	220.1191
414.6429	220.6310
415.1548	220.6310
415.1548	221.1429
415.6667	221.1429
415.6667	221.6548
416.6906	221.6548
416.6906	222.1667
417.7144	222.1667
417.7144	222.6786
420.2739	222.6786
420.2739	223.1905
423.3453	223.1905
423.3453	225.7500
423.8572	225.7500
423.8572	227.2858
424.3691	227.2858
424.3691	228.3096
424.8810	228.3096
424.8810	229.3334
425.3929	229.3334
425.3929	229.8453
425.9048	229.8453
425.9048	230.3572
426.4167	230.3572
426.4167	230.8691
426.9287	230.8691
426.9287	231.3810
427.4406	231.3810
427.4406	231.8929
428.4644	231.8929
428.4644	232.4048
429.4882	232.4048
429.4882	232.9167
432.0477	232.9167
432.0477	233.4286
435.1191	233.4286
435.1191	232.9167
437.6787	232.9167
437.6787	232.4048
438.7025	232.4048
438.7025	231.8929
440.2382	231.8929
440.2382	231.3810
441.2620	231.3810
441.2620	231.8929
441.7739	231.8929
441.7739	232.4048
442.2858	232.4048
442.2858	232.9167
441.7739	232.9167
441.7739	233.4286
439.2144	233.4286
439.2144	233.9405
436.6548	233.9405
436.6548	234.4524
435.6310	234.4524
435.6310	234.9643
434.6072	234.9643
434.6072	235.4762
434.0953	235.4762
434.0953	235.9881
433.5834	235.9881
433.5834	236.5000
433.0715	236.5000
433.0715	237.0119
432.5596	237.0119
432.5596	237.5239
432.0477	237.5239
432.0477	238.5477
431.5358	238.5477
431.5358	239.5715
431.0239	239.5715
431.0239	242.1310
430.5120	242.1310
430.5120	246.2262
431.0239	246.2262
431.0239	248.7858
431.5358	248.7858
431.5358	251.3453
432.0477	251.3453
432.0477	252.3691
432.5596	252.3691
432.5596	253.3929
433.0715	253.3929
433.0715	253.9048
433.5834	253.9048
433.5834	254.4167
434.0953	254.4167
434.0953	254.9286
434.6072	254.9286
434.6072	256.4643
434.0953	256.4643
434.0953	257.4881
433.5834	257.4881
433.5834	258.5120
433.0715	258.5120
433.0715	261.0715
432.5596	261.0715
432.5596	263.6310
433.0715	263.6310
433.0715	270.2858
433.5834	270.2858
433.5834	278.4762
433.0715	278.4762
433.0715	281.0358
432.5596	281.0358
432.5596	284.6191
432.0477	284.6191
432.0477	285.1310
431.5358	285.1310
431.5358	286.1548
431.0239	286.1548
431.0239	287.1786
430.5120	287.1786
430.5120	288.7143
430.0001	288.7143
430.0001	289.7382
429.4882	289.7382
429.4882	291.2739
428.9763	291.2739
428.9763	292.2977
428.4644	292.2977
428.4644	292.8096
427.9525	292.8096
427.9525	293.3215
427.4406	293.3215
427.4406	293.8334
426.9287	293.8334
426.9287	294.8572
426.4167	294.8572
426.4167	295.8810
425.9048	295.8810
425.9048	296.9048
425.3929	296.9048
425.3929	297.4167
424.8810	297.4167
424.8810	297.9286
424.3691	297.9286
424.3691	298.4405
423.8572	298.4405
423.8572	298.9524
423.3453	298.9524
423.3453	299.9762
422.8334	299.9762
422.8334	300.4882
422.3215	300.4882
422.3215	301.0001
421.2977	301.0001
421.2977	301.5120
420.7858	301.5120
420.7858	302.0239
419.7620	302.0239
419.7620	302.5358
419.2501	302.5358
419.2501	303.0477
418.7382	303.0477
418.7382	303.5596
418.2263	303.5596
418.2263	304.0715
417.7144	304.0715
417.7144	304.5834
417.2025	304.5834
417.2025	305.0953
416.6906	305.0953
416.6906	306.1191
415.6667	306.1191
415.6667	306.6310
415.1548	306.6310
415.1548	307.1429
414.6429	307.1429
414.6429	307.6548
414.1310	307.6548
414.1310	308.1667
413.6191	308.1667
413.6191	308.6786
413.1072	308.6786
413.1072	309.7024
412.0834	309.7024
412.0834	310.2143
411.0596	310.2143
411.0596	310.7262
410.5477	310.7262
410.5477	311.2382
409.5239	311.2382
409.5239	311.7501
409.0120	311.7501
409.0120	312.2620
407.9882	312.2620
407.9882	312.7739
406.9644	312.7739
406.9644	313.2858
406.4525	313.2858
406.4525	313.7977
405.9406	313.7977
405.9406	314.3096
405.4286	314.3096
405.4286	314.8215
403.8929	314.8215
403.8929	315.3334
402.8691	315.3334
402.8691	315.8453
401.8453	315.8453
401.8453	316.3572
401.3334	316.3572
401.3334	316.8691
400.8215	316.8691
400.8215	317.3810
400.3096	317.3810
400.3096	317.8929
399.7977	317.8929
399.7977	318.4048
399.2858	318.4048
399.2858	318.9167
395.1906	318.9167
395.1906	319.4286
392.6310	319.4286
392.6310	319.9405
391.6072	319.9405
391.6072	319.4286
389.0477	319.4286
389.0477	318.9167
385.4644	318.9167
385.4644	319.4286
382.9048	319.4286
382.9048	319.9405
381.8810	319.9405
381.8810	320.4524
380.8572	320.4524
380.8572	320.9643
379.8334	320.9643
379.8334	321.4763
379.3215	321.4763
379.3215	321.9882
376.2501	321.9882
376.2501	322.5001
373.6905	322.5001
373.6905	323.0120
372.6667	323.0120
372.6667	323.5239
362.4286	323.5239
362.4286	324.0358
349.6310	324.0358
349.6310	323.5239
347.0715	323.5239
347.0715	323.0120
339.3929	323.0120
339.3929	323.5239
338.3691	323.5239
338.3691	323.0120
334.7858	323.0120
334.7858	322.5001
334.2739	322.5001
334.2739	321.9882
333.7620	321.9882
333.7620	321.4763
332.7382	321.4763
332.7382	320.9643
332.2263	320.9643
332.2263	320.4524
331.7143	320.4524
331.7143	319.9405
331.2024	319.9405
331.2024	319.4286
330.6905	319.4286
330.6905	318.9167
330.1786	318.9167
330.1786	318.4048
329.6667	318.4048
329.6667	317.8929
329.1548	317.8929
329.1548	317.3810
328.1310	317.3810
328.1310	316.8691
327.1072	316.8691
327.1072	316.3572
324.5477	316.3572
324.5477	315.8453
322.5001	315.8453
322.5001	315.3334
319.9405	315.3334
319.9405	314.8215
318.9167	314.8215
318.9167	314.3096
317.8929	314.3096
317.8929	313.7977
316.8691	313.7977
316.8691	313.2858
315.3334	313.2858
315.3334	312.7739
314.8215	312.7739
314.8215	312.2620
314.3096	312.2620
314.3096	311.7501
313.2858	311.7501
313.2858	311.2382
312.7739	311.2382
312.7739	310.7262
311.7501	310.7262
311.7501	310.2143
310.7262	310.2143
310.7262	309.7024
309.7024	309.7024
309.7024	309.1905
308.6786	309.1905
308.6786	308.6786
307.1429	308.6786
307.1429	308.1667
306.1191	308.1667
306.1191	307.6548
305.6072	307.6548
305.6072	307.1429
305.0953	307.1429
305.0953	306.6310
304.5834	306.6310
304.5834	306.1191
304.0715	306.1191
304.0715	305.6072
303.5596	305.6072
303.5596	305.0953
302.5358	305.0953
302.5358	304.5834
301.5120	304.5834
301.5120	304.0715
299.9762	304.0715
299.9762	303.5596
297.4167	303.5596
297.4167	302.5358
296.9048	302.5358
296.9048	302.0239
296.3929	302.0239
296.3929	301.5120
295.8810	301.5120
295.8810	301.0001
295.3691	301.0001
295.3691	300.4882
294.8572	300.4882
294.8572	299.9762
294.3453	299.9762
294.3453	298.9524
293.8334	298.9524
293.8334	298.4405
293.3215	298.4405
293.3215	297.9286
292.8096	297.9286
292.8096	297.4167
292.2977	297.4167
292.2977	296.9048
291.7858	296.9048
291.7858	296.3929
290.7620	296.3929
290.7620	295.8810
289.7382	295.8810
289.7382	295.3691
287.1786	295.3691
287.1786	294.8572
286.6667	294.8572
286.6667	293.8334
286.1548	293.8334
286.1548	292.8096
285.6429	292.8096
285.6429	292.2977
285.1310	292.2977
285.1310	291.7858
284.6191	291.7858
284.6191	291.2739
285.1310	291.2739
285.1310	290.7620
285.6429	290.7620
285.6429	290.2501
286.1548	290.2501
286.1548	289.7382
286.6667	289.7382
286.6667	289.2262
287.1786	289.2262
287.1786	288.2024
287.6905	288.2024
287.6905	287.1786
288.2024	287.1786
288.2024	284.6191
288.7143	284.6191
288.7143	282.0596
288.2024	282.0596
288.2024	279.5001
287.6905	279.5001
287.6905	277.4524
287.1786	277.4524
287.1786	276.4286
286.6667	276.4286
286.6667	275.4048
286.1548	275.4048
286.1548	274.3810
285.6429	274.3810
285.6429	273.3572
285.1310	273.3572
285.1310	272.8453
284.6191	272.8453
284.6191	270.2858
284.1072	270.2858
284.1072	269.2620
283.5953	269.2620
283.5953	267.2143
284.1072	267.2143
284.1072	266.1905
284.6191	266.1905
284.6191	265.1667
285.1310	265.1667
285.1310	264.1429
285.6429	264.1429
285.6429	261.5834
286.1548	261.5834
286.1548	256.9762
285.6429	256.9762
285.6429	254.9286
286.1548	254.9286
286.1548	252.3691
286.6667	252.3691
286.6667	249.8096
287.1786	249.8096
287.1786	247.7620
287.6905	247.7620
287.6905	246.7381
288.2024	246.7381
288.2024	245.7143
288.7143	245.7143
288.7143	244.6905
289.2262	244.6905
289.2262	243.6667
289.7382	243.6667
289.7382	242.1310
290.2501	242.1310
290.2501	240.0834
290.7620	240.0834
290.7620	238.5477
291.2739	238.5477
291.2739	237.5239
291.7858	237.5239
291.7858	236.5000
292.2977	236.5000
292.2977	235.4762
292.8096	235.4762
292.8096	233.9405
293.3215	233.9405
293.3215	232.9167
293.8334	232.9167
293.8334	231.3810
294.3453	231.3810
294.3453	230.3572
294.8572	230.3572
294.8572	229.3334
295.3691	229.3334
295.3691	228.3096
295.8810	228.3096
295.8810	227.2858
296.3929	227.2858
296.3929	226.2619
296.9048	226.2619
296.9048	225.2381
297.4167	225.2381
297.4167	224.7262
297.9286	224.7262
297.9286	224.2143
298.4405	224.2143
298.4405	223.7024
298.9524	223.7024
298.9524	222.6786
299.4643	222.6786
299.4643	222.1667
299.9762	222.1667
299.9762	221.6548
300.4882	221.6548
300.4882	220.6310
301.0001	220.6310
301.0001	219.6072
301.5120	219.6072
301.5120	218.5834
302.0239	218.5834
302.0239	217.5596
302.5358	217.5596
302.5358	215.0000
303.0477	215.0000
303.0477	213.9762
303.5596	213.9762
303.5596	213.4643
304.0715	213.4643
304.0715	212.9524
304.5834	212.9524
304.5834	211.9286
305.0953	211.9286
305.0953	211.4167
305.6072	211.4167
305.6072	210.9048
307.1429	210.9048
307.1429	210.3929
308.1667	210.3929
308.1667	209.8810
309.1905	209.8810
309.1905	209.3691
309.7024	209.3691
309.7024	208.8572
310.2143	208.8572
310.2143	208.3453
310.7262	208.3453
310.7262	207.8334
311.2382	207.8334
311.2382	207.3215
311.7501	207.3215
311.7501	206.8096
312.2620	206.8096
312.2620	206.2977
312.7739	206.2977
312.7739	205.7858
313.2858	205.7858
313.2858	204.7619
313.7977	204.7619
313.7977	204.2500
314.3096	204.2500
314.3096	203.7381
314.8215	203.7381
314.8215	203.2262
315.8453	203.2262
315.8453	202.7143
316.3572	202.7143
316.3572	202.2024
317.3810	202.2024
317.3810	201.6905
317.8929	201.6905
317.8929	201.1786
318.9167	201.1786
318.9167	200.6667
319.9405	200.6667
319.9405	200.1548
320.4524	200.1548
320.4524	199.6429
320.9643	199.6429
320.9643	199.1310
323.0120	199.1310
323.0120	198.6191
324.5477	198.6191
324.5477	198.1072
326.0834	198.1072
326.0834	197.5953
327.1072	197.5953
327.1072	197.0834
329.1548	197.0834
329.1548	196.5715
331.2024	196.5715
331.2024	196.0596
333.2501	196.0596
333.2501	195.5477
335.2977	195.5477
335.2977	195.0358
337.3453	195.0358
337.3453	194.5238
338.3691	194.5238
338.3691	194.0119
349.1191	194.0119
349.1191	193.5000
353.2144	193.5000
