403.3810	176.0953
411.5715	176.0953
411.5715	176.6072
418.7382	176.6072
418.7382	177.1191
425.3929	177.1191
425.3929	177.6310
427.9525	177.6310
427.9525	178.1429
430.5120	178.1429
430.5120	177.6310
433.0715	177.6310
433.0715	177.1191
434.0953	177.1191
434.0953	176.6072
435.1191	176.6072
435.1191	176.0953
436.1429	176.0953
436.1429	175.5834
438.1906	175.5834
438.1906	176.0953
438.7025	176.0953
438.7025	177.6310
439.2144	177.6310
439.2144	178.6548
439.7263	178.6548
439.7263	179.6786
440.2382	179.6786
440.2382	180.1905
440.7501	180.1905
440.7501	180.7024
441.2620	180.7024
441.2620	181.2143
441.7739	181.2143
441.7739	181.7262
442.2858	181.7262
442.2858	182.2381
443.3096	182.2381
443.3096	182.7500
444.3334	182.7500
444.3334	183.2619
446.8929	183.2619
446.8929	183.7738
448.4287	183.7738
448.4287	184.2857
448.9406	184.2857
448.9406	184.7977
449.4525	184.7977
449.4525	185.3096
450.4763	185.3096
450.4763	185.8215
451.5001	185.8215
451.5001	186.3334
452.5239	186.3334
452.5239	186.8453
454.0596	186.8453
454.0596	187.3572
454.5715	187.3572
454.5715	187.8691
455.5953	187.8691
455.5953	188.3810
456.6191	188.3810
456.6191	188.8929
458.1548	188.8929
458.1548	189.4048
459.1787	189.4048
459.1787	189.9167
460.2025	189.9167
460.2025	190.4286
461.2263	190.4286
461.2263	190.9405
461.7382	190.9405
461.7382	191.4524
462.2501	191.4524
462.2501	191.9643
462.7620	191.9643
462.7620	192.4762
463.2739	192.4762
463.2739	192.9881
463.7858	192.9881
463.7858	193.5000
464.2977	193.5000
464.2977	194.0119
465.3215	194.0119
465.3215	195.0358
465.8334	195.0358
465.8334	195.5477
466.3453	195.5477
466.3453	196.0596
466.8572	196.0596
466.8572	196.5715
467.3691	196.5715
467.3691	197.0834
467.8810	197.0834
467.8810	198.1072
468.3929	198.1072
468.3929	198.6191
468.9049	198.6191
468.9049	199.1310
469.4168	199.1310
469.4168	199.6429
469.9287	199.6429
469.9287	200.6667
470.4406	200.6667
470.4406	201.1786
470.9525	201.1786
470.9525	201.6905
471.4644	201.6905
471.4644	202.2024
471.9763	202.2024
471.9763	202.7143
472.4882	202.7143
472.4882	203.2262
473.0001	203.2262
473.0001	203.7381
473.5120	203.7381
473.5120	204.2500
474.5358	204.2500
474.5358	204.7619
475.5596	204.7619
475.5596	205.7858
476.0715	205.7858
476.0715	206.8096
476.5834	206.8096
476.5834	207.3215
477.0953	207.3215
477.0953	207.8334
477.6072	207.8334
477.6072	208.3453
478.1191	208.3453
478.1191	208.8572
478.6310	208.8572
478.6310	209.8810
479.1429	209.8810
479.1429	210.9048
479.6549	210.9048
479.6549	211.9286
480.1668	211.9286
480.1668	212.4405
480.6787	212.4405
480.6787	213.4643
481.1906	213.4643
481.1906	214.4881
481.7025	214.4881
481.7025	215.5119
482.2144	215.5119
482.2144	216.0239
482.7263	216.0239
482.7263	217.0477
483.2382	217.0477
483.2382	218.0715
483.7501	218.0715
483.7501	219.0953
484.2620	219.0953
484.2620	219.6072
484.7739	219.6072
484.7739	220.1191
485.2858	220.1191
485.2858	221.1429
485.7977	221.1429
485.7977	221.6548
486.3096	221.6548
486.3096	222.6786
486.8215	222.6786
486.8215	223.1905
487.3334	223.1905
487.3334	224.2143
487.8453	224.2143
487.8453	225.2381
488.3572	225.2381
488.3572	225.7500
488.8691	225.7500
488.8691	226.2619
489.3810	226.2619
489.3810	227.2858
489.8930	227.2858
489.8930	228.8215
490.4049	228.8215
490.4049	229.8453
490.9168	229.8453
490.9168	231.8929
491.4287	231.8929
491.4287	233.4286
491.9406	233.4286
491.9406	235.4762
492.4525	235.4762
492.4525	236.5000
492.9644	236.5000
492.9644	238.0358
493.4763	238.0358
493.4763	239.5715
493.9882	239.5715
493.9882	241.1072
494.5001	241.1072
494.5001	242.1310
495.0120	242.1310
495.0120	243.1548
495.5239	243.1548
495.5239	244.1786
496.0358	244.1786
496.0358	245.2024
496.5477	245.2024
496.5477	246.2262
497.0596	246.2262
497.0596	246.7381
497.5715	246.7381
497.5715	247.2500
498.0834	247.2500
498.0834	249.8096
498.5953	249.8096
498.5953	251.3453
499.1072	251.3453
499.1072	254.4167
498.5953	254.4167
498.5953	255.4405
498.0834	255.4405
498.0834	256.9762
497.5715	256.9762
497.5715	257.4881
497.0596	257.4881
497.0596	258.5120
496.5477	258.5120
496.5477	259.0239
496.0358	259.0239
496.0358	259.5358
495.5239	259.5358
495.5239	260.0477
495.0120	260.0477
495.0120	261.0715
494.5001	261.0715
494.5001	262.0953
493.9882	262.0953
493.9882	263.1191
493.4763	263.1191
493.4763	264.1429
492.9644	264.1429
492.9644	265.1667
492.4525	265.1667
492.4525	266.1905
491.9406	266.1905
491.9406	267.7262
491.4287	267.7262
491.4287	269.7739
490.9168	269.7739
490.9168	270.7977
490.4049	270.7977
490.4049	272.3334
489.8930	272.3334
489.8930	273.3572
489.3810	273.3572
489.3810	274.3810
488.8691	274.3810
488.8691	275.4048
488.3572	275.4048
488.3572	276.9405
487.8453	276.9405
487.8453	278.4762
487.3334	278.4762
487.3334	280.5239
486.8215	280.5239
486.8215	281.5477
486.3096	281.5477
486.3096	282.5715
485.7977	282.5715
485.7977	283.0834
485.2858	283.0834
485.2858	283.5953
484.7739	283.5953
484.7739	284.6191
484.2620	284.6191
484.2620	285.6429
483.7501	285.6429
483.7501	286.1548
483.2382	286.1548
483.2382	286.6667
482.7263	286.6667
482.7263	287.1786
482.2144	287.1786
482.2144	287.6905
481.7025	287.6905
481.7025	288.2024
481.1906	288.2024
481.1906	289.2262
480.6787	289.2262
480.6787	289.7382
480.1668	289.7382
480.1668	290.7620
479.6549	290.7620
479.6549	291.2739
479.1429	291.2739
479.1429	291.7858
478.6310	291.7858
478.6310	292.2977
478.1191	292.2977
478.1191	292.8096
477.6072	292.8096
477.6072	293.3215
477.0953	293.3215
477.0953	294.3453
476.5834	294.3453
476.5834	294.8572
476.0715	294.8572
476.0715	295.3691
475.5596	295.3691
475.5596	295.8810
475.0477	295.8810
475.0477	296.3929
474.5358	296.3929
474.5358	297.4167
474.0239	297.4167
474.0239	298.4405
473.5120	298.4405
473.5120	298.9524
473.0001	298.9524
473.0001	299.4643
471.9763	299.4643
471.9763	299.9762
470.9525	299.9762
470.9525	300.4882
469.9287	300.4882
469.9287	301.0001
467.3691	301.0001
467.3691	301.5120
466.3453	301.5120
466.3453	302.0239
465.3215	302.0239
465.3215	302.5358
464.2977	302.5358
464.2977	303.0477
463.7858	303.0477
463.7858	303.5596
463.2739	303.5596
463.2739	304.0715
462.7620	304.0715
462.7620	304.5834
462.2501	304.5834
462.2501	305.0953
459.6906	305.0953
459.6906	305.6072
458.1548	305.6072
458.1548	306.1191
457.1310	306.1191
457.1310	306.6310
456.1072	306.6310
456.1072	307.1429
455.0834	307.1429
455.0834	307.6548
453.5477	307.6548
453.5477	308.1667
439.2144	308.1667
439.2144	308.6786
436.6548	308.6786
436.6548	309.1905
435.6310	309.1905
435.6310	309.7024
433.0715	309.7024
433.0715	310.2143
432.0477	310.2143
432.0477	310.7262
431.0239	310.7262
431.0239	311.2382
430.5120	311.2382
430.5120	311.7501
430.0001	311.7501
430.0001	312.2620
429.4882	312.2620
429.4882	312.7739
428.9763	312.7739
428.9763	313.2858
428.4644	313.2858
428.4644	313.7977
427.9525	313.7977
427.9525	314.3096
427.4406	314.3096
427.4406	313.7977
426.9287	313.7977
426.9287	313.2858
426.4167	313.2858
426.4167	312.7739
425.9048	312.7739
425.9048	312.2620
425.3929	312.2620
425.3929	311.7501
424.8810	311.7501
424.8810	311.2382
424.3691	311.2382
424.3691	310.7262
423.3453	310.7262
423.3453	310.2143
422.3215	310.2143
422.3215	309.7024
419.7620	309.7024
419.7620	309.1905
414.6429	309.1905
414.6429	309.7024
412.0834	309.7024
412.0834	310.2143
411.0596	310.2143
411.0596	310.7262
410.5477	310.7262
410.5477	310.2143
410.0358	310.2143
410.0358	309.7024
409.0120	309.7024
409.0120	309.1905
407.9882	309.1905
407.9882	308.6786
405.4286	308.6786
405.4286	308.1667
402.8691	308.1667
402.8691	308.6786
400.3096	308.6786
400.3096	309.1905
398.2620	309.1905
398.2620	309.7024
397.2382	309.7024
397.2382	310.2143
396.2144	310.2143
396.2144	310.7262
395.7025	310.7262
395.7025	311.2382
395.1906	311.2382
395.1906	311.7501
394.1667	311.7501
394.1667	312.2620
391.6072	312.2620
391.6072	311.2382
391.0953	311.2382
391.0953	310.2143
390.5834	310.2143
390.5834	309.1905
390.0715	309.1905
390.0715	308.6786
389.5596	308.6786
389.5596	308.1667
389.0477	308.1667
389.0477	307.6548
388.5358	307.6548
388.5358	307.1429
388.0239	307.1429
388.0239	306.6310
387.0001	306.6310
387.0001	306.1191
385.9763	306.1191
385.9763	305.6072
383.4167	305.6072
383.4167	305.0953
378.2977	305.0953
378.2977	304.0715
377.7858	304.0715
377.7858	303.5596
377.2739	303.5596
377.2739	303.0477
376.7620	303.0477
376.7620	302.5358
376.2501	302.5358
376.2501	302.0239
375.7382	302.0239
375.7382	301.5120
375.2263	301.5120
375.2263	301.0001
374.2025	301.0001
374.2025	300.4882
373.1786	300.4882
373.1786	299.9762
372.1548	299.9762
372.1548	299.4643
369.5953	299.4643
369.5953	298.9524
369.0834	298.9524
369.0834	298.4405
368.0596	298.4405
368.0596	297.9286
367.0358	297.9286
367.0358	297.4167
366.0120	297.4167
366.0120	296.9048
364.9882	296.9048
364.9882	296.3929
362.4286	296.3929
362.4286	295.8810
361.9167	295.8810
361.9167	295.3691
360.8929	295.3691
360.8929	294.8572
360.3810	294.8572
360.3810	294.3453
359.8691	294.3453
359.8691	293.8334
359.3572	293.8334
359.3572	293.3215
358.8453	293.3215
358.8453	292.2977
358.3334	292.2977
358.3334	291.2739
357.8215	291.2739
357.8215	290.2501
357.3096	290.2501
357.3096	289.7382
356.7977	289.7382
356.7977	289.2262
356.2858	289.2262
356.2858	288.7143
355.7739	288.7143
355.7739	288.2024
355.2620	288.2024
355.2620	287.6905
354.2382	287.6905
354.2382	287.1786
353.2144	287.1786
353.2144	286.6667
351.6786	286.6667
351.6786	286.1548
351.1667	286.1548
351.1667	284.6191
350.6548	284.6191
350.6548	283.5953
350.1429	283.5953
350.1429	282.5715
349.6310	282.5715
349.6310	282.0596
349.1191	282.0596
349.1191	281.5477
348.6072	281.5477
348.6072	281.0358
348.0953	281.0358
348.0953	280.5239
347.5834	280.5239
347.5834	280.0120
346.5596	280.0120
346.5596	279.5001
346.0477	279.5001
346.0477	278.9881
345.5358	278.9881
345.5358	276.4286
345.0239	276.4286
345.0239	273.8691
344.5120	273.8691
344.5120	272.8453
344.0001	272.8453
344.0001	271.8215
343.4882	271.8215
343.4882	271.3096
342.9763	271.3096
342.9763	270.7977
342.4644	270.7977
342.4644	270.2858
341.9524	270.2858
341.9524	267.2143
341.4405	267.2143
341.4405	264.6548
340.9286	264.6548
340.9286	263.1191
340.4167	263.1191
340.4167	262.0953
339.9048	262.0953
339.9048	261.0715
339.3929	261.0715
339.3929	260.5596
338.8810	260.5596
338.8810	260.0477
338.3691	260.0477
338.3691	259.5358
337.8572	259.5358
337.8572	259.0239
337.3453	259.0239
337.3453	258.5120
336.3215	258.5120
336.3215	254.4167
335.8096	254.4167
335.8096	251.8572
335.2977	251.8572
335.2977	250.8334
334.7858	250.8334
334.7858	250.3215
335.2977	250.3215
335.2977	249.8096
335.8096	249.8096
335.8096	249.2977
336.3215	249.2977
336.3215	248.7858
336.8334	248.7858
336.8334	247.7620
337.3453	247.7620
337.3453	246.7381
337.8572	246.7381
337.8572	244.1786
338.3691	244.1786
338.3691	241.6191
337.8572	241.6191
337.8572	240.5953
338.3691	240.5953
338.3691	236.5000
337.8572	236.5000
337.8572	233.9405
337.3453	233.9405
337.3453	232.9167
336.8334	232.9167
336.8334	231.8929
336.3215	231.8929
336.3215	228.8215
335.8096	228.8215
335.8096	226.2619
335.2977	226.2619
335.2977	225.2381
334.7858	225.2381
334.7858	224.2143
334.2739	224.2143
334.2739	223.7024
333.7620	223.7024
333.7620	223.1905
333.2501	223.1905
333.2501	222.6786
332.7382	222.6786
332.7382	222.1667
332.2263	222.1667
332.2263	221.6548
331.7143	221.6548
331.7143	221.1429
330.6905	221.1429
330.6905	220.1191
331.2024	220.1191
331.2024	219.6072
333.7620	219.6072
333.7620	219.0953
335.8096	219.0953
335.8096	218.5834
336.8334	218.5834
336.8334	218.0715
337.8572	218.0715
337.8572	217.5596
338.3691	217.5596
338.3691	217.0477
338.8810	217.0477
338.8810	216.5358
339.3929	216.5358
339.3929	216.0239
339.9048	216.0239
339.9048	215.5119
340.4167	215.5119
340.4167	214.4881
340.9286	214.4881
340.9286	213.4643
341.4405	213.4643
341.4405	212.9524
342.4644	212.9524
342.4644	212.4405
343.4882	212.4405
343.4882	211.9286
344.0001	211.9286
344.0001	211.4167
344.5120	211.4167
344.5120	210.9048
345.0239	210.9048
345.0239	210.3929
345.5358	210.3929
345.5358	209.8810
346.0477	209.8810
346.0477	208.8572
346.5596	208.8572
346.5596	207.8334
347.0715	207.8334
347.0715	205.2738
347.5834	205.2738
347.5834	202.7143
348.0953	202.7143
348.0953	202.2024
348.6072	202.2024
348.6072	201.1786
349.1191	201.1786
349.1191	200.6667
349.6310	200.6667
349.6310	200.1548
350.1429	200.1548
350.1429	199.6429
350.6548	199.6429
350.6548	198.6191
351.1667	198.6191
351.1667	197.5953
351.6786	197.5953
351.6786	197.0834
352.1905	197.0834
352.1905	196.5715
352.7024	196.5715
352.7024	196.0596
353.2144	196.0596
353.2144	195.5477
353.7263	195.5477
353.7263	195.0358
354.2382	195.0358
354.2382	194.5238
354.7501	194.5238
354.7501	193.5000
355.2620	193.5000
355.2620	192.9881
355.7739	192.9881
355.7739	192.4762
356.2858	192.4762
356.2858	191.9643
356.7977	191.9643
356.7977	191.4524
357.3096	191.4524
357.3096	190.9405
357.8215	190.9405
357.8215	189.9167
358.3334	189.9167
358.3334	189.4048
358.8453	189.4048
358.8453	188.8929
359.8691	188.8929
359.8691	188.3810
360.8929	188.3810
360.8929	187.8691
361.9167	187.8691
361.9167	187.3572
362.9405	187.3572
362.9405	186.8453
363.4525	186.8453
363.4525	186.3334
363.9644	186.3334
363.9644	185.8215
365.5001	185.8215
365.5001	185.3096
366.5239	185.3096
366.5239	184.7977
367.5477	184.7977
367.5477	184.2857
368.5715	184.2857
368.5715	183.7738
370.1072	183.7738
370.1072	183.2619
371.1310	183.2619
371.1310	182.7500
372.1548	182.7500
372.1548	182.2381
372.6667	182.2381
372.6667	181.7262
374.2025	181.7262
374.2025	181.2143
375.2263	181.2143
375.2263	180.7024
376.2501	180.7024
376.2501	180.1905
377.2739	180.1905
377.2739	179.6786
378.2977	179.6786
378.2977	179.1667
378.8096	179.1667
378.8096	178.6548
379.8334	178.6548
379.8334	178.1429
382.3929	178.1429
382.3929	177.6310
384.9525	177.6310
384.9525	177.1191
387.5120	177.1191
387.5120	176.6072
389.0477	176.6072
389.0477	176.0953
396.2144	176.0953
396.2144	175.5834
403.3810	175.5834
