391.0953	187.3572
399.7977	187.3572
399.7977	187.8691
402.8691	187.8691
402.8691	188.3810
404.9167	188.3810
404.9167	188.8929
406.4525	188.8929
406.4525	189.4048
407.9882	189.4048
407.9882	189.9167
410.5477	189.9167
410.5477	190.4286
413.1072	190.4286
413.1072	190.9405
414.1310	190.9405
414.1310	191.4524
415.1548	191.4524
415.1548	191.9643
416.6906	191.9643
416.6906	192.4762
418.2263	192.4762
418.2263	192.9881
419.7620	192.9881
419.7620	193.5000
421.2977	193.5000
421.2977	194.0119
423.3453	194.0119
423.3453	194.5238
424.3691	194.5238
424.3691	195.0358
426.4167	195.0358
426.4167	195.5477
427.4406	195.5477
427.4406	196.0596
430.0001	196.0596
430.0001	196.5715
430.5120	196.5715
430.5120	197.0834
431.0239	197.0834
431.0239	197.5953
432.0477	197.5953
432.0477	198.1072
432.5596	198.1072
432.5596	198.6191
433.5834	198.6191
433.5834	199.1310
434.6072	199.1310
434.6072	199.6429
435.1191	199.6429
435.1191	200.1548
435.6310	200.1548
435.6310	200.6667
436.1429	200.6667
436.1429	201.1786
437.1667	201.1786
437.1667	201.6905
438.1906	201.6905
438.1906	202.2024
438.7025	202.2024
438.7025	202.7143
439.2144	202.7143
439.2144	203.2262
439.7263	203.2262
439.7263	203.7381
440.7501	203.7381
440.7501	204.2500
441.2620	204.2500
441.2620	204.7619
441.7739	204.7619
441.7739	205.2738
442.2858	205.2738
442.2858	205.7858
442.7977	205.7858
442.7977	206.8096
443.3096	206.8096
443.3096	207.3215
443.8215	207.3215
443.8215	207.8334
444.3334	207.8334
444.3334	208.3453
444.8453	208.3453
444.8453	208.8572
445.3572	208.8572
445.3572	209.8810
445.8691	209.8810
445.8691	210.3929
446.3810	210.3929
446.3810	210.9048
446.8929	210.9048
446.8929	211.4167
447.4048	211.4167
447.4048	212.4405
447.9168	212.4405
447.9168	213.4643
448.4287	213.4643
448.4287	213.9762
448.9406	213.9762
448.9406	214.4881
449.4525	214.4881
449.4525	215.5119
449.9644	215.5119
449.9644	216.5358
450.4763	216.5358
450.4763	217.0477
450.9882	217.0477
450.9882	217.5596
451.5001	217.5596
451.5001	218.0715
452.0120	218.0715
452.0120	218.5834
452.5239	218.5834
452.5239	219.0953
453.0358	219.0953
453.0358	219.6072
453.5477	219.6072
453.5477	220.6310
454.0596	220.6310
454.0596	221.6548
454.5715	221.6548
454.5715	222.6786
455.0834	222.6786
455.0834	223.1905
455.5953	223.1905
455.5953	223.7024
456.1072	223.7024
456.1072	224.2143
456.6191	224.2143
456.6191	224.7262
457.1310	224.7262
457.1310	225.2381
457.6429	225.2381
457.6429	225.7500
458.1548	225.7500
458.1548	226.2619
458.6668	226.2619
458.6668	227.2858
459.1787	227.2858
459.1787	228.8215
459.6906	228.8215
459.6906	229.8453
460.2025	229.8453
460.2025	230.8691
460.7144	230.8691
460.7144	231.3810
461.2263	231.3810
461.2263	231.8929
461.7382	231.8929
461.7382	232.9167
462.2501	232.9167
462.2501	233.4286
462.7620	233.4286
462.7620	234.9643
463.2739	234.9643
463.2739	236.5000
463.7858	236.5000
463.7858	239.0596
464.2977	239.0596
464.2977	241.1072
464.8096	241.1072
464.8096	243.6667
465.3215	243.6667
465.3215	253.9048
464.8096	253.9048
464.8096	255.9524
464.2977	255.9524
464.2977	256.9762
463.7858	256.9762
463.7858	258.5120
463.2739	258.5120
463.2739	259.5358
462.7620	259.5358
462.7620	260.5596
462.2501	260.5596
462.2501	261.5834
461.7382	261.5834
461.7382	262.6072
461.2263	262.6072
461.2263	263.6310
460.7144	263.6310
460.7144	264.6548
460.2025	264.6548
460.2025	266.7024
459.6906	266.7024
459.6906	269.2620
459.1787	269.2620
459.1787	273.3572
458.6668	273.3572
458.6668	274.8929
458.1548	274.8929
458.1548	276.4286
457.6429	276.4286
457.6429	277.4524
457.1310	277.4524
457.1310	278.9881
456.6191	278.9881
456.6191	280.0120
456.1072	280.0120
456.1072	281.0358
455.5953	281.0358
455.5953	282.0596
455.0834	282.0596
455.0834	282.5715
454.5715	282.5715
454.5715	283.0834
454.0596	283.0834
454.0596	284.1072
453.5477	284.1072
453.5477	284.6191
453.0358	284.6191
453.0358	285.1310
452.5239	285.1310
452.5239	286.1548
452.0120	286.1548
452.0120	287.1786
451.5001	287.1786
451.5001	287.6905
450.9882	287.6905
450.9882	288.2024
450.4763	288.2024
450.4763	288.7143
449.9644	288.7143
449.9644	289.2262
449.4525	289.2262
449.4525	289.7382
448.9406	289.7382
448.9406	290.2501
448.4287	290.2501
448.4287	290.7620
447.9168	290.7620
447.9168	291.7858
447.4048	291.7858
447.4048	292.2977
446.8929	292.2977
446.8929	292.8096
446.3810	292.8096
446.3810	293.8334
445.8691	293.8334
445.8691	294.3453
444.8453	294.3453
444.8453	294.8572
444.3334	294.8572
444.3334	295.3691
443.8215	295.3691
443.8215	295.8810
443.3096	295.8810
443.3096	296.3929
442.7977	296.3929
442.7977	296.9048
442.2858	296.9048
442.2858	297.4167
441.7739	297.4167
441.7739	298.4405
441.2620	298.4405
441.2620	299.4643
440.7501	299.4643
440.7501	300.4882
440.2382	300.4882
440.2382	301.5120
439.7263	301.5120
439.7263	302.0239
439.2144	302.0239
439.2144	302.5358
438.7025	302.5358
438.7025	303.0477
438.1906	303.0477
438.1906	304.0715
437.6787	304.0715
437.6787	305.0953
437.1667	305.0953
437.1667	305.6072
436.6548	305.6072
436.6548	306.6310
436.1429	306.6310
436.1429	307.1429
435.6310	307.1429
435.6310	307.6548
435.1191	307.6548
435.1191	308.1667
434.6072	308.1667
434.6072	308.6786
434.0953	308.6786
434.0953	309.1905
433.5834	309.1905
433.5834	309.7024
433.0715	309.7024
433.0715	310.2143
432.5596	310.2143
432.5596	310.7262
432.0477	310.7262
432.0477	311.7501
431.5358	311.7501
431.5358	312.2620
431.0239	312.2620
431.0239	312.7739
430.5120	312.7739
430.5120	313.2858
430.0001	313.2858
430.0001	313.7977
429.4882	313.7977
429.4882	314.3096
428.9763	314.3096
428.9763	314.8215
428.4644	314.8215
428.4644	315.3334
427.9525	315.3334
427.9525	315.8453
427.4406	315.8453
427.4406	316.3572
426.9287	316.3572
426.9287	316.8691
426.4167	316.8691
426.4167	317.3810
425.9048	317.3810
425.9048	317.8929
425.3929	317.8929
425.3929	318.4048
424.8810	318.4048
424.8810	318.9167
424.3691	318.9167
424.3691	319.4286
423.8572	319.4286
423.8572	319.9405
423.3453	319.9405
423.3453	320.4524
422.3215	320.4524
422.3215	320.9643
421.8096	320.9643
421.8096	321.4763
421.2977	321.4763
421.2977	321.9882
420.2739	321.9882
420.2739	322.5001
419.2501	322.5001
419.2501	323.0120
418.2263	323.0120
418.2263	323.5239
417.2025	323.5239
417.2025	323.0120
414.6429	323.0120
414.6429	323.5239
412.0834	323.5239
412.0834	324.0358
411.0596	324.0358
411.0596	324.5477
410.0358	324.5477
410.0358	325.0596
409.5239	325.0596
409.5239	325.5715
409.0120	325.5715
409.0120	326.0834
408.5001	326.0834
408.5001	326.5953
407.9882	326.5953
407.9882	327.1072
407.4763	327.1072
407.4763	328.1310
406.9644	328.1310
406.9644	329.1548
406.4525	329.1548
406.4525	331.7143
405.9406	331.7143
405.9406	332.2263
405.4286	332.2263
405.4286	332.7382
404.9167	332.7382
404.9167	333.2501
404.4048	333.2501
404.4048	333.7620
403.8929	333.7620
403.8929	334.2739
403.3810	334.2739
403.3810	334.7858
402.8691	334.7858
402.8691	335.8096
402.3572	335.8096
402.3572	336.8334
401.8453	336.8334
401.8453	339.3929
401.3334	339.3929
401.3334	338.8810
400.8215	338.8810
400.8215	338.3691
399.7977	338.3691
399.7977	337.8572
398.7739	337.8572
398.7739	337.3453
396.2144	337.3453
396.2144	336.8334
391.0953	336.8334
391.0953	337.3453
388.5358	337.3453
388.5358	337.8572
387.5120	337.8572
387.5120	338.3691
384.4405	338.3691
384.4405	338.8810
381.8810	338.8810
381.8810	339.3929
378.8096	339.3929
378.8096	339.9048
376.2501	339.9048
376.2501	340.4167
375.2263	340.4167
375.2263	340.9286
374.2025	340.9286
374.2025	341.4405
373.6905	341.4405
373.6905	341.9524
373.1786	341.9524
373.1786	342.4644
372.6667	342.4644
372.6667	342.9763
369.0834	342.9763
369.0834	343.4882
366.5239	343.4882
366.5239	344.0001
365.5001	344.0001
365.5001	344.5120
364.4763	344.5120
364.4763	345.0239
361.9167	345.0239
361.9167	344.5120
361.4048	344.5120
361.4048	344.0001
360.8929	344.0001
360.8929	343.4882
360.3810	343.4882
360.3810	342.9763
359.8691	342.9763
359.8691	342.4644
359.3572	342.4644
359.3572	341.9524
358.3334	341.9524
358.3334	341.4405
357.3096	341.4405
357.3096	340.9286
354.7501	340.9286
354.7501	340.4167
347.0715	340.4167
347.0715	340.9286
344.5120	340.9286
344.5120	341.4405
343.4882	341.4405
343.4882	341.9524
342.4644	341.9524
342.4644	342.4644
340.9286	342.4644
340.9286	341.9524
340.4167	341.9524
340.4167	341.4405
339.3929	341.4405
339.3929	340.9286
338.3691	340.9286
338.3691	340.4167
335.8096	340.4167
335.8096	339.9048
331.2024	339.9048
331.2024	340.4167
330.6905	340.4167
330.6905	339.9048
330.1786	339.9048
330.1786	339.3929
329.6667	339.3929
329.6667	338.8810
329.1548	338.8810
329.1548	338.3691
328.1310	338.3691
328.1310	337.8572
327.1072	337.8572
327.1072	337.3453
324.5477	337.3453
324.5477	336.8334
319.9405	336.8334
319.9405	337.3453
319.4286	337.3453
319.4286	336.8334
316.8691	336.8334
316.8691	336.3215
312.2620	336.3215
312.2620	335.8096
309.1905	335.8096
309.1905	335.2977
306.6310	335.2977
306.6310	335.8096
304.0715	335.8096
304.0715	336.3215
303.5596	336.3215
303.5596	334.2739
303.0477	334.2739
303.0477	333.2501
302.5358	333.2501
302.5358	332.2263
302.0239	332.2263
302.0239	331.7143
301.5120	331.7143
301.5120	331.2024
301.0001	331.2024
301.0001	330.6905
300.4882	330.6905
300.4882	330.1786
299.9762	330.1786
299.9762	329.6667
298.9524	329.6667
298.9524	329.1548
297.9286	329.1548
297.9286	328.6429
297.4167	328.6429
297.4167	328.1310
296.9048	328.1310
296.9048	327.6191
295.8810	327.6191
295.8810	327.1072
294.8572	327.1072
294.8572	326.5953
294.3453	326.5953
294.3453	326.0834
293.8334	326.0834
293.8334	325.5715
293.3215	325.5715
293.3215	325.0596
292.8096	325.0596
292.8096	324.0358
292.2977	324.0358
292.2977	323.0120
291.7858	323.0120
291.7858	322.5001
291.2739	322.5001
291.2739	321.9882
290.7620	321.9882
290.7620	321.4763
290.2501	321.4763
290.2501	320.9643
289.7382	320.9643
289.7382	320.4524
288.7143	320.4524
288.7143	319.9405
288.2024	319.9405
288.2024	319.4286
287.6905	319.4286
287.6905	318.9167
287.1786	318.9167
287.1786	318.4048
286.6667	318.4048
286.6667	317.8929
285.6429	317.8929
285.6429	316.8691
285.1310	316.8691
285.1310	315.8453
284.6191	315.8453
284.6191	314.8215
284.1072	314.8215
284.1072	314.3096
283.5953	314.3096
283.5953	313.7977
283.0834	313.7977
283.0834	313.2858
282.5715	313.2858
282.5715	312.7739
282.0596	312.7739
282.0596	312.2620
281.5477	312.2620
281.5477	311.7501
281.0358	311.7501
281.0358	310.7262
280.5239	310.7262
280.5239	310.2143
280.0120	310.2143
280.0120	309.7024
279.5001	309.7024
279.5001	309.1905
278.9881	309.1905
278.9881	308.6786
278.4762	308.6786
278.4762	308.1667
277.9643	308.1667
277.9643	307.6548
276.9405	307.6548
276.9405	307.1429
275.9167	307.1429
275.9167	305.0953
276.4286	305.0953
276.4286	304.0715
276.9405	304.0715
276.9405	303.0477
277.4524	303.0477
277.4524	300.4882
277.9643	300.4882
277.9643	296.9048
277.4524	296.9048
277.4524	294.3453
276.9405	294.3453
276.9405	293.3215
276.4286	293.3215
276.4286	292.2977
276.9405	292.2977
276.9405	289.7382
277.4524	289.7382
277.4524	285.1310
276.9405	285.1310
276.9405	282.5715
276.4286	282.5715
276.4286	281.5477
275.9167	281.5477
275.9167	275.9167
275.4048	275.9167
275.4048	273.3572
274.8929	273.3572
274.8929	272.3334
274.3810	272.3334
274.3810	271.3096
273.8691	271.3096
273.8691	270.7977
273.3572	270.7977
273.3572	268.2381
273.8691	268.2381
273.8691	267.2143
274.3810	267.2143
274.3810	266.1905
274.8929	266.1905
274.8929	265.1667
275.4048	265.1667
275.4048	264.6548
275.9167	264.6548
275.9167	264.1429
276.4286	264.1429
276.4286	263.1191
276.9405	263.1191
276.9405	262.0953
277.4524	262.0953
277.4524	259.5358
277.9643	259.5358
277.9643	255.9524
277.4524	255.9524
277.4524	254.4167
277.9643	254.4167
277.9643	249.8096
277.4524	249.8096
277.4524	249.2977
279.5001	249.2977
279.5001	248.7858
280.5239	248.7858
280.5239	248.2739
281.5477	248.2739
281.5477	247.7620
282.0596	247.7620
282.0596	247.2500
282.5715	247.2500
282.5715	246.7381
283.0834	246.7381
283.0834	246.2262
283.5953	246.2262
283.5953	245.7143
284.1072	245.7143
284.1072	244.6905
284.6191	244.6905
284.6191	243.6667
285.1310	243.6667
285.1310	242.1310
285.6429	242.1310
285.6429	239.5715
286.1548	239.5715
286.1548	238.5477
286.6667	238.5477
286.6667	237.5239
287.1786	237.5239
287.1786	236.5000
287.6905	236.5000
287.6905	235.4762
288.7143	235.4762
288.7143	234.9643
289.2262	234.9643
289.2262	234.4524
289.7382	234.4524
289.7382	233.9405
290.2501	233.9405
290.2501	233.4286
291.2739	233.4286
291.2739	232.9167
291.7858	232.9167
291.7858	232.4048
292.2977	232.4048
292.2977	231.8929
292.8096	231.8929
292.8096	231.3810
293.3215	231.3810
293.3215	230.8691
293.8334	230.8691
293.8334	229.8453
294.3453	229.8453
294.3453	229.3334
294.8572	229.3334
294.8572	228.3096
295.3691	228.3096
295.3691	227.2858
295.8810	227.2858
295.8810	225.7500
296.3929	225.7500
296.3929	224.7262
296.9048	224.7262
296.9048	224.2143
297.4167	224.2143
297.4167	223.7024
297.9286	223.7024
297.9286	223.1905
298.4405	223.1905
298.4405	222.6786
298.9524	222.6786
298.9524	222.1667
299.4643	222.1667
299.4643	221.6548
299.9762	221.6548
299.9762	221.1429
300.4882	221.1429
300.4882	220.6310
301.5120	220.6310
301.5120	220.1191
302.0239	220.1191
302.0239	219.6072
302.5358	219.6072
302.5358	219.0953
303.0477	219.0953
303.0477	218.5834
303.5596	218.5834
303.5596	218.0715
304.0715	218.0715
304.0715	217.5596
304.5834	217.5596
304.5834	217.0477
305.0953	217.0477
305.0953	216.5358
305.6072	216.5358
305.6072	215.5119
306.1191	215.5119
306.1191	215.0000
306.6310	215.0000
306.6310	213.9762
307.1429	213.9762
307.1429	212.9524
307.6548	212.9524
307.6548	212.4405
308.1667	212.4405
308.1667	211.4167
308.6786	211.4167
308.6786	210.9048
309.1905	210.9048
309.1905	210.3929
309.7024	210.3929
309.7024	209.8810
310.2143	209.8810
310.2143	209.3691
310.7262	209.3691
310.7262	208.8572
311.2382	208.8572
311.2382	208.3453
311.7501	208.3453
311.7501	207.8334
312.2620	207.8334
312.2620	207.3215
313.2858	207.3215
313.2858	206.8096
313.7977	206.8096
313.7977	206.2977
314.3096	206.2977
314.3096	205.7858
319.9405	205.7858
319.9405	205.2738
322.5001	205.2738
322.5001	204.7619
323.5239	204.7619
323.5239	204.2500
324.5477	204.2500
324.5477	203.7381
325.0596	203.7381
325.0596	203.2262
325.5715	203.2262
325.5715	202.7143
326.0834	202.7143
326.0834	202.2024
326.5953	202.2024
326.5953	201.6905
327.1072	201.6905
327.1072	200.6667
327.6191	200.6667
327.6191	199.6429
328.1310	199.6429
328.1310	198.6191
328.6429	198.6191
328.6429	198.1072
329.1548	198.1072
329.1548	197.5953
331.2024	197.5953
331.2024	198.1072
332.2263	198.1072
332.2263	198.6191
333.2501	198.6191
333.2501	199.1310
335.8096	199.1310
335.8096	199.6429
338.8810	199.6429
338.8810	199.1310
341.4405	199.1310
341.4405	198.6191
344.0001	198.6191
344.0001	198.1072
346.5596	198.1072
346.5596	197.5953
348.0953	197.5953
348.0953	197.0834
350.6548	197.0834
350.6548	196.5715
351.6786	196.5715
351.6786	196.0596
353.7263	196.0596
353.7263	195.5477
354.7501	195.5477
354.7501	195.0358
357.3096	195.0358
357.3096	194.5238
358.8453	194.5238
358.8453	194.0119
360.3810	194.0119
360.3810	193.5000
362.9405	193.5000
362.9405	192.9881
364.4763	192.9881
364.4763	192.4762
366.0120	192.4762
366.0120	191.9643
369.5953	191.9643
369.5953	191.4524
372.1548	191.4524
372.1548	190.9405
374.7144	190.9405
374.7144	190.4286
375.7382	190.4286
375.7382	189.9167
377.2739	189.9167
377.2739	189.4048
378.2977	189.4048
378.2977	188.8929
379.8334	188.8929
379.8334	188.3810
380.8572	188.3810
380.8572	187.8691
382.9048	187.8691
382.9048	187.3572
384.9525	187.3572
384.9525	186.8453
391.0953	186.8453
