376.2501	189.4048
376.7620	189.4048
376.7620	190.4286
377.2739	190.4286
377.2739	191.4524
377.7858	191.4524
377.7858	191.9643
378.2977	191.9643
378.2977	192.4762
378.8096	192.4762
378.8096	192.9881
379.3215	192.9881
379.3215	193.5000
379.8334	193.5000
379.8334	194.0119
380.8572	194.0119
380.8572	194.5238
381.8810	194.5238
381.8810	195.0358
384.4405	195.0358
384.4405	195.5477
388.5358	195.5477
388.5358	195.0358
390.5834	195.0358
390.5834	195.5477
392.6310	195.5477
392.6310	196.0596
394.1667	196.0596
394.1667	196.5715
395.1906	196.5715
395.1906	197.0834
396.2144	197.0834
396.2144	197.5953
397.2382	197.5953
397.2382	198.1072
398.2620	198.1072
398.2620	198.6191
399.2858	198.6191
399.2858	199.1310
400.3096	199.1310
400.3096	199.6429
401.3334	199.6429
401.3334	200.1548
402.3572	200.1548
402.3572	200.6667
402.8691	200.6667
402.8691	201.1786
403.3810	201.1786
403.3810	201.6905
404.4048	201.6905
404.4048	202.2024
404.9167	202.2024
404.9167	202.7143
405.4286	202.7143
405.4286	203.2262
406.4525	203.2262
406.4525	203.7381
406.9644	203.7381
406.9644	204.2500
407.4763	204.2500
407.4763	204.7619
408.5001	204.7619
408.5001	205.2738
409.5239	205.2738
409.5239	205.7858
410.5477	205.7858
410.5477	206.2977
412.0834	206.2977
412.0834	206.8096
413.1072	206.8096
413.1072	207.3215
415.1548	207.3215
415.1548	207.8334
416.1787	207.8334
416.1787	208.3453
417.2025	208.3453
417.2025	208.8572
417.7144	208.8572
417.7144	209.3691
418.7382	209.3691
418.7382	209.8810
419.7620	209.8810
419.7620	210.3929
421.2977	210.3929
421.2977	210.9048
421.8096	210.9048
421.8096	211.4167
422.8334	211.4167
422.8334	211.9286
423.3453	211.9286
423.3453	212.4405
424.3691	212.4405
424.3691	212.9524
424.8810	212.9524
424.8810	213.4643
425.9048	213.4643
425.9048	213.9762
426.9287	213.9762
426.9287	214.4881
427.4406	214.4881
427.4406	215.0000
427.9525	215.0000
427.9525	215.5119
428.4644	215.5119
428.4644	216.0239
429.4882	216.0239
429.4882	216.5358
430.0001	216.5358
430.0001	217.0477
430.5120	217.0477
430.5120	217.5596
431.0239	217.5596
431.0239	218.0715
431.5358	218.0715
431.5358	218.5834
432.0477	218.5834
432.0477	219.0953
432.5596	219.0953
432.5596	219.6072
433.0715	219.6072
433.0715	221.1429
433.5834	221.1429
433.5834	222.1667
434.0953	222.1667
434.0953	223.1905
434.6072	223.1905
434.6072	224.2143
435.1191	224.2143
435.1191	224.7262
435.6310	224.7262
435.6310	225.2381
436.1429	225.2381
436.1429	225.7500
436.6548	225.7500
436.6548	226.2619
437.1667	226.2619
437.1667	226.7739
437.6787	226.7739
437.6787	227.2858
438.1906	227.2858
438.1906	228.3096
438.7025	228.3096
438.7025	229.3334
439.2144	229.3334
439.2144	229.8453
439.7263	229.8453
439.7263	230.8691
440.2382	230.8691
440.2382	231.8929
440.7501	231.8929
440.7501	232.9167
441.2620	232.9167
441.2620	234.4524
441.7739	234.4524
441.7739	235.4762
442.2858	235.4762
442.2858	236.5000
442.7977	236.5000
442.7977	237.5239
443.3096	237.5239
443.3096	238.0358
443.8215	238.0358
443.8215	238.5477
444.3334	238.5477
444.3334	239.0596
444.8453	239.0596
444.8453	239.5715
445.3572	239.5715
445.3572	240.0834
445.8691	240.0834
445.8691	240.5953
446.3810	240.5953
446.3810	241.1072
447.4048	241.1072
447.4048	241.6191
447.9168	241.6191
447.9168	242.6429
448.4287	242.6429
448.4287	243.6667
448.9406	243.6667
448.9406	244.6905
449.4525	244.6905
449.4525	246.7381
449.9644	246.7381
449.9644	250.8334
449.4525	250.8334
449.4525	253.3929
448.9406	253.3929
448.9406	263.6310
449.4525	263.6310
449.4525	266.1905
449.9644	266.1905
449.9644	270.7977
450.4763	270.7977
450.4763	273.3572
450.9882	273.3572
450.9882	274.3810
451.5001	274.3810
451.5001	275.4048
452.0120	275.4048
452.0120	275.9167
452.5239	275.9167
452.5239	276.4286
453.0358	276.4286
453.0358	277.9643
452.5239	277.9643
452.5239	283.0834
453.0358	283.0834
453.0358	283.5953
452.5239	283.5953
452.5239	285.6429
452.0120	285.6429
452.0120	288.2024
451.5001	288.2024
451.5001	289.7382
450.9882	289.7382
450.9882	290.7620
450.4763	290.7620
450.4763	292.2977
449.9644	292.2977
449.9644	294.8572
449.4525	294.8572
449.4525	295.8810
448.9406	295.8810
448.9406	296.9048
448.4287	296.9048
448.4287	297.9286
447.9168	297.9286
447.9168	300.4882
447.4048	300.4882
447.4048	301.5120
446.8929	301.5120
446.8929	302.5358
446.3810	302.5358
446.3810	303.5596
445.8691	303.5596
445.8691	304.5834
445.3572	304.5834
445.3572	305.6072
444.8453	305.6072
444.8453	308.1667
444.3334	308.1667
444.3334	312.7739
443.8215	312.7739
443.8215	315.3334
443.3096	315.3334
443.3096	315.8453
442.7977	315.8453
442.7977	316.3572
442.2858	316.3572
442.2858	316.8691
441.7739	316.8691
441.7739	317.3810
441.2620	317.3810
441.2620	318.4048
440.7501	318.4048
440.7501	319.4286
440.2382	319.4286
440.2382	320.9643
439.7263	320.9643
439.7263	321.4763
439.2144	321.4763
439.2144	321.9882
438.7025	321.9882
438.7025	322.5001
438.1906	322.5001
438.1906	323.5239
437.6787	323.5239
437.6787	324.5477
437.1667	324.5477
437.1667	325.0596
436.6548	325.0596
436.6548	326.0834
436.1429	326.0834
436.1429	327.1072
435.6310	327.1072
435.6310	328.1310
435.1191	328.1310
435.1191	329.1548
434.6072	329.1548
434.6072	329.6667
434.0953	329.6667
434.0953	330.1786
433.5834	330.1786
433.5834	331.2024
433.0715	331.2024
433.0715	332.2263
432.5596	332.2263
432.5596	332.7382
432.0477	332.7382
432.0477	333.2501
431.5358	333.2501
431.5358	333.7620
431.0239	333.7620
431.0239	334.2739
430.5120	334.2739
430.5120	334.7858
430.0001	334.7858
430.0001	335.8096
429.4882	335.8096
429.4882	336.8334
428.9763	336.8334
428.9763	337.8572
428.4644	337.8572
428.4644	338.3691
427.9525	338.3691
427.9525	338.8810
427.4406	338.8810
427.4406	339.3929
426.9287	339.3929
426.9287	339.9048
426.4167	339.9048
426.4167	340.9286
425.9048	340.9286
425.9048	341.4405
425.3929	341.4405
425.3929	342.4644
424.8810	342.4644
424.8810	343.4882
424.3691	343.4882
424.3691	345.5358
423.8572	345.5358
423.8572	346.5596
423.3453	346.5596
423.3453	347.5834
422.8334	347.5834
422.8334	348.6072
422.3215	348.6072
422.3215	349.1191
421.8096	349.1191
421.8096	349.6310
421.2977	349.6310
421.2977	350.1429
420.7858	350.1429
420.7858	350.6548
419.7620	350.6548
419.7620	351.1667
419.2501	351.1667
419.2501	351.6786
418.7382	351.6786
418.7382	352.1905
418.2263	352.1905
418.2263	352.7024
417.7144	352.7024
417.7144	353.2144
417.2025	353.2144
417.2025	353.7263
416.6906	353.7263
416.6906	354.7501
416.1787	354.7501
416.1787	355.7739
415.6667	355.7739
415.6667	356.2858
415.1548	356.2858
415.1548	356.7977
414.6429	356.7977
414.6429	357.3096
414.1310	357.3096
414.1310	357.8215
413.6191	357.8215
413.6191	358.3334
413.1072	358.3334
413.1072	358.8453
412.5953	358.8453
412.5953	359.3572
412.0834	359.3572
412.0834	359.8691
411.0596	359.8691
411.0596	360.3810
410.0358	360.3810
410.0358	360.8929
409.0120	360.8929
409.0120	361.4048
408.5001	361.4048
408.5001	361.9167
407.9882	361.9167
407.9882	362.4286
407.4763	362.4286
407.4763	362.9405
406.9644	362.9405
406.9644	363.4525
406.4525	363.4525
406.4525	363.9644
405.9406	363.9644
405.9406	364.9882
405.4286	364.9882
405.4286	366.0120
404.9167	366.0120
404.9167	367.0358
404.4048	367.0358
404.4048	369.5953
403.8929	369.5953
403.8929	370.1072
398.7739	370.1072
398.7739	369.5953
396.2144	369.5953
396.2144	369.0834
393.6548	369.0834
393.6548	369.5953
390.5834	369.5953
390.5834	370.1072
388.0239	370.1072
388.0239	370.6191
387.0001	370.6191
387.0001	371.1310
385.9763	371.1310
385.9763	371.6429
384.9525	371.6429
384.9525	372.1548
383.9286	372.1548
383.9286	372.6667
379.8334	372.6667
379.8334	373.1786
374.7144	373.1786
374.7144	373.6905
368.5715	373.6905
368.5715	374.2025
365.5001	374.2025
365.5001	373.6905
363.9644	373.6905
363.9644	373.1786
362.4286	373.1786
362.4286	372.6667
359.8691	372.6667
359.8691	372.1548
357.3096	372.1548
357.3096	371.6429
354.7501	371.6429
354.7501	372.1548
353.2144	372.1548
353.2144	371.6429
350.6548	371.6429
350.6548	371.1310
346.5596	371.1310
346.5596	370.6191
342.4644	370.6191
342.4644	371.1310
338.3691	371.1310
338.3691	370.6191
335.8096	370.6191
335.8096	370.1072
333.2501	370.1072
333.2501	370.6191
329.6667	370.6191
329.6667	370.1072
326.0834	370.1072
326.0834	368.0596
325.5715	368.0596
325.5715	367.0358
325.0596	367.0358
325.0596	366.0120
324.5477	366.0120
324.5477	365.5001
324.0358	365.5001
324.0358	364.9882
323.5239	364.9882
323.5239	364.4763
323.0120	364.4763
323.0120	363.9644
322.5001	363.9644
322.5001	363.4525
321.9882	363.4525
321.9882	362.9405
320.9643	362.9405
320.9643	362.4286
319.9405	362.4286
319.9405	361.9167
317.3810	361.9167
317.3810	361.4048
312.7739	361.4048
312.7739	361.9167
310.2143	361.9167
310.2143	362.4286
309.1905	362.4286
309.1905	362.9405
308.1667	362.9405
308.1667	363.4525
307.6548	363.4525
307.6548	363.9644
307.1429	363.9644
307.1429	364.4763
306.6310	364.4763
306.6310	364.9882
306.1191	364.9882
306.1191	365.5001
305.6072	365.5001
305.6072	366.5239
304.5834	366.5239
304.5834	367.0358
304.0715	367.0358
304.0715	367.5477
303.5596	367.5477
303.5596	368.0596
303.0477	368.0596
303.0477	367.5477
302.5358	367.5477
302.5358	367.0358
302.0239	367.0358
302.0239	366.5239
301.5120	366.5239
301.5120	366.0120
301.0001	366.0120
301.0001	365.5001
299.9762	365.5001
299.9762	364.9882
299.4643	364.9882
299.4643	364.4763
298.9524	364.4763
298.9524	363.9644
298.4405	363.9644
298.4405	360.8929
297.9286	360.8929
297.9286	358.3334
297.4167	358.3334
297.4167	357.3096
296.9048	357.3096
296.9048	356.2858
296.3929	356.2858
296.3929	355.7739
295.8810	355.7739
295.8810	355.2620
295.3691	355.2620
295.3691	354.7501
294.8572	354.7501
294.8572	354.2382
294.3453	354.2382
294.3453	353.7263
293.3215	353.7263
293.3215	353.2144
292.2977	353.2144
292.2977	352.7024
290.7620	352.7024
290.7620	352.1905
289.7382	352.1905
289.7382	351.6786
288.7143	351.6786
288.7143	351.1667
287.6905	351.1667
287.6905	350.6548
287.1786	350.6548
287.1786	349.6310
286.6667	349.6310
286.6667	349.1191
286.1548	349.1191
286.1548	348.6072
285.6429	348.6072
285.6429	348.0953
285.1310	348.0953
285.1310	347.5834
284.6191	347.5834
284.6191	347.0715
284.1072	347.0715
284.1072	346.5596
283.5953	346.5596
283.5953	344.0001
283.0834	344.0001
283.0834	341.9524
282.5715	341.9524
282.5715	340.9286
282.0596	340.9286
282.0596	339.9048
281.5477	339.9048
281.5477	338.8810
281.0358	338.8810
281.0358	337.8572
280.5239	337.8572
280.5239	337.3453
280.0120	337.3453
280.0120	336.8334
279.5001	336.8334
279.5001	336.3215
278.9881	336.3215
278.9881	335.8096
278.4762	335.8096
278.4762	335.2977
277.4524	335.2977
277.4524	334.7858
276.4286	334.7858
276.4286	334.2739
275.4048	334.2739
275.4048	333.7620
274.8929	333.7620
274.8929	333.2501
274.3810	333.2501
274.3810	332.7382
273.3572	332.7382
273.3572	332.2263
272.3334	332.2263
272.3334	331.2024
271.8215	331.2024
271.8215	330.6905
271.3096	330.6905
271.3096	328.1310
270.7977	328.1310
270.7977	327.1072
270.2858	327.1072
270.2858	326.0834
269.7739	326.0834
269.7739	325.5715
269.2620	325.5715
269.2620	325.0596
268.7501	325.0596
268.7501	324.5477
268.2381	324.5477
268.2381	324.0358
267.7262	324.0358
267.7262	323.5239
266.7024	323.5239
266.7024	323.0120
265.6786	323.0120
265.6786	322.5001
264.6548	322.5001
264.6548	321.9882
262.0953	321.9882
262.0953	321.4763
261.5834	321.4763
261.5834	320.9643
260.5596	320.9643
260.5596	320.4524
260.0477	320.4524
260.0477	318.4048
259.5358	318.4048
259.5358	316.8691
260.0477	316.8691
260.0477	313.2858
259.5358	313.2858
259.5358	310.7262
259.0239	310.7262
259.0239	309.7024
258.5120	309.7024
258.5120	308.6786
258.0000	308.6786
258.0000	308.1667
257.4881	308.1667
257.4881	307.6548
256.9762	307.6548
256.9762	307.1429
256.4643	307.1429
256.4643	306.6310
255.9524	306.6310
255.9524	306.1191
255.4405	306.1191
255.4405	305.6072
254.4167	305.6072
254.4167	303.0477
253.9048	303.0477
253.9048	301.5120
253.3929	301.5120
253.3929	300.4882
252.8810	300.4882
252.8810	297.9286
252.3691	297.9286
252.3691	295.8810
251.8572	295.8810
251.8572	294.8572
251.3453	294.8572
251.3453	293.8334
250.8334	293.8334
250.8334	293.3215
250.3215	293.3215
250.3215	292.8096
249.8096	292.8096
249.8096	292.2977
249.2977	292.2977
249.2977	291.7858
248.7858	291.7858
248.7858	291.2739
248.2739	291.2739
248.2739	289.7382
248.7858	289.7382
248.7858	287.1786
249.2977	287.1786
249.2977	284.1072
248.7858	284.1072
248.7858	281.5477
248.2739	281.5477
248.2739	280.5239
247.7620	280.5239
247.7620	279.5001
248.2739	279.5001
248.2739	278.9881
248.7858	278.9881
248.7858	278.4762
249.2977	278.4762
249.2977	277.4524
249.8096	277.4524
249.8096	276.4286
250.3215	276.4286
250.3215	275.4048
250.8334	275.4048
250.8334	272.8453
251.3453	272.8453
251.3453	270.2858
250.8334	270.2858
250.8334	267.7262
251.3453	267.7262
251.3453	266.7024
251.8572	266.7024
251.8572	264.1429
252.3691	264.1429
252.3691	260.0477
252.8810	260.0477
252.8810	255.4405
253.3929	255.4405
253.3929	247.2500
253.9048	247.2500
253.9048	244.6905
254.4167	244.6905
254.4167	240.5953
253.9048	240.5953
253.9048	238.0358
253.3929	238.0358
253.3929	236.5000
252.8810	236.5000
252.8810	232.9167
253.3929	232.9167
253.3929	233.4286
257.4881	233.4286
257.4881	233.9405
260.0477	233.9405
260.0477	234.4524
262.6072	234.4524
262.6072	233.9405
265.1667	233.9405
265.1667	233.4286
266.1905	233.4286
266.1905	232.9167
267.2143	232.9167
267.2143	232.4048
267.7262	232.4048
267.7262	231.8929
268.2381	231.8929
268.2381	231.3810
268.7501	231.3810
268.7501	230.8691
269.2620	230.8691
269.2620	230.3572
269.7739	230.3572
269.7739	229.8453
270.7977	229.8453
270.7977	229.3334
271.3096	229.3334
271.3096	228.8215
271.8215	228.8215
271.8215	228.3096
272.3334	228.3096
272.3334	227.7977
273.3572	227.7977
273.3572	227.2858
273.8691	227.2858
273.8691	226.7739
274.3810	226.7739
274.3810	226.2619
274.8929	226.2619
274.8929	225.7500
275.4048	225.7500
275.4048	225.2381
275.9167	225.2381
275.9167	224.7262
276.4286	224.7262
276.4286	223.7024
276.9405	223.7024
276.9405	222.6786
277.4524	222.6786
277.4524	221.6548
277.9643	221.6548
277.9643	220.1191
278.4762	220.1191
278.4762	217.5596
278.9881	217.5596
278.9881	216.5358
280.0120	216.5358
280.0120	216.0239
280.5239	216.0239
280.5239	215.5119
281.0358	215.5119
281.0358	215.0000
282.0596	215.0000
282.0596	214.4881
283.0834	214.4881
283.0834	213.9762
286.1548	213.9762
286.1548	213.4643
288.7143	213.4643
288.7143	212.9524
290.2501	212.9524
290.2501	212.4405
291.2739	212.4405
291.2739	211.9286
292.2977	211.9286
292.2977	211.4167
292.8096	211.4167
292.8096	210.9048
293.3215	210.9048
293.3215	210.3929
293.8334	210.3929
293.8334	209.8810
294.3453	209.8810
294.3453	209.3691
294.8572	209.3691
294.8572	208.3453
295.3691	208.3453
295.3691	207.3215
295.8810	207.3215
295.8810	206.2977
296.3929	206.2977
296.3929	204.7619
298.9524	204.7619
298.9524	204.2500
301.0001	204.2500
301.0001	203.7381
302.0239	203.7381
302.0239	203.2262
303.0477	203.2262
303.0477	202.7143
303.5596	202.7143
303.5596	202.2024
304.0715	202.2024
304.0715	201.6905
307.1429	201.6905
307.1429	202.2024
308.1667	202.2024
308.1667	202.7143
309.1905	202.7143
309.1905	203.2262
311.2382	203.2262
311.2382	203.7381
312.2620	203.7381
312.2620	204.2500
314.8215	204.2500
314.8215	204.7619
323.5239	204.7619
323.5239	204.2500
326.0834	204.2500
326.0834	203.7381
328.1310	203.7381
328.1310	203.2262
329.1548	203.2262
329.1548	202.7143
330.1786	202.7143
330.1786	202.2024
330.6905	202.2024
330.6905	201.6905
331.2024	201.6905
331.2024	201.1786
331.7143	201.1786
331.7143	200.6667
334.2739	200.6667
334.2739	201.1786
335.2977	201.1786
335.2977	201.6905
336.3215	201.6905
336.3215	202.2024
338.8810	202.2024
338.8810	202.7143
341.9524	202.7143
341.9524	202.2024
344.5120	202.2024
344.5120	201.6905
345.5358	201.6905
345.5358	201.1786
346.5596	201.1786
346.5596	200.6667
347.5834	200.6667
347.5834	200.1548
348.6072	200.1548
348.6072	199.6429
349.6310	199.6429
349.6310	199.1310
351.1667	199.1310
351.1667	198.6191
352.1905	198.6191
352.1905	198.1072
357.8215	198.1072
357.8215	197.5953
358.8453	197.5953
358.8453	198.1072
363.4525	198.1072
363.4525	197.5953
366.0120	197.5953
366.0120	197.0834
368.5715	197.0834
368.5715	196.5715
369.5953	196.5715
369.5953	196.0596
370.6191	196.0596
370.6191	195.5477
371.6429	195.5477
371.6429	195.0358
372.1548	195.0358
372.1548	194.5238
372.6667	194.5238
372.6667	194.0119
373.1786	194.0119
373.1786	193.5000
373.6905	193.5000
373.6905	192.9881
374.2025	192.9881
374.2025	191.9643
374.7144	191.9643
374.7144	190.9405
375.2263	190.9405
375.2263	188.3810
375.7382	188.3810
375.7382	186.8453
376.2501	186.8453
