364.9882	200.6667
366.0120	200.6667
366.0120	201.1786
368.0596	201.1786
368.0596	201.6905
370.6191	201.6905
370.6191	202.2024
371.6429	202.2024
371.6429	202.7143
372.1548	202.7143
372.1548	203.2262
372.6667	203.2262
372.6667	203.7381
373.1786	203.7381
373.1786	204.2500
374.2025	204.2500
374.2025	204.7619
375.2263	204.7619
375.2263	205.2738
377.7858	205.2738
377.7858	205.7858
378.2977	205.7858
378.2977	206.2977
379.3215	206.2977
379.3215	206.8096
379.8334	206.8096
379.8334	207.3215
380.3453	207.3215
380.3453	207.8334
381.3691	207.8334
381.3691	208.3453
382.3929	208.3453
382.3929	208.8572
383.9286	208.8572
383.9286	209.3691
384.4405	209.3691
384.4405	209.8810
384.9525	209.8810
384.9525	210.3929
385.9763	210.3929
385.9763	210.9048
386.4882	210.9048
386.4882	211.4167
387.0001	211.4167
387.0001	211.9286
387.5120	211.9286
387.5120	212.4405
388.0239	212.4405
388.0239	212.9524
388.5358	212.9524
388.5358	213.4643
389.0477	213.4643
389.0477	213.9762
389.5596	213.9762
389.5596	214.4881
390.5834	214.4881
390.5834	215.0000
391.0953	215.0000
391.0953	215.5119
392.1191	215.5119
392.1191	216.0239
393.1429	216.0239
393.1429	216.5358
394.1667	216.5358
394.1667	217.0477
395.1906	217.0477
395.1906	217.5596
396.7263	217.5596
396.7263	218.0715
397.2382	218.0715
397.2382	218.5834
397.7501	218.5834
397.7501	219.0953
398.7739	219.0953
398.7739	219.6072
399.7977	219.6072
399.7977	220.1191
401.3334	220.1191
401.3334	220.6310
401.8453	220.6310
401.8453	221.1429
402.3572	221.1429
402.3572	221.6548
403.3810	221.6548
403.3810	222.1667
403.8929	222.1667
403.8929	222.6786
404.4048	222.6786
404.4048	223.1905
404.9167	223.1905
404.9167	223.7024
405.4286	223.7024
405.4286	224.2143
406.4525	224.2143
406.4525	224.7262
406.9644	224.7262
406.9644	225.2381
407.4763	225.2381
407.4763	225.7500
407.9882	225.7500
407.9882	226.2619
408.5001	226.2619
408.5001	226.7739
409.0120	226.7739
409.0120	227.2858
410.0358	227.2858
410.0358	227.7977
410.5477	227.7977
410.5477	228.3096
411.0596	228.3096
411.0596	228.8215
411.5715	228.8215
411.5715	229.3334
412.0834	229.3334
412.0834	229.8453
412.5953	229.8453
412.5953	230.3572
413.6191	230.3572
413.6191	230.8691
414.6429	230.8691
414.6429	232.9167
415.1548	232.9167
415.1548	234.4524
415.6667	234.4524
415.6667	235.4762
416.1787	235.4762
416.1787	236.5000
416.6906	236.5000
416.6906	237.0119
417.2025	237.0119
417.2025	237.5239
417.7144	237.5239
417.7144	238.0358
418.2263	238.0358
418.2263	239.0596
418.7382	239.0596
418.7382	240.0834
419.2501	240.0834
419.2501	240.5953
419.7620	240.5953
419.7620	241.1072
420.2739	241.1072
420.2739	241.6191
420.7858	241.6191
420.7858	242.6429
421.2977	242.6429
421.2977	243.1548
421.8096	243.1548
421.8096	245.7143
422.3215	245.7143
422.3215	247.7620
422.8334	247.7620
422.8334	248.7858
423.3453	248.7858
423.3453	249.8096
423.8572	249.8096
423.8572	252.3691
424.3691	252.3691
424.3691	253.3929
424.8810	253.3929
424.8810	254.4167
425.3929	254.4167
425.3929	255.4405
425.9048	255.4405
425.9048	255.9524
426.4167	255.9524
426.4167	256.9762
426.9287	256.9762
426.9287	257.4881
427.4406	257.4881
427.4406	258.0000
427.9525	258.0000
427.9525	258.5120
428.4644	258.5120
428.4644	259.0239
428.9763	259.0239
428.9763	259.5358
429.4882	259.5358
429.4882	261.5834
430.0001	261.5834
430.0001	263.1191
430.5120	263.1191
430.5120	265.6786
431.0239	265.6786
431.0239	267.2143
431.5358	267.2143
431.5358	268.2381
432.0477	268.2381
432.0477	272.8453
431.5358	272.8453
431.5358	276.4286
432.0477	276.4286
432.0477	276.9405
431.5358	276.9405
431.5358	277.9643
431.0239	277.9643
431.0239	280.5239
430.5120	280.5239
430.5120	292.2977
430.0001	292.2977
430.0001	296.3929
429.4882	296.3929
429.4882	299.4643
428.9763	299.4643
428.9763	300.4882
428.4644	300.4882
428.4644	302.5358
427.9525	302.5358
427.9525	303.5596
427.4406	303.5596
427.4406	306.1191
426.9287	306.1191
426.9287	310.2143
426.4167	310.2143
426.4167	311.7501
425.9048	311.7501
425.9048	312.7739
425.3929	312.7739
425.3929	313.7977
424.8810	313.7977
424.8810	314.8215
424.3691	314.8215
424.3691	315.8453
423.8572	315.8453
423.8572	316.8691
423.3453	316.8691
423.3453	317.8929
422.8334	317.8929
422.8334	318.4048
422.3215	318.4048
422.3215	319.4286
421.8096	319.4286
421.8096	320.4524
421.2977	320.4524
421.2977	321.4763
420.7858	321.4763
420.7858	322.5001
420.2739	322.5001
420.2739	323.0120
419.7620	323.0120
419.7620	323.5239
419.2501	323.5239
419.2501	324.0358
418.7382	324.0358
418.7382	325.0596
418.2263	325.0596
418.2263	326.0834
417.7144	326.0834
417.7144	328.1310
417.2025	328.1310
417.2025	329.1548
416.6906	329.1548
416.6906	330.6905
416.1787	330.6905
416.1787	331.2024
415.6667	331.2024
415.6667	332.2263
415.1548	332.2263
415.1548	333.2501
414.6429	333.2501
414.6429	334.7858
414.1310	334.7858
414.1310	337.3453
413.6191	337.3453
413.6191	338.3691
413.1072	338.3691
413.1072	339.3929
412.5953	339.3929
412.5953	340.9286
412.0834	340.9286
412.0834	343.4882
411.5715	343.4882
411.5715	344.5120
411.0596	344.5120
411.0596	345.5358
410.5477	345.5358
410.5477	347.0715
410.0358	347.0715
410.0358	348.0953
409.5239	348.0953
409.5239	350.6548
409.0120	350.6548
409.0120	353.2144
409.5239	353.2144
409.5239	355.7739
410.0358	355.7739
410.0358	356.7977
410.5477	356.7977
410.5477	357.3096
410.0358	357.3096
410.0358	357.8215
409.5239	357.8215
409.5239	358.3334
409.0120	358.3334
409.0120	359.3572
407.9882	359.3572
407.9882	359.8691
406.9644	359.8691
406.9644	360.3810
406.4525	360.3810
406.4525	360.8929
405.9406	360.8929
405.9406	361.4048
405.4286	361.4048
405.4286	361.9167
404.9167	361.9167
404.9167	362.4286
404.4048	362.4286
404.4048	362.9405
403.8929	362.9405
403.8929	363.9644
403.3810	363.9644
403.3810	364.4763
402.3572	364.4763
402.3572	364.9882
401.8453	364.9882
401.8453	365.5001
400.3096	365.5001
400.3096	366.0120
399.2858	366.0120
399.2858	366.5239
397.7501	366.5239
397.7501	367.0358
396.2144	367.0358
396.2144	367.5477
395.1906	367.5477
395.1906	368.0596
394.1667	368.0596
394.1667	368.5715
393.6548	368.5715
393.6548	369.0834
392.1191	369.0834
392.1191	369.5953
391.0953	369.5953
391.0953	370.1072
389.0477	370.1072
389.0477	370.6191
388.0239	370.6191
388.0239	371.1310
387.0001	371.1310
387.0001	371.6429
386.4882	371.6429
386.4882	372.1548
385.4644	372.1548
385.4644	372.6667
384.4405	372.6667
384.4405	373.1786
383.4167	373.1786
383.4167	373.6905
382.3929	373.6905
382.3929	374.2025
380.3453	374.2025
380.3453	374.7144
379.3215	374.7144
379.3215	375.2263
378.2977	375.2263
378.2977	375.7382
377.2739	375.7382
377.2739	376.2501
374.7144	376.2501
374.7144	376.7620
373.6905	376.7620
373.6905	377.2739
372.6667	377.2739
372.6667	377.7858
370.1072	377.7858
370.1072	378.2977
368.0596	378.2977
368.0596	378.8096
366.0120	378.8096
366.0120	379.3215
364.9882	379.3215
364.9882	379.8334
362.9405	379.8334
362.9405	380.3453
359.8691	380.3453
359.8691	380.8572
357.3096	380.8572
357.3096	381.3691
354.7501	381.3691
354.7501	381.8810
353.2144	381.8810
353.2144	382.3929
352.1905	382.3929
352.1905	382.9048
351.1667	382.9048
351.1667	383.4167
350.6548	383.4167
350.6548	383.9286
346.5596	383.9286
346.5596	383.4167
346.0477	383.4167
346.0477	382.9048
345.5358	382.9048
345.5358	382.3929
345.0239	382.3929
345.0239	381.8810
344.5120	381.8810
344.5120	381.3691
343.4882	381.3691
343.4882	380.8572
342.4644	380.8572
342.4644	380.3453
341.9524	380.3453
341.9524	379.8334
341.4405	379.8334
341.4405	379.3215
340.4167	379.3215
340.4167	378.8096
339.3929	378.8096
339.3929	378.2977
338.3691	378.2977
338.3691	377.7858
335.8096	377.7858
335.8096	377.2739
330.6905	377.2739
330.6905	377.7858
328.1310	377.7858
328.1310	378.2977
327.6191	378.2977
327.6191	377.7858
325.0596	377.7858
325.0596	377.2739
324.0358	377.2739
324.0358	376.7620
323.5239	376.7620
323.5239	376.2501
322.5001	376.2501
322.5001	375.7382
321.4763	375.7382
321.4763	375.2263
319.9405	375.2263
319.9405	374.7144
317.3810	374.7144
317.3810	374.2025
315.8453	374.2025
315.8453	373.6905
314.8215	373.6905
314.8215	373.1786
313.7977	373.1786
313.7977	372.6667
312.7739	372.6667
312.7739	372.1548
311.2382	372.1548
311.2382	371.6429
308.6786	371.6429
308.6786	371.1310
308.1667	371.1310
308.1667	370.6191
307.6548	370.6191
307.6548	369.5953
308.1667	369.5953
308.1667	368.5715
308.6786	368.5715
308.6786	367.5477
309.1905	367.5477
309.1905	364.9882
309.7024	364.9882
309.7024	362.4286
309.1905	362.4286
309.1905	359.8691
308.6786	359.8691
308.6786	358.8453
308.1667	358.8453
308.1667	357.8215
307.6548	357.8215
307.6548	357.3096
307.1429	357.3096
307.1429	356.7977
306.6310	356.7977
306.6310	356.2858
306.1191	356.2858
306.1191	355.7739
305.6072	355.7739
305.6072	355.2620
304.5834	355.2620
304.5834	354.7501
303.5596	354.7501
303.5596	354.2382
302.0239	354.2382
302.0239	353.7263
299.4643	353.7263
299.4643	352.1905
298.9524	352.1905
298.9524	351.1667
298.4405	351.1667
298.4405	350.1429
297.9286	350.1429
297.9286	349.6310
297.4167	349.6310
297.4167	349.1191
296.9048	349.1191
296.9048	348.6072
296.3929	348.6072
296.3929	348.0953
295.8810	348.0953
295.8810	347.5834
294.8572	347.5834
294.8572	347.0715
293.8334	347.0715
293.8334	346.5596
291.2739	346.5596
291.2739	346.0477
287.6905	346.0477
287.6905	346.5596
285.1310	346.5596
285.1310	347.0715
284.1072	347.0715
284.1072	347.5834
283.0834	347.5834
283.0834	348.0953
282.0596	348.0953
282.0596	348.6072
281.5477	348.6072
281.5477	349.1191
281.0358	349.1191
281.0358	349.6310
280.5239	349.6310
280.5239	350.1429
280.0120	350.1429
280.0120	350.6548
279.5001	350.6548
279.5001	351.6786
278.9881	351.6786
278.9881	352.7024
278.4762	352.7024
278.4762	355.2620
277.9643	355.2620
277.9643	358.3334
278.4762	358.3334
278.4762	360.8929
278.9881	360.8929
278.9881	361.9167
279.5001	361.9167
279.5001	362.9405
280.0120	362.9405
280.0120	366.0120
280.5239	366.0120
280.5239	368.5715
281.0358	368.5715
281.0358	369.5953
281.5477	369.5953
281.5477	370.6191
279.5001	370.6191
279.5001	370.1072
277.4524	370.1072
277.4524	369.5953
276.4286	369.5953
276.4286	369.0834
273.8691	369.0834
273.8691	368.5715
273.3572	368.5715
273.3572	367.5477
272.8453	367.5477
272.8453	367.0358
272.3334	367.0358
272.3334	366.5239
271.8215	366.5239
271.8215	366.0120
271.3096	366.0120
271.3096	365.5001
270.7977	365.5001
270.7977	364.9882
269.7739	364.9882
269.7739	364.4763
268.7501	364.4763
268.7501	363.9644
267.2143	363.9644
267.2143	363.4525
265.1667	363.4525
265.1667	362.4286
264.6548	362.4286
264.6548	361.9167
264.1429	361.9167
264.1429	361.4048
263.6310	361.4048
263.6310	360.8929
263.1191	360.8929
263.1191	360.3810
262.6072	360.3810
262.6072	359.8691
262.0953	359.8691
262.0953	359.3572
261.0715	359.3572
261.0715	358.3334
260.5596	358.3334
260.5596	357.8215
260.0477	357.8215
260.0477	357.3096
259.5358	357.3096
259.5358	356.7977
259.0239	356.7977
259.0239	356.2858
258.5120	356.2858
258.5120	355.7739
258.0000	355.7739
258.0000	355.2620
257.4881	355.2620
257.4881	354.7501
256.9762	354.7501
256.9762	352.1905
256.4643	352.1905
256.4643	351.1667
255.9524	351.1667
255.9524	350.1429
255.4405	350.1429
255.4405	349.1191
254.9286	349.1191
254.9286	348.6072
254.4167	348.6072
254.4167	348.0953
253.9048	348.0953
253.9048	347.5834
253.3929	347.5834
253.3929	347.0715
252.8810	347.0715
252.8810	346.5596
252.3691	346.5596
252.3691	346.0477
251.3453	346.0477
251.3453	345.0239
253.9048	345.0239
253.9048	344.5120
254.9286	344.5120
254.9286	344.0001
255.9524	344.0001
255.9524	343.4882
256.4643	343.4882
256.4643	342.9763
256.9762	342.9763
256.9762	342.4644
257.4881	342.4644
257.4881	341.9524
258.0000	341.9524
258.0000	341.4405
258.5120	341.4405
258.5120	340.4167
259.0239	340.4167
259.0239	339.3929
259.5358	339.3929
259.5358	336.8334
260.0477	336.8334
260.0477	334.2739
259.5358	334.2739
259.5358	331.7143
259.0239	331.7143
259.0239	330.6905
258.5120	330.6905
258.5120	329.6667
258.0000	329.6667
258.0000	329.1548
257.4881	329.1548
257.4881	328.6429
256.9762	328.6429
256.9762	328.1310
256.4643	328.1310
256.4643	327.6191
255.9524	327.6191
255.9524	327.1072
254.9286	327.1072
254.9286	326.5953
253.9048	326.5953
253.9048	324.0358
253.3929	324.0358
253.3929	323.0120
252.8810	323.0120
252.8810	321.9882
252.3691	321.9882
252.3691	321.4763
251.8572	321.4763
251.8572	320.9643
251.3453	320.9643
251.3453	320.4524
250.8334	320.4524
250.8334	319.9405
250.3215	319.9405
250.3215	319.4286
249.8096	319.4286
249.8096	318.9167
248.7858	318.9167
248.7858	318.4048
247.7620	318.4048
247.7620	317.8929
245.2024	317.8929
245.2024	317.3810
242.6429	317.3810
242.6429	317.8929
240.0834	317.8929
240.0834	318.4048
239.0596	318.4048
239.0596	318.9167
238.0358	318.9167
238.0358	319.4286
237.5239	319.4286
237.5239	319.9405
237.0119	319.9405
237.0119	320.4524
236.5000	320.4524
236.5000	319.9405
237.0119	319.9405
237.0119	316.8691
236.5000	316.8691
236.5000	314.3096
235.9881	314.3096
235.9881	313.2858
235.4762	313.2858
235.4762	312.2620
234.9643	312.2620
234.9643	311.7501
234.4524	311.7501
234.4524	310.7262
233.9405	310.7262
233.9405	309.7024
233.4286	309.7024
233.4286	309.1905
232.9167	309.1905
232.9167	308.6786
232.4048	308.6786
232.4048	307.6548
232.9167	307.6548
232.9167	305.0953
233.4286	305.0953
233.4286	301.5120
232.9167	301.5120
232.9167	298.9524
232.4048	298.9524
232.4048	297.9286
232.9167	297.9286
232.9167	295.3691
233.4286	295.3691
233.4286	292.8096
233.9405	292.8096
233.9405	291.7858
234.4524	291.7858
234.4524	289.2262
234.9643	289.2262
234.9643	285.1310
234.4524	285.1310
234.4524	281.5477
233.9405	281.5477
233.9405	278.9881
233.4286	278.9881
233.4286	277.9643
232.9167	277.9643
232.9167	276.9405
232.4048	276.9405
232.4048	276.4286
231.8929	276.4286
231.8929	273.8691
231.3810	273.8691
231.3810	271.8215
230.8691	271.8215
230.8691	270.7977
230.3572	270.7977
230.3572	269.7739
230.8691	269.7739
230.8691	269.2620
231.3810	269.2620
231.3810	268.2381
231.8929	268.2381
231.8929	267.2143
232.4048	267.2143
232.4048	264.6548
232.9167	264.6548
232.9167	262.0953
233.4286	262.0953
233.4286	256.9762
232.9167	256.9762
232.9167	254.9286
233.4286	254.9286
233.4286	245.7143
233.9405	245.7143
233.9405	245.2024
234.4524	245.2024
234.4524	244.6905
234.9643	244.6905
234.9643	244.1786
235.4762	244.1786
235.4762	243.6667
235.9881	243.6667
235.9881	243.1548
236.5000	243.1548
236.5000	242.6429
237.0119	242.6429
237.0119	242.1310
237.5239	242.1310
237.5239	241.6191
238.0358	241.6191
238.0358	241.1072
238.5477	241.1072
238.5477	240.5953
239.0596	240.5953
239.0596	240.0834
239.5715	240.0834
239.5715	239.0596
240.0834	239.0596
240.0834	238.0358
240.5953	238.0358
240.5953	235.4762
241.6191	235.4762
241.6191	234.9643
242.1310	234.9643
242.1310	234.4524
242.6429	234.4524
242.6429	233.9405
243.1548	233.9405
243.1548	233.4286
243.6667	233.4286
243.6667	232.9167
244.1786	232.9167
244.1786	232.4048
244.6905	232.4048
244.6905	231.8929
245.2024	231.8929
245.2024	230.8691
245.7143	230.8691
245.7143	230.3572
246.2262	230.3572
246.2262	229.8453
246.7381	229.8453
246.7381	229.3334
247.2500	229.3334
247.2500	228.8215
247.7620	228.8215
247.7620	227.7977
248.7858	227.7977
248.7858	227.2858
249.8096	227.2858
249.8096	226.7739
250.8334	226.7739
250.8334	226.2619
251.3453	226.2619
251.3453	225.7500
251.8572	225.7500
251.8572	225.2381
252.3691	225.2381
252.3691	224.7262
252.8810	224.7262
252.8810	224.2143
253.9048	224.2143
253.9048	223.7024
254.9286	223.7024
254.9286	223.1905
255.9524	223.1905
255.9524	222.6786
256.4643	222.6786
256.4643	222.1667
256.9762	222.1667
256.9762	221.6548
258.0000	221.6548
258.0000	221.1429
258.5120	221.1429
258.5120	220.6310
259.0239	220.6310
259.0239	220.1191
259.5358	220.1191
259.5358	219.6072
260.0477	219.6072
260.0477	219.0953
260.5596	219.0953
260.5596	218.5834
261.0715	218.5834
261.0715	218.0715
261.5834	218.0715
261.5834	217.5596
262.0953	217.5596
262.0953	217.0477
262.6072	217.0477
262.6072	216.5358
263.1191	216.5358
263.1191	216.0239
263.6310	216.0239
263.6310	215.5119
264.1429	215.5119
264.1429	215.0000
264.6548	215.0000
264.6548	214.4881
265.1667	214.4881
265.1667	213.9762
265.6786	213.9762
265.6786	213.4643
266.7024	213.4643
266.7024	212.9524
267.7262	212.9524
267.7262	212.4405
268.2381	212.4405
268.2381	211.9286
270.7977	211.9286
270.7977	211.4167
272.3334	211.4167
272.3334	210.9048
273.3572	210.9048
273.3572	210.3929
274.8929	210.3929
274.8929	209.8810
275.9167	209.8810
275.9167	209.3691
276.9405	209.3691
276.9405	208.8572
277.4524	208.8572
277.4524	208.3453
277.9643	208.3453
277.9643	207.8334
278.9881	207.8334
278.9881	207.3215
279.5001	207.3215
279.5001	206.8096
280.0120	206.8096
280.0120	206.2977
280.5239	206.2977
280.5239	205.7858
285.6429	205.7858
285.6429	205.2738
287.6905	205.2738
287.6905	205.7858
292.2977	205.7858
292.2977	206.2977
293.8334	206.2977
293.8334	206.8096
295.8810	206.8096
295.8810	207.3215
298.4405	207.3215
298.4405	207.8334
301.0001	207.8334
301.0001	207.3215
303.5596	207.3215
303.5596	206.8096
304.5834	206.8096
304.5834	206.2977
306.6310	206.2977
306.6310	205.7858
307.6548	205.7858
307.6548	205.2738
308.6786	205.2738
308.6786	204.7619
310.7262	204.7619
310.7262	204.2500
313.2858	204.2500
313.2858	204.7619
314.3096	204.7619
314.3096	205.2738
316.8691	205.2738
316.8691	205.7858
321.4763	205.7858
321.4763	206.2977
329.1548	206.2977
329.1548	206.8096
333.2501	206.8096
333.2501	206.2977
336.3215	206.2977
336.3215	205.7858
339.9048	205.7858
339.9048	205.2738
342.9763	205.2738
342.9763	204.7619
345.5358	204.7619
345.5358	204.2500
346.5596	204.2500
346.5596	203.7381
347.5834	203.7381
347.5834	203.2262
348.6072	203.2262
348.6072	202.7143
349.1191	202.7143
349.1191	202.2024
350.1429	202.2024
350.1429	201.6905
352.7024	201.6905
352.7024	201.1786
353.7263	201.1786
353.7263	200.6667
354.2382	200.6667
354.2382	201.1786
359.3572	201.1786
359.3572	200.6667
361.9167	200.6667
361.9167	200.1548
364.9882	200.1548
