293.3215	148.9643
293.8334	148.9643
293.8334	149.9881
294.3453	149.9881
294.3453	151.0119
294.8572	151.0119
294.8572	151.5238
295.3691	151.5238
295.3691	152.0357
295.8810	152.0357
295.8810	152.5476
296.3929	152.5476
296.3929	153.0596
296.9048	153.0596
296.9048	153.5715
297.9286	153.5715
297.9286	154.0834
298.9524	154.0834
298.9524	154.5953
299.9762	154.5953
299.9762	155.1072
302.5358	155.1072
302.5358	155.6191
306.1191	155.6191
306.1191	155.1072
308.6786	155.1072
308.6786	154.5953
309.7024	154.5953
309.7024	154.0834
310.7262	154.0834
310.7262	153.5715
311.2382	153.5715
311.2382	154.0834
311.7501	154.0834
311.7501	154.5953
312.2620	154.5953
312.2620	155.1072
313.2858	155.1072
313.2858	155.6191
314.3096	155.6191
314.3096	156.1310
316.8691	156.1310
316.8691	156.6429
322.5001	156.6429
322.5001	156.1310
325.0596	156.1310
325.0596	155.6191
327.1072	155.6191
327.1072	155.1072
333.7620	155.1072
333.7620	154.5953
336.3215	154.5953
336.3215	154.0834
338.3691	154.0834
338.3691	153.5715
339.3929	153.5715
339.3929	153.0596
344.5120	153.0596
344.5120	152.5476
346.5596	152.5476
346.5596	153.0596
352.7024	153.0596
352.7024	153.5715
355.2620	153.5715
355.2620	154.0834
356.2858	154.0834
356.2858	154.5953
356.7977	154.5953
356.7977	155.1072
357.8215	155.1072
357.8215	155.6191
358.8453	155.6191
358.8453	156.1310
361.4048	156.1310
361.4048	156.6429
364.9882	156.6429
364.9882	156.1310
369.5953	156.1310
369.5953	155.6191
372.1548	155.6191
372.1548	156.1310
374.2025	156.1310
374.2025	156.6429
376.2501	156.6429
376.2501	157.1548
378.8096	157.1548
378.8096	157.6667
380.8572	157.6667
380.8572	158.1786
382.9048	158.1786
382.9048	158.6905
384.9525	158.6905
384.9525	159.2024
386.4882	159.2024
386.4882	159.7143
388.0239	159.7143
388.0239	160.2262
389.5596	160.2262
389.5596	160.7381
390.5834	160.7381
390.5834	161.2500
391.6072	161.2500
391.6072	161.7619
393.1429	161.7619
393.1429	162.2738
394.1667	162.2738
394.1667	162.7857
395.1906	162.7857
395.1906	163.2977
396.2144	163.2977
396.2144	163.8096
396.7263	163.8096
396.7263	164.3215
397.2382	164.3215
397.2382	164.8334
397.7501	164.8334
397.7501	165.3453
398.2620	165.3453
398.2620	165.8572
398.7739	165.8572
398.7739	166.8810
399.2858	166.8810
399.2858	167.3929
399.7977	167.3929
399.7977	167.9048
400.3096	167.9048
400.3096	168.4167
400.8215	168.4167
400.8215	168.9286
401.3334	168.9286
401.3334	169.4405
402.3572	169.4405
402.3572	169.9524
402.8691	169.9524
402.8691	170.4643
403.3810	170.4643
403.3810	170.9762
403.8929	170.9762
403.8929	171.4881
404.4048	171.4881
404.4048	172.0000
404.9167	172.0000
404.9167	172.5119
405.9406	172.5119
405.9406	173.0238
406.9644	173.0238
406.9644	173.5357
407.9882	173.5357
407.9882	174.0477
409.0120	174.0477
409.0120	174.5596
409.5239	174.5596
409.5239	175.0715
410.0358	175.0715
410.0358	175.5834
410.5477	175.5834
410.5477	176.0953
411.0596	176.0953
411.0596	176.6072
411.5715	176.6072
411.5715	177.1191
412.0834	177.1191
412.0834	178.1429
412.5953	178.1429
412.5953	179.1667
413.1072	179.1667
413.1072	180.1905
413.6191	180.1905
413.6191	180.7024
414.1310	180.7024
414.1310	181.2143
414.6429	181.2143
414.6429	181.7262
415.1548	181.7262
415.1548	182.2381
415.6667	182.2381
415.6667	182.7500
416.1787	182.7500
416.1787	183.2619
416.6906	183.2619
416.6906	184.2857
417.2025	184.2857
417.2025	184.7977
417.7144	184.7977
417.7144	185.3096
418.2263	185.3096
418.2263	186.3334
418.7382	186.3334
418.7382	186.8453
419.2501	186.8453
419.2501	187.3572
419.7620	187.3572
419.7620	188.3810
420.2739	188.3810
420.2739	189.4048
420.7858	189.4048
420.7858	190.4286
421.2977	190.4286
421.2977	191.4524
421.8096	191.4524
421.8096	191.9643
422.3215	191.9643
422.3215	192.4762
422.8334	192.4762
422.8334	193.5000
423.3453	193.5000
423.3453	194.0119
423.8572	194.0119
423.8572	194.5238
424.3691	194.5238
424.3691	195.0358
424.8810	195.0358
424.8810	196.0596
425.3929	196.0596
425.3929	197.0834
425.9048	197.0834
425.9048	198.6191
426.4167	198.6191
426.4167	199.6429
426.9287	199.6429
426.9287	201.1786
427.4406	201.1786
427.4406	203.2262
427.9525	203.2262
427.9525	206.8096
428.4644	206.8096
428.4644	211.4167
428.9763	211.4167
428.9763	213.9762
429.4882	213.9762
429.4882	218.0715
430.0001	218.0715
430.0001	221.1429
430.5120	221.1429
430.5120	225.2381
431.0239	225.2381
431.0239	228.3096
431.5358	228.3096
431.5358	231.3810
432.0477	231.3810
432.0477	235.9881
432.5596	235.9881
432.5596	238.5477
433.0715	238.5477
433.0715	248.2739
433.5834	248.2739
433.5834	250.8334
434.0953	250.8334
434.0953	251.3453
433.5834	251.3453
433.5834	258.0000
434.0953	258.0000
434.0953	265.6786
433.5834	265.6786
433.5834	274.8929
434.0953	274.8929
434.0953	276.9405
433.5834	276.9405
433.5834	280.0120
433.0715	280.0120
433.0715	284.1072
432.5596	284.1072
432.5596	285.1310
432.0477	285.1310
432.0477	286.6667
431.5358	286.6667
431.5358	289.2262
431.0239	289.2262
431.0239	291.7858
430.5120	291.7858
430.5120	292.8096
430.0001	292.8096
430.0001	293.8334
429.4882	293.8334
429.4882	294.8572
428.9763	294.8572
428.9763	296.9048
428.4644	296.9048
428.4644	299.4643
427.9525	299.4643
427.9525	299.9762
427.4406	299.9762
427.4406	300.4882
426.9287	300.4882
426.9287	301.0001
426.4167	301.0001
426.4167	301.5120
425.9048	301.5120
425.9048	302.0239
425.3929	302.0239
425.3929	303.0477
424.8810	303.0477
424.8810	303.5596
424.3691	303.5596
424.3691	304.0715
423.8572	304.0715
423.8572	304.5834
423.3453	304.5834
423.3453	305.0953
422.8334	305.0953
422.8334	305.6072
422.3215	305.6072
422.3215	306.1191
421.8096	306.1191
421.8096	307.1429
421.2977	307.1429
421.2977	308.1667
420.7858	308.1667
420.7858	309.1905
420.2739	309.1905
420.2739	309.7024
419.7620	309.7024
419.7620	310.2143
419.2501	310.2143
419.2501	310.7262
418.7382	310.7262
418.7382	311.2382
418.2263	311.2382
418.2263	311.7501
417.7144	311.7501
417.7144	312.7739
417.2025	312.7739
417.2025	313.7977
416.6906	313.7977
416.6906	314.8215
416.1787	314.8215
416.1787	315.8453
415.6667	315.8453
415.6667	318.4048
414.6429	318.4048
414.6429	318.9167
413.6191	318.9167
413.6191	319.4286
413.1072	319.4286
413.1072	319.9405
412.0834	319.9405
412.0834	320.4524
411.0596	320.4524
411.0596	320.9643
410.5477	320.9643
410.5477	321.4763
410.0358	321.4763
410.0358	321.9882
409.5239	321.9882
409.5239	322.5001
408.5001	322.5001
408.5001	323.0120
407.4763	323.0120
407.4763	323.5239
406.4525	323.5239
406.4525	324.0358
405.9406	324.0358
405.9406	324.5477
405.4286	324.5477
405.4286	325.0596
404.9167	325.0596
404.9167	325.5715
402.8691	325.5715
402.8691	326.0834
401.8453	326.0834
401.8453	326.5953
400.8215	326.5953
400.8215	327.1072
400.3096	327.1072
400.3096	327.6191
399.2858	327.6191
399.2858	328.1310
398.7739	328.1310
398.7739	328.6429
395.1906	328.6429
395.1906	329.1548
392.6310	329.1548
392.6310	329.6667
390.0715	329.6667
390.0715	330.1786
388.5358	330.1786
388.5358	330.6905
387.5120	330.6905
387.5120	331.2024
386.4882	331.2024
386.4882	331.7143
384.9525	331.7143
384.9525	332.2263
383.9286	332.2263
383.9286	332.7382
379.8334	332.7382
379.8334	333.2501
377.2739	333.2501
377.2739	333.7620
368.0596	333.7620
368.0596	334.2739
365.5001	334.2739
365.5001	334.7858
363.9644	334.7858
363.9644	335.2977
362.9405	335.2977
362.9405	335.8096
359.8691	335.8096
359.8691	336.3215
359.3572	336.3215
359.3572	335.8096
355.7739	335.8096
355.7739	336.3215
353.2144	336.3215
353.2144	336.8334
351.1667	336.8334
351.1667	337.3453
350.1429	337.3453
350.1429	337.8572
347.5834	337.8572
347.5834	338.3691
345.5358	338.3691
345.5358	338.8810
339.9048	338.8810
339.9048	339.3929
330.6905	339.3929
330.6905	338.8810
328.1310	338.8810
328.1310	338.3691
321.4763	338.3691
321.4763	337.8572
314.3096	337.8572
314.3096	337.3453
313.2858	337.3453
313.2858	336.8334
312.2620	336.8334
312.2620	336.3215
310.7262	336.3215
310.7262	335.8096
310.2143	335.8096
310.2143	335.2977
309.7024	335.2977
309.7024	334.7858
308.6786	334.7858
308.6786	334.2739
307.6548	334.2739
307.6548	333.7620
306.6310	333.7620
306.6310	333.2501
304.0715	333.2501
304.0715	332.7382
301.0001	332.7382
301.0001	332.2263
298.4405	332.2263
298.4405	332.7382
297.4167	332.7382
297.4167	332.2263
295.3691	332.2263
295.3691	331.7143
294.3453	331.7143
294.3453	331.2024
292.8096	331.2024
292.8096	328.6429
292.2977	328.6429
292.2977	327.6191
291.7858	327.6191
291.7858	326.5953
291.2739	326.5953
291.2739	325.5715
290.7620	325.5715
290.7620	325.0596
290.2501	325.0596
290.2501	324.5477
289.7382	324.5477
289.7382	324.0358
289.2262	324.0358
289.2262	323.5239
288.7143	323.5239
288.7143	323.0120
287.6905	323.0120
287.6905	322.5001
286.6667	322.5001
286.6667	321.9882
285.6429	321.9882
285.6429	321.4763
283.0834	321.4763
283.0834	320.9643
281.5477	320.9643
281.5477	320.4524
280.5239	320.4524
280.5239	319.9405
277.9643	319.9405
277.9643	319.4286
276.9405	319.4286
276.9405	318.9167
276.4286	318.9167
276.4286	318.4048
275.9167	318.4048
275.9167	317.8929
274.8929	317.8929
274.8929	317.3810
274.3810	317.3810
274.3810	316.8691
273.8691	316.8691
273.8691	316.3572
273.3572	316.3572
273.3572	315.8453
272.3334	315.8453
272.3334	315.3334
271.8215	315.3334
271.8215	314.8215
271.3096	314.8215
271.3096	314.3096
270.7977	314.3096
270.7977	313.7977
270.2858	313.7977
270.2858	313.2858
269.2620	313.2858
269.2620	312.7739
268.2381	312.7739
268.2381	312.2620
267.2143	312.2620
267.2143	311.7501
265.6786	311.7501
265.6786	311.2382
264.6548	311.2382
264.6548	310.7262
264.1429	310.7262
264.1429	310.2143
263.6310	310.2143
263.6310	309.7024
263.1191	309.7024
263.1191	309.1905
262.6072	309.1905
262.6072	308.6786
262.0953	308.6786
262.0953	308.1667
261.5834	308.1667
261.5834	307.1429
261.0715	307.1429
261.0715	306.6310
260.5596	306.6310
260.5596	306.1191
260.0477	306.1191
260.0477	305.6072
259.5358	305.6072
259.5358	305.0953
259.0239	305.0953
259.0239	304.5834
258.5120	304.5834
258.5120	304.0715
257.4881	304.0715
257.4881	303.5596
256.9762	303.5596
256.9762	303.0477
255.9524	303.0477
255.9524	302.5358
254.9286	302.5358
254.9286	302.0239
253.9048	302.0239
253.9048	301.5120
252.8810	301.5120
252.8810	301.0001
251.8572	301.0001
251.8572	300.4882
250.8334	300.4882
250.8334	299.9762
249.8096	299.9762
249.8096	299.4643
247.2500	299.4643
247.2500	298.9524
246.7381	298.9524
246.7381	297.4167
247.2500	297.4167
247.2500	292.2977
246.7381	292.2977
246.7381	289.7382
246.2262	289.7382
246.2262	288.7143
245.7143	288.7143
245.7143	287.6905
245.2024	287.6905
245.2024	285.6429
244.6905	285.6429
244.6905	284.6191
244.1786	284.6191
244.1786	283.5953
243.6667	283.5953
243.6667	283.0834
243.1548	283.0834
243.1548	282.5715
242.6429	282.5715
242.6429	282.0596
242.1310	282.0596
242.1310	281.5477
241.6191	281.5477
241.6191	281.0358
240.5953	281.0358
240.5953	280.5239
239.5715	280.5239
239.5715	279.5001
239.0596	279.5001
239.0596	278.4762
238.5477	278.4762
238.5477	277.9643
238.0358	277.9643
238.0358	277.4524
237.5239	277.4524
237.5239	276.9405
237.0119	276.9405
237.0119	276.4286
236.5000	276.4286
236.5000	275.9167
235.9881	275.9167
235.9881	275.4048
235.4762	275.4048
235.4762	274.8929
234.9643	274.8929
234.9643	274.3810
234.4524	274.3810
234.4524	273.8691
233.9405	273.8691
233.9405	273.3572
232.9167	273.3572
232.9167	270.7977
232.4048	270.7977
232.4048	269.2620
231.8929	269.2620
231.8929	268.2381
231.3810	268.2381
231.3810	267.2143
230.8691	267.2143
230.8691	266.1905
231.3810	266.1905
231.3810	265.1667
231.8929	265.1667
231.8929	263.6310
232.4048	263.6310
232.4048	262.6072
232.9167	262.6072
232.9167	260.0477
233.4286	260.0477
233.4286	257.4881
233.9405	257.4881
233.9405	254.9286
234.4524	254.9286
234.4524	249.8096
233.9405	249.8096
233.9405	247.2500
233.4286	247.2500
233.4286	246.2262
232.9167	246.2262
232.9167	245.2024
232.4048	245.2024
232.4048	244.6905
231.8929	244.6905
231.8929	244.1786
231.3810	244.1786
231.3810	243.6667
231.8929	243.6667
231.8929	241.1072
231.3810	241.1072
231.3810	238.5477
230.8691	238.5477
230.8691	237.5239
230.3572	237.5239
230.3572	237.0119
230.8691	237.0119
230.8691	231.8929
230.3572	231.8929
230.3572	229.3334
229.8453	229.3334
229.8453	228.3096
229.3334	228.3096
229.3334	227.7977
229.8453	227.7977
229.8453	225.2381
230.3572	225.2381
230.3572	222.1667
230.8691	222.1667
230.8691	219.0953
230.3572	219.0953
230.3572	216.5358
229.8453	216.5358
229.8453	215.5119
229.3334	215.5119
229.3334	214.4881
229.8453	214.4881
229.8453	211.9286
230.3572	211.9286
230.3572	208.3453
229.8453	208.3453
229.8453	205.7858
229.3334	205.7858
229.3334	204.7619
228.8215	204.7619
228.8215	203.7381
228.3096	203.7381
228.3096	203.2262
227.7977	203.2262
227.7977	202.7143
227.2858	202.7143
227.2858	202.2024
226.7739	202.2024
226.7739	201.6905
226.2619	201.6905
226.2619	201.1786
225.7500	201.1786
225.7500	200.6667
224.7262	200.6667
224.7262	200.1548
223.7024	200.1548
223.7024	199.6429
221.6548	199.6429
221.6548	199.1310
219.0953	199.1310
219.0953	198.6191
216.5358	198.6191
216.5358	198.1072
215.0000	198.1072
215.0000	197.5953
212.4405	197.5953
212.4405	197.0834
209.8810	197.0834
209.8810	196.5715
206.2977	196.5715
206.2977	196.0596
205.7858	196.0596
205.7858	195.0358
205.2738	195.0358
205.2738	192.4762
204.7619	192.4762
204.7619	190.4286
204.2500	190.4286
204.2500	189.4048
203.7381	189.4048
203.7381	188.3810
203.2262	188.3810
203.2262	187.8691
202.7143	187.8691
202.7143	187.3572
202.2024	187.3572
202.2024	186.8453
201.6905	186.8453
201.6905	186.3334
201.1786	186.3334
201.1786	185.8215
201.6905	185.8215
201.6905	185.3096
203.2262	185.3096
203.2262	184.7977
204.7619	184.7977
204.7619	184.2857
208.3453	184.2857
208.3453	184.7977
208.8572	184.7977
208.8572	185.3096
209.3691	185.3096
209.3691	185.8215
209.8810	185.8215
209.8810	186.3334
210.3929	186.3334
210.3929	186.8453
211.4167	186.8453
211.4167	187.3572
212.4405	187.3572
212.4405	187.8691
215.0000	187.8691
215.0000	188.3810
218.5834	188.3810
218.5834	187.8691
221.1429	187.8691
221.1429	187.3572
222.1667	187.3572
222.1667	186.8453
222.6786	186.8453
222.6786	187.3572
224.2143	187.3572
224.2143	187.8691
225.2381	187.8691
225.2381	188.3810
227.7977	188.3810
227.7977	188.8929
230.8691	188.8929
230.8691	189.4048
233.9405	189.4048
233.9405	188.8929
236.5000	188.8929
236.5000	188.3810
237.5239	188.3810
237.5239	187.8691
238.5477	187.8691
238.5477	187.3572
239.0596	187.3572
239.0596	186.8453
239.5715	186.8453
239.5715	186.3334
242.1310	186.3334
242.1310	185.8215
243.6667	185.8215
243.6667	185.3096
244.6905	185.3096
244.6905	184.7977
245.7143	184.7977
245.7143	184.2857
246.2262	184.2857
246.2262	183.7738
246.7381	183.7738
246.7381	183.2619
247.2500	183.2619
247.2500	182.7500
247.7620	182.7500
247.7620	182.2381
248.2739	182.2381
248.2739	181.2143
248.7858	181.2143
248.7858	180.1905
249.2977	180.1905
249.2977	179.1667
249.8096	179.1667
249.8096	177.6310
250.3215	177.6310
250.3215	176.6072
250.8334	176.6072
250.8334	174.5596
251.3453	174.5596
251.3453	174.0477
251.8572	174.0477
251.8572	173.0238
252.8810	173.0238
252.8810	172.5119
253.3929	172.5119
253.3929	172.0000
253.9048	172.0000
253.9048	171.4881
254.4167	171.4881
254.4167	170.9762
254.9286	170.9762
254.9286	170.4643
255.4405	170.4643
255.4405	169.9524
255.9524	169.9524
255.9524	169.4405
256.9762	169.4405
256.9762	168.9286
258.0000	168.9286
258.0000	168.4167
259.0239	168.4167
259.0239	167.9048
259.5358	167.9048
259.5358	167.3929
260.5596	167.3929
260.5596	166.8810
261.5834	166.8810
261.5834	166.3691
262.6072	166.3691
262.6072	165.8572
263.6310	165.8572
263.6310	165.3453
264.6548	165.3453
264.6548	164.8334
265.1667	164.8334
265.1667	164.3215
265.6786	164.3215
265.6786	163.8096
266.1905	163.8096
266.1905	163.2977
266.7024	163.2977
266.7024	162.7857
267.2143	162.7857
267.2143	161.7619
267.7262	161.7619
267.7262	160.7381
268.2381	160.7381
268.2381	158.1786
268.7501	158.1786
268.7501	154.5953
272.8453	154.5953
272.8453	154.0834
274.3810	154.0834
274.3810	154.5953
276.9405	154.5953
276.9405	155.1072
280.5239	155.1072
280.5239	154.5953
283.0834	154.5953
283.0834	154.0834
284.1072	154.0834
284.1072	153.5715
285.1310	153.5715
285.1310	153.0596
285.6429	153.0596
285.6429	152.5476
286.6667	152.5476
286.6667	152.0357
287.6905	152.0357
287.6905	151.5238
288.2024	151.5238
288.2024	151.0119
288.7143	151.0119
288.7143	150.5000
289.2262	150.5000
289.2262	149.9881
289.7382	149.9881
289.7382	149.4762
290.2501	149.4762
290.2501	148.9643
290.7620	148.9643
290.7620	148.4524
291.2739	148.4524
291.2739	147.9405
293.3215	147.9405
