383.4167	228.3096
387.5120	228.3096
387.5120	228.8215
391.0953	228.8215
391.0953	229.3334
393.1429	229.3334
393.1429	229.8453
395.1906	229.8453
395.1906	230.3572
396.7263	230.3572
396.7263	230.8691
398.2620	230.8691
398.2620	231.3810
399.2858	231.3810
399.2858	231.8929
400.8215	231.8929
400.8215	232.4048
402.8691	232.4048
402.8691	232.9167
405.4286	232.9167
405.4286	233.4286
406.4525	233.4286
406.4525	233.9405
407.4763	233.9405
407.4763	234.4524
410.0358	234.4524
410.0358	234.9643
413.1072	234.9643
413.1072	235.4762
413.6191	235.4762
413.6191	235.9881
414.1310	235.9881
414.1310	236.5000
414.6429	236.5000
414.6429	237.0119
415.1548	237.0119
415.1548	237.5239
416.1787	237.5239
416.1787	238.0358
417.2025	238.0358
417.2025	238.5477
418.2263	238.5477
418.2263	239.0596
419.7620	239.0596
419.7620	239.5715
421.2977	239.5715
421.2977	240.0834
423.8572	240.0834
423.8572	240.5953
424.3691	240.5953
424.3691	241.6191
424.8810	241.6191
424.8810	242.6429
425.3929	242.6429
425.3929	243.6667
425.9048	243.6667
425.9048	244.1786
426.4167	244.1786
426.4167	244.6905
426.9287	244.6905
426.9287	245.2024
427.4406	245.2024
427.4406	246.2262
427.9525	246.2262
427.9525	246.7381
428.4644	246.7381
428.4644	247.2500
428.9763	247.2500
428.9763	247.7620
429.4882	247.7620
429.4882	248.7858
430.0001	248.7858
430.0001	249.2977
430.5120	249.2977
430.5120	249.8096
431.0239	249.8096
431.0239	251.3453
431.5358	251.3453
431.5358	252.8810
432.0477	252.8810
432.0477	253.9048
432.5596	253.9048
432.5596	254.9286
433.0715	254.9286
433.0715	257.4881
433.5834	257.4881
433.5834	259.5358
434.0953	259.5358
434.0953	260.5596
434.6072	260.5596
434.6072	261.5834
435.1191	261.5834
435.1191	264.1429
435.6310	264.1429
435.6310	267.2143
436.1429	267.2143
436.1429	271.8215
436.6548	271.8215
436.6548	277.9643
436.1429	277.9643
436.1429	280.5239
435.6310	280.5239
435.6310	284.1072
435.1191	284.1072
435.1191	285.1310
434.6072	285.1310
434.6072	287.1786
434.0953	287.1786
434.0953	289.7382
433.5834	289.7382
433.5834	290.7620
433.0715	290.7620
433.0715	291.7858
432.5596	291.7858
432.5596	292.8096
432.0477	292.8096
432.0477	293.8334
431.5358	293.8334
431.5358	294.8572
431.0239	294.8572
431.0239	295.3691
430.5120	295.3691
430.5120	295.8810
430.0001	295.8810
430.0001	296.3929
429.4882	296.3929
429.4882	296.9048
428.9763	296.9048
428.9763	297.9286
428.4644	297.9286
428.4644	298.4405
427.9525	298.4405
427.9525	298.9524
427.4406	298.9524
427.4406	299.4643
426.9287	299.4643
426.9287	300.4882
426.4167	300.4882
426.4167	301.0001
425.9048	301.0001
425.9048	301.5120
425.3929	301.5120
425.3929	302.0239
424.8810	302.0239
424.8810	302.5358
424.3691	302.5358
424.3691	303.0477
423.8572	303.0477
423.8572	303.5596
423.3453	303.5596
423.3453	304.0715
422.8334	304.0715
422.8334	304.5834
422.3215	304.5834
422.3215	305.0953
421.8096	305.0953
421.8096	305.6072
421.2977	305.6072
421.2977	306.1191
420.7858	306.1191
420.7858	306.6310
420.2739	306.6310
420.2739	307.6548
419.7620	307.6548
419.7620	308.1667
419.2501	308.1667
419.2501	308.6786
418.7382	308.6786
418.7382	309.7024
418.2263	309.7024
418.2263	310.2143
417.7144	310.2143
417.7144	310.7262
417.2025	310.7262
417.2025	311.2382
416.6906	311.2382
416.6906	311.7501
415.6667	311.7501
415.6667	312.2620
415.1548	312.2620
415.1548	312.7739
414.6429	312.7739
414.6429	313.2858
414.1310	313.2858
414.1310	313.7977
413.6191	313.7977
413.6191	314.3096
413.1072	314.3096
413.1072	314.8215
412.5953	314.8215
412.5953	315.3334
412.0834	315.3334
412.0834	315.8453
411.0596	315.8453
411.0596	316.3572
410.5477	316.3572
410.5477	316.8691
410.0358	316.8691
410.0358	317.3810
409.5239	317.3810
409.5239	317.8929
409.0120	317.8929
409.0120	318.4048
408.5001	318.4048
408.5001	319.4286
407.9882	319.4286
407.9882	319.9405
406.9644	319.9405
406.9644	320.4524
405.9406	320.4524
405.9406	320.9643
405.4286	320.9643
405.4286	321.4763
404.9167	321.4763
404.9167	321.9882
404.4048	321.9882
404.4048	322.5001
403.3810	322.5001
403.3810	323.0120
402.8691	323.0120
402.8691	323.5239
401.8453	323.5239
401.8453	324.0358
401.3334	324.0358
401.3334	324.5477
400.8215	324.5477
400.8215	325.0596
400.3096	325.0596
400.3096	325.5715
399.7977	325.5715
399.7977	326.0834
398.7739	326.0834
398.7739	326.5953
397.2382	326.5953
397.2382	327.1072
396.2144	327.1072
396.2144	327.6191
395.1906	327.6191
395.1906	328.1310
394.1667	328.1310
394.1667	328.6429
393.6548	328.6429
393.6548	329.1548
393.1429	329.1548
393.1429	329.6667
392.6310	329.6667
392.6310	330.1786
392.1191	330.1786
392.1191	330.6905
391.0953	330.6905
391.0953	331.2024
390.5834	331.2024
390.5834	331.7143
389.5596	331.7143
389.5596	332.2263
388.5358	332.2263
388.5358	332.7382
388.0239	332.7382
388.0239	333.2501
387.5120	333.2501
387.5120	333.7620
387.0001	333.7620
387.0001	334.2739
386.4882	334.2739
386.4882	334.7858
385.9763	334.7858
385.9763	335.2977
385.4644	335.2977
385.4644	335.8096
384.9525	335.8096
384.9525	336.3215
384.4405	336.3215
384.4405	336.8334
383.9286	336.8334
383.9286	337.3453
383.4167	337.3453
383.4167	337.8572
381.8810	337.8572
381.8810	338.3691
379.3215	338.3691
379.3215	338.8810
378.2977	338.8810
378.2977	339.3929
377.2739	339.3929
377.2739	339.9048
376.7620	339.9048
376.7620	340.4167
375.7382	340.4167
375.7382	340.9286
374.2025	340.9286
374.2025	341.4405
372.1548	341.4405
372.1548	340.9286
371.1310	340.9286
371.1310	340.4167
369.5953	340.4167
369.5953	339.9048
367.0358	339.9048
367.0358	339.3929
363.4525	339.3929
363.4525	339.9048
360.8929	339.9048
360.8929	340.4167
359.8691	340.4167
359.8691	340.9286
358.8453	340.9286
358.8453	341.4405
358.3334	341.4405
358.3334	341.9524
357.8215	341.9524
357.8215	342.4644
357.3096	342.4644
357.3096	342.9763
355.2620	342.9763
355.2620	343.4882
353.7263	343.4882
353.7263	342.4644
353.2144	342.4644
353.2144	341.4405
352.7024	341.4405
352.7024	340.9286
352.1905	340.9286
352.1905	340.4167
351.6786	340.4167
351.6786	339.3929
351.1667	339.3929
351.1667	338.8810
350.6548	338.8810
350.6548	338.3691
350.1429	338.3691
350.1429	337.8572
349.6310	337.8572
349.6310	337.3453
349.1191	337.3453
349.1191	336.8334
348.6072	336.8334
348.6072	336.3215
347.5834	336.3215
347.5834	335.8096
346.5596	335.8096
346.5596	335.2977
344.5120	335.2977
344.5120	334.7858
341.9524	334.7858
341.9524	334.2739
341.4405	334.2739
341.4405	333.7620
340.9286	333.7620
340.9286	333.2501
340.4167	333.2501
340.4167	332.2263
339.9048	332.2263
339.9048	331.2024
339.3929	331.2024
339.3929	330.6905
338.8810	330.6905
338.8810	330.1786
338.3691	330.1786
338.3691	329.6667
337.8572	329.6667
337.8572	329.1548
337.3453	329.1548
337.3453	328.6429
336.3215	328.6429
336.3215	328.1310
335.2977	328.1310
335.2977	327.6191
334.2739	327.6191
334.2739	327.1072
333.7620	327.1072
333.7620	326.5953
333.2501	326.5953
333.2501	326.0834
332.7382	326.0834
332.7382	325.5715
332.2263	325.5715
332.2263	325.0596
331.7143	325.0596
331.7143	324.5477
330.6905	324.5477
330.6905	324.0358
329.6667	324.0358
329.6667	323.5239
327.1072	323.5239
327.1072	323.0120
324.5477	323.0120
324.5477	323.5239
323.5239	323.5239
323.5239	320.9643
323.0120	320.9643
323.0120	319.9405
322.5001	319.9405
322.5001	318.9167
321.9882	318.9167
321.9882	317.8929
321.4763	317.8929
321.4763	314.3096
320.9643	314.3096
320.9643	311.7501
320.4524	311.7501
320.4524	310.7262
319.9405	310.7262
319.9405	309.7024
319.4286	309.7024
319.4286	309.1905
318.9167	309.1905
318.9167	308.6786
318.4048	308.6786
318.4048	308.1667
317.8929	308.1667
317.8929	307.6548
317.3810	307.6548
317.3810	307.1429
317.8929	307.1429
317.8929	306.1191
318.4048	306.1191
318.4048	305.0953
318.9167	305.0953
318.9167	302.5358
319.4286	302.5358
319.4286	297.9286
319.9405	297.9286
319.9405	292.8096
320.4524	292.8096
320.4524	288.2024
319.9405	288.2024
319.9405	285.6429
320.4524	285.6429
320.4524	284.1072
320.9643	284.1072
320.9643	282.5715
321.4763	282.5715
321.4763	280.0120
321.9882	280.0120
321.9882	278.4762
322.5001	278.4762
322.5001	277.4524
323.0120	277.4524
323.0120	276.9405
323.5239	276.9405
323.5239	275.9167
324.0358	275.9167
324.0358	274.8929
324.5477	274.8929
324.5477	272.3334
325.0596	272.3334
325.0596	269.2620
325.5715	269.2620
325.5715	268.7501
326.0834	268.7501
326.0834	268.2381
326.5953	268.2381
326.5953	267.7262
327.1072	267.7262
327.1072	267.2143
327.6191	267.2143
327.6191	266.7024
328.1310	266.7024
328.1310	265.6786
328.6429	265.6786
328.6429	265.1667
329.1548	265.1667
329.1548	264.6548
329.6667	264.6548
329.6667	263.6310
330.1786	263.6310
330.1786	262.6072
330.6905	262.6072
330.6905	262.0953
331.2024	262.0953
331.2024	261.5834
331.7143	261.5834
331.7143	260.5596
332.2263	260.5596
332.2263	259.5358
332.7382	259.5358
332.7382	258.5120
333.2501	258.5120
333.2501	257.4881
333.7620	257.4881
333.7620	255.4405
334.7858	255.4405
334.7858	254.9286
335.2977	254.9286
335.2977	254.4167
336.3215	254.4167
336.3215	253.9048
336.8334	253.9048
336.8334	253.3929
337.8572	253.3929
337.8572	252.8810
338.3691	252.8810
338.3691	252.3691
338.8810	252.3691
338.8810	251.8572
339.3929	251.8572
339.3929	251.3453
339.9048	251.3453
339.9048	250.8334
340.4167	250.8334
340.4167	250.3215
340.9286	250.3215
340.9286	249.8096
341.4405	249.8096
341.4405	248.7858
341.9524	248.7858
341.9524	248.2739
342.4644	248.2739
342.4644	247.7620
342.9763	247.7620
342.9763	247.2500
343.4882	247.2500
343.4882	246.7381
344.0001	246.7381
344.0001	246.2262
345.0239	246.2262
345.0239	245.7143
346.0477	245.7143
346.0477	245.2024
347.0715	245.2024
347.0715	244.6905
348.0953	244.6905
348.0953	244.1786
348.6072	244.1786
348.6072	243.6667
349.6310	243.6667
349.6310	243.1548
350.1429	243.1548
350.1429	242.6429
350.6548	242.6429
350.6548	242.1310
351.1667	242.1310
351.1667	241.6191
351.6786	241.6191
351.6786	241.1072
352.1905	241.1072
352.1905	240.5953
352.7024	240.5953
352.7024	240.0834
353.7263	240.0834
353.7263	239.5715
354.7501	239.5715
354.7501	239.0596
355.7739	239.0596
355.7739	238.5477
356.7977	238.5477
356.7977	238.0358
357.8215	238.0358
357.8215	237.5239
358.8453	237.5239
358.8453	237.0119
359.8691	237.0119
359.8691	236.5000
360.8929	236.5000
360.8929	235.9881
361.9167	235.9881
361.9167	235.4762
362.4286	235.4762
362.4286	234.9643
363.4525	234.9643
363.4525	234.4524
363.9644	234.4524
363.9644	233.9405
364.4763	233.9405
364.4763	233.4286
364.9882	233.4286
364.9882	232.9167
365.5001	232.9167
365.5001	232.4048
366.5239	232.4048
366.5239	231.8929
367.0358	231.8929
367.0358	231.3810
368.0596	231.3810
368.0596	230.8691
369.0834	230.8691
369.0834	230.3572
370.6191	230.3572
370.6191	229.8453
371.6429	229.8453
371.6429	229.3334
373.6905	229.3334
373.6905	228.8215
377.2739	228.8215
377.2739	228.3096
379.8334	228.3096
379.8334	227.7977
383.4167	227.7977
