378.8096	222.1667
381.3691	222.1667
381.3691	222.6786
385.9763	222.6786
385.9763	223.1905
389.0477	223.1905
389.0477	223.7024
391.0953	223.7024
391.0953	224.2143
392.1191	224.2143
392.1191	224.7262
394.6786	224.7262
394.6786	225.2381
397.7501	225.2381
397.7501	225.7500
398.7739	225.7500
398.7739	226.2619
399.7977	226.2619
399.7977	226.7739
401.8453	226.7739
401.8453	227.2858
402.3572	227.2858
402.3572	227.7977
402.8691	227.7977
402.8691	228.3096
403.3810	228.3096
403.3810	228.8215
403.8929	228.8215
403.8929	229.3334
404.4048	229.3334
404.4048	229.8453
404.9167	229.8453
404.9167	230.3572
405.4286	230.3572
405.4286	232.4048
405.9406	232.4048
405.9406	233.4286
406.4525	233.4286
406.4525	234.4524
406.9644	234.4524
406.9644	234.9643
407.4763	234.9643
407.4763	235.4762
407.9882	235.4762
407.9882	235.9881
408.5001	235.9881
408.5001	236.5000
409.0120	236.5000
409.0120	237.0119
409.5239	237.0119
409.5239	237.5239
410.0358	237.5239
410.0358	238.0358
410.5477	238.0358
410.5477	238.5477
411.0596	238.5477
411.0596	239.0596
411.5715	239.0596
411.5715	239.5715
412.0834	239.5715
412.0834	240.0834
412.5953	240.0834
412.5953	241.1072
413.1072	241.1072
413.1072	243.1548
413.6191	243.1548
413.6191	244.1786
414.1310	244.1786
414.1310	245.2024
414.6429	245.2024
414.6429	248.2739
414.1310	248.2739
414.1310	250.8334
413.6191	250.8334
413.6191	259.0239
413.1072	259.0239
413.1072	260.0477
412.5953	260.0477
412.5953	261.0715
412.0834	261.0715
412.0834	263.6310
411.5715	263.6310
411.5715	265.6786
411.0596	265.6786
411.0596	266.1905
410.5477	266.1905
410.5477	267.2143
410.0358	267.2143
410.0358	268.2381
409.5239	268.2381
409.5239	268.7501
409.0120	268.7501
409.0120	269.7739
408.5001	269.7739
408.5001	270.7977
407.9882	270.7977
407.9882	271.3096
407.4763	271.3096
407.4763	271.8215
406.9644	271.8215
406.9644	272.3334
406.4525	272.3334
406.4525	273.3572
405.9406	273.3572
405.9406	274.3810
405.4286	274.3810
405.4286	276.9405
404.9167	276.9405
404.9167	277.4524
404.4048	277.4524
404.4048	277.9643
403.8929	277.9643
403.8929	278.9881
403.3810	278.9881
403.3810	280.0120
402.8691	280.0120
402.8691	281.5477
402.3572	281.5477
402.3572	283.5953
401.8453	283.5953
401.8453	284.1072
401.3334	284.1072
401.3334	284.6191
400.8215	284.6191
400.8215	285.6429
400.3096	285.6429
400.3096	286.6667
399.7977	286.6667
399.7977	287.6905
399.2858	287.6905
399.2858	288.2024
398.7739	288.2024
398.7739	289.2262
398.2620	289.2262
398.2620	290.2501
397.7501	290.2501
397.7501	291.2739
397.2382	291.2739
397.2382	291.7858
396.7263	291.7858
396.7263	292.8096
396.2144	292.8096
396.2144	293.3215
395.7025	293.3215
395.7025	293.8334
395.1906	293.8334
395.1906	294.3453
394.6786	294.3453
394.6786	295.3691
394.1667	295.3691
394.1667	296.3929
393.6548	296.3929
393.6548	296.9048
393.1429	296.9048
393.1429	297.9286
392.6310	297.9286
392.6310	298.4405
392.1191	298.4405
392.1191	298.9524
391.6072	298.9524
391.6072	299.4643
391.0953	299.4643
391.0953	299.9762
390.5834	299.9762
390.5834	301.0001
390.0715	301.0001
390.0715	301.5120
389.5596	301.5120
389.5596	302.5358
389.0477	302.5358
389.0477	303.0477
388.5358	303.0477
388.5358	303.5596
388.0239	303.5596
388.0239	304.5834
387.5120	304.5834
387.5120	305.6072
387.0001	305.6072
387.0001	306.1191
386.4882	306.1191
386.4882	306.6310
385.9763	306.6310
385.9763	307.6548
385.4644	307.6548
385.4644	308.6786
384.9525	308.6786
384.9525	309.7024
383.9286	309.7024
383.9286	310.2143
382.9048	310.2143
382.9048	310.7262
382.3929	310.7262
382.3929	311.2382
381.8810	311.2382
381.8810	311.7501
381.3691	311.7501
381.3691	312.2620
380.8572	312.2620
380.8572	312.7739
380.3453	312.7739
380.3453	313.7977
379.8334	313.7977
379.8334	314.8215
379.3215	314.8215
379.3215	315.8453
378.8096	315.8453
378.8096	317.3810
378.2977	317.3810
378.2977	317.8929
377.7858	317.8929
377.7858	318.4048
377.2739	318.4048
377.2739	318.9167
376.7620	318.9167
376.7620	319.4286
376.2501	319.4286
376.2501	319.9405
375.7382	319.9405
375.7382	320.4524
375.2263	320.4524
375.2263	320.9643
374.7144	320.9643
374.7144	321.4763
374.2025	321.4763
374.2025	322.5001
373.6905	322.5001
373.6905	323.5239
373.1786	323.5239
373.1786	324.5477
372.6667	324.5477
372.6667	325.0596
371.6429	325.0596
371.6429	325.5715
370.6191	325.5715
370.6191	326.0834
370.1072	326.0834
370.1072	326.5953
369.5953	326.5953
369.5953	327.1072
369.0834	327.1072
369.0834	327.6191
368.5715	327.6191
368.5715	328.1310
368.0596	328.1310
368.0596	328.6429
367.5477	328.6429
367.5477	329.1548
367.0358	329.1548
367.0358	329.6667
366.5239	329.6667
366.5239	330.1786
363.9644	330.1786
363.9644	330.6905
362.4286	330.6905
362.4286	331.2024
361.4048	331.2024
361.4048	331.7143
360.3810	331.7143
360.3810	332.2263
359.8691	332.2263
359.8691	332.7382
358.8453	332.7382
358.8453	332.2263
354.2382	332.2263
354.2382	332.7382
351.6786	332.7382
351.6786	333.2501
348.6072	333.2501
348.6072	332.7382
348.0953	332.7382
348.0953	332.2263
347.5834	332.2263
347.5834	331.7143
347.0715	331.7143
347.0715	331.2024
346.0477	331.2024
346.0477	330.6905
345.0239	330.6905
345.0239	330.1786
342.4644	330.1786
342.4644	329.6667
337.8572	329.6667
337.8572	329.1548
336.8334	329.1548
336.8334	328.6429
335.8096	328.6429
335.8096	328.1310
334.7858	328.1310
334.7858	327.6191
332.2263	327.6191
332.2263	327.1072
328.1310	327.1072
328.1310	327.6191
323.5239	327.6191
323.5239	326.5953
323.0120	326.5953
323.0120	326.0834
322.5001	326.0834
322.5001	325.5715
321.9882	325.5715
321.9882	325.0596
321.4763	325.0596
321.4763	324.5477
320.9643	324.5477
320.9643	324.0358
320.4524	324.0358
320.4524	323.5239
319.9405	323.5239
319.9405	323.0120
318.9167	323.0120
318.9167	322.5001
317.8929	322.5001
317.8929	321.9882
317.3810	321.9882
317.3810	321.4763
316.8691	321.4763
316.8691	320.9643
316.3572	320.9643
316.3572	320.4524
315.8453	320.4524
315.8453	319.9405
315.3334	319.9405
315.3334	319.4286
314.3096	319.4286
314.3096	318.9167
313.7977	318.9167
313.7977	318.4048
313.2858	318.4048
313.2858	317.8929
312.7739	317.8929
312.7739	317.3810
312.2620	317.3810
312.2620	316.8691
311.7501	316.8691
311.7501	316.3572
310.7262	316.3572
310.7262	315.8453
310.2143	315.8453
310.2143	315.3334
309.7024	315.3334
309.7024	314.8215
309.1905	314.8215
309.1905	313.7977
308.6786	313.7977
308.6786	313.2858
308.1667	313.2858
308.1667	312.7739
307.6548	312.7739
307.6548	312.2620
307.1429	312.2620
307.1429	311.7501
306.6310	311.7501
306.6310	311.2382
305.6072	311.2382
305.6072	310.7262
305.0953	310.7262
305.0953	304.5834
304.5834	304.5834
304.5834	292.8096
304.0715	292.8096
304.0715	291.7858
304.5834	291.7858
304.5834	288.2024
305.0953	288.2024
305.0953	284.6191
305.6072	284.6191
305.6072	283.5953
306.1191	283.5953
306.1191	281.5477
306.6310	281.5477
306.6310	280.5239
307.1429	280.5239
307.1429	279.5001
307.6548	279.5001
307.6548	278.4762
308.1667	278.4762
308.1667	276.4286
308.6786	276.4286
308.6786	274.3810
309.1905	274.3810
309.1905	271.8215
309.7024	271.8215
309.7024	269.2620
309.1905	269.2620
309.1905	266.7024
308.6786	266.7024
308.6786	265.6786
308.1667	265.6786
308.1667	264.6548
307.6548	264.6548
307.6548	264.1429
307.1429	264.1429
307.1429	263.6310
306.6310	263.6310
306.6310	263.1191
306.1191	263.1191
306.1191	262.0953
307.6548	262.0953
307.6548	262.6072
311.7501	262.6072
311.7501	262.0953
314.3096	262.0953
314.3096	261.5834
315.3334	261.5834
315.3334	261.0715
316.3572	261.0715
316.3572	260.5596
316.8691	260.5596
316.8691	260.0477
317.3810	260.0477
317.3810	259.5358
317.8929	259.5358
317.8929	259.0239
318.4048	259.0239
318.4048	258.5120
318.9167	258.5120
318.9167	258.0000
319.4286	258.0000
319.4286	257.4881
319.9405	257.4881
319.9405	256.9762
320.4524	256.9762
320.4524	256.4643
320.9643	256.4643
320.9643	255.9524
321.4763	255.9524
321.4763	255.4405
321.9882	255.4405
321.9882	254.4167
322.5001	254.4167
322.5001	253.3929
323.0120	253.3929
323.0120	252.3691
324.0358	252.3691
324.0358	251.8572
324.5477	251.8572
324.5477	251.3453
325.0596	251.3453
325.0596	250.8334
326.0834	250.8334
326.0834	250.3215
327.1072	250.3215
327.1072	249.8096
328.1310	249.8096
328.1310	249.2977
329.1548	249.2977
329.1548	248.7858
330.1786	248.7858
330.1786	248.2739
331.2024	248.2739
331.2024	247.7620
332.2263	247.7620
332.2263	247.2500
332.7382	247.2500
332.7382	246.7381
333.2501	246.7381
333.2501	246.2262
333.7620	246.2262
333.7620	245.7143
334.2739	245.7143
334.2739	245.2024
334.7858	245.2024
334.7858	244.6905
335.2977	244.6905
335.2977	244.1786
336.3215	244.1786
336.3215	243.6667
336.8334	243.6667
336.8334	243.1548
337.8572	243.1548
337.8572	242.6429
338.8810	242.6429
338.8810	242.1310
339.9048	242.1310
339.9048	241.6191
340.9286	241.6191
340.9286	241.1072
341.4405	241.1072
341.4405	240.5953
342.4644	240.5953
342.4644	240.0834
343.4882	240.0834
343.4882	239.5715
344.0001	239.5715
344.0001	239.0596
345.0239	239.0596
345.0239	238.5477
346.0477	238.5477
346.0477	238.0358
347.0715	238.0358
347.0715	237.5239
347.5834	237.5239
347.5834	237.0119
348.0953	237.0119
348.0953	236.5000
348.6072	236.5000
348.6072	235.9881
349.1191	235.9881
349.1191	235.4762
349.6310	235.4762
349.6310	234.9643
350.1429	234.9643
350.1429	234.4524
350.6548	234.4524
350.6548	233.9405
351.1667	233.9405
351.1667	233.4286
351.6786	233.4286
351.6786	232.9167
352.1905	232.9167
352.1905	232.4048
352.7024	232.4048
352.7024	231.8929
353.2144	231.8929
353.2144	231.3810
353.7263	231.3810
353.7263	230.8691
354.2382	230.8691
354.2382	230.3572
354.7501	230.3572
354.7501	229.8453
355.2620	229.8453
355.2620	228.8215
355.7739	228.8215
355.7739	228.3096
357.8215	228.3096
357.8215	227.7977
358.8453	227.7977
358.8453	227.2858
359.8691	227.2858
359.8691	226.7739
360.8929	226.7739
360.8929	226.2619
361.9167	226.2619
361.9167	225.7500
362.9405	225.7500
362.9405	225.2381
363.4525	225.2381
363.4525	224.7262
364.4763	224.7262
364.4763	224.2143
367.0358	224.2143
367.0358	223.7024
369.5953	223.7024
369.5953	223.1905
372.1548	223.1905
372.1548	222.6786
374.7144	222.6786
374.7144	222.1667
376.2501	222.1667
376.2501	221.6548
378.8096	221.6548
