340.9286	216.5358
343.4882	216.5358
343.4882	217.0477
353.2144	217.0477
353.2144	217.5596
354.7501	217.5596
354.7501	218.0715
357.3096	218.0715
357.3096	218.5834
359.8691	218.5834
359.8691	219.0953
360.8929	219.0953
360.8929	219.6072
361.9167	219.6072
361.9167	220.1191
362.9405	220.1191
362.9405	220.6310
363.9644	220.6310
363.9644	221.1429
366.0120	221.1429
366.0120	221.6548
367.0358	221.6548
367.0358	222.1667
369.0834	222.1667
369.0834	222.6786
370.1072	222.6786
370.1072	223.1905
371.1310	223.1905
371.1310	223.7024
371.6429	223.7024
371.6429	224.2143
372.1548	224.2143
372.1548	224.7262
372.6667	224.7262
372.6667	225.2381
373.1786	225.2381
373.1786	225.7500
373.6905	225.7500
373.6905	226.2619
374.2025	226.2619
374.2025	226.7739
374.7144	226.7739
374.7144	227.2858
375.2263	227.2858
375.2263	227.7977
375.7382	227.7977
375.7382	228.3096
376.7620	228.3096
376.7620	228.8215
377.7858	228.8215
377.7858	229.3334
378.2977	229.3334
378.2977	229.8453
378.8096	229.8453
378.8096	230.3572
379.3215	230.3572
379.3215	230.8691
379.8334	230.8691
379.8334	231.3810
380.3453	231.3810
380.3453	231.8929
380.8572	231.8929
380.8572	232.4048
381.3691	232.4048
381.3691	232.9167
381.8810	232.9167
381.8810	233.4286
382.3929	233.4286
382.3929	233.9405
382.9048	233.9405
382.9048	234.4524
383.4167	234.4524
383.4167	234.9643
383.9286	234.9643
383.9286	235.4762
384.4405	235.4762
384.4405	235.9881
384.9525	235.9881
384.9525	237.0119
385.4644	237.0119
385.4644	238.0358
385.9763	238.0358
385.9763	239.0596
386.4882	239.0596
386.4882	240.0834
387.0001	240.0834
387.0001	240.5953
387.5120	240.5953
387.5120	242.1310
388.0239	242.1310
388.0239	243.1548
388.5358	243.1548
388.5358	244.1786
389.0477	244.1786
389.0477	245.2024
389.5596	245.2024
389.5596	246.2262
390.0715	246.2262
390.0715	248.7858
390.5834	248.7858
390.5834	250.8334
391.0953	250.8334
391.0953	251.8572
391.6072	251.8572
391.6072	253.9048
392.1191	253.9048
392.1191	256.4643
392.6310	256.4643
392.6310	259.0239
392.1191	259.0239
392.1191	261.5834
391.6072	261.5834
391.6072	262.6072
391.0953	262.6072
391.0953	265.1667
390.5834	265.1667
390.5834	268.2381
391.0953	268.2381
391.0953	268.7501
390.5834	268.7501
390.5834	270.7977
390.0715	270.7977
390.0715	271.8215
389.5596	271.8215
389.5596	272.8453
389.0477	272.8453
389.0477	275.4048
388.5358	275.4048
388.5358	276.4286
388.0239	276.4286
388.0239	277.4524
387.5120	277.4524
387.5120	278.4762
387.0001	278.4762
387.0001	281.0358
386.4882	281.0358
386.4882	283.5953
387.0001	283.5953
387.0001	285.1310
386.4882	285.1310
386.4882	285.6429
385.9763	285.6429
385.9763	286.1548
385.4644	286.1548
385.4644	286.6667
384.9525	286.6667
384.9525	287.6905
384.4405	287.6905
384.4405	288.7143
382.3929	288.7143
382.3929	289.2262
381.3691	289.2262
381.3691	289.7382
380.3453	289.7382
380.3453	290.2501
379.8334	290.2501
379.8334	290.7620
379.3215	290.7620
379.3215	291.2739
378.8096	291.2739
378.8096	291.7858
378.2977	291.7858
378.2977	292.2977
377.7858	292.2977
377.7858	292.8096
377.2739	292.8096
377.2739	293.3215
376.7620	293.3215
376.7620	294.3453
376.2501	294.3453
376.2501	295.3691
375.7382	295.3691
375.7382	296.9048
374.7144	296.9048
374.7144	297.4167
373.6905	297.4167
373.6905	297.9286
371.1310	297.9286
371.1310	298.4405
370.1072	298.4405
370.1072	298.9524
368.0596	298.9524
368.0596	299.4643
367.0358	299.4643
367.0358	299.9762
366.0120	299.9762
366.0120	300.4882
365.5001	300.4882
365.5001	301.0001
364.9882	301.0001
364.9882	301.5120
364.4763	301.5120
364.4763	302.0239
363.9644	302.0239
363.9644	302.5358
362.9405	302.5358
362.9405	302.0239
351.1667	302.0239
351.1667	301.5120
346.0477	301.5120
346.0477	301.0001
344.0001	301.0001
344.0001	300.4882
342.9763	300.4882
342.9763	299.9762
341.9524	299.9762
341.9524	299.4643
339.9048	299.4643
339.9048	298.9524
337.3453	298.9524
337.3453	298.4405
333.2501	298.4405
333.2501	297.4167
332.7382	297.4167
332.7382	296.3929
332.2263	296.3929
332.2263	295.8810
331.7143	295.8810
331.7143	295.3691
331.2024	295.3691
331.2024	294.8572
330.6905	294.8572
330.6905	294.3453
330.1786	294.3453
330.1786	293.8334
329.6667	293.8334
329.6667	293.3215
329.1548	293.3215
329.1548	292.8096
328.6429	292.8096
328.6429	292.2977
327.6191	292.2977
327.6191	291.2739
327.1072	291.2739
327.1072	290.2501
326.5953	290.2501
326.5953	289.7382
326.0834	289.7382
326.0834	289.2262
325.5715	289.2262
325.5715	288.7143
325.0596	288.7143
325.0596	288.2024
324.5477	288.2024
324.5477	287.6905
324.0358	287.6905
324.0358	287.1786
323.5239	287.1786
323.5239	286.6667
323.0120	286.6667
323.0120	286.1548
322.5001	286.1548
322.5001	285.6429
321.4763	285.6429
321.4763	285.1310
320.9643	285.1310
320.9643	284.6191
320.4524	284.6191
320.4524	284.1072
319.9405	284.1072
319.9405	283.5953
319.4286	283.5953
319.4286	283.0834
318.9167	283.0834
318.9167	282.5715
318.4048	282.5715
318.4048	282.0596
317.3810	282.0596
317.3810	281.5477
316.8691	281.5477
316.8691	280.0120
317.3810	280.0120
317.3810	276.9405
316.8691	276.9405
316.8691	274.3810
316.3572	274.3810
316.3572	273.3572
315.8453	273.3572
315.8453	272.3334
315.3334	272.3334
315.3334	270.7977
314.8215	270.7977
314.8215	269.7739
314.3096	269.7739
314.3096	268.7501
313.7977	268.7501
313.7977	266.1905
313.2858	266.1905
313.2858	263.6310
312.7739	263.6310
312.7739	261.0715
312.2620	261.0715
312.2620	258.5120
311.7501	258.5120
311.7501	254.4167
311.2382	254.4167
311.2382	253.3929
311.7501	253.3929
311.7501	250.8334
312.2620	250.8334
312.2620	241.6191
312.7739	241.6191
312.7739	238.5477
313.2858	238.5477
313.2858	237.0119
313.7977	237.0119
313.7977	235.4762
314.3096	235.4762
314.3096	232.9167
314.8215	232.9167
314.8215	229.3334
315.3334	229.3334
315.3334	228.3096
315.8453	228.3096
315.8453	227.2858
316.3572	227.2858
316.3572	226.2619
316.8691	226.2619
316.8691	225.7500
317.3810	225.7500
317.3810	225.2381
317.8929	225.2381
317.8929	224.7262
318.4048	224.7262
318.4048	224.2143
318.9167	224.2143
318.9167	223.7024
319.9405	223.7024
319.9405	223.1905
320.4524	223.1905
320.4524	222.6786
320.9643	222.6786
320.9643	222.1667
321.9882	222.1667
321.9882	221.6548
323.0120	221.6548
323.0120	221.1429
324.0358	221.1429
324.0358	220.6310
325.0596	220.6310
325.0596	220.1191
326.0834	220.1191
326.0834	219.6072
327.1072	219.6072
327.1072	219.0953
328.1310	219.0953
328.1310	218.5834
330.6905	218.5834
330.6905	218.0715
331.7143	218.0715
331.7143	217.5596
333.2501	217.5596
333.2501	217.0477
334.2739	217.0477
334.2739	217.5596
336.8334	217.5596
336.8334	217.0477
339.3929	217.0477
339.3929	216.5358
340.4167	216.5358
340.4167	216.0239
340.9286	216.0239
