344.5120	213.4643
345.5358	213.4643
345.5358	213.9762
348.0953	213.9762
348.0953	214.4881
351.1667	214.4881
351.1667	215.0000
352.1905	215.0000
352.1905	215.5119
354.7501	215.5119
354.7501	216.0239
356.7977	216.0239
356.7977	216.5358
357.8215	216.5358
357.8215	217.0477
358.8453	217.0477
358.8453	217.5596
361.4048	217.5596
361.4048	218.0715
364.4763	218.0715
364.4763	218.5834
366.0120	218.5834
366.0120	219.0953
367.5477	219.0953
367.5477	219.6072
368.0596	219.6072
368.0596	220.1191
369.0834	220.1191
369.0834	220.6310
369.5953	220.6310
369.5953	221.1429
370.6191	221.1429
370.6191	221.6548
371.1310	221.6548
371.1310	222.1667
371.6429	222.1667
371.6429	222.6786
372.1548	222.6786
372.1548	223.1905
372.6667	223.1905
372.6667	223.7024
373.6905	223.7024
373.6905	224.2143
374.2025	224.2143
374.2025	224.7262
375.2263	224.7262
375.2263	225.2381
376.2501	225.2381
376.2501	225.7500
376.7620	225.7500
376.7620	226.2619
377.7858	226.2619
377.7858	226.7739
378.8096	226.7739
378.8096	227.2858
379.3215	227.2858
379.3215	227.7977
379.8334	227.7977
379.8334	228.3096
380.3453	228.3096
380.3453	228.8215
380.8572	228.8215
380.8572	229.3334
381.3691	229.3334
381.3691	229.8453
381.8810	229.8453
381.8810	230.3572
382.3929	230.3572
382.3929	230.8691
382.9048	230.8691
382.9048	231.3810
383.4167	231.3810
383.4167	231.8929
383.9286	231.8929
383.9286	232.9167
384.4405	232.9167
384.4405	233.4286
384.9525	233.4286
384.9525	234.4524
385.4644	234.4524
385.4644	235.4762
385.9763	235.4762
385.9763	235.9881
386.4882	235.9881
386.4882	236.5000
387.0001	236.5000
387.0001	237.5239
387.5120	237.5239
387.5120	239.0596
388.0239	239.0596
388.0239	240.0834
388.5358	240.0834
388.5358	242.1310
389.0477	242.1310
389.0477	243.1548
389.5596	243.1548
389.5596	244.1786
390.0715	244.1786
390.0715	245.2024
390.5834	245.2024
390.5834	247.7620
391.0953	247.7620
391.0953	250.3215
391.6072	250.3215
391.6072	251.8572
392.1191	251.8572
392.1191	253.3929
392.6310	253.3929
392.6310	254.9286
393.1429	254.9286
393.1429	255.9524
393.6548	255.9524
393.6548	257.4881
393.1429	257.4881
393.1429	260.0477
392.6310	260.0477
392.6310	265.6786
392.1191	265.6786
392.1191	267.2143
391.6072	267.2143
391.6072	269.7739
391.0953	269.7739
391.0953	273.3572
390.5834	273.3572
390.5834	280.0120
391.0953	280.0120
391.0953	281.0358
390.5834	281.0358
390.5834	282.0596
390.0715	282.0596
390.0715	283.0834
389.5596	283.0834
389.5596	284.1072
389.0477	284.1072
389.0477	285.1310
388.5358	285.1310
388.5358	285.6429
388.0239	285.6429
388.0239	286.1548
387.5120	286.1548
387.5120	286.6667
387.0001	286.6667
387.0001	287.1786
386.4882	287.1786
386.4882	288.2024
385.9763	288.2024
385.9763	288.7143
385.4644	288.7143
385.4644	289.2262
384.9525	289.2262
384.9525	290.2501
384.4405	290.2501
384.4405	291.2739
383.9286	291.2739
383.9286	292.2977
383.4167	292.2977
383.4167	293.3215
382.9048	293.3215
382.9048	294.3453
381.8810	294.3453
381.8810	294.8572
380.8572	294.8572
380.8572	295.3691
380.3453	295.3691
380.3453	295.8810
379.8334	295.8810
379.8334	296.3929
379.3215	296.3929
379.3215	296.9048
378.8096	296.9048
378.8096	297.4167
378.2977	297.4167
378.2977	298.4405
377.7858	298.4405
377.7858	299.4643
377.2739	299.4643
377.2739	299.9762
376.2501	299.9762
376.2501	299.4643
373.6905	299.4643
373.6905	299.9762
368.5715	299.9762
368.5715	300.4882
366.0120	300.4882
366.0120	301.0001
364.4763	301.0001
364.4763	301.5120
362.4286	301.5120
362.4286	302.0239
353.2144	302.0239
353.2144	301.5120
350.1429	301.5120
350.1429	301.0001
348.6072	301.0001
348.6072	300.4882
347.0715	300.4882
347.0715	299.9762
346.0477	299.9762
346.0477	299.4643
344.5120	299.4643
344.5120	298.9524
343.4882	298.9524
343.4882	298.4405
342.4644	298.4405
342.4644	297.9286
340.9286	297.9286
340.9286	297.4167
338.3691	297.4167
338.3691	296.9048
337.8572	296.9048
337.8572	296.3929
337.3453	296.3929
337.3453	295.8810
336.3215	295.8810
336.3215	295.3691
335.2977	295.3691
335.2977	294.8572
333.7620	294.8572
333.7620	294.3453
333.2501	294.3453
333.2501	293.3215
332.7382	293.3215
332.7382	292.2977
332.2263	292.2977
332.2263	291.7858
331.7143	291.7858
331.7143	291.2739
331.2024	291.2739
331.2024	290.7620
330.6905	290.7620
330.6905	290.2501
330.1786	290.2501
330.1786	289.7382
329.1548	289.7382
329.1548	289.2262
328.1310	289.2262
328.1310	288.7143
326.0834	288.7143
326.0834	288.2024
325.5715	288.2024
325.5715	287.6905
325.0596	287.6905
325.0596	287.1786
324.5477	287.1786
324.5477	286.6667
323.5239	286.6667
323.5239	285.1310
323.0120	285.1310
323.0120	284.1072
322.5001	284.1072
322.5001	283.0834
321.9882	283.0834
321.9882	282.5715
321.4763	282.5715
321.4763	281.5477
320.9643	281.5477
320.9643	280.5239
320.4524	280.5239
320.4524	280.0120
319.9405	280.0120
319.9405	279.5001
319.4286	279.5001
319.4286	277.4524
318.9167	277.4524
318.9167	276.4286
318.4048	276.4286
318.4048	275.4048
317.8929	275.4048
317.8929	274.8929
317.3810	274.8929
317.3810	274.3810
316.8691	274.3810
316.8691	273.8691
316.3572	273.8691
316.3572	273.3572
315.8453	273.3572
315.8453	272.8453
315.3334	272.8453
315.3334	269.7739
314.8215	269.7739
314.8215	263.6310
315.3334	263.6310
315.3334	258.5120
314.8215	258.5120
314.8215	255.9524
314.3096	255.9524
314.3096	254.9286
313.7977	254.9286
313.7977	253.9048
313.2858	253.9048
313.2858	253.3929
312.7739	253.3929
312.7739	252.8810
312.2620	252.8810
312.2620	251.8572
311.7501	251.8572
311.7501	251.3453
311.2382	251.3453
311.2382	249.8096
310.7262	249.8096
310.7262	248.2739
311.2382	248.2739
311.2382	247.2500
311.7501	247.2500
311.7501	246.7381
312.2620	246.7381
312.2620	245.7143
312.7739	245.7143
312.7739	244.6905
313.2858	244.6905
313.2858	242.1310
313.7977	242.1310
313.7977	239.5715
313.2858	239.5715
313.2858	237.0119
312.7739	237.0119
312.7739	233.4286
313.2858	233.4286
313.2858	230.3572
313.7977	230.3572
313.7977	229.8453
314.3096	229.8453
314.3096	229.3334
314.8215	229.3334
314.8215	228.8215
315.3334	228.8215
315.3334	228.3096
315.8453	228.3096
315.8453	227.7977
316.3572	227.7977
316.3572	227.2858
316.8691	227.2858
316.8691	226.2619
317.3810	226.2619
317.3810	225.7500
317.8929	225.7500
317.8929	225.2381
318.4048	225.2381
318.4048	224.2143
318.9167	224.2143
318.9167	223.7024
319.4286	223.7024
319.4286	223.1905
319.9405	223.1905
319.9405	222.6786
320.4524	222.6786
320.4524	222.1667
320.9643	222.1667
320.9643	221.6548
321.9882	221.6548
321.9882	221.1429
323.0120	221.1429
323.0120	220.6310
323.5239	220.6310
323.5239	220.1191
324.0358	220.1191
324.0358	219.6072
324.5477	219.6072
324.5477	219.0953
325.5715	219.0953
325.5715	218.5834
326.0834	218.5834
326.0834	218.0715
327.1072	218.0715
327.1072	217.5596
327.6191	217.5596
327.6191	217.0477
328.1310	217.0477
328.1310	216.5358
328.6429	216.5358
328.6429	216.0239
330.1786	216.0239
330.1786	215.5119
332.2263	215.5119
332.2263	215.0000
333.7620	215.0000
333.7620	214.4881
335.8096	214.4881
335.8096	213.9762
336.8334	213.9762
336.8334	213.4643
339.9048	213.4643
339.9048	212.9524
344.5120	212.9524
