339.9048	209.8810
348.6072	209.8810
348.6072	210.3929
352.7024	210.3929
352.7024	210.9048
354.7501	210.9048
354.7501	211.4167
355.7739	211.4167
355.7739	211.9286
356.7977	211.9286
356.7977	212.4405
358.3334	212.4405
358.3334	212.9524
359.3572	212.9524
359.3572	213.4643
361.9167	213.4643
361.9167	213.9762
363.4525	213.9762
363.4525	214.4881
363.9644	214.4881
363.9644	215.0000
364.4763	215.0000
364.4763	215.5119
364.9882	215.5119
364.9882	216.0239
365.5001	216.0239
365.5001	216.5358
366.5239	216.5358
366.5239	217.0477
367.5477	217.0477
367.5477	217.5596
368.0596	217.5596
368.0596	218.0715
368.5715	218.0715
368.5715	218.5834
369.0834	218.5834
369.0834	219.0953
369.5953	219.0953
369.5953	219.6072
370.6191	219.6072
370.6191	220.1191
371.6429	220.1191
371.6429	220.6310
372.1548	220.6310
372.1548	221.1429
372.6667	221.1429
372.6667	221.6548
373.1786	221.6548
373.1786	222.1667
373.6905	222.1667
373.6905	222.6786
374.2025	222.6786
374.2025	223.1905
374.7144	223.1905
374.7144	223.7024
375.2263	223.7024
375.2263	224.2143
375.7382	224.2143
375.7382	224.7262
376.2501	224.7262
376.2501	225.7500
376.7620	225.7500
376.7620	226.2619
377.2739	226.2619
377.2739	226.7739
377.7858	226.7739
377.7858	227.2858
378.2977	227.2858
378.2977	227.7977
378.8096	227.7977
378.8096	228.3096
379.8334	228.3096
379.8334	228.8215
380.3453	228.8215
380.3453	229.3334
380.8572	229.3334
380.8572	229.8453
381.3691	229.8453
381.3691	230.3572
381.8810	230.3572
381.8810	230.8691
382.9048	230.8691
382.9048	231.3810
383.4167	231.3810
383.4167	231.8929
383.9286	231.8929
383.9286	232.4048
384.4405	232.4048
384.4405	232.9167
384.9525	232.9167
384.9525	233.4286
385.4644	233.4286
385.4644	233.9405
385.9763	233.9405
385.9763	234.9643
386.4882	234.9643
386.4882	235.4762
387.0001	235.4762
387.0001	235.9881
387.5120	235.9881
387.5120	236.5000
388.0239	236.5000
388.0239	237.0119
388.5358	237.0119
388.5358	237.5239
389.0477	237.5239
389.0477	238.0358
390.0715	238.0358
390.0715	239.0596
390.5834	239.0596
390.5834	240.5953
391.0953	240.5953
391.0953	241.6191
391.6072	241.6191
391.6072	242.6429
392.1191	242.6429
392.1191	243.6667
392.6310	243.6667
392.6310	244.6905
393.1429	244.6905
393.1429	245.2024
393.6548	245.2024
393.6548	245.7143
394.1667	245.7143
394.1667	246.2262
394.6786	246.2262
394.6786	246.7381
395.1906	246.7381
395.1906	247.7620
395.7025	247.7620
395.7025	248.7858
396.2144	248.7858
396.2144	249.8096
396.7263	249.8096
396.7263	250.8334
397.2382	250.8334
397.2382	253.3929
397.7501	253.3929
397.7501	254.9286
398.2620	254.9286
398.2620	258.5120
398.7739	258.5120
398.7739	263.6310
398.2620	263.6310
398.2620	266.1905
397.7501	266.1905
397.7501	273.3572
398.2620	273.3572
398.2620	275.9167
398.7739	275.9167
398.7739	278.4762
399.2858	278.4762
399.2858	280.5239
399.7977	280.5239
399.7977	281.5477
400.3096	281.5477
400.3096	282.5715
400.8215	282.5715
400.8215	283.0834
401.3334	283.0834
401.3334	284.6191
401.8453	284.6191
401.8453	285.6429
402.3572	285.6429
402.3572	287.1786
402.8691	287.1786
402.8691	288.2024
403.3810	288.2024
403.3810	289.2262
403.8929	289.2262
403.8929	290.7620
404.4048	290.7620
404.4048	292.8096
404.9167	292.8096
404.9167	295.3691
405.4286	295.3691
405.4286	303.0477
404.9167	303.0477
404.9167	304.0715
404.4048	304.0715
404.4048	306.6310
403.8929	306.6310
403.8929	307.6548
403.3810	307.6548
403.3810	309.1905
402.8691	309.1905
402.8691	310.2143
402.3572	310.2143
402.3572	310.7262
401.8453	310.7262
401.8453	311.7501
401.3334	311.7501
401.3334	312.7739
400.8215	312.7739
400.8215	313.7977
400.3096	313.7977
400.3096	314.8215
399.7977	314.8215
399.7977	315.8453
398.7739	315.8453
398.7739	316.3572
398.2620	316.3572
398.2620	316.8691
397.7501	316.8691
397.7501	317.3810
397.2382	317.3810
397.2382	317.8929
396.7263	317.8929
396.7263	318.4048
396.2144	318.4048
396.2144	318.9167
395.7025	318.9167
395.7025	319.4286
395.1906	319.4286
395.1906	319.9405
394.6786	319.9405
394.6786	320.4524
394.1667	320.4524
394.1667	320.9643
393.6548	320.9643
393.6548	321.4763
393.1429	321.4763
393.1429	321.9882
392.1191	321.9882
392.1191	322.5001
391.0953	322.5001
391.0953	323.0120
390.0715	323.0120
390.0715	323.5239
389.0477	323.5239
389.0477	324.0358
387.0001	324.0358
387.0001	324.5477
385.9763	324.5477
385.9763	325.0596
384.4405	325.0596
384.4405	325.5715
382.9048	325.5715
382.9048	326.0834
378.2977	326.0834
378.2977	326.5953
376.7620	326.5953
376.7620	326.0834
374.7144	326.0834
374.7144	325.5715
373.6905	325.5715
373.6905	325.0596
373.1786	325.0596
373.1786	324.5477
372.1548	324.5477
372.1548	324.0358
371.1310	324.0358
371.1310	323.5239
368.5715	323.5239
368.5715	323.0120
363.9644	323.0120
363.9644	322.5001
362.9405	322.5001
362.9405	321.9882
360.3810	321.9882
360.3810	321.4763
359.8691	321.4763
359.8691	320.9643
359.3572	320.9643
359.3572	320.4524
358.8453	320.4524
358.8453	319.9405
358.3334	319.9405
358.3334	319.4286
357.8215	319.4286
357.8215	318.9167
357.3096	318.9167
357.3096	318.4048
356.7977	318.4048
356.7977	317.8929
355.7739	317.8929
355.7739	317.3810
354.7501	317.3810
354.7501	316.8691
352.1905	316.8691
352.1905	316.3572
349.1191	316.3572
349.1191	315.3334
348.6072	315.3334
348.6072	314.8215
348.0953	314.8215
348.0953	314.3096
347.5834	314.3096
347.5834	313.7977
347.0715	313.7977
347.0715	313.2858
346.5596	313.2858
346.5596	312.7739
346.0477	312.7739
346.0477	312.2620
345.5358	312.2620
345.5358	311.7501
345.0239	311.7501
345.0239	311.2382
344.0001	311.2382
344.0001	310.7262
343.4882	310.7262
343.4882	310.2143
342.9763	310.2143
342.9763	309.7024
342.4644	309.7024
342.4644	309.1905
341.9524	309.1905
341.9524	308.6786
341.4405	308.6786
341.4405	308.1667
340.9286	308.1667
340.9286	307.6548
340.4167	307.6548
340.4167	307.1429
339.9048	307.1429
339.9048	306.6310
339.3929	306.6310
339.3929	306.1191
338.8810	306.1191
338.8810	305.6072
338.3691	305.6072
338.3691	305.0953
337.8572	305.0953
337.8572	304.5834
337.3453	304.5834
337.3453	304.0715
336.8334	304.0715
336.8334	303.5596
336.3215	303.5596
336.3215	303.0477
335.2977	303.0477
335.2977	302.0239
334.7858	302.0239
334.7858	301.5120
334.2739	301.5120
334.2739	301.0001
333.7620	301.0001
333.7620	299.9762
333.2501	299.9762
333.2501	299.4643
332.7382	299.4643
332.7382	298.9524
332.2263	298.9524
332.2263	298.4405
331.7143	298.4405
331.7143	297.9286
331.2024	297.9286
331.2024	297.4167
330.6905	297.4167
330.6905	296.9048
330.1786	296.9048
330.1786	296.3929
329.1548	296.3929
329.1548	295.8810
328.6429	295.8810
328.6429	295.3691
328.1310	295.3691
328.1310	294.8572
327.6191	294.8572
327.6191	294.3453
327.1072	294.3453
327.1072	293.8334
326.5953	293.8334
326.5953	293.3215
325.5715	293.3215
325.5715	291.7858
325.0596	291.7858
325.0596	290.2501
324.5477	290.2501
324.5477	289.2262
324.0358	289.2262
324.0358	288.2024
323.5239	288.2024
323.5239	287.6905
323.0120	287.6905
323.0120	287.1786
322.5001	287.1786
322.5001	286.6667
321.9882	286.6667
321.9882	286.1548
321.4763	286.1548
321.4763	285.6429
320.4524	285.6429
320.4524	285.1310
319.4286	285.1310
319.4286	284.6191
316.8691	284.6191
316.8691	283.5953
317.3810	283.5953
317.3810	278.9881
316.8691	278.9881
316.8691	276.4286
316.3572	276.4286
316.3572	270.2858
315.8453	270.2858
315.8453	267.7262
315.3334	267.7262
315.3334	266.1905
314.8215	266.1905
314.8215	265.1667
314.3096	265.1667
314.3096	264.1429
313.7977	264.1429
313.7977	263.1191
313.2858	263.1191
313.2858	262.0953
312.7739	262.0953
312.7739	261.0715
312.2620	261.0715
312.2620	260.5596
311.7501	260.5596
311.7501	260.0477
311.2382	260.0477
311.2382	259.5358
310.7262	259.5358
310.7262	259.0239
310.2143	259.0239
310.2143	258.5120
309.1905	258.5120
309.1905	255.4405
308.6786	255.4405
308.6786	254.4167
309.1905	254.4167
309.1905	253.9048
309.7024	253.9048
309.7024	253.3929
310.2143	253.3929
310.2143	252.8810
310.7262	252.8810
310.7262	251.8572
311.2382	251.8572
311.2382	250.8334
311.7501	250.8334
311.7501	249.8096
312.2620	249.8096
312.2620	247.2500
312.7739	247.2500
312.7739	240.0834
313.2858	240.0834
313.2858	237.5239
313.7977	237.5239
313.7977	234.9643
313.2858	234.9643
313.2858	232.4048
312.7739	232.4048
312.7739	230.3572
312.2620	230.3572
312.2620	229.3334
311.7501	229.3334
311.7501	228.3096
311.2382	228.3096
311.2382	226.7739
311.7501	226.7739
311.7501	225.7500
312.2620	225.7500
312.2620	224.7262
312.7739	224.7262
312.7739	223.7024
313.2858	223.7024
313.2858	222.6786
313.7977	222.6786
313.7977	222.1667
314.8215	222.1667
314.8215	221.6548
315.8453	221.6548
315.8453	221.1429
316.3572	221.1429
316.3572	220.6310
316.8691	220.6310
316.8691	220.1191
317.3810	220.1191
317.3810	219.6072
317.8929	219.6072
317.8929	219.0953
318.4048	219.0953
318.4048	218.5834
318.9167	218.5834
318.9167	218.0715
319.4286	218.0715
319.4286	217.5596
320.4524	217.5596
320.4524	217.0477
320.9643	217.0477
320.9643	216.5358
321.4763	216.5358
321.4763	216.0239
321.9882	216.0239
321.9882	215.5119
323.0120	215.5119
323.0120	215.0000
323.5239	215.0000
323.5239	214.4881
324.0358	214.4881
324.0358	213.9762
324.5477	213.9762
324.5477	213.4643
325.5715	213.4643
325.5715	212.9524
327.1072	212.9524
327.1072	212.4405
328.1310	212.4405
328.1310	211.9286
329.1548	211.9286
329.1548	211.4167
329.6667	211.4167
329.6667	210.9048
332.7382	210.9048
332.7382	210.3929
335.2977	210.3929
335.2977	209.8810
336.3215	209.8810
336.3215	209.3691
339.9048	209.3691
