341.4405	202.7143
342.4644	202.7143
342.4644	203.2262
343.4882	203.2262
343.4882	203.7381
346.0477	203.7381
346.0477	204.2500
348.0953	204.2500
348.0953	204.7619
350.6548	204.7619
350.6548	205.2738
351.6786	205.2738
351.6786	205.7858
354.2382	205.7858
354.2382	206.2977
356.7977	206.2977
356.7977	206.8096
357.3096	206.8096
357.3096	207.3215
357.8215	207.3215
357.8215	207.8334
358.3334	207.8334
358.3334	208.3453
358.8453	208.3453
358.8453	208.8572
359.8691	208.8572
359.8691	209.3691
360.8929	209.3691
360.8929	209.8810
361.9167	209.8810
361.9167	210.3929
362.9405	210.3929
362.9405	210.9048
365.5001	210.9048
365.5001	211.4167
366.5239	211.4167
366.5239	211.9286
367.0358	211.9286
367.0358	212.4405
367.5477	212.4405
367.5477	212.9524
368.0596	212.9524
368.0596	213.4643
368.5715	213.4643
368.5715	213.9762
369.5953	213.9762
369.5953	214.4881
370.1072	214.4881
370.1072	215.0000
371.1310	215.0000
371.1310	215.5119
371.6429	215.5119
371.6429	216.0239
372.1548	216.0239
372.1548	216.5358
372.6667	216.5358
372.6667	217.0477
373.1786	217.0477
373.1786	217.5596
373.6905	217.5596
373.6905	218.0715
374.2025	218.0715
374.2025	218.5834
374.7144	218.5834
374.7144	219.6072
375.2263	219.6072
375.2263	220.6310
375.7382	220.6310
375.7382	221.1429
376.2501	221.1429
376.2501	221.6548
376.7620	221.6548
376.7620	222.1667
377.2739	222.1667
377.2739	222.6786
377.7858	222.6786
377.7858	223.1905
378.2977	223.1905
378.2977	223.7024
378.8096	223.7024
378.8096	224.7262
379.3215	224.7262
379.3215	225.2381
379.8334	225.2381
379.8334	225.7500
380.3453	225.7500
380.3453	226.2619
380.8572	226.2619
380.8572	226.7739
381.3691	226.7739
381.3691	227.2858
381.8810	227.2858
381.8810	227.7977
382.3929	227.7977
382.3929	228.3096
382.9048	228.3096
382.9048	228.8215
383.4167	228.8215
383.4167	229.3334
384.4405	229.3334
384.4405	229.8453
384.9525	229.8453
384.9525	230.3572
385.4644	230.3572
385.4644	230.8691
386.4882	230.8691
386.4882	231.3810
387.0001	231.3810
387.0001	232.4048
387.5120	232.4048
387.5120	232.9167
388.0239	232.9167
388.0239	233.4286
388.5358	233.4286
388.5358	233.9405
389.0477	233.9405
389.0477	234.4524
389.5596	234.4524
389.5596	234.9643
390.0715	234.9643
390.0715	235.4762
390.5834	235.4762
390.5834	235.9881
391.0953	235.9881
391.0953	236.5000
391.6072	236.5000
391.6072	237.0119
392.1191	237.0119
392.1191	237.5239
392.6310	237.5239
392.6310	238.5477
393.1429	238.5477
393.1429	239.0596
393.6548	239.0596
393.6548	239.5715
394.1667	239.5715
394.1667	240.0834
394.6786	240.0834
394.6786	240.5953
395.1906	240.5953
395.1906	241.1072
395.7025	241.1072
395.7025	242.1310
396.2144	242.1310
396.2144	242.6429
396.7263	242.6429
396.7263	243.1548
397.2382	243.1548
397.2382	243.6667
397.7501	243.6667
397.7501	244.1786
398.2620	244.1786
398.2620	245.2024
398.7739	245.2024
398.7739	246.2262
399.2858	246.2262
399.2858	247.2500
399.7977	247.2500
399.7977	248.2739
400.3096	248.2739
400.3096	249.2977
400.8215	249.2977
400.8215	249.8096
401.3334	249.8096
401.3334	250.8334
401.8453	250.8334
401.8453	252.8810
402.3572	252.8810
402.3572	255.4405
402.8691	255.4405
402.8691	256.9762
403.3810	256.9762
403.3810	259.0239
403.8929	259.0239
403.8929	261.5834
404.4048	261.5834
404.4048	264.1429
404.9167	264.1429
404.9167	268.2381
405.4286	268.2381
405.4286	270.7977
405.9406	270.7977
405.9406	273.3572
406.4525	273.3572
406.4525	275.4048
406.9644	275.4048
406.9644	276.4286
407.4763	276.4286
407.4763	277.4524
407.9882	277.4524
407.9882	278.4762
408.5001	278.4762
408.5001	279.5001
409.0120	279.5001
409.0120	282.0596
409.5239	282.0596
409.5239	283.0834
410.0358	283.0834
410.0358	284.1072
410.5477	284.1072
410.5477	285.6429
411.0596	285.6429
411.0596	287.1786
411.5715	287.1786
411.5715	288.2024
412.0834	288.2024
412.0834	289.2262
412.5953	289.2262
412.5953	290.2501
413.1072	290.2501
413.1072	291.2739
413.6191	291.2739
413.6191	300.4882
414.1310	300.4882
414.1310	307.1429
413.6191	307.1429
413.6191	308.1667
413.1072	308.1667
413.1072	309.1905
412.5953	309.1905
412.5953	310.2143
412.0834	310.2143
412.0834	311.2382
411.5715	311.2382
411.5715	312.2620
411.0596	312.2620
411.0596	314.3096
410.5477	314.3096
410.5477	315.3334
410.0358	315.3334
410.0358	316.3572
409.5239	316.3572
409.5239	316.8691
409.0120	316.8691
409.0120	317.8929
408.5001	317.8929
408.5001	318.9167
407.9882	318.9167
407.9882	319.9405
407.4763	319.9405
407.4763	320.9643
406.9644	320.9643
406.9644	321.4763
406.4525	321.4763
406.4525	322.5001
405.9406	322.5001
405.9406	323.5239
405.4286	323.5239
405.4286	324.0358
404.9167	324.0358
404.9167	324.5477
404.4048	324.5477
404.4048	325.0596
403.8929	325.0596
403.8929	325.5715
403.3810	325.5715
403.3810	326.0834
402.8691	326.0834
402.8691	326.5953
402.3572	326.5953
402.3572	327.1072
401.8453	327.1072
401.8453	327.6191
401.3334	327.6191
401.3334	328.1310
400.8215	328.1310
400.8215	328.6429
400.3096	328.6429
400.3096	329.1548
399.2858	329.1548
399.2858	329.6667
398.7739	329.6667
398.7739	330.1786
398.2620	330.1786
398.2620	330.6905
397.7501	330.6905
397.7501	331.2024
396.7263	331.2024
396.7263	331.7143
395.7025	331.7143
395.7025	332.2263
393.1429	332.2263
393.1429	332.7382
390.5834	332.7382
390.5834	333.2501
384.9525	333.2501
384.9525	333.7620
382.9048	333.7620
382.9048	333.2501
380.8572	333.2501
380.8572	332.7382
379.8334	332.7382
379.8334	332.2263
379.3215	332.2263
379.3215	331.7143
378.8096	331.7143
378.8096	331.2024
378.2977	331.2024
378.2977	330.6905
377.7858	330.6905
377.7858	330.1786
377.2739	330.1786
377.2739	329.6667
376.2501	329.6667
376.2501	329.1548
375.2263	329.1548
375.2263	328.6429
372.6667	328.6429
372.6667	328.1310
370.1072	328.1310
370.1072	328.6429
367.5477	328.6429
367.5477	329.1548
366.5239	329.1548
366.5239	329.6667
365.5001	329.6667
365.5001	330.1786
363.9644	330.1786
363.9644	329.6667
362.9405	329.6667
362.9405	329.1548
360.3810	329.1548
360.3810	328.6429
355.7739	328.6429
355.7739	328.1310
355.2620	328.1310
355.2620	327.6191
354.7501	327.6191
354.7501	327.1072
354.2382	327.1072
354.2382	326.5953
353.7263	326.5953
353.7263	326.0834
353.2144	326.0834
353.2144	325.5715
352.7024	325.5715
352.7024	325.0596
351.6786	325.0596
351.6786	324.5477
351.1667	324.5477
351.1667	324.0358
350.6548	324.0358
350.6548	323.5239
350.1429	323.5239
350.1429	323.0120
349.6310	323.0120
349.6310	322.5001
349.1191	322.5001
349.1191	321.9882
348.6072	321.9882
348.6072	321.4763
348.0953	321.4763
348.0953	320.9643
347.5834	320.9643
347.5834	320.4524
347.0715	320.4524
347.0715	319.9405
346.5596	319.9405
346.5596	319.4286
346.0477	319.4286
346.0477	318.9167
345.0239	318.9167
345.0239	318.4048
344.0001	318.4048
344.0001	317.8929
342.9763	317.8929
342.9763	317.3810
340.4167	317.3810
340.4167	316.8691
339.9048	316.8691
339.9048	316.3572
339.3929	316.3572
339.3929	315.8453
338.8810	315.8453
338.8810	315.3334
338.3691	315.3334
338.3691	314.8215
337.8572	314.8215
337.8572	314.3096
337.3453	314.3096
337.3453	313.7977
336.3215	313.7977
336.3215	313.2858
335.2977	313.2858
335.2977	312.2620
334.7858	312.2620
334.7858	311.2382
334.2739	311.2382
334.2739	310.7262
333.7620	310.7262
333.7620	310.2143
333.2501	310.2143
333.2501	309.7024
332.7382	309.7024
332.7382	309.1905
332.2263	309.1905
332.2263	308.6786
331.2024	308.6786
331.2024	306.1191
331.7143	306.1191
331.7143	301.0001
331.2024	301.0001
331.2024	298.4405
330.6905	298.4405
330.6905	297.4167
330.1786	297.4167
330.1786	296.3929
329.6667	296.3929
329.6667	295.8810
329.1548	295.8810
329.1548	295.3691
328.6429	295.3691
328.6429	294.8572
328.1310	294.8572
328.1310	294.3453
327.6191	294.3453
327.6191	293.8334
326.5953	293.8334
326.5953	293.3215
325.5715	293.3215
325.5715	292.8096
324.5477	292.8096
324.5477	292.2977
323.5239	292.2977
323.5239	291.7858
320.9643	291.7858
320.9643	291.2739
320.4524	291.2739
320.4524	290.2501
319.9405	290.2501
319.9405	289.7382
319.4286	289.7382
319.4286	289.2262
318.9167	289.2262
318.9167	286.6667
318.4048	286.6667
318.4048	285.6429
317.8929	285.6429
317.8929	284.6191
317.3810	284.6191
317.3810	284.1072
316.8691	284.1072
316.8691	283.0834
316.3572	283.0834
316.3572	282.5715
315.8453	282.5715
315.8453	282.0596
315.3334	282.0596
315.3334	281.5477
314.8215	281.5477
314.8215	281.0358
314.3096	281.0358
314.3096	280.5239
313.2858	280.5239
313.2858	280.0120
312.7739	280.0120
312.7739	279.5001
313.2858	279.5001
313.2858	275.9167
312.7739	275.9167
312.7739	273.3572
312.2620	273.3572
312.2620	272.3334
311.7501	272.3334
311.7501	271.3096
311.2382	271.3096
311.2382	270.7977
310.7262	270.7977
310.7262	270.2858
310.2143	270.2858
310.2143	269.7739
309.7024	269.7739
309.7024	269.2620
309.1905	269.2620
309.1905	267.7262
308.6786	267.7262
308.6786	266.7024
308.1667	266.7024
308.1667	266.1905
308.6786	266.1905
308.6786	265.6786
309.1905	265.6786
309.1905	265.1667
309.7024	265.1667
309.7024	264.1429
310.2143	264.1429
310.2143	263.1191
310.7262	263.1191
310.7262	260.5596
311.2382	260.5596
311.2382	257.4881
310.7262	257.4881
310.7262	254.9286
310.2143	254.9286
310.2143	252.8810
309.7024	252.8810
309.7024	251.8572
309.1905	251.8572
309.1905	249.2977
308.6786	249.2977
308.6786	248.2739
308.1667	248.2739
308.1667	247.2500
308.6786	247.2500
308.6786	243.6667
308.1667	243.6667
308.1667	241.1072
307.6548	241.1072
307.6548	240.0834
307.1429	240.0834
307.1429	239.0596
306.6310	239.0596
306.6310	238.5477
306.1191	238.5477
306.1191	238.0358
305.6072	238.0358
305.6072	237.5239
305.0953	237.5239
305.0953	237.0119
304.5834	237.0119
304.5834	236.5000
303.5596	236.5000
303.5596	235.9881
302.5358	235.9881
302.5358	233.4286
303.0477	233.4286
303.0477	232.9167
303.5596	232.9167
303.5596	231.8929
304.0715	231.8929
304.0715	230.8691
304.5834	230.8691
304.5834	228.3096
305.0953	228.3096
305.0953	225.2381
305.6072	225.2381
305.6072	224.7262
306.1191	224.7262
306.1191	224.2143
306.6310	224.2143
306.6310	223.1905
307.1429	223.1905
307.1429	222.6786
307.6548	222.6786
307.6548	221.6548
308.1667	221.6548
308.1667	221.1429
308.6786	221.1429
308.6786	220.6310
309.1905	220.6310
309.1905	220.1191
309.7024	220.1191
309.7024	219.6072
310.2143	219.6072
310.2143	219.0953
310.7262	219.0953
310.7262	218.5834
311.2382	218.5834
311.2382	217.5596
311.7501	217.5596
311.7501	216.5358
312.7739	216.5358
312.7739	216.0239
313.2858	216.0239
313.2858	215.5119
313.7977	215.5119
313.7977	215.0000
314.3096	215.0000
314.3096	214.4881
314.8215	214.4881
314.8215	213.9762
315.3334	213.9762
315.3334	212.9524
316.3572	212.9524
316.3572	212.4405
316.8691	212.4405
316.8691	211.9286
317.3810	211.9286
317.3810	211.4167
317.8929	211.4167
317.8929	210.9048
318.4048	210.9048
318.4048	210.3929
318.9167	210.3929
318.9167	209.8810
319.4286	209.8810
319.4286	209.3691
319.9405	209.3691
319.9405	208.8572
320.9643	208.8572
320.9643	208.3453
321.4763	208.3453
321.4763	207.8334
323.0120	207.8334
323.0120	207.3215
324.0358	207.3215
324.0358	206.8096
325.0596	206.8096
325.0596	206.2977
325.5715	206.2977
325.5715	205.7858
326.0834	205.7858
326.0834	205.2738
327.1072	205.2738
327.1072	204.7619
329.1548	204.7619
329.1548	204.2500
330.1786	204.2500
330.1786	203.7381
331.2024	203.7381
331.2024	203.2262
332.2263	203.2262
332.2263	202.7143
335.8096	202.7143
335.8096	202.2024
341.4405	202.2024
