357.8215	234.4524
360.8929	234.4524
360.8929	234.9643
363.4525	234.9643
363.4525	235.4762
366.0120	235.4762
366.0120	235.9881
378.2977	235.9881
378.2977	235.4762
379.3215	235.4762
379.3215	237.0119
378.8096	237.0119
378.8096	240.0834
379.3215	240.0834
379.3215	242.6429
379.8334	242.6429
379.8334	243.6667
380.3453	243.6667
380.3453	244.6905
380.8572	244.6905
380.8572	245.2024
381.3691	245.2024
381.3691	245.7143
381.8810	245.7143
381.8810	246.2262
382.3929	246.2262
382.3929	246.7381
382.9048	246.7381
382.9048	247.2500
383.4167	247.2500
383.4167	247.7620
383.9286	247.7620
383.9286	248.2739
384.9525	248.2739
384.9525	249.2977
385.4644	249.2977
385.4644	249.8096
385.9763	249.8096
385.9763	250.3215
386.4882	250.3215
386.4882	250.8334
387.0001	250.8334
387.0001	251.3453
387.5120	251.3453
387.5120	251.8572
388.5358	251.8572
388.5358	252.8810
389.0477	252.8810
389.0477	253.9048
389.5596	253.9048
389.5596	256.4643
390.0715	256.4643
390.0715	257.4881
390.5834	257.4881
390.5834	259.0239
391.0953	259.0239
391.0953	264.6548
390.5834	264.6548
390.5834	267.2143
391.0953	267.2143
391.0953	268.2381
390.5834	268.2381
390.5834	273.3572
390.0715	273.3572
390.0715	273.8691
389.5596	273.8691
389.5596	274.3810
389.0477	274.3810
389.0477	275.4048
388.5358	275.4048
388.5358	276.4286
388.0239	276.4286
388.0239	278.9881
387.5120	278.9881
387.5120	279.5001
387.0001	279.5001
387.0001	280.0120
386.4882	280.0120
386.4882	280.5239
385.9763	280.5239
385.9763	281.0358
385.4644	281.0358
385.4644	282.0596
384.9525	282.0596
384.9525	282.5715
384.4405	282.5715
384.4405	283.0834
383.9286	283.0834
383.9286	284.1072
383.4167	284.1072
383.4167	285.1310
382.9048	285.1310
382.9048	286.1548
382.3929	286.1548
382.3929	286.6667
381.8810	286.6667
381.8810	287.6905
381.3691	287.6905
381.3691	288.7143
380.8572	288.7143
380.8572	289.7382
380.3453	289.7382
380.3453	290.7620
379.8334	290.7620
379.8334	291.7858
379.3215	291.7858
379.3215	293.3215
377.7858	293.3215
377.7858	293.8334
376.7620	293.8334
376.7620	294.3453
375.7382	294.3453
375.7382	294.8572
375.2263	294.8572
375.2263	295.3691
374.2025	295.3691
374.2025	294.8572
372.1548	294.8572
372.1548	294.3453
369.5953	294.3453
369.5953	293.8334
366.5239	293.8334
366.5239	294.3453
363.9644	294.3453
363.9644	294.8572
362.9405	294.8572
362.9405	295.3691
361.9167	295.3691
361.9167	294.8572
361.4048	294.8572
361.4048	294.3453
360.3810	294.3453
360.3810	293.8334
359.3572	293.8334
359.3572	293.3215
356.7977	293.3215
356.7977	292.8096
351.1667	292.8096
351.1667	293.3215
348.6072	293.3215
348.6072	293.8334
347.0715	293.8334
347.0715	293.3215
340.9286	293.3215
340.9286	292.8096
335.8096	292.8096
335.8096	291.7858
335.2977	291.7858
335.2977	289.2262
334.7858	289.2262
334.7858	288.2024
334.2739	288.2024
334.2739	287.1786
333.7620	287.1786
333.7620	286.6667
333.2501	286.6667
333.2501	286.1548
332.7382	286.1548
332.7382	285.1310
332.2263	285.1310
332.2263	282.5715
331.7143	282.5715
331.7143	280.0120
331.2024	280.0120
331.2024	278.4762
330.6905	278.4762
330.6905	277.4524
330.1786	277.4524
330.1786	276.4286
329.6667	276.4286
329.6667	275.4048
329.1548	275.4048
329.1548	272.8453
328.6429	272.8453
328.6429	270.7977
328.1310	270.7977
328.1310	269.7739
327.6191	269.7739
327.6191	267.2143
327.1072	267.2143
327.1072	266.1905
326.5953	266.1905
326.5953	265.1667
326.0834	265.1667
326.0834	264.1429
326.5953	264.1429
326.5953	263.6310
327.1072	263.6310
327.1072	263.1191
327.6191	263.1191
327.6191	262.0953
328.1310	262.0953
328.1310	261.0715
328.6429	261.0715
328.6429	259.5358
329.1548	259.5358
329.1548	259.0239
329.6667	259.0239
329.6667	258.0000
330.1786	258.0000
330.1786	256.9762
330.6905	256.9762
330.6905	255.4405
331.2024	255.4405
331.2024	254.4167
331.7143	254.4167
331.7143	253.3929
332.2263	253.3929
332.2263	250.8334
332.7382	250.8334
332.7382	246.7381
333.2501	246.7381
333.2501	246.2262
333.7620	246.2262
333.7620	245.7143
334.7858	245.7143
334.7858	245.2024
335.8096	245.2024
335.8096	244.6905
336.8334	244.6905
336.8334	244.1786
337.8572	244.1786
337.8572	243.6667
338.3691	243.6667
338.3691	243.1548
338.8810	243.1548
338.8810	242.6429
339.3929	242.6429
339.3929	242.1310
339.9048	242.1310
339.9048	241.6191
340.4167	241.6191
340.4167	241.1072
341.4405	241.1072
341.4405	240.5953
342.4644	240.5953
342.4644	240.0834
343.4882	240.0834
343.4882	239.5715
344.0001	239.5715
344.0001	239.0596
344.5120	239.0596
344.5120	238.5477
345.5358	238.5477
345.5358	238.0358
346.0477	238.0358
346.0477	237.5239
346.5596	237.5239
346.5596	237.0119
347.0715	237.0119
347.0715	236.5000
347.5834	236.5000
347.5834	235.9881
349.6310	235.9881
349.6310	235.4762
351.6786	235.4762
351.6786	234.9643
352.7024	234.9643
352.7024	234.4524
353.7263	234.4524
353.7263	233.9405
357.8215	233.9405
