336.3215	183.2619
339.3929	183.2619
339.3929	183.7738
340.4167	183.7738
340.4167	184.2857
341.4405	184.2857
341.4405	184.7977
342.4644	184.7977
342.4644	185.3096
345.0239	185.3096
345.0239	185.8215
345.5358	185.8215
345.5358	186.3334
346.5596	186.3334
346.5596	186.8453
347.5834	186.8453
347.5834	187.3572
348.0953	187.3572
348.0953	187.8691
349.1191	187.8691
349.1191	188.3810
350.1429	188.3810
350.1429	188.8929
351.1667	188.8929
351.1667	189.4048
352.1905	189.4048
352.1905	189.9167
353.2144	189.9167
353.2144	190.4286
353.7263	190.4286
353.7263	190.9405
354.2382	190.9405
354.2382	191.4524
354.7501	191.4524
354.7501	191.9643
355.2620	191.9643
355.2620	192.4762
355.7739	192.4762
355.7739	192.9881
356.7977	192.9881
356.7977	193.5000
357.8215	193.5000
357.8215	194.0119
358.3334	194.0119
358.3334	194.5238
358.8453	194.5238
358.8453	195.0358
359.3572	195.0358
359.3572	195.5477
359.8691	195.5477
359.8691	196.0596
360.8929	196.0596
360.8929	196.5715
361.9167	196.5715
361.9167	197.0834
362.9405	197.0834
362.9405	197.5953
363.4525	197.5953
363.4525	198.1072
363.9644	198.1072
363.9644	198.6191
364.9882	198.6191
364.9882	199.1310
365.5001	199.1310
365.5001	199.6429
366.5239	199.6429
366.5239	200.1548
367.0358	200.1548
367.0358	200.6667
367.5477	200.6667
367.5477	201.1786
368.0596	201.1786
368.0596	201.6905
368.5715	201.6905
368.5715	202.2024
369.0834	202.2024
369.0834	202.7143
370.1072	202.7143
370.1072	203.2262
371.1310	203.2262
371.1310	203.7381
371.6429	203.7381
371.6429	204.2500
372.1548	204.2500
372.1548	204.7619
373.1786	204.7619
373.1786	205.2738
373.6905	205.2738
373.6905	206.2977
374.2025	206.2977
374.2025	207.3215
374.7144	207.3215
374.7144	207.8334
375.2263	207.8334
375.2263	208.3453
375.7382	208.3453
375.7382	208.8572
376.2501	208.8572
376.2501	209.3691
376.7620	209.3691
376.7620	209.8810
377.2739	209.8810
377.2739	210.3929
377.7858	210.3929
377.7858	210.9048
378.2977	210.9048
378.2977	211.4167
378.8096	211.4167
378.8096	211.9286
379.8334	211.9286
379.8334	212.4405
380.3453	212.4405
380.3453	212.9524
380.8572	212.9524
380.8572	213.4643
381.3691	213.4643
381.3691	213.9762
381.8810	213.9762
381.8810	216.5358
382.3929	216.5358
382.3929	218.0715
382.9048	218.0715
382.9048	219.0953
383.4167	219.0953
383.4167	220.1191
383.9286	220.1191
383.9286	221.1429
384.4405	221.1429
384.4405	221.6548
384.9525	221.6548
384.9525	222.1667
385.4644	222.1667
385.4644	222.6786
385.9763	222.6786
385.9763	223.7024
386.4882	223.7024
386.4882	225.2381
387.0001	225.2381
387.0001	227.2858
387.5120	227.2858
387.5120	228.8215
388.0239	228.8215
388.0239	229.8453
388.5358	229.8453
388.5358	230.8691
389.0477	230.8691
389.0477	231.8929
389.5596	231.8929
389.5596	233.4286
390.0715	233.4286
390.0715	235.4762
390.5834	235.4762
390.5834	238.0358
391.0953	238.0358
391.0953	239.0596
391.6072	239.0596
391.6072	240.0834
392.1191	240.0834
392.1191	240.5953
392.6310	240.5953
392.6310	243.1548
393.1429	243.1548
393.1429	245.2024
393.6548	245.2024
393.6548	246.2262
394.1667	246.2262
394.1667	247.2500
394.6786	247.2500
394.6786	248.2739
395.1906	248.2739
395.1906	248.7858
395.7025	248.7858
395.7025	249.2977
396.2144	249.2977
396.2144	251.8572
396.7263	251.8572
396.7263	252.8810
397.2382	252.8810
397.2382	254.9286
397.7501	254.9286
397.7501	255.9524
398.2620	255.9524
398.2620	256.9762
398.7739	256.9762
398.7739	258.0000
399.2858	258.0000
399.2858	259.0239
399.7977	259.0239
399.7977	260.0477
400.3096	260.0477
400.3096	260.5596
400.8215	260.5596
400.8215	261.0715
401.3334	261.0715
401.3334	261.5834
401.8453	261.5834
401.8453	262.6072
402.3572	262.6072
402.3572	263.1191
402.8691	263.1191
402.8691	264.6548
403.3810	264.6548
403.3810	265.6786
403.8929	265.6786
403.8929	266.7024
404.4048	266.7024
404.4048	267.7262
404.9167	267.7262
404.9167	268.2381
405.4286	268.2381
405.4286	268.7501
405.9406	268.7501
405.9406	269.2620
406.4525	269.2620
406.4525	270.2858
406.9644	270.2858
406.9644	270.7977
407.4763	270.7977
407.4763	271.3096
407.9882	271.3096
407.9882	271.8215
408.5001	271.8215
408.5001	272.3334
409.0120	272.3334
409.0120	273.3572
409.5239	273.3572
409.5239	275.4048
410.0358	275.4048
410.0358	276.4286
410.5477	276.4286
410.5477	277.4524
411.0596	277.4524
411.0596	277.9643
411.5715	277.9643
411.5715	278.4762
412.0834	278.4762
412.0834	278.9881
412.5953	278.9881
412.5953	279.5001
413.1072	279.5001
413.1072	280.0120
414.1310	280.0120
414.1310	280.5239
414.6429	280.5239
414.6429	281.0358
415.6667	281.0358
415.6667	281.5477
416.6906	281.5477
416.6906	282.0596
417.7144	282.0596
417.7144	283.5953
418.2263	283.5953
418.2263	285.6429
418.7382	285.6429
418.7382	288.2024
419.2501	288.2024
419.2501	289.2262
419.7620	289.2262
419.7620	291.2739
420.2739	291.2739
420.2739	299.4643
419.7620	299.4643
419.7620	303.5596
419.2501	303.5596
419.2501	305.6072
418.7382	305.6072
418.7382	306.6310
418.2263	306.6310
418.2263	309.1905
417.7144	309.1905
417.7144	310.2143
417.2025	310.2143
417.2025	311.7501
416.6906	311.7501
416.6906	312.2620
416.1787	312.2620
416.1787	313.2858
415.6667	313.2858
415.6667	313.7977
415.1548	313.7977
415.1548	314.8215
414.6429	314.8215
414.6429	315.8453
414.1310	315.8453
414.1310	316.3572
413.6191	316.3572
413.6191	317.3810
413.1072	317.3810
413.1072	318.4048
412.5953	318.4048
412.5953	318.9167
412.0834	318.9167
412.0834	319.4286
411.5715	319.4286
411.5715	319.9405
411.0596	319.9405
411.0596	320.4524
410.5477	320.4524
410.5477	320.9643
410.0358	320.9643
410.0358	321.4763
409.5239	321.4763
409.5239	321.9882
409.0120	321.9882
409.0120	322.5001
408.5001	322.5001
408.5001	323.5239
407.9882	323.5239
407.9882	324.0358
406.9644	324.0358
406.9644	324.5477
405.9406	324.5477
405.9406	325.0596
405.4286	325.0596
405.4286	325.5715
404.4048	325.5715
404.4048	326.0834
403.3810	326.0834
403.3810	326.5953
402.3572	326.5953
402.3572	327.1072
401.3334	327.1072
401.3334	327.6191
400.8215	327.6191
400.8215	328.1310
399.7977	328.1310
399.7977	328.6429
399.2858	328.6429
399.2858	329.1548
398.7739	329.1548
398.7739	329.6667
396.2144	329.6667
396.2144	330.1786
395.1906	330.1786
395.1906	330.6905
394.1667	330.6905
394.1667	331.2024
393.1429	331.2024
393.1429	331.7143
389.5596	331.7143
389.5596	332.2263
387.0001	332.2263
387.0001	332.7382
381.3691	332.7382
381.3691	333.2501
375.7382	333.2501
375.7382	332.7382
372.1548	332.7382
372.1548	332.2263
369.5953	332.2263
369.5953	331.7143
367.0358	331.7143
367.0358	331.2024
363.9644	331.2024
363.9644	330.6905
362.9405	330.6905
362.9405	330.1786
361.4048	330.1786
361.4048	329.6667
358.8453	329.6667
358.8453	329.1548
357.8215	329.1548
357.8215	328.6429
356.2858	328.6429
356.2858	328.1310
355.2620	328.1310
355.2620	327.6191
353.7263	327.6191
353.7263	327.1072
352.7024	327.1072
352.7024	326.5953
352.1905	326.5953
352.1905	326.0834
351.6786	326.0834
351.6786	325.5715
351.1667	325.5715
351.1667	325.0596
350.6548	325.0596
350.6548	324.5477
350.1429	324.5477
350.1429	324.0358
349.6310	324.0358
349.6310	323.5239
349.1191	323.5239
349.1191	323.0120
348.6072	323.0120
348.6072	321.9882
348.0953	321.9882
348.0953	321.4763
347.5834	321.4763
347.5834	320.9643
347.0715	320.9643
347.0715	320.4524
346.5596	320.4524
346.5596	319.9405
346.0477	319.9405
346.0477	319.4286
345.0239	319.4286
345.0239	318.9167
344.0001	318.9167
344.0001	318.4048
342.9763	318.4048
342.9763	317.3810
342.4644	317.3810
342.4644	316.8691
341.9524	316.8691
341.9524	316.3572
341.4405	316.3572
341.4405	315.8453
340.9286	315.8453
340.9286	314.8215
340.4167	314.8215
340.4167	313.7977
339.9048	313.7977
339.9048	312.7739
339.3929	312.7739
339.3929	311.7501
338.8810	311.7501
338.8810	310.7262
338.3691	310.7262
338.3691	309.7024
337.8572	309.7024
337.8572	309.1905
337.3453	309.1905
337.3453	308.6786
336.8334	308.6786
336.8334	307.6548
336.3215	307.6548
336.3215	307.1429
335.8096	307.1429
335.8096	305.0953
335.2977	305.0953
335.2977	303.5596
335.8096	303.5596
335.8096	299.4643
335.2977	299.4643
335.2977	296.9048
334.7858	296.9048
334.7858	294.3453
334.2739	294.3453
334.2739	293.3215
333.7620	293.3215
333.7620	292.2977
333.2501	292.2977
333.2501	291.2739
332.7382	291.2739
332.7382	290.2501
332.2263	290.2501
332.2263	289.7382
331.7143	289.7382
331.7143	289.2262
331.2024	289.2262
331.2024	288.7143
330.6905	288.7143
330.6905	288.2024
330.1786	288.2024
330.1786	287.6905
329.6667	287.6905
329.6667	287.1786
328.6429	287.1786
328.6429	285.1310
328.1310	285.1310
328.1310	284.1072
327.6191	284.1072
327.6191	283.0834
327.1072	283.0834
327.1072	282.5715
326.5953	282.5715
326.5953	282.0596
326.0834	282.0596
326.0834	281.5477
325.5715	281.5477
325.5715	281.0358
325.0596	281.0358
325.0596	280.5239
324.5477	280.5239
324.5477	280.0120
323.5239	280.0120
323.5239	279.5001
322.5001	279.5001
322.5001	278.9881
321.9882	278.9881
321.9882	278.4762
321.4763	278.4762
321.4763	277.9643
320.9643	277.9643
320.9643	277.4524
320.4524	277.4524
320.4524	276.9405
319.4286	276.9405
319.4286	276.4286
318.9167	276.4286
318.9167	274.8929
318.4048	274.8929
318.4048	273.8691
317.8929	273.8691
317.8929	272.8453
317.3810	272.8453
317.3810	272.3334
316.8691	272.3334
316.8691	271.8215
316.3572	271.8215
316.3572	271.3096
315.8453	271.3096
315.8453	270.7977
315.3334	270.7977
315.3334	270.2858
314.8215	270.2858
314.8215	269.7739
314.3096	269.7739
314.3096	269.2620
313.7977	269.2620
313.7977	268.7501
313.2858	268.7501
313.2858	268.2381
312.2620	268.2381
312.2620	267.7262
311.7501	267.7262
311.7501	266.7024
311.2382	266.7024
311.2382	265.6786
310.7262	265.6786
310.7262	264.6548
310.2143	264.6548
310.2143	264.1429
309.7024	264.1429
309.7024	263.6310
309.1905	263.6310
309.1905	263.1191
308.6786	263.1191
308.6786	262.6072
308.1667	262.6072
308.1667	262.0953
307.6548	262.0953
307.6548	261.5834
307.1429	261.5834
307.1429	261.0715
306.1191	261.0715
306.1191	260.5596
305.0953	260.5596
305.0953	260.0477
304.5834	260.0477
304.5834	259.5358
304.0715	259.5358
304.0715	259.0239
303.5596	259.0239
303.5596	258.0000
303.0477	258.0000
303.0477	256.9762
302.5358	256.9762
302.5358	255.9524
302.0239	255.9524
302.0239	255.4405
301.5120	255.4405
301.5120	253.9048
301.0001	253.9048
301.0001	252.8810
300.4882	252.8810
300.4882	251.8572
299.9762	251.8572
299.9762	248.7858
299.4643	248.7858
299.4643	246.2262
298.9524	246.2262
298.9524	245.2024
298.4405	245.2024
298.4405	243.1548
297.9286	243.1548
297.9286	240.5953
297.4167	240.5953
297.4167	239.5715
296.9048	239.5715
296.9048	238.5477
296.3929	238.5477
296.3929	237.5239
295.8810	237.5239
295.8810	236.5000
295.3691	236.5000
295.3691	235.4762
294.8572	235.4762
294.8572	234.9643
294.3453	234.9643
294.3453	234.4524
293.8334	234.4524
293.8334	233.9405
293.3215	233.9405
293.3215	233.4286
292.8096	233.4286
292.8096	232.9167
291.7858	232.9167
291.7858	230.3572
291.2739	230.3572
291.2739	228.8215
290.7620	228.8215
290.7620	227.7977
290.2501	227.7977
290.2501	227.2858
290.7620	227.2858
290.7620	225.2381
291.2739	225.2381
291.2739	222.6786
291.7858	222.6786
291.7858	221.6548
292.2977	221.6548
292.2977	219.0953
292.8096	219.0953
292.8096	216.0239
293.3215	216.0239
293.3215	215.5119
293.8334	215.5119
293.8334	215.0000
294.3453	215.0000
294.3453	213.9762
294.8572	213.9762
294.8572	212.9524
295.3691	212.9524
295.3691	210.9048
295.8810	210.9048
295.8810	209.8810
296.3929	209.8810
296.3929	208.8572
296.9048	208.8572
296.9048	207.8334
297.4167	207.8334
297.4167	206.8096
297.9286	206.8096
297.9286	204.7619
298.4405	204.7619
298.4405	204.2500
298.9524	204.2500
298.9524	203.7381
299.4643	203.7381
299.4643	203.2262
299.9762	203.2262
299.9762	202.7143
300.4882	202.7143
300.4882	202.2024
301.0001	202.2024
301.0001	201.6905
301.5120	201.6905
301.5120	201.1786
302.0239	201.1786
302.0239	200.1548
302.5358	200.1548
302.5358	199.1310
303.0477	199.1310
303.0477	198.1072
303.5596	198.1072
303.5596	197.0834
304.0715	197.0834
304.0715	196.0596
304.5834	196.0596
304.5834	193.5000
305.0953	193.5000
305.0953	192.9881
306.1191	192.9881
306.1191	192.4762
307.1429	192.4762
307.1429	191.9643
308.1667	191.9643
308.1667	191.4524
308.6786	191.4524
308.6786	190.9405
309.7024	190.9405
309.7024	190.4286
310.7262	190.4286
310.7262	189.9167
311.2382	189.9167
311.2382	189.4048
311.7501	189.4048
311.7501	188.8929
312.7739	188.8929
312.7739	188.3810
313.7977	188.3810
313.7977	187.8691
314.8215	187.8691
314.8215	187.3572
315.3334	187.3572
315.3334	186.8453
315.8453	186.8453
315.8453	186.3334
316.3572	186.3334
316.3572	185.8215
316.8691	185.8215
316.8691	185.3096
319.4286	185.3096
319.4286	184.7977
320.9643	184.7977
320.9643	184.2857
323.0120	184.2857
323.0120	183.7738
324.0358	183.7738
324.0358	183.2619
329.1548	183.2619
329.1548	182.7500
336.3215	182.7500
