335.8096	184.2857
336.8334	184.2857
336.8334	184.7977
337.8572	184.7977
337.8572	185.3096
339.9048	185.3096
339.9048	185.8215
341.4405	185.8215
341.4405	186.3334
342.4644	186.3334
342.4644	186.8453
343.4882	186.8453
343.4882	187.3572
344.5120	187.3572
344.5120	187.8691
346.0477	187.8691
346.0477	188.3810
346.5596	188.3810
346.5596	188.8929
347.0715	188.8929
347.0715	189.4048
348.0953	189.4048
348.0953	189.9167
349.1191	189.9167
349.1191	190.4286
351.6786	190.4286
351.6786	190.9405
352.1905	190.9405
352.1905	191.4524
352.7024	191.4524
352.7024	191.9643
353.2144	191.9643
353.2144	192.4762
353.7263	192.4762
353.7263	192.9881
354.2382	192.9881
354.2382	193.5000
354.7501	193.5000
354.7501	194.0119
355.2620	194.0119
355.2620	194.5238
356.2858	194.5238
356.2858	195.0358
357.3096	195.0358
357.3096	195.5477
357.8215	195.5477
357.8215	196.0596
358.3334	196.0596
358.3334	196.5715
358.8453	196.5715
358.8453	197.0834
359.8691	197.0834
359.8691	197.5953
360.8929	197.5953
360.8929	198.1072
361.4048	198.1072
361.4048	198.6191
362.4286	198.6191
362.4286	199.1310
363.4525	199.1310
363.4525	199.6429
363.9644	199.6429
363.9644	200.1548
364.9882	200.1548
364.9882	200.6667
365.5001	200.6667
365.5001	201.1786
366.0120	201.1786
366.0120	201.6905
367.0358	201.6905
367.0358	202.2024
368.0596	202.2024
368.0596	202.7143
369.5953	202.7143
369.5953	203.2262
370.6191	203.2262
370.6191	203.7381
372.1548	203.7381
372.1548	204.2500
373.1786	204.2500
373.1786	205.2738
373.6905	205.2738
373.6905	206.2977
374.2025	206.2977
374.2025	207.3215
374.7144	207.3215
374.7144	207.8334
375.2263	207.8334
375.2263	208.3453
375.7382	208.3453
375.7382	208.8572
376.2501	208.8572
376.2501	209.3691
376.7620	209.3691
376.7620	209.8810
377.2739	209.8810
377.2739	210.3929
377.7858	210.3929
377.7858	210.9048
378.2977	210.9048
378.2977	211.4167
378.8096	211.4167
378.8096	211.9286
379.3215	211.9286
379.3215	212.4405
379.8334	212.4405
379.8334	212.9524
380.3453	212.9524
380.3453	213.4643
381.3691	213.4643
381.3691	213.9762
381.8810	213.9762
381.8810	214.4881
382.3929	214.4881
382.3929	217.0477
382.9048	217.0477
382.9048	218.0715
383.4167	218.0715
383.4167	219.0953
383.9286	219.0953
383.9286	219.6072
384.4405	219.6072
384.4405	220.6310
384.9525	220.6310
384.9525	221.6548
385.4644	221.6548
385.4644	222.1667
385.9763	222.1667
385.9763	222.6786
386.4882	222.6786
386.4882	225.7500
387.0001	225.7500
387.0001	228.3096
387.5120	228.3096
387.5120	230.8691
388.0239	230.8691
388.0239	231.8929
388.5358	231.8929
388.5358	232.9167
389.0477	232.9167
389.0477	235.4762
389.5596	235.4762
389.5596	237.0119
390.0715	237.0119
390.0715	238.0358
390.5834	238.0358
390.5834	239.0596
391.0953	239.0596
391.0953	239.5715
391.6072	239.5715
391.6072	240.0834
392.1191	240.0834
392.1191	240.5953
392.6310	240.5953
392.6310	241.1072
393.1429	241.1072
393.1429	242.6429
393.6548	242.6429
393.6548	243.6667
394.1667	243.6667
394.1667	245.2024
394.6786	245.2024
394.6786	246.2262
395.1906	246.2262
395.1906	247.2500
395.7025	247.2500
395.7025	248.2739
396.2144	248.2739
396.2144	251.3453
396.7263	251.3453
396.7263	253.9048
397.2382	253.9048
397.2382	256.4643
397.7501	256.4643
397.7501	257.4881
398.2620	257.4881
398.2620	259.0239
398.7739	259.0239
398.7739	260.0477
399.2858	260.0477
399.2858	261.0715
399.7977	261.0715
399.7977	262.0953
400.3096	262.0953
400.3096	263.6310
400.8215	263.6310
400.8215	264.6548
401.3334	264.6548
401.3334	265.6786
401.8453	265.6786
401.8453	266.1905
402.3572	266.1905
402.3572	267.2143
402.8691	267.2143
402.8691	267.7262
403.3810	267.7262
403.3810	268.2381
403.8929	268.2381
403.8929	268.7501
404.4048	268.7501
404.4048	269.2620
404.9167	269.2620
404.9167	269.7739
405.4286	269.7739
405.4286	270.2858
405.9406	270.2858
405.9406	270.7977
406.4525	270.7977
406.4525	271.3096
406.9644	271.3096
406.9644	272.3334
407.4763	272.3334
407.4763	272.8453
407.9882	272.8453
407.9882	273.3572
408.5001	273.3572
408.5001	273.8691
409.0120	273.8691
409.0120	274.3810
409.5239	274.3810
409.5239	274.8929
410.0358	274.8929
410.0358	275.4048
411.0596	275.4048
411.0596	275.9167
411.5715	275.9167
411.5715	276.4286
412.0834	276.4286
412.0834	276.9405
412.5953	276.9405
412.5953	277.4524
413.1072	277.4524
413.1072	277.9643
413.6191	277.9643
413.6191	278.4762
414.1310	278.4762
414.1310	278.9881
414.6429	278.9881
414.6429	279.5001
415.1548	279.5001
415.1548	280.0120
415.6667	280.0120
415.6667	280.5239
416.1787	280.5239
416.1787	281.0358
416.6906	281.0358
416.6906	281.5477
417.7144	281.5477
417.7144	282.5715
418.2263	282.5715
418.2263	283.0834
418.7382	283.0834
418.7382	284.1072
419.2501	284.1072
419.2501	285.1310
419.7620	285.1310
419.7620	286.1548
420.2739	286.1548
420.2739	287.1786
420.7858	287.1786
420.7858	289.2262
421.2977	289.2262
421.2977	294.3453
421.8096	294.3453
421.8096	296.9048
422.3215	296.9048
422.3215	297.4167
421.8096	297.4167
421.8096	299.9762
422.3215	299.9762
422.3215	301.5120
421.8096	301.5120
421.8096	304.0715
421.2977	304.0715
421.2977	305.6072
420.7858	305.6072
420.7858	307.1429
420.2739	307.1429
420.2739	309.1905
419.7620	309.1905
419.7620	309.7024
419.2501	309.7024
419.2501	310.7262
418.7382	310.7262
418.7382	311.7501
418.2263	311.7501
418.2263	313.2858
417.7144	313.2858
417.7144	314.3096
417.2025	314.3096
417.2025	314.8215
416.6906	314.8215
416.6906	315.8453
416.1787	315.8453
416.1787	316.8691
415.6667	316.8691
415.6667	317.8929
415.1548	317.8929
415.1548	318.4048
414.6429	318.4048
414.6429	319.4286
414.1310	319.4286
414.1310	320.4524
413.6191	320.4524
413.6191	320.9643
413.1072	320.9643
413.1072	321.4763
412.5953	321.4763
412.5953	321.9882
412.0834	321.9882
412.0834	322.5001
411.5715	322.5001
411.5715	323.0120
411.0596	323.0120
411.0596	324.0358
410.5477	324.0358
410.5477	324.5477
410.0358	324.5477
410.0358	325.0596
409.5239	325.0596
409.5239	326.0834
408.5001	326.0834
408.5001	326.5953
407.4763	326.5953
407.4763	327.1072
406.4525	327.1072
406.4525	327.6191
405.9406	327.6191
405.9406	328.1310
404.9167	328.1310
404.9167	328.6429
403.8929	328.6429
403.8929	329.1548
402.8691	329.1548
402.8691	329.6667
401.8453	329.6667
401.8453	330.1786
400.3096	330.1786
400.3096	330.6905
398.2620	330.6905
398.2620	331.2024
397.2382	331.2024
397.2382	331.7143
394.6786	331.7143
394.6786	332.2263
393.1429	332.2263
393.1429	332.7382
391.6072	332.7382
391.6072	333.2501
389.5596	333.2501
389.5596	333.7620
379.8334	333.7620
379.8334	334.2739
376.7620	334.2739
376.7620	334.7858
375.7382	334.7858
375.7382	334.2739
371.6429	334.2739
371.6429	333.7620
369.0834	333.7620
369.0834	333.2501
367.0358	333.2501
367.0358	332.7382
364.4763	332.7382
364.4763	332.2263
362.9405	332.2263
362.9405	331.7143
360.3810	331.7143
360.3810	331.2024
359.3572	331.2024
359.3572	330.6905
357.8215	330.6905
357.8215	330.1786
355.2620	330.1786
355.2620	329.6667
354.7501	329.6667
354.7501	329.1548
354.2382	329.1548
354.2382	328.6429
353.7263	328.6429
353.7263	328.1310
352.7024	328.1310
352.7024	327.6191
352.1905	327.6191
352.1905	326.5953
351.6786	326.5953
351.6786	326.0834
351.1667	326.0834
351.1667	325.5715
350.6548	325.5715
350.6548	325.0596
350.1429	325.0596
350.1429	324.5477
349.6310	324.5477
349.6310	324.0358
348.6072	324.0358
348.6072	323.5239
347.5834	323.5239
347.5834	323.0120
345.5358	323.0120
345.5358	322.5001
344.5120	322.5001
344.5120	321.9882
343.4882	321.9882
343.4882	321.4763
342.4644	321.4763
342.4644	320.9643
341.9524	320.9643
341.9524	320.4524
341.4405	320.4524
341.4405	319.9405
340.4167	319.9405
340.4167	319.4286
339.9048	319.4286
339.9048	318.4048
339.3929	318.4048
339.3929	317.3810
338.8810	317.3810
338.8810	316.3572
338.3691	316.3572
338.3691	315.3334
337.8572	315.3334
337.8572	314.8215
337.3453	314.8215
337.3453	313.2858
336.8334	313.2858
336.8334	312.2620
336.3215	312.2620
336.3215	311.2382
335.8096	311.2382
335.8096	310.2143
335.2977	310.2143
335.2977	309.1905
334.7858	309.1905
334.7858	307.1429
334.2739	307.1429
334.2739	304.5834
333.7620	304.5834
333.7620	303.5596
333.2501	303.5596
333.2501	302.5358
332.7382	302.5358
332.7382	302.0239
332.2263	302.0239
332.2263	299.4643
331.7143	299.4643
331.7143	296.9048
331.2024	296.9048
331.2024	295.8810
330.6905	295.8810
330.6905	294.8572
330.1786	294.8572
330.1786	293.3215
329.6667	293.3215
329.6667	292.2977
329.1548	292.2977
329.1548	291.2739
328.6429	291.2739
328.6429	290.2501
328.1310	290.2501
328.1310	289.7382
327.6191	289.7382
327.6191	289.2262
327.1072	289.2262
327.1072	288.7143
326.5953	288.7143
326.5953	288.2024
326.0834	288.2024
326.0834	287.1786
325.5715	287.1786
325.5715	286.1548
325.0596	286.1548
325.0596	283.5953
324.5477	283.5953
324.5477	282.5715
324.0358	282.5715
324.0358	281.5477
323.5239	281.5477
323.5239	281.0358
323.0120	281.0358
323.0120	280.5239
322.5001	280.5239
322.5001	280.0120
321.9882	280.0120
321.9882	279.5001
321.4763	279.5001
321.4763	278.9881
320.9643	278.9881
320.9643	278.4762
320.4524	278.4762
320.4524	277.9643
319.4286	277.9643
319.4286	276.9405
318.9167	276.9405
318.9167	275.9167
318.4048	275.9167
318.4048	274.8929
317.8929	274.8929
317.8929	274.3810
317.3810	274.3810
317.3810	273.8691
316.8691	273.8691
316.8691	273.3572
316.3572	273.3572
316.3572	272.8453
315.8453	272.8453
315.8453	272.3334
315.3334	272.3334
315.3334	271.8215
314.8215	271.8215
314.8215	271.3096
313.7977	271.3096
313.7977	270.7977
313.2858	270.7977
313.2858	269.7739
312.7739	269.7739
312.7739	268.7501
312.2620	268.7501
312.2620	268.2381
311.7501	268.2381
311.7501	267.7262
311.2382	267.7262
311.2382	266.7024
310.7262	266.7024
310.7262	265.6786
310.2143	265.6786
310.2143	265.1667
309.7024	265.1667
309.7024	264.6548
309.1905	264.6548
309.1905	264.1429
308.6786	264.1429
308.6786	263.6310
308.1667	263.6310
308.1667	263.1191
307.6548	263.1191
307.6548	262.6072
307.1429	262.6072
307.1429	262.0953
306.6310	262.0953
306.6310	261.5834
305.6072	261.5834
305.6072	261.0715
305.0953	261.0715
305.0953	260.5596
304.0715	260.5596
304.0715	260.0477
303.0477	260.0477
303.0477	259.5358
302.0239	259.5358
302.0239	259.0239
299.4643	259.0239
299.4643	258.0000
298.9524	258.0000
298.9524	256.9762
298.4405	256.9762
298.4405	255.9524
297.9286	255.9524
297.9286	255.4405
297.4167	255.4405
297.4167	254.9286
296.9048	254.9286
296.9048	254.4167
296.3929	254.4167
296.3929	253.9048
295.8810	253.9048
295.8810	252.8810
295.3691	252.8810
295.3691	251.8572
294.8572	251.8572
294.8572	250.8334
294.3453	250.8334
294.3453	249.2977
293.8334	249.2977
293.8334	248.2739
293.3215	248.2739
293.3215	247.2500
292.8096	247.2500
292.8096	246.7381
292.2977	246.7381
292.2977	243.1548
291.7858	243.1548
291.7858	240.5953
291.2739	240.5953
291.2739	238.0358
290.7620	238.0358
290.7620	235.4762
290.2501	235.4762
290.2501	232.4048
289.7382	232.4048
289.7382	229.8453
289.2262	229.8453
289.2262	227.7977
288.7143	227.7977
288.7143	227.2858
289.2262	227.2858
289.2262	222.1667
289.7382	222.1667
289.7382	221.1429
290.2501	221.1429
290.2501	218.5834
290.7620	218.5834
290.7620	218.0715
291.2739	218.0715
291.2739	217.0477
291.7858	217.0477
291.7858	216.0239
292.2977	216.0239
292.2977	213.9762
292.8096	213.9762
292.8096	211.4167
293.3215	211.4167
293.3215	210.9048
293.8334	210.9048
293.8334	210.3929
294.3453	210.3929
294.3453	209.8810
294.8572	209.8810
294.8572	209.3691
295.3691	209.3691
295.3691	208.8572
295.8810	208.8572
295.8810	208.3453
296.3929	208.3453
296.3929	207.3215
296.9048	207.3215
296.9048	206.2977
297.4167	206.2977
297.4167	203.7381
297.9286	203.7381
297.9286	202.7143
298.4405	202.7143
298.4405	201.6905
298.9524	201.6905
298.9524	201.1786
299.4643	201.1786
299.4643	200.6667
299.9762	200.6667
299.9762	200.1548
300.4882	200.1548
300.4882	199.6429
301.0001	199.6429
301.0001	199.1310
301.5120	199.1310
301.5120	198.6191
302.0239	198.6191
302.0239	197.5953
302.5358	197.5953
302.5358	196.5715
303.0477	196.5715
303.0477	195.5477
303.5596	195.5477
303.5596	195.0358
304.5834	195.0358
304.5834	194.5238
305.0953	194.5238
305.0953	194.0119
305.6072	194.0119
305.6072	193.5000
306.6310	193.5000
306.6310	192.9881
307.6548	192.9881
307.6548	192.4762
308.6786	192.4762
308.6786	191.9643
309.1905	191.9643
309.1905	191.4524
309.7024	191.4524
309.7024	190.9405
310.2143	190.9405
310.2143	190.4286
310.7262	190.4286
310.7262	189.9167
311.7501	189.9167
311.7501	189.4048
312.7739	189.4048
312.7739	188.8929
313.2858	188.8929
313.2858	188.3810
313.7977	188.3810
313.7977	187.8691
314.8215	187.8691
314.8215	187.3572
315.3334	187.3572
315.3334	186.8453
315.8453	186.8453
315.8453	186.3334
317.3810	186.3334
317.3810	185.8215
318.4048	185.8215
318.4048	185.3096
320.9643	185.3096
320.9643	184.7977
323.5239	184.7977
323.5239	184.2857
325.5715	184.2857
325.5715	183.7738
335.8096	183.7738
