361.4048	216.5358
364.4763	216.5358
364.4763	217.0477
365.5001	217.0477
365.5001	217.5596
366.5239	217.5596
366.5239	218.0715
367.5477	218.0715
367.5477	218.5834
368.5715	218.5834
368.5715	219.0953
370.1072	219.0953
370.1072	219.6072
371.1310	219.6072
371.1310	220.1191
372.1548	220.1191
372.1548	220.6310
372.6667	220.6310
372.6667	221.1429
373.6905	221.1429
373.6905	221.6548
374.7144	221.6548
374.7144	222.1667
375.7382	222.1667
375.7382	222.6786
376.7620	222.6786
376.7620	223.1905
377.7858	223.1905
377.7858	223.7024
378.2977	223.7024
378.2977	224.2143
379.3215	224.2143
379.3215	225.2381
379.8334	225.2381
379.8334	225.7500
380.3453	225.7500
380.3453	226.2619
380.8572	226.2619
380.8572	226.7739
381.3691	226.7739
381.3691	227.2858
381.8810	227.2858
381.8810	228.3096
382.3929	228.3096
382.3929	228.8215
382.9048	228.8215
382.9048	229.8453
383.4167	229.8453
383.4167	231.3810
383.9286	231.3810
383.9286	232.4048
384.4405	232.4048
384.4405	233.9405
384.9525	233.9405
384.9525	237.5239
385.4644	237.5239
385.4644	240.0834
385.9763	240.0834
385.9763	241.1072
386.4882	241.1072
386.4882	242.1310
387.0001	242.1310
387.0001	243.1548
387.5120	243.1548
387.5120	247.2500
388.0239	247.2500
388.0239	249.8096
388.5358	249.8096
388.5358	252.3691
389.0477	252.3691
389.0477	253.9048
388.5358	253.9048
388.5358	258.5120
388.0239	258.5120
388.0239	260.5596
387.5120	260.5596
387.5120	262.6072
387.0001	262.6072
387.0001	265.1667
386.4882	265.1667
386.4882	267.7262
385.9763	267.7262
385.9763	269.2620
385.4644	269.2620
385.4644	271.3096
384.9525	271.3096
384.9525	271.8215
384.4405	271.8215
384.4405	272.8453
383.9286	272.8453
383.9286	273.8691
383.4167	273.8691
383.4167	275.9167
382.9048	275.9167
382.9048	276.9405
382.3929	276.9405
382.3929	277.9643
381.8810	277.9643
381.8810	279.5001
381.3691	279.5001
381.3691	280.5239
380.8572	280.5239
380.8572	281.5477
380.3453	281.5477
380.3453	283.0834
379.8334	283.0834
379.8334	283.5953
379.3215	283.5953
379.3215	284.1072
378.8096	284.1072
378.8096	284.6191
378.2977	284.6191
378.2977	285.1310
377.7858	285.1310
377.7858	285.6429
377.2739	285.6429
377.2739	286.6667
376.7620	286.6667
376.7620	287.6905
375.7382	287.6905
375.7382	288.2024
374.7144	288.2024
374.7144	288.7143
373.6905	288.7143
373.6905	289.2262
372.6667	289.2262
372.6667	289.7382
371.6429	289.7382
371.6429	290.2501
371.1310	290.2501
371.1310	290.7620
370.6191	290.7620
370.6191	291.2739
370.1072	291.2739
370.1072	291.7858
369.5953	291.7858
369.5953	292.2977
369.0834	292.2977
369.0834	293.3215
368.5715	293.3215
368.5715	294.3453
367.0358	294.3453
367.0358	293.8334
366.5239	293.8334
366.5239	292.8096
366.0120	292.8096
366.0120	292.2977
365.5001	292.2977
365.5001	291.7858
364.9882	291.7858
364.9882	291.2739
364.4763	291.2739
364.4763	290.7620
363.9644	290.7620
363.9644	290.2501
363.4525	290.2501
363.4525	289.7382
362.9405	289.7382
362.9405	289.2262
361.9167	289.2262
361.9167	288.7143
360.8929	288.7143
360.8929	288.2024
358.3334	288.2024
358.3334	287.6905
353.2144	287.6905
353.2144	288.2024
350.6548	288.2024
350.6548	288.7143
349.6310	288.7143
349.6310	289.2262
348.6072	289.2262
348.6072	289.7382
348.0953	289.7382
348.0953	290.2501
347.5834	290.2501
347.5834	290.7620
347.0715	290.7620
347.0715	291.2739
346.5596	291.2739
346.5596	291.7858
346.0477	291.7858
346.0477	292.8096
345.0239	292.8096
345.0239	292.2977
344.5120	292.2977
344.5120	290.2501
344.0001	290.2501
344.0001	289.2262
343.4882	289.2262
343.4882	288.2024
342.9763	288.2024
342.9763	287.6905
342.4644	287.6905
342.4644	287.1786
341.9524	287.1786
341.9524	286.6667
341.4405	286.6667
341.4405	286.1548
340.9286	286.1548
340.9286	285.6429
339.9048	285.6429
339.9048	285.1310
338.8810	285.1310
338.8810	284.6191
336.3215	284.6191
336.3215	284.1072
332.2263	284.1072
332.2263	284.6191
331.7143	284.6191
331.7143	282.5715
331.2024	282.5715
331.2024	281.5477
331.7143	281.5477
331.7143	278.9881
332.2263	278.9881
332.2263	275.9167
331.7143	275.9167
331.7143	273.3572
331.2024	273.3572
331.2024	272.3334
330.6905	272.3334
330.6905	271.3096
330.1786	271.3096
330.1786	270.7977
329.6667	270.7977
329.6667	270.2858
329.1548	270.2858
329.1548	269.7739
328.6429	269.7739
328.6429	269.2620
328.1310	269.2620
328.1310	268.7501
327.6191	268.7501
327.6191	268.2381
327.1072	268.2381
327.1072	267.7262
326.5953	267.7262
326.5953	267.2143
326.0834	267.2143
326.0834	266.7024
325.5715	266.7024
325.5715	266.1905
325.0596	266.1905
325.0596	265.6786
324.5477	265.6786
324.5477	264.6548
324.0358	264.6548
324.0358	263.6310
323.5239	263.6310
323.5239	262.6072
323.0120	262.6072
323.0120	262.0953
322.5001	262.0953
322.5001	261.0715
321.9882	261.0715
321.9882	260.5596
321.4763	260.5596
321.4763	260.0477
320.9643	260.0477
320.9643	259.0239
321.4763	259.0239
321.4763	252.3691
321.9882	252.3691
321.9882	251.3453
322.5001	251.3453
322.5001	250.3215
323.0120	250.3215
323.0120	247.7620
323.5239	247.7620
323.5239	245.2024
323.0120	245.2024
323.0120	242.6429
322.5001	242.6429
322.5001	241.6191
321.9882	241.6191
321.9882	240.5953
321.4763	240.5953
321.4763	239.5715
321.9882	239.5715
321.9882	239.0596
322.5001	239.0596
322.5001	238.5477
323.0120	238.5477
323.0120	237.5239
323.5239	237.5239
323.5239	236.5000
324.0358	236.5000
324.0358	235.4762
324.5477	235.4762
324.5477	234.9643
325.0596	234.9643
325.0596	234.4524
325.5715	234.4524
325.5715	233.4286
326.0834	233.4286
326.0834	232.4048
326.5953	232.4048
326.5953	230.3572
327.1072	230.3572
327.1072	229.8453
327.6191	229.8453
327.6191	229.3334
328.1310	229.3334
328.1310	228.3096
328.6429	228.3096
328.6429	227.7977
329.1548	227.7977
329.1548	226.7739
329.6667	226.7739
329.6667	226.2619
330.1786	226.2619
330.1786	225.7500
330.6905	225.7500
330.6905	224.7262
331.2024	224.7262
331.2024	224.2143
332.2263	224.2143
332.2263	223.7024
332.7382	223.7024
332.7382	223.1905
333.2501	223.1905
333.2501	222.6786
334.2739	222.6786
334.2739	222.1667
334.7858	222.1667
334.7858	221.6548
335.8096	221.6548
335.8096	221.1429
336.8334	221.1429
336.8334	220.6310
337.3453	220.6310
337.3453	220.1191
338.3691	220.1191
338.3691	219.6072
340.9286	219.6072
340.9286	219.0953
341.9524	219.0953
341.9524	218.5834
344.5120	218.5834
344.5120	218.0715
346.5596	218.0715
346.5596	217.5596
347.5834	217.5596
347.5834	217.0477
350.1429	217.0477
350.1429	216.5358
352.7024	216.5358
352.7024	216.0239
361.4048	216.0239
