310.7262	187.3572
312.2620	187.3572
312.2620	187.8691
314.8215	187.8691
314.8215	188.3810
317.3810	188.3810
317.3810	188.8929
326.0834	188.8929
326.0834	189.4048
327.1072	189.4048
327.1072	189.9167
329.6667	189.9167
329.6667	190.4286
332.2263	190.4286
332.2263	189.9167
334.2739	189.9167
334.2739	190.4286
336.3215	190.4286
336.3215	190.9405
337.3453	190.9405
337.3453	191.4524
338.3691	191.4524
338.3691	191.9643
339.3929	191.9643
339.3929	192.4762
340.4167	192.4762
340.4167	192.9881
341.4405	192.9881
341.4405	193.5000
342.9763	193.5000
342.9763	194.0119
345.5358	194.0119
345.5358	194.5238
348.6072	194.5238
348.6072	194.0119
349.6310	194.0119
349.6310	194.5238
352.7024	194.5238
352.7024	195.0358
357.3096	195.0358
357.3096	195.5477
360.3810	195.5477
360.3810	196.0596
361.4048	196.0596
361.4048	196.5715
361.9167	196.5715
361.9167	197.5953
362.4286	197.5953
362.4286	198.1072
362.9405	198.1072
362.9405	198.6191
363.4525	198.6191
363.4525	199.1310
363.9644	199.1310
363.9644	199.6429
364.4763	199.6429
364.4763	200.1548
364.9882	200.1548
364.9882	201.1786
365.5001	201.1786
365.5001	201.6905
366.0120	201.6905
366.0120	202.2024
366.5239	202.2024
366.5239	202.7143
367.0358	202.7143
367.0358	203.2262
367.5477	203.2262
367.5477	203.7381
368.0596	203.7381
368.0596	204.2500
368.5715	204.2500
368.5715	204.7619
369.5953	204.7619
369.5953	205.2738
370.6191	205.2738
370.6191	205.7858
373.1786	205.7858
373.1786	206.2977
374.7144	206.2977
374.7144	206.8096
375.7382	206.8096
375.7382	207.3215
376.2501	207.3215
376.2501	207.8334
376.7620	207.8334
376.7620	208.3453
377.7858	208.3453
377.7858	208.8572
378.8096	208.8572
378.8096	209.3691
379.8334	209.3691
379.8334	209.8810
382.3929	209.8810
382.3929	210.3929
382.9048	210.3929
382.9048	211.4167
383.4167	211.4167
383.4167	212.4405
383.9286	212.4405
383.9286	213.4643
384.4405	213.4643
384.4405	213.9762
384.9525	213.9762
384.9525	214.4881
385.4644	214.4881
385.4644	215.0000
385.9763	215.0000
385.9763	215.5119
386.4882	215.5119
386.4882	216.0239
387.5120	216.0239
387.5120	216.5358
388.5358	216.5358
388.5358	217.0477
391.0953	217.0477
391.0953	217.5596
397.7501	217.5596
397.7501	217.0477
399.7977	217.0477
399.7977	217.5596
400.8215	217.5596
400.8215	218.0715
401.3334	218.0715
401.3334	218.5834
401.8453	218.5834
401.8453	219.0953
402.3572	219.0953
402.3572	219.6072
402.8691	219.6072
402.8691	220.1191
403.3810	220.1191
403.3810	220.6310
403.8929	220.6310
403.8929	221.1429
404.4048	221.1429
404.4048	221.6548
404.9167	221.6548
404.9167	222.1667
405.4286	222.1667
405.4286	222.6786
405.9406	222.6786
405.9406	223.1905
406.9644	223.1905
406.9644	223.7024
407.9882	223.7024
407.9882	224.2143
409.0120	224.2143
409.0120	224.7262
410.5477	224.7262
410.5477	225.2381
411.5715	225.2381
411.5715	225.7500
412.5953	225.7500
412.5953	226.2619
413.1072	226.2619
413.1072	226.7739
413.6191	226.7739
413.6191	227.2858
414.1310	227.2858
414.1310	227.7977
414.6429	227.7977
414.6429	228.3096
415.6667	228.3096
415.6667	228.8215
416.6906	228.8215
416.6906	229.3334
417.7144	229.3334
417.7144	229.8453
418.2263	229.8453
418.2263	230.3572
419.2501	230.3572
419.2501	230.8691
420.2739	230.8691
420.2739	231.3810
420.7858	231.3810
420.7858	231.8929
421.8096	231.8929
421.8096	232.4048
422.3215	232.4048
422.3215	232.9167
423.3453	232.9167
423.3453	233.4286
424.3691	233.4286
424.3691	233.9405
425.9048	233.9405
425.9048	234.4524
427.4406	234.4524
427.4406	234.9643
427.9525	234.9643
427.9525	235.4762
428.4644	235.4762
428.4644	235.9881
428.9763	235.9881
428.9763	236.5000
429.4882	236.5000
429.4882	237.0119
430.0001	237.0119
430.0001	237.5239
430.5120	237.5239
430.5120	238.0358
431.0239	238.0358
431.0239	238.5477
431.5358	238.5477
431.5358	239.0596
432.5596	239.0596
432.5596	239.5715
433.5834	239.5715
433.5834	240.5953
434.0953	240.5953
434.0953	241.1072
434.6072	241.1072
434.6072	241.6191
435.1191	241.6191
435.1191	242.1310
435.6310	242.1310
435.6310	242.6429
436.1429	242.6429
436.1429	243.1548
436.6548	243.1548
436.6548	243.6667
437.1667	243.6667
437.1667	244.1786
438.1906	244.1786
438.1906	244.6905
438.7025	244.6905
438.7025	245.7143
439.2144	245.7143
439.2144	246.2262
439.7263	246.2262
439.7263	247.2500
440.2382	247.2500
440.2382	247.7620
440.7501	247.7620
440.7501	248.2739
441.2620	248.2739
441.2620	249.8096
441.7739	249.8096
441.7739	251.3453
442.2858	251.3453
442.2858	252.3691
442.7977	252.3691
442.7977	253.3929
443.3096	253.3929
443.3096	254.4167
443.8215	254.4167
443.8215	255.4405
444.3334	255.4405
444.3334	256.9762
444.8453	256.9762
444.8453	261.5834
445.3572	261.5834
445.3572	262.6072
444.8453	262.6072
444.8453	263.6310
444.3334	263.6310
444.3334	264.6548
443.8215	264.6548
443.8215	267.2143
443.3096	267.2143
443.3096	272.3334
443.8215	272.3334
443.8215	274.8929
444.3334	274.8929
444.3334	276.9405
444.8453	276.9405
444.8453	277.9643
445.3572	277.9643
445.3572	278.9881
445.8691	278.9881
445.8691	279.5001
446.3810	279.5001
446.3810	280.0120
446.8929	280.0120
446.8929	280.5239
447.4048	280.5239
447.4048	281.0358
447.9168	281.0358
447.9168	281.5477
448.9406	281.5477
448.9406	282.0596
449.4525	282.0596
449.4525	282.5715
450.4763	282.5715
450.4763	283.0834
451.5001	283.0834
451.5001	283.5953
452.0120	283.5953
452.0120	284.1072
452.5239	284.1072
452.5239	284.6191
453.5477	284.6191
453.5477	285.1310
454.0596	285.1310
454.0596	285.6429
455.0834	285.6429
455.0834	286.1548
455.5953	286.1548
455.5953	286.6667
456.1072	286.6667
456.1072	287.1786
456.6191	287.1786
456.6191	288.2024
457.1310	288.2024
457.1310	288.7143
457.6429	288.7143
457.6429	289.2262
458.1548	289.2262
458.1548	290.2501
458.6668	290.2501
458.6668	290.7620
459.1787	290.7620
459.1787	291.7858
459.6906	291.7858
459.6906	292.2977
460.2025	292.2977
460.2025	292.8096
460.7144	292.8096
460.7144	293.3215
461.2263	293.3215
461.2263	294.3453
461.7382	294.3453
461.7382	294.8572
462.2501	294.8572
462.2501	295.8810
462.7620	295.8810
462.7620	296.9048
463.2739	296.9048
463.2739	298.4405
463.7858	298.4405
463.7858	299.4643
464.2977	299.4643
464.2977	300.4882
464.8096	300.4882
464.8096	302.0239
465.3215	302.0239
465.3215	303.0477
465.8334	303.0477
465.8334	304.5834
466.3453	304.5834
466.3453	308.1667
466.8572	308.1667
466.8572	313.7977
466.3453	313.7977
466.3453	316.3572
465.8334	316.3572
465.8334	317.3810
465.3215	317.3810
465.3215	319.4286
464.8096	319.4286
464.8096	320.4524
464.2977	320.4524
464.2977	321.9882
463.7858	321.9882
463.7858	323.0120
463.2739	323.0120
463.2739	324.0358
462.7620	324.0358
462.7620	325.0596
462.2501	325.0596
462.2501	325.5715
461.7382	325.5715
461.7382	326.0834
461.2263	326.0834
461.2263	327.1072
460.7144	327.1072
460.7144	328.1310
460.2025	328.1310
460.2025	329.1548
459.6906	329.1548
459.6906	329.6667
459.1787	329.6667
459.1787	330.1786
458.6668	330.1786
458.6668	330.6905
458.1548	330.6905
458.1548	331.2024
457.6429	331.2024
457.6429	332.2263
457.1310	332.2263
457.1310	332.7382
456.6191	332.7382
456.6191	333.2501
455.5953	333.2501
455.5953	333.7620
455.0834	333.7620
455.0834	334.2739
454.5715	334.2739
454.5715	334.7858
453.5477	334.7858
453.5477	335.2977
453.0358	335.2977
453.0358	335.8096
452.5239	335.8096
452.5239	336.3215
452.0120	336.3215
452.0120	336.8334
450.4763	336.8334
450.4763	337.3453
449.4525	337.3453
449.4525	337.8572
448.4287	337.8572
448.4287	338.3691
447.9168	338.3691
447.9168	338.8810
446.8929	338.8810
446.8929	339.3929
446.3810	339.3929
446.3810	339.9048
445.3572	339.9048
445.3572	340.4167
444.3334	340.4167
444.3334	340.9286
442.2858	340.9286
442.2858	341.4405
440.2382	341.4405
440.2382	341.9524
438.7025	341.9524
438.7025	342.4644
437.6787	342.4644
437.6787	341.9524
437.1667	341.9524
437.1667	341.4405
436.6548	341.4405
436.6548	340.9286
436.1429	340.9286
436.1429	340.4167
435.6310	340.4167
435.6310	339.9048
434.6072	339.9048
434.6072	339.3929
433.5834	339.3929
433.5834	338.8810
432.0477	338.8810
432.0477	338.3691
429.4882	338.3691
429.4882	337.8572
426.4167	337.8572
426.4167	338.3691
423.8572	338.3691
423.8572	338.8810
422.8334	338.8810
422.8334	339.3929
421.8096	339.3929
421.8096	339.9048
421.2977	339.9048
421.2977	340.4167
420.7858	340.4167
420.7858	339.9048
418.7382	339.9048
418.7382	339.3929
418.2263	339.3929
418.2263	338.8810
417.2025	338.8810
417.2025	338.3691
416.1787	338.3691
416.1787	337.8572
415.6667	337.8572
415.6667	337.3453
415.1548	337.3453
415.1548	336.8334
414.6429	336.8334
414.6429	336.3215
413.6191	336.3215
413.6191	335.8096
413.1072	335.8096
413.1072	335.2977
412.5953	335.2977
412.5953	334.7858
411.5715	334.7858
411.5715	334.2739
411.0596	334.2739
411.0596	333.7620
410.0358	333.7620
410.0358	333.2501
409.0120	333.2501
409.0120	332.7382
407.9882	332.7382
407.9882	332.2263
406.9644	332.2263
406.9644	331.7143
405.4286	331.7143
405.4286	331.2024
402.8691	331.2024
402.8691	330.6905
401.3334	330.6905
401.3334	330.1786
400.8215	330.1786
400.8215	329.6667
400.3096	329.6667
400.3096	329.1548
399.7977	329.1548
399.7977	328.6429
399.2858	328.6429
399.2858	328.1310
398.7739	328.1310
398.7739	327.6191
398.2620	327.6191
398.2620	327.1072
397.2382	327.1072
397.2382	326.5953
396.2144	326.5953
396.2144	326.0834
395.1906	326.0834
395.1906	325.5715
392.6310	325.5715
392.6310	325.0596
387.0001	325.0596
387.0001	325.5715
385.9763	325.5715
385.9763	325.0596
385.4644	325.0596
385.4644	324.5477
384.4405	324.5477
384.4405	324.0358
383.4167	324.0358
383.4167	323.5239
380.8572	323.5239
380.8572	323.0120
378.2977	323.0120
378.2977	322.5001
377.7858	322.5001
377.7858	321.9882
377.2739	321.9882
377.2739	321.4763
376.7620	321.4763
376.7620	320.9643
376.2501	320.9643
376.2501	320.4524
375.2263	320.4524
375.2263	319.9405
374.2025	319.9405
374.2025	319.4286
371.6429	319.4286
371.6429	318.9167
368.0596	318.9167
368.0596	319.4286
365.5001	319.4286
365.5001	319.9405
364.4763	319.9405
364.4763	320.4524
363.4525	320.4524
363.4525	320.9643
362.4286	320.9643
362.4286	321.4763
361.9167	321.4763
361.9167	321.9882
361.4048	321.9882
361.4048	322.5001
360.8929	322.5001
360.8929	323.0120
359.3572	323.0120
359.3572	323.5239
358.3334	323.5239
358.3334	324.0358
357.3096	324.0358
357.3096	324.5477
356.7977	324.5477
356.7977	325.0596
356.2858	325.0596
356.2858	325.5715
355.7739	325.5715
355.7739	326.0834
355.2620	326.0834
355.2620	326.5953
352.7024	326.5953
352.7024	327.1072
351.1667	327.1072
351.1667	327.6191
349.6310	327.6191
349.6310	327.1072
347.0715	327.1072
347.0715	326.5953
346.5596	326.5953
346.5596	326.0834
345.5358	326.0834
345.5358	325.5715
345.0239	325.5715
345.0239	323.0120
344.5120	323.0120
344.5120	321.9882
344.0001	321.9882
344.0001	320.9643
343.4882	320.9643
343.4882	320.4524
342.9763	320.4524
342.9763	319.9405
342.4644	319.9405
342.4644	319.4286
341.9524	319.4286
341.9524	318.9167
341.4405	318.9167
341.4405	318.4048
340.9286	318.4048
340.9286	317.8929
339.9048	317.8929
339.9048	317.3810
338.8810	317.3810
338.8810	316.8691
336.3215	316.8691
336.3215	316.3572
333.2501	316.3572
333.2501	316.8691
330.6905	316.8691
330.6905	317.3810
329.6667	317.3810
329.6667	317.8929
328.6429	317.8929
328.6429	318.4048
327.6191	318.4048
327.6191	318.9167
326.5953	318.9167
326.5953	319.4286
325.5715	319.4286
325.5715	319.9405
323.5239	319.9405
323.5239	320.4524
322.5001	320.4524
322.5001	320.9643
321.4763	320.9643
321.4763	321.4763
320.9643	321.4763
320.9643	321.9882
319.9405	321.9882
319.9405	322.5001
318.4048	322.5001
318.4048	321.9882
314.8215	321.9882
314.8215	320.9643
314.3096	320.9643
314.3096	319.9405
313.7977	319.9405
313.7977	319.4286
313.2858	319.4286
313.2858	318.9167
312.7739	318.9167
312.7739	318.4048
312.2620	318.4048
312.2620	317.8929
311.7501	317.8929
311.7501	317.3810
311.2382	317.3810
311.2382	316.8691
310.2143	316.8691
310.2143	316.3572
309.1905	316.3572
309.1905	315.8453
306.6310	315.8453
306.6310	315.3334
298.4405	315.3334
298.4405	314.8215
296.3929	314.8215
296.3929	314.3096
293.8334	314.3096
293.8334	313.7977
292.8096	313.7977
292.8096	313.2858
292.2977	313.2858
292.2977	311.7501
291.7858	311.7501
291.7858	310.7262
292.2977	310.7262
292.2977	305.0953
291.7858	305.0953
291.7858	302.5358
291.2739	302.5358
291.2739	301.5120
290.7620	301.5120
290.7620	298.9524
290.2501	298.9524
290.2501	296.3929
289.7382	296.3929
289.7382	295.3691
289.2262	295.3691
289.2262	294.3453
288.7143	294.3453
288.7143	293.8334
288.2024	293.8334
288.2024	292.8096
287.6905	292.8096
287.6905	292.2977
287.1786	292.2977
287.1786	291.2739
286.6667	291.2739
286.6667	290.2501
286.1548	290.2501
286.1548	289.2262
285.6429	289.2262
285.6429	288.7143
285.1310	288.7143
285.1310	288.2024
284.6191	288.2024
284.6191	285.6429
284.1072	285.6429
284.1072	283.5953
283.5953	283.5953
283.5953	282.5715
283.0834	282.5715
283.0834	281.5477
282.5715	281.5477
282.5715	281.0358
282.0596	281.0358
282.0596	280.5239
281.5477	280.5239
281.5477	280.0120
281.0358	280.0120
281.0358	279.5001
280.5239	279.5001
280.5239	278.9881
280.0120	278.9881
280.0120	278.4762
279.5001	278.4762
279.5001	277.9643
278.9881	277.9643
278.9881	277.4524
277.9643	277.4524
277.9643	276.9405
276.9405	276.9405
276.9405	276.4286
275.9167	276.4286
275.9167	275.9167
274.8929	275.9167
274.8929	275.4048
272.3334	275.4048
272.3334	274.8929
267.7262	274.8929
267.7262	275.4048
266.7024	275.4048
266.7024	274.8929
265.6786	274.8929
265.6786	274.3810
265.1667	274.3810
265.1667	273.8691
264.6548	273.8691
264.6548	273.3572
264.1429	273.3572
264.1429	272.3334
263.6310	272.3334
263.6310	271.3096
263.1191	271.3096
263.1191	270.2858
262.6072	270.2858
262.6072	269.7739
262.0953	269.7739
262.0953	269.2620
261.5834	269.2620
261.5834	267.7262
262.0953	267.7262
262.0953	267.2143
262.6072	267.2143
262.6072	266.1905
263.1191	266.1905
263.1191	265.6786
264.6548	265.6786
264.6548	265.1667
265.6786	265.1667
265.6786	264.6548
266.7024	264.6548
266.7024	264.1429
267.2143	264.1429
267.2143	263.6310
267.7262	263.6310
267.7262	263.1191
268.2381	263.1191
268.2381	262.6072
268.7501	262.6072
268.7501	262.0953
269.2620	262.0953
269.2620	261.0715
269.7739	261.0715
269.7739	260.0477
270.2858	260.0477
270.2858	257.4881
270.7977	257.4881
270.7977	254.9286
271.3096	254.9286
271.3096	252.3691
271.8215	252.3691
271.8215	247.2500
271.3096	247.2500
271.3096	245.2024
271.8215	245.2024
271.8215	239.5715
271.3096	239.5715
271.3096	237.0119
271.8215	237.0119
271.8215	235.9881
272.3334	235.9881
272.3334	233.9405
274.8929	233.9405
274.8929	233.4286
275.9167	233.4286
275.9167	232.9167
276.9405	232.9167
276.9405	232.4048
277.4524	232.4048
277.4524	231.8929
277.9643	231.8929
277.9643	231.3810
278.4762	231.3810
278.4762	230.8691
278.9881	230.8691
278.9881	230.3572
279.5001	230.3572
279.5001	229.3334
280.0120	229.3334
280.0120	228.3096
280.5239	228.3096
280.5239	225.7500
281.0358	225.7500
281.0358	222.6786
280.5239	222.6786
280.5239	220.1191
280.0120	220.1191
280.0120	219.0953
279.5001	219.0953
279.5001	218.0715
278.9881	218.0715
278.9881	217.5596
278.4762	217.5596
278.4762	217.0477
277.9643	217.0477
277.9643	216.5358
277.4524	216.5358
277.4524	216.0239
276.9405	216.0239
276.9405	209.3691
277.4524	209.3691
277.4524	208.3453
277.9643	208.3453
277.9643	207.3215
278.4762	207.3215
278.4762	206.2977
278.9881	206.2977
278.9881	204.7619
279.5001	204.7619
279.5001	203.7381
280.0120	203.7381
280.0120	202.7143
280.5239	202.7143
280.5239	202.2024
281.0358	202.2024
281.0358	201.6905
281.5477	201.6905
281.5477	201.1786
282.0596	201.1786
282.0596	200.1548
283.0834	200.1548
283.0834	199.6429
283.5953	199.6429
283.5953	199.1310
284.1072	199.1310
284.1072	198.6191
284.6191	198.6191
284.6191	198.1072
285.1310	198.1072
285.1310	197.5953
285.6429	197.5953
285.6429	197.0834
286.1548	197.0834
286.1548	196.5715
286.6667	196.5715
286.6667	196.0596
287.6905	196.0596
287.6905	195.5477
288.7143	195.5477
288.7143	195.0358
289.2262	195.0358
289.2262	194.5238
289.7382	194.5238
289.7382	194.0119
290.7620	194.0119
290.7620	193.5000
291.2739	193.5000
291.2739	192.9881
292.8096	192.9881
292.8096	192.4762
293.8334	192.4762
293.8334	191.9643
294.8572	191.9643
294.8572	191.4524
295.8810	191.4524
295.8810	190.9405
296.9048	190.9405
296.9048	190.4286
297.9286	190.4286
297.9286	189.9167
298.9524	189.9167
298.9524	189.4048
299.4643	189.4048
299.4643	188.8929
301.0001	188.8929
301.0001	188.3810
302.5358	188.3810
302.5358	187.8691
304.0715	187.8691
304.0715	187.3572
305.6072	187.3572
305.6072	186.8453
310.7262	186.8453
