304.5834	182.2381
308.6786	182.2381
308.6786	182.7500
309.7024	182.7500
309.7024	183.2619
311.2382	183.2619
311.2382	183.7738
311.7501	183.7738
311.7501	184.2857
312.7739	184.2857
312.7739	184.7977
313.7977	184.7977
313.7977	185.3096
315.3334	185.3096
315.3334	185.8215
317.8929	185.8215
317.8929	186.3334
319.9405	186.3334
319.9405	186.8453
322.5001	186.8453
322.5001	187.3572
323.5239	187.3572
323.5239	187.8691
326.0834	187.8691
326.0834	188.3810
331.2024	188.3810
331.2024	188.8929
334.7858	188.8929
334.7858	189.4048
336.3215	189.4048
336.3215	189.9167
338.3691	189.9167
338.3691	190.4286
339.3929	190.4286
339.3929	190.9405
340.4167	190.9405
340.4167	191.4524
341.9524	191.4524
341.9524	191.9643
344.5120	191.9643
344.5120	192.4762
345.5358	192.4762
345.5358	192.9881
346.0477	192.9881
346.0477	193.5000
347.0715	193.5000
347.0715	194.0119
348.0953	194.0119
348.0953	194.5238
350.1429	194.5238
350.1429	195.0358
350.6548	195.0358
350.6548	195.5477
351.6786	195.5477
351.6786	196.0596
352.1905	196.0596
352.1905	196.5715
353.2144	196.5715
353.2144	197.0834
354.2382	197.0834
354.2382	197.5953
355.2620	197.5953
355.2620	198.1072
357.8215	198.1072
357.8215	198.6191
358.8453	198.6191
358.8453	199.1310
359.3572	199.1310
359.3572	199.6429
360.3810	199.6429
360.3810	200.1548
361.4048	200.1548
361.4048	200.6667
362.4286	200.6667
362.4286	201.1786
363.4525	201.1786
363.4525	201.6905
366.0120	201.6905
366.0120	202.2024
366.5239	202.2024
366.5239	202.7143
367.0358	202.7143
367.0358	203.2262
368.0596	203.2262
368.0596	203.7381
369.0834	203.7381
369.0834	204.2500
370.6191	204.2500
370.6191	204.7619
371.6429	204.7619
371.6429	205.2738
372.6667	205.2738
372.6667	205.7858
374.7144	205.7858
374.7144	206.2977
377.2739	206.2977
377.2739	207.3215
377.7858	207.3215
377.7858	207.8334
378.2977	207.8334
378.2977	208.8572
378.8096	208.8572
378.8096	209.8810
379.3215	209.8810
379.3215	210.3929
379.8334	210.3929
379.8334	210.9048
380.3453	210.9048
380.3453	211.4167
380.8572	211.4167
380.8572	211.9286
381.3691	211.9286
381.3691	212.4405
382.3929	212.4405
382.3929	212.9524
383.4167	212.9524
383.4167	213.4643
383.9286	213.4643
383.9286	213.9762
384.4405	213.9762
384.4405	214.4881
385.4644	214.4881
385.4644	215.0000
386.4882	215.0000
386.4882	215.5119
387.5120	215.5119
387.5120	216.0239
388.0239	216.0239
388.0239	216.5358
389.0477	216.5358
389.0477	217.0477
390.0715	217.0477
390.0715	217.5596
392.6310	217.5596
392.6310	218.0715
395.1906	218.0715
395.1906	217.5596
398.2620	217.5596
398.2620	218.0715
401.8453	218.0715
401.8453	218.5834
403.8929	218.5834
403.8929	219.0953
404.9167	219.0953
404.9167	219.6072
405.9406	219.6072
405.9406	220.1191
406.4525	220.1191
406.4525	220.6310
406.9644	220.6310
406.9644	221.1429
407.9882	221.1429
407.9882	221.6548
409.0120	221.6548
409.0120	222.6786
409.5239	222.6786
409.5239	223.7024
410.0358	223.7024
410.0358	224.2143
410.5477	224.2143
410.5477	224.7262
411.0596	224.7262
411.0596	225.2381
411.5715	225.2381
411.5715	225.7500
412.0834	225.7500
412.0834	226.2619
413.1072	226.2619
413.1072	226.7739
414.1310	226.7739
414.1310	227.2858
415.1548	227.2858
415.1548	227.7977
416.1787	227.7977
416.1787	228.3096
416.6906	228.3096
416.6906	228.8215
417.7144	228.8215
417.7144	229.3334
418.2263	229.3334
418.2263	229.8453
418.7382	229.8453
418.7382	230.3572
419.2501	230.3572
419.2501	230.8691
420.2739	230.8691
420.2739	231.3810
421.2977	231.3810
421.2977	231.8929
422.3215	231.8929
422.3215	232.4048
422.8334	232.4048
422.8334	232.9167
423.3453	232.9167
423.3453	233.4286
424.3691	233.4286
424.3691	233.9405
425.3929	233.9405
425.3929	234.4524
426.4167	234.4524
426.4167	234.9643
427.4406	234.9643
427.4406	235.4762
428.4644	235.4762
428.4644	235.9881
429.4882	235.9881
429.4882	236.5000
431.0239	236.5000
431.0239	237.0119
433.0715	237.0119
433.0715	237.5239
433.5834	237.5239
433.5834	238.0358
434.6072	238.0358
434.6072	238.5477
435.6310	238.5477
435.6310	239.0596
437.1667	239.0596
437.1667	239.5715
438.1906	239.5715
438.1906	240.0834
438.7025	240.0834
438.7025	241.1072
439.2144	241.1072
439.2144	242.6429
439.7263	242.6429
439.7263	243.1548
438.1906	243.1548
438.1906	243.6667
435.1191	243.6667
435.1191	244.1786
432.5596	244.1786
432.5596	244.6905
431.5358	244.6905
431.5358	245.2024
430.5120	245.2024
430.5120	245.7143
430.0001	245.7143
430.0001	246.2262
429.4882	246.2262
429.4882	246.7381
428.9763	246.7381
428.9763	247.2500
428.4644	247.2500
428.4644	247.7620
427.9525	247.7620
427.9525	248.2739
427.4406	248.2739
427.4406	248.7858
426.4167	248.7858
426.4167	249.2977
425.9048	249.2977
425.9048	249.8096
425.3929	249.8096
425.3929	250.3215
424.8810	250.3215
424.8810	250.8334
424.3691	250.8334
424.3691	251.3453
423.8572	251.3453
423.8572	252.3691
423.3453	252.3691
423.3453	253.3929
422.8334	253.3929
422.8334	255.9524
422.3215	255.9524
422.3215	260.5596
422.8334	260.5596
422.8334	263.1191
423.3453	263.1191
423.3453	264.6548
423.8572	264.6548
423.8572	265.6786
424.3691	265.6786
424.3691	266.7024
424.8810	266.7024
424.8810	268.2381
425.3929	268.2381
425.3929	269.2620
425.9048	269.2620
425.9048	270.2858
426.4167	270.2858
426.4167	271.3096
426.9287	271.3096
426.9287	272.3334
427.4406	272.3334
427.4406	273.3572
427.9525	273.3572
427.9525	274.3810
428.4644	274.3810
428.4644	275.4048
428.9763	275.4048
428.9763	275.9167
429.4882	275.9167
429.4882	276.4286
430.0001	276.4286
430.0001	276.9405
430.5120	276.9405
430.5120	277.4524
431.0239	277.4524
431.0239	277.9643
431.5358	277.9643
431.5358	278.4762
432.5596	278.4762
432.5596	278.9881
433.5834	278.9881
433.5834	279.5001
434.0953	279.5001
434.0953	280.0120
434.6072	280.0120
434.6072	280.5239
435.6310	280.5239
435.6310	281.0358
436.1429	281.0358
436.1429	281.5477
436.6548	281.5477
436.6548	282.0596
437.1667	282.0596
437.1667	282.5715
438.1906	282.5715
438.1906	283.0834
438.7025	283.0834
438.7025	283.5953
439.7263	283.5953
439.7263	284.1072
440.7501	284.1072
440.7501	284.6191
441.2620	284.6191
441.2620	285.1310
442.2858	285.1310
442.2858	286.1548
442.7977	286.1548
442.7977	286.6667
443.3096	286.6667
443.3096	287.1786
443.8215	287.1786
443.8215	287.6905
444.3334	287.6905
444.3334	288.2024
444.8453	288.2024
444.8453	289.2262
445.3572	289.2262
445.3572	289.7382
445.8691	289.7382
445.8691	290.2501
446.3810	290.2501
446.3810	290.7620
446.8929	290.7620
446.8929	291.2739
447.4048	291.2739
447.4048	291.7858
447.9168	291.7858
447.9168	292.2977
448.4287	292.2977
448.4287	293.3215
448.9406	293.3215
448.9406	294.3453
449.4525	294.3453
449.4525	295.3691
449.9644	295.3691
449.9644	296.3929
450.4763	296.3929
450.4763	297.4167
450.9882	297.4167
450.9882	298.9524
451.5001	298.9524
451.5001	299.9762
452.0120	299.9762
452.0120	301.0001
452.5239	301.0001
452.5239	303.0477
453.0358	303.0477
453.0358	305.6072
453.5477	305.6072
453.5477	308.1667
454.0596	308.1667
454.0596	309.7024
454.5715	309.7024
454.5715	312.2620
455.0834	312.2620
455.0834	314.3096
455.5953	314.3096
455.5953	315.3334
456.1072	315.3334
456.1072	317.3810
456.6191	317.3810
456.6191	319.9405
457.1310	319.9405
457.1310	321.4763
456.6191	321.4763
456.6191	325.0596
456.1072	325.0596
456.1072	326.0834
455.5953	326.0834
455.5953	327.6191
455.0834	327.6191
455.0834	328.6429
454.5715	328.6429
454.5715	329.6667
454.0596	329.6667
454.0596	331.7143
453.5477	331.7143
453.5477	332.7382
453.0358	332.7382
453.0358	333.2501
452.5239	333.2501
452.5239	334.2739
452.0120	334.2739
452.0120	334.7858
451.5001	334.7858
451.5001	335.8096
450.9882	335.8096
450.9882	336.3215
450.4763	336.3215
450.4763	336.8334
449.4525	336.8334
449.4525	337.3453
448.9406	337.3453
448.9406	337.8572
448.4287	337.8572
448.4287	338.3691
447.9168	338.3691
447.9168	338.8810
447.4048	338.8810
447.4048	339.3929
446.8929	339.3929
446.8929	339.9048
446.3810	339.9048
446.3810	340.4167
444.8453	340.4167
444.8453	340.9286
443.8215	340.9286
443.8215	341.4405
442.7977	341.4405
442.7977	341.9524
441.7739	341.9524
441.7739	342.4644
440.7501	342.4644
440.7501	342.9763
439.7263	342.9763
439.7263	343.4882
438.7025	343.4882
438.7025	344.0001
437.1667	344.0001
437.1667	344.5120
435.6310	344.5120
435.6310	345.0239
433.5834	345.0239
433.5834	345.5358
425.3929	345.5358
425.3929	346.0477
420.7858	346.0477
420.7858	345.5358
418.2263	345.5358
418.2263	345.0239
416.1787	345.0239
416.1787	344.5120
414.6429	344.5120
414.6429	344.0001
413.6191	344.0001
413.6191	343.4882
412.5953	343.4882
412.5953	342.9763
411.5715	342.9763
411.5715	342.4644
410.5477	342.4644
410.5477	341.9524
410.0358	341.9524
410.0358	341.4405
409.0120	341.4405
409.0120	340.9286
407.9882	340.9286
407.9882	340.4167
406.9644	340.4167
406.9644	339.9048
405.4286	339.9048
405.4286	339.3929
402.8691	339.3929
402.8691	338.8810
401.8453	338.8810
401.8453	338.3691
401.3334	338.3691
401.3334	337.8572
400.8215	337.8572
400.8215	336.8334
400.3096	336.8334
400.3096	335.8096
399.7977	335.8096
399.7977	335.2977
399.2858	335.2977
399.2858	334.7858
398.7739	334.7858
398.7739	334.2739
398.2620	334.2739
398.2620	333.7620
397.7501	333.7620
397.7501	333.2501
397.2382	333.2501
397.2382	332.7382
396.7263	332.7382
396.7263	332.2263
396.2144	332.2263
396.2144	331.7143
395.7025	331.7143
395.7025	330.6905
395.1906	330.6905
395.1906	329.6667
397.7501	329.6667
397.7501	329.1548
398.7739	329.1548
398.7739	328.6429
399.7977	328.6429
399.7977	328.1310
400.3096	328.1310
400.3096	327.6191
400.8215	327.6191
400.8215	327.1072
401.3334	327.1072
401.3334	326.5953
401.8453	326.5953
401.8453	326.0834
402.3572	326.0834
402.3572	325.0596
402.8691	325.0596
402.8691	324.0358
403.3810	324.0358
403.3810	322.5001
403.8929	322.5001
403.8929	319.9405
406.4525	319.9405
406.4525	319.4286
407.9882	319.4286
407.9882	318.9167
409.0120	318.9167
409.0120	318.4048
410.0358	318.4048
410.0358	317.8929
410.5477	317.8929
410.5477	317.3810
411.0596	317.3810
411.0596	316.8691
411.5715	316.8691
411.5715	316.3572
412.0834	316.3572
412.0834	315.8453
412.5953	315.8453
412.5953	314.8215
413.1072	314.8215
413.1072	313.7977
413.6191	313.7977
413.6191	312.7739
414.1310	312.7739
414.1310	310.2143
414.6429	310.2143
414.6429	305.6072
414.1310	305.6072
414.1310	303.0477
413.6191	303.0477
413.6191	301.5120
414.1310	301.5120
414.1310	297.4167
413.6191	297.4167
413.6191	294.8572
413.1072	294.8572
413.1072	293.8334
412.5953	293.8334
412.5953	292.8096
412.0834	292.8096
412.0834	292.2977
411.5715	292.2977
411.5715	291.7858
411.0596	291.7858
411.0596	291.2739
410.5477	291.2739
410.5477	288.7143
410.0358	288.7143
410.0358	287.6905
409.5239	287.6905
409.5239	286.6667
409.0120	286.6667
409.0120	286.1548
408.5001	286.1548
408.5001	285.6429
407.9882	285.6429
407.9882	285.1310
407.4763	285.1310
407.4763	284.6191
406.9644	284.6191
406.9644	284.1072
406.4525	284.1072
406.4525	283.5953
405.4286	283.5953
405.4286	283.0834
404.4048	283.0834
404.4048	282.5715
401.8453	282.5715
401.8453	282.0596
398.7739	282.0596
398.7739	282.5715
397.7501	282.5715
397.7501	281.5477
397.2382	281.5477
397.2382	280.5239
396.7263	280.5239
396.7263	279.5001
396.2144	279.5001
396.2144	278.9881
395.7025	278.9881
395.7025	278.4762
395.1906	278.4762
395.1906	277.9643
394.6786	277.9643
394.6786	277.4524
394.1667	277.4524
394.1667	276.9405
393.1429	276.9405
393.1429	276.4286
392.1191	276.4286
392.1191	275.9167
390.0715	275.9167
390.0715	275.4048
387.5120	275.4048
387.5120	274.8929
383.9286	274.8929
383.9286	275.4048
381.3691	275.4048
381.3691	275.9167
380.3453	275.9167
380.3453	276.4286
379.3215	276.4286
379.3215	276.9405
378.8096	276.9405
378.8096	277.4524
378.2977	277.4524
378.2977	277.9643
377.7858	277.9643
377.7858	278.4762
377.2739	278.4762
377.2739	278.9881
376.7620	278.9881
376.7620	280.0120
376.2501	280.0120
376.2501	281.0358
375.7382	281.0358
375.7382	283.5953
375.2263	283.5953
375.2263	284.1072
374.7144	284.1072
374.7144	284.6191
374.2025	284.6191
374.2025	285.1310
373.6905	285.1310
373.6905	285.6429
373.1786	285.6429
373.1786	286.6667
372.6667	286.6667
372.6667	287.6905
372.1548	287.6905
372.1548	290.2501
371.6429	290.2501
371.6429	292.8096
370.6191	292.8096
370.6191	293.3215
370.1072	293.3215
370.1072	293.8334
369.5953	293.8334
369.5953	294.3453
369.0834	294.3453
369.0834	294.8572
368.5715	294.8572
368.5715	295.3691
368.0596	295.3691
368.0596	296.3929
367.5477	296.3929
367.5477	297.4167
367.0358	297.4167
367.0358	299.9762
366.5239	299.9762
366.5239	302.0239
365.5001	302.0239
365.5001	302.5358
362.9405	302.5358
362.9405	303.0477
361.9167	303.0477
361.9167	303.5596
360.8929	303.5596
360.8929	304.0715
360.3810	304.0715
360.3810	304.5834
359.8691	304.5834
359.8691	305.0953
358.8453	305.0953
358.8453	305.6072
357.8215	305.6072
357.8215	306.1191
356.7977	306.1191
356.7977	306.6310
356.2858	306.6310
356.2858	307.1429
355.7739	307.1429
355.7739	307.6548
355.2620	307.6548
355.2620	308.1667
354.7501	308.1667
354.7501	308.6786
354.2382	308.6786
354.2382	309.7024
353.7263	309.7024
353.7263	310.7262
353.2144	310.7262
353.2144	313.2858
352.7024	313.2858
352.7024	315.8453
353.2144	315.8453
353.2144	318.4048
353.7263	318.4048
353.7263	319.4286
354.2382	319.4286
354.2382	320.4524
354.7501	320.4524
354.7501	320.9643
355.2620	320.9643
355.2620	321.4763
355.7739	321.4763
355.7739	321.9882
356.2858	321.9882
356.2858	322.5001
356.7977	322.5001
356.7977	323.0120
357.3096	323.0120
357.3096	323.5239
357.8215	323.5239
357.8215	324.0358
358.8453	324.0358
358.8453	324.5477
359.8691	324.5477
359.8691	325.0596
359.3572	325.0596
359.3572	325.5715
358.8453	325.5715
358.8453	326.5953
358.3334	326.5953
358.3334	327.6191
357.8215	327.6191
357.8215	329.1548
357.3096	329.1548
357.3096	329.6667
354.7501	329.6667
354.7501	330.1786
353.2144	330.1786
353.2144	330.6905
349.6310	330.6905
349.6310	330.1786
347.0715	330.1786
347.0715	329.6667
345.5358	329.6667
345.5358	329.1548
344.5120	329.1548
344.5120	328.6429
342.9763	328.6429
342.9763	328.1310
340.4167	328.1310
340.4167	327.6191
337.3453	327.6191
337.3453	326.5953
336.8334	326.5953
336.8334	326.0834
336.3215	326.0834
336.3215	325.5715
335.8096	325.5715
335.8096	325.0596
335.2977	325.0596
335.2977	324.5477
334.7858	324.5477
334.7858	324.0358
333.7620	324.0358
333.7620	323.5239
332.7382	323.5239
332.7382	323.0120
330.1786	323.0120
330.1786	322.5001
327.1072	322.5001
327.1072	323.0120
326.5953	323.0120
326.5953	322.5001
326.0834	322.5001
326.0834	321.9882
325.5715	321.9882
325.5715	321.4763
325.0596	321.4763
325.0596	320.9643
324.5477	320.9643
324.5477	320.4524
324.0358	320.4524
324.0358	319.9405
323.5239	319.9405
323.5239	319.4286
323.0120	319.4286
323.0120	318.9167
321.9882	318.9167
321.9882	317.8929
321.4763	317.8929
321.4763	317.3810
320.9643	317.3810
320.9643	316.8691
320.4524	316.8691
320.4524	316.3572
319.9405	316.3572
319.9405	315.3334
319.4286	315.3334
319.4286	314.3096
318.9167	314.3096
318.9167	313.7977
318.4048	313.7977
318.4048	313.2858
317.8929	313.2858
317.8929	312.7739
317.3810	312.7739
317.3810	312.2620
316.8691	312.2620
316.8691	311.7501
315.8453	311.7501
315.8453	311.2382
314.8215	311.2382
314.8215	310.7262
312.2620	310.7262
312.2620	310.2143
307.1429	310.2143
307.1429	310.7262
305.6072	310.7262
305.6072	310.2143
304.5834	310.2143
304.5834	309.7024
303.5596	309.7024
303.5596	309.1905
301.5120	309.1905
301.5120	308.6786
299.4643	308.6786
299.4643	308.1667
297.4167	308.1667
297.4167	307.6548
295.8810	307.6548
295.8810	307.1429
295.3691	307.1429
295.3691	306.6310
294.8572	306.6310
294.8572	306.1191
294.3453	306.1191
294.3453	305.6072
293.8334	305.6072
293.8334	305.0953
293.3215	305.0953
293.3215	304.5834
292.8096	304.5834
292.8096	304.0715
291.7858	304.0715
291.7858	303.0477
291.2739	303.0477
291.2739	302.5358
290.7620	302.5358
290.7620	301.5120
290.2501	301.5120
290.2501	301.0001
289.7382	301.0001
289.7382	299.9762
289.2262	299.9762
289.2262	298.9524
288.7143	298.9524
288.7143	298.4405
288.2024	298.4405
288.2024	297.9286
287.6905	297.9286
287.6905	296.9048
287.1786	296.9048
287.1786	296.3929
286.6667	296.3929
286.6667	295.8810
286.1548	295.8810
286.1548	294.3453
285.6429	294.3453
285.6429	293.3215
285.1310	293.3215
285.1310	292.2977
284.6191	292.2977
284.6191	291.7858
284.1072	291.7858
284.1072	290.2501
284.6191	290.2501
284.6191	285.6429
284.1072	285.6429
284.1072	283.0834
283.5953	283.0834
283.5953	282.0596
283.0834	282.0596
283.0834	281.0358
282.5715	281.0358
282.5715	280.5239
282.0596	280.5239
282.0596	280.0120
281.5477	280.0120
281.5477	279.5001
281.0358	279.5001
281.0358	278.9881
280.5239	278.9881
280.5239	278.4762
279.5001	278.4762
279.5001	277.9643
278.4762	277.9643
278.4762	277.4524
276.4286	277.4524
276.4286	276.9405
273.8691	276.9405
273.8691	276.4286
264.6548	276.4286
264.6548	274.8929
265.1667	274.8929
265.1667	273.8691
265.6786	273.8691
265.6786	272.8453
266.1905	272.8453
266.1905	272.3334
266.7024	272.3334
266.7024	271.8215
267.2143	271.8215
267.2143	271.3096
267.7262	271.3096
267.7262	270.7977
268.2381	270.7977
268.2381	269.7739
268.7501	269.7739
268.7501	268.7501
269.2620	268.7501
269.2620	267.7262
269.7739	267.7262
269.7739	265.1667
270.2858	265.1667
270.2858	262.0953
269.7739	262.0953
269.7739	254.4167
270.2858	254.4167
270.2858	250.3215
269.7739	250.3215
269.7739	247.7620
269.2620	247.7620
269.2620	244.6905
269.7739	244.6905
269.7739	233.4286
270.2858	233.4286
270.2858	231.3810
270.7977	231.3810
270.7977	228.8215
271.3096	228.8215
271.3096	225.7500
270.7977	225.7500
270.7977	215.0000
271.3096	215.0000
271.3096	212.4405
270.7977	212.4405
270.7977	209.8810
271.3096	209.8810
271.3096	207.3215
271.8215	207.3215
271.8215	204.2500
272.3334	204.2500
272.3334	202.7143
272.8453	202.7143
272.8453	201.1786
273.3572	201.1786
273.3572	199.6429
273.8691	199.6429
273.8691	198.6191
274.3810	198.6191
274.3810	197.5953
274.8929	197.5953
274.8929	196.5715
275.4048	196.5715
275.4048	195.0358
275.9167	195.0358
275.9167	194.0119
276.4286	194.0119
276.4286	193.5000
276.9405	193.5000
276.9405	192.4762
277.4524	192.4762
277.4524	191.9643
277.9643	191.9643
277.9643	190.9405
278.4762	190.9405
278.4762	190.4286
278.9881	190.4286
278.9881	189.9167
279.5001	189.9167
279.5001	189.4048
280.0120	189.4048
280.0120	188.8929
280.5239	188.8929
280.5239	188.3810
281.0358	188.3810
281.0358	187.8691
281.5477	187.8691
281.5477	187.3572
282.5715	187.3572
282.5715	186.8453
284.1072	186.8453
284.1072	186.3334
285.1310	186.3334
285.1310	185.8215
286.6667	185.8215
286.6667	185.3096
287.6905	185.3096
287.6905	184.7977
289.2262	184.7977
289.2262	184.2857
291.7858	184.2857
291.7858	183.7738
293.8334	183.7738
293.8334	183.2619
294.8572	183.2619
294.8572	182.7500
296.9048	182.7500
296.9048	182.2381
297.9286	182.2381
297.9286	181.7262
304.5834	181.7262
