292.8096	173.0238
293.8334	173.0238
293.8334	173.5357
296.3929	173.5357
296.3929	174.0477
299.9762	174.0477
299.9762	174.5596
301.5120	174.5596
301.5120	175.0715
302.5358	175.0715
302.5358	176.0953
303.0477	176.0953
303.0477	176.6072
303.5596	176.6072
303.5596	177.6310
304.0715	177.6310
304.0715	178.1429
304.5834	178.1429
304.5834	178.6548
305.0953	178.6548
305.0953	179.1667
305.6072	179.1667
305.6072	179.6786
306.1191	179.6786
306.1191	180.1905
306.6310	180.1905
306.6310	180.7024
307.6548	180.7024
307.6548	181.2143
308.1667	181.2143
308.1667	181.7262
308.6786	181.7262
308.6786	182.2381
309.1905	182.2381
309.1905	182.7500
309.7024	182.7500
309.7024	183.2619
310.7262	183.2619
310.7262	183.7738
311.7501	183.7738
311.7501	184.2857
312.2620	184.2857
312.2620	184.7977
312.7739	184.7977
312.7739	185.3096
313.2858	185.3096
313.2858	185.8215
313.7977	185.8215
313.7977	186.3334
314.3096	186.3334
314.3096	186.8453
314.8215	186.8453
314.8215	187.8691
315.3334	187.8691
315.3334	188.3810
315.8453	188.3810
315.8453	189.4048
316.3572	189.4048
316.3572	189.9167
316.8691	189.9167
316.8691	190.4286
317.3810	190.4286
317.3810	190.9405
317.8929	190.9405
317.8929	191.9643
318.4048	191.9643
318.4048	192.4762
318.9167	192.4762
318.9167	193.5000
319.4286	193.5000
319.4286	194.5238
319.9405	194.5238
319.9405	195.5477
320.4524	195.5477
320.4524	196.0596
320.9643	196.0596
320.9643	196.5715
321.4763	196.5715
321.4763	197.0834
321.9882	197.0834
321.9882	197.5953
322.5001	197.5953
322.5001	198.1072
323.0120	198.1072
323.0120	198.6191
323.5239	198.6191
323.5239	199.1310
324.5477	199.1310
324.5477	199.6429
325.5715	199.6429
325.5715	200.1548
326.5953	200.1548
326.5953	200.6667
328.1310	200.6667
328.1310	201.1786
329.1548	201.1786
329.1548	201.6905
331.2024	201.6905
331.2024	202.2024
332.7382	202.2024
332.7382	202.7143
333.7620	202.7143
333.7620	203.2262
334.7858	203.2262
334.7858	203.7381
335.2977	203.7381
335.2977	204.2500
336.3215	204.2500
336.3215	204.7619
337.3453	204.7619
337.3453	205.2738
338.3691	205.2738
338.3691	205.7858
339.3929	205.7858
339.3929	206.2977
340.9286	206.2977
340.9286	206.8096
341.4405	206.8096
341.4405	207.3215
342.4644	207.3215
342.4644	207.8334
343.4882	207.8334
343.4882	208.3453
344.5120	208.3453
344.5120	208.8572
345.5358	208.8572
345.5358	209.3691
346.0477	209.3691
346.0477	209.8810
347.0715	209.8810
347.0715	210.3929
348.0953	210.3929
348.0953	210.9048
349.1191	210.9048
349.1191	211.4167
351.6786	211.4167
351.6786	211.9286
354.2382	211.9286
354.2382	211.4167
356.7977	211.4167
356.7977	210.9048
357.8215	210.9048
357.8215	210.3929
358.8453	210.3929
358.8453	209.8810
359.3572	209.8810
359.3572	209.3691
359.8691	209.3691
359.8691	208.8572
360.3810	208.8572
360.3810	208.3453
360.8929	208.3453
360.8929	207.8334
361.4048	207.8334
361.4048	207.3215
361.9167	207.3215
361.9167	206.2977
362.4286	206.2977
362.4286	205.7858
362.9405	205.7858
362.9405	205.2738
363.4525	205.2738
363.4525	204.7619
363.9644	204.7619
363.9644	204.2500
364.4763	204.2500
364.4763	203.7381
364.9882	203.7381
364.9882	203.2262
365.5001	203.2262
365.5001	202.7143
366.0120	202.7143
366.0120	201.6905
366.5239	201.6905
366.5239	200.6667
367.0358	200.6667
367.0358	198.1072
367.5477	198.1072
367.5477	191.9643
367.0358	191.9643
367.0358	190.9405
367.5477	190.9405
367.5477	190.4286
368.0596	190.4286
368.0596	189.9167
368.5715	189.9167
368.5715	189.4048
369.0834	189.4048
369.0834	188.3810
369.5953	188.3810
369.5953	187.3572
370.1072	187.3572
370.1072	186.3334
370.6191	186.3334
370.6191	185.8215
371.6429	185.8215
371.6429	186.3334
372.1548	186.3334
372.1548	188.8929
372.6667	188.8929
372.6667	190.4286
373.1786	190.4286
373.1786	191.4524
373.6905	191.4524
373.6905	192.4762
374.2025	192.4762
374.2025	192.9881
374.7144	192.9881
374.7144	193.5000
375.2263	193.5000
375.2263	194.0119
375.7382	194.0119
375.7382	194.5238
376.2501	194.5238
376.2501	195.0358
377.2739	195.0358
377.2739	195.5477
378.2977	195.5477
378.2977	196.0596
379.8334	196.0596
379.8334	196.5715
380.3453	196.5715
380.3453	197.0834
380.8572	197.0834
380.8572	197.5953
381.8810	197.5953
381.8810	198.1072
382.3929	198.1072
382.3929	198.6191
382.9048	198.6191
382.9048	199.1310
383.4167	199.1310
383.4167	200.1548
382.9048	200.1548
382.9048	202.7143
382.3929	202.7143
382.3929	205.2738
381.3691	205.2738
381.3691	205.7858
380.3453	205.7858
380.3453	206.2977
379.3215	206.2977
379.3215	206.8096
378.8096	206.8096
378.8096	207.3215
378.2977	207.3215
378.2977	207.8334
377.7858	207.8334
377.7858	208.3453
377.2739	208.3453
377.2739	208.8572
376.7620	208.8572
376.7620	209.8810
376.2501	209.8810
376.2501	210.9048
375.7382	210.9048
375.7382	213.4643
375.2263	213.4643
375.2263	217.0477
375.7382	217.0477
375.7382	219.6072
376.2501	219.6072
376.2501	221.6548
376.7620	221.6548
376.7620	222.6786
377.2739	222.6786
377.2739	223.7024
377.7858	223.7024
377.7858	224.2143
378.2977	224.2143
378.2977	224.7262
378.8096	224.7262
378.8096	225.2381
379.3215	225.2381
379.3215	225.7500
379.8334	225.7500
379.8334	226.2619
380.8572	226.2619
380.8572	226.7739
381.8810	226.7739
381.8810	227.2858
384.4405	227.2858
384.4405	227.7977
385.4644	227.7977
385.4644	228.3096
386.4882	228.3096
386.4882	228.8215
387.0001	228.8215
387.0001	229.3334
388.0239	229.3334
388.0239	229.8453
388.5358	229.8453
388.5358	230.3572
389.0477	230.3572
389.0477	230.8691
390.0715	230.8691
390.0715	231.3810
391.0953	231.3810
391.0953	231.8929
392.6310	231.8929
392.6310	232.4048
394.1667	232.4048
394.1667	232.9167
396.7263	232.9167
396.7263	233.4286
397.7501	233.4286
397.7501	233.9405
398.7739	233.9405
398.7739	234.4524
401.3334	234.4524
401.3334	234.9643
405.4286	234.9643
405.4286	235.4762
407.9882	235.4762
407.9882	235.9881
411.5715	235.9881
411.5715	235.4762
414.1310	235.4762
414.1310	234.9643
415.1548	234.9643
415.1548	234.4524
416.1787	234.4524
416.1787	233.9405
417.2025	233.9405
417.2025	233.4286
417.7144	233.4286
417.7144	232.9167
419.7620	232.9167
419.7620	232.4048
420.7858	232.4048
420.7858	231.8929
421.8096	231.8929
421.8096	231.3810
422.3215	231.3810
422.3215	230.8691
422.8334	230.8691
422.8334	230.3572
423.3453	230.3572
423.3453	229.8453
423.8572	229.8453
423.8572	229.3334
424.3691	229.3334
424.3691	228.8215
432.5596	228.8215
432.5596	229.3334
436.1429	229.3334
436.1429	229.8453
439.7263	229.8453
439.7263	230.3572
441.2620	230.3572
441.2620	230.8691
442.2858	230.8691
442.2858	231.3810
444.8453	231.3810
444.8453	231.8929
451.5001	231.8929
451.5001	232.4048
453.5477	232.4048
453.5477	232.9167
454.5715	232.9167
454.5715	233.4286
455.0834	233.4286
455.0834	233.9405
456.1072	233.9405
456.1072	234.4524
457.1310	234.4524
457.1310	234.9643
457.6429	234.9643
457.6429	235.4762
458.6668	235.4762
458.6668	235.9881
459.1787	235.9881
459.1787	236.5000
460.2025	236.5000
460.2025	237.0119
460.7144	237.0119
460.7144	237.5239
461.2263	237.5239
461.2263	238.0358
461.7382	238.0358
461.7382	238.5477
462.7620	238.5477
462.7620	239.5715
463.2739	239.5715
463.2739	240.0834
463.7858	240.0834
463.7858	240.5953
464.2977	240.5953
464.2977	241.1072
464.8096	241.1072
464.8096	242.1310
465.3215	242.1310
465.3215	243.1548
465.8334	243.1548
465.8334	244.1786
466.3453	244.1786
466.3453	244.6905
466.8572	244.6905
466.8572	246.2262
467.3691	246.2262
467.3691	247.2500
467.8810	247.2500
467.8810	248.7858
468.3929	248.7858
468.3929	250.3215
468.9049	250.3215
468.9049	265.6786
468.3929	265.6786
468.3929	268.7501
467.8810	268.7501
467.8810	270.2858
467.3691	270.2858
467.3691	272.8453
466.8572	272.8453
466.8572	275.4048
466.3453	275.4048
466.3453	277.9643
465.8334	277.9643
465.8334	280.0120
465.3215	280.0120
465.3215	281.0358
464.8096	281.0358
464.8096	282.0596
464.2977	282.0596
464.2977	283.0834
463.7858	283.0834
463.7858	283.5953
463.2739	283.5953
463.2739	284.6191
462.7620	284.6191
462.7620	285.1310
462.2501	285.1310
462.2501	285.6429
461.7382	285.6429
461.7382	286.1548
460.7144	286.1548
460.7144	286.6667
460.2025	286.6667
460.2025	287.1786
459.1787	287.1786
459.1787	287.6905
458.6668	287.6905
458.6668	288.2024
456.6191	288.2024
456.6191	287.6905
455.5953	287.6905
455.5953	287.1786
453.0358	287.1786
453.0358	286.6667
449.9644	286.6667
449.9644	287.1786
447.4048	287.1786
447.4048	287.6905
446.3810	287.6905
446.3810	288.2024
445.3572	288.2024
445.3572	288.7143
444.8453	288.7143
444.8453	289.2262
444.3334	289.2262
444.3334	289.7382
443.8215	289.7382
443.8215	290.2501
443.3096	290.2501
443.3096	290.7620
442.7977	290.7620
442.7977	291.2739
442.2858	291.2739
442.2858	291.7858
441.7739	291.7858
441.7739	292.2977
441.2620	292.2977
441.2620	293.3215
440.7501	293.3215
440.7501	294.3453
440.2382	294.3453
440.2382	296.9048
439.7263	296.9048
439.7263	299.9762
440.2382	299.9762
440.2382	302.5358
440.7501	302.5358
440.7501	303.5596
441.2620	303.5596
441.2620	304.5834
441.7739	304.5834
441.7739	305.0953
442.2858	305.0953
442.2858	305.6072
442.7977	305.6072
442.7977	306.1191
443.3096	306.1191
443.3096	306.6310
443.8215	306.6310
443.8215	307.6548
444.3334	307.6548
444.3334	308.6786
444.8453	308.6786
444.8453	309.1905
445.3572	309.1905
445.3572	309.7024
445.8691	309.7024
445.8691	310.2143
446.3810	310.2143
446.3810	310.7262
446.8929	310.7262
446.8929	311.2382
447.4048	311.2382
447.4048	311.7501
447.9168	311.7501
447.9168	312.7739
448.4287	312.7739
448.4287	313.7977
448.9406	313.7977
448.9406	314.8215
449.4525	314.8215
449.4525	315.8453
449.9644	315.8453
449.9644	316.8691
450.4763	316.8691
450.4763	318.4048
450.9882	318.4048
450.9882	320.9643
451.5001	320.9643
451.5001	326.0834
450.9882	326.0834
450.9882	326.5953
450.4763	326.5953
450.4763	327.6191
449.9644	327.6191
449.9644	328.6429
449.4525	328.6429
449.4525	329.1548
448.9406	329.1548
448.9406	329.6667
448.4287	329.6667
448.4287	330.6905
447.9168	330.6905
447.9168	331.7143
447.4048	331.7143
447.4048	332.7382
446.3810	332.7382
446.3810	333.2501
445.3572	333.2501
445.3572	332.7382
440.2382	332.7382
440.2382	333.2501
437.6787	333.2501
437.6787	333.7620
436.6548	333.7620
436.6548	334.2739
435.6310	334.2739
435.6310	334.7858
434.6072	334.7858
434.6072	335.2977
433.5834	335.2977
433.5834	335.8096
433.0715	335.8096
433.0715	336.3215
430.5120	336.3215
430.5120	336.8334
429.4882	336.8334
429.4882	337.3453
428.4644	337.3453
428.4644	337.8572
427.4406	337.8572
427.4406	338.3691
426.4167	338.3691
426.4167	338.8810
425.3929	338.8810
425.3929	339.3929
424.8810	339.3929
424.8810	339.9048
424.3691	339.9048
424.3691	340.4167
423.8572	340.4167
423.8572	340.9286
423.3453	340.9286
423.3453	341.4405
422.8334	341.4405
422.8334	341.9524
422.3215	341.9524
422.3215	342.4644
421.8096	342.4644
421.8096	343.4882
421.2977	343.4882
421.2977	344.5120
420.2739	344.5120
420.2739	344.0001
419.7620	344.0001
419.7620	343.4882
419.2501	343.4882
419.2501	342.4644
418.7382	342.4644
418.7382	341.9524
418.2263	341.9524
418.2263	341.4405
417.7144	341.4405
417.7144	340.9286
417.2025	340.9286
417.2025	340.4167
416.6906	340.4167
416.6906	339.9048
415.6667	339.9048
415.6667	339.3929
414.6429	339.3929
414.6429	338.8810
412.0834	338.8810
412.0834	338.3691
407.4763	338.3691
407.4763	338.8810
406.4525	338.8810
406.4525	338.3691
405.4286	338.3691
405.4286	337.8572
402.8691	337.8572
402.8691	337.3453
399.2858	337.3453
399.2858	337.8572
396.7263	337.8572
396.7263	338.3691
395.7025	338.3691
395.7025	338.8810
394.6786	338.8810
394.6786	339.3929
394.1667	339.3929
394.1667	339.9048
393.6548	339.9048
393.6548	340.4167
393.1429	340.4167
393.1429	340.9286
392.6310	340.9286
392.6310	341.4405
392.1191	341.4405
392.1191	341.9524
390.0715	341.9524
390.0715	342.4644
389.0477	342.4644
389.0477	342.9763
388.0239	342.9763
388.0239	343.4882
387.5120	343.4882
387.5120	342.9763
384.4405	342.9763
384.4405	342.4644
382.9048	342.4644
382.9048	341.9524
380.3453	341.9524
380.3453	341.4405
379.3215	341.4405
379.3215	340.9286
376.7620	340.9286
376.7620	340.4167
375.2263	340.4167
375.2263	339.9048
374.7144	339.9048
374.7144	339.3929
373.6905	339.3929
373.6905	338.8810
372.6667	338.8810
372.6667	338.3691
371.6429	338.3691
371.6429	337.8572
370.6191	337.8572
370.6191	337.3453
369.5953	337.3453
369.5953	336.8334
368.5715	336.8334
368.5715	336.3215
368.0596	336.3215
368.0596	333.7620
367.5477	333.7620
367.5477	332.7382
367.0358	332.7382
367.0358	331.7143
366.5239	331.7143
366.5239	331.2024
366.0120	331.2024
366.0120	330.6905
365.5001	330.6905
365.5001	330.1786
364.9882	330.1786
364.9882	329.6667
364.4763	329.6667
364.4763	329.1548
363.9644	329.1548
363.9644	328.6429
362.9405	328.6429
362.9405	328.1310
361.9167	328.1310
361.9167	327.6191
359.3572	327.6191
359.3572	327.1072
354.7501	327.1072
354.7501	327.6191
352.1905	327.6191
352.1905	328.1310
351.1667	328.1310
351.1667	328.6429
350.1429	328.6429
350.1429	329.1548
349.6310	329.1548
349.6310	329.6667
349.1191	329.6667
349.1191	330.1786
348.6072	330.1786
348.6072	330.6905
348.0953	330.6905
348.0953	331.2024
347.5834	331.2024
347.5834	332.2263
347.0715	332.2263
347.0715	333.2501
346.5596	333.2501
346.5596	333.7620
346.0477	333.7620
346.0477	334.7858
345.5358	334.7858
345.5358	335.2977
345.0239	335.2977
345.0239	335.8096
344.0001	335.8096
344.0001	336.3215
342.9763	336.3215
342.9763	336.8334
341.9524	336.8334
341.9524	337.3453
341.4405	337.3453
341.4405	337.8572
340.4167	337.8572
340.4167	338.3691
339.9048	338.3691
339.9048	338.8810
339.3929	338.8810
339.3929	339.3929
338.8810	339.3929
338.8810	339.9048
338.3691	339.9048
338.3691	340.4167
337.8572	340.4167
337.8572	341.4405
337.3453	341.4405
337.3453	342.4644
336.8334	342.4644
336.8334	345.0239
336.3215	345.0239
336.3215	349.6310
336.8334	349.6310
336.8334	352.1905
337.3453	352.1905
337.3453	353.2144
337.8572	353.2144
337.8572	355.7739
338.3691	355.7739
338.3691	356.7977
338.8810	356.7977
338.8810	357.8215
339.3929	357.8215
339.3929	358.3334
339.9048	358.3334
339.9048	358.8453
340.4167	358.8453
340.4167	359.3572
340.9286	359.3572
340.9286	359.8691
341.4405	359.8691
341.4405	360.3810
341.9524	360.3810
341.9524	360.8929
342.4644	360.8929
342.4644	361.4048
343.4882	361.4048
343.4882	361.9167
344.0001	361.9167
344.0001	362.4286
344.5120	362.4286
344.5120	362.9405
345.0239	362.9405
345.0239	363.4525
345.5358	363.4525
345.5358	363.9644
346.0477	363.9644
346.0477	364.4763
346.5596	364.4763
346.5596	366.0120
347.0715	366.0120
347.0715	367.0358
347.5834	367.0358
347.5834	370.6191
348.0953	370.6191
348.0953	371.6429
347.5834	371.6429
347.5834	373.6905
347.0715	373.6905
347.0715	376.2501
346.5596	376.2501
346.5596	380.8572
347.0715	380.8572
347.0715	383.4167
347.5834	383.4167
347.5834	384.4405
348.0953	384.4405
348.0953	385.4644
348.6072	385.4644
348.6072	387.5120
349.1191	387.5120
349.1191	388.5358
349.6310	388.5358
349.6310	389.5596
350.1429	389.5596
350.1429	391.6072
350.6548	391.6072
350.6548	392.6310
351.1667	392.6310
351.1667	393.1429
350.1429	393.1429
350.1429	392.6310
349.1191	392.6310
349.1191	391.6072
348.6072	391.6072
348.6072	391.0953
348.0953	391.0953
348.0953	390.5834
347.5834	390.5834
347.5834	390.0715
347.0715	390.0715
347.0715	389.5596
346.5596	389.5596
346.5596	389.0477
346.0477	389.0477
346.0477	388.5358
345.5358	388.5358
345.5358	388.0239
345.0239	388.0239
345.0239	387.5120
344.5120	387.5120
344.5120	387.0001
344.0001	387.0001
344.0001	385.9763
343.4882	385.9763
343.4882	385.4644
342.9763	385.4644
342.9763	384.4405
342.4644	384.4405
342.4644	383.9286
341.9524	383.9286
341.9524	383.4167
341.4405	383.4167
341.4405	382.3929
340.9286	382.3929
340.9286	381.3691
340.4167	381.3691
340.4167	380.8572
339.9048	380.8572
339.9048	380.3453
339.3929	380.3453
339.3929	379.8334
338.8810	379.8334
338.8810	379.3215
338.3691	379.3215
338.3691	378.8096
337.8572	378.8096
337.8572	378.2977
337.3453	378.2977
337.3453	376.7620
336.8334	376.7620
336.8334	375.2263
336.3215	375.2263
336.3215	373.6905
335.8096	373.6905
335.8096	372.6667
335.2977	372.6667
335.2977	371.6429
334.7858	371.6429
334.7858	371.1310
334.2739	371.1310
334.2739	370.6191
333.7620	370.6191
333.7620	366.5239
333.2501	366.5239
333.2501	363.9644
332.7382	363.9644
332.7382	361.4048
332.2263	361.4048
332.2263	359.8691
331.7143	359.8691
331.7143	358.3334
331.2024	358.3334
331.2024	357.3096
330.6905	357.3096
330.6905	356.2858
330.1786	356.2858
330.1786	355.7739
329.6667	355.7739
329.6667	354.7501
329.1548	354.7501
329.1548	354.2382
328.6429	354.2382
328.6429	353.2144
328.1310	353.2144
328.1310	352.1905
327.6191	352.1905
327.6191	351.1667
327.1072	351.1667
327.1072	350.1429
326.5953	350.1429
326.5953	348.6072
326.0834	348.6072
326.0834	347.5834
325.5715	347.5834
325.5715	346.5596
325.0596	346.5596
325.0596	345.5358
324.5477	345.5358
324.5477	344.5120
324.0358	344.5120
324.0358	343.4882
323.5239	343.4882
323.5239	342.9763
323.0120	342.9763
323.0120	341.9524
322.5001	341.9524
322.5001	340.9286
321.9882	340.9286
321.9882	340.4167
321.4763	340.4167
321.4763	339.3929
320.9643	339.3929
320.9643	338.3691
320.4524	338.3691
320.4524	337.8572
319.9405	337.8572
319.9405	337.3453
319.4286	337.3453
319.4286	336.3215
318.9167	336.3215
318.9167	335.2977
318.4048	335.2977
318.4048	334.7858
317.8929	334.7858
317.8929	333.7620
317.3810	333.7620
317.3810	332.7382
316.8691	332.7382
316.8691	331.7143
316.3572	331.7143
316.3572	331.2024
315.8453	331.2024
315.8453	330.1786
315.3334	330.1786
315.3334	329.1548
314.8215	329.1548
314.8215	328.6429
314.3096	328.6429
314.3096	327.6191
313.7977	327.6191
313.7977	327.1072
313.2858	327.1072
313.2858	326.5953
312.7739	326.5953
312.7739	325.5715
312.2620	325.5715
312.2620	324.5477
311.7501	324.5477
311.7501	323.5239
311.2382	323.5239
311.2382	323.0120
310.7262	323.0120
310.7262	322.5001
310.2143	322.5001
310.2143	321.9882
309.7024	321.9882
309.7024	321.4763
309.1905	321.4763
309.1905	320.9643
308.6786	320.9643
308.6786	320.4524
308.1667	320.4524
308.1667	319.9405
307.1429	319.9405
307.1429	319.4286
306.1191	319.4286
306.1191	318.9167
305.0953	318.9167
305.0953	318.4048
304.0715	318.4048
304.0715	317.8929
303.0477	317.8929
303.0477	317.3810
300.4882	317.3810
300.4882	316.8691
296.9048	316.8691
296.9048	316.3572
296.3929	316.3572
296.3929	315.8453
295.8810	315.8453
295.8810	315.3334
295.3691	315.3334
295.3691	314.8215
294.8572	314.8215
294.8572	314.3096
294.3453	314.3096
294.3453	313.7977
293.3215	313.7977
293.3215	313.2858
292.2977	313.2858
292.2977	312.7739
291.7858	312.7739
291.7858	312.2620
291.2739	312.2620
291.2739	311.7501
290.2501	311.7501
290.2501	311.2382
289.2262	311.2382
289.2262	310.7262
287.6905	310.7262
287.6905	310.2143
287.1786	310.2143
287.1786	309.7024
286.1548	309.7024
286.1548	309.1905
285.1310	309.1905
285.1310	308.6786
283.5953	308.6786
283.5953	308.1667
281.0358	308.1667
281.0358	307.6548
275.9167	307.6548
275.9167	307.1429
275.4048	307.1429
275.4048	305.0953
274.8929	305.0953
274.8929	304.0715
274.3810	304.0715
274.3810	303.0477
273.8691	303.0477
273.8691	302.0239
273.3572	302.0239
273.3572	301.5120
272.8453	301.5120
272.8453	301.0001
272.3334	301.0001
272.3334	300.4882
271.8215	300.4882
271.8215	299.9762
271.3096	299.9762
271.3096	299.4643
270.7977	299.4643
270.7977	298.9524
269.7739	298.9524
269.7739	297.4167
270.2858	297.4167
270.2858	296.3929
270.7977	296.3929
270.7977	295.3691
271.3096	295.3691
271.3096	292.8096
271.8215	292.8096
271.8215	290.2501
271.3096	290.2501
271.3096	287.6905
270.7977	287.6905
270.7977	286.6667
270.2858	286.6667
270.2858	285.6429
269.7739	285.6429
269.7739	285.1310
269.2620	285.1310
269.2620	284.6191
268.7501	284.6191
268.7501	284.1072
268.2381	284.1072
268.2381	283.5953
267.7262	283.5953
267.7262	283.0834
267.2143	283.0834
267.2143	282.5715
266.1905	282.5715
266.1905	282.0596
265.1667	282.0596
265.1667	281.5477
263.6310	281.5477
263.6310	279.5001
264.1429	279.5001
264.1429	275.9167
263.6310	275.9167
263.6310	273.3572
263.1191	273.3572
263.1191	272.3334
262.6072	272.3334
262.6072	271.3096
262.0953	271.3096
262.0953	270.7977
261.5834	270.7977
261.5834	270.2858
261.0715	270.2858
261.0715	269.7739
260.5596	269.7739
260.5596	269.2620
260.0477	269.2620
260.0477	268.7501
259.0239	268.7501
259.0239	268.2381
258.0000	268.2381
258.0000	267.7262
260.5596	267.7262
260.5596	267.2143
264.6548	267.2143
264.6548	266.7024
267.2143	266.7024
267.2143	266.1905
268.2381	266.1905
268.2381	265.6786
269.2620	265.6786
269.2620	265.1667
269.7739	265.1667
269.7739	264.6548
270.2858	264.6548
270.2858	264.1429
270.7977	264.1429
270.7977	263.6310
271.3096	263.6310
271.3096	263.1191
271.8215	263.1191
271.8215	262.0953
272.3334	262.0953
272.3334	261.0715
272.8453	261.0715
272.8453	258.5120
273.3572	258.5120
273.3572	255.4405
272.8453	255.4405
272.8453	252.8810
272.3334	252.8810
272.3334	251.8572
271.8215	251.8572
271.8215	249.2977
271.3096	249.2977
271.3096	248.2739
270.7977	248.2739
270.7977	247.2500
270.2858	247.2500
270.2858	246.7381
269.7739	246.7381
269.7739	246.2262
269.2620	246.2262
269.2620	245.7143
268.7501	245.7143
268.7501	245.2024
268.2381	245.2024
268.2381	244.6905
267.7262	244.6905
267.7262	244.1786
267.2143	244.1786
267.2143	241.6191
266.7024	241.6191
266.7024	239.5715
266.1905	239.5715
266.1905	238.5477
265.6786	238.5477
265.6786	237.5239
265.1667	237.5239
265.1667	237.0119
264.6548	237.0119
264.6548	236.5000
264.1429	236.5000
264.1429	235.9881
263.6310	235.9881
263.6310	235.4762
263.1191	235.4762
263.1191	234.9643
262.6072	234.9643
262.6072	234.4524
261.5834	234.4524
261.5834	233.9405
260.5596	233.9405
260.5596	231.8929
260.0477	231.8929
260.0477	230.8691
259.5358	230.8691
259.5358	229.8453
259.0239	229.8453
259.0239	229.3334
258.5120	229.3334
258.5120	228.8215
258.0000	228.8215
258.0000	228.3096
257.4881	228.3096
257.4881	227.7977
256.9762	227.7977
256.9762	227.2858
256.4643	227.2858
256.4643	226.7739
255.4405	226.7739
255.4405	226.2619
254.4167	226.2619
254.4167	223.7024
253.9048	223.7024
253.9048	221.6548
253.3929	221.6548
253.3929	220.6310
252.8810	220.6310
252.8810	219.6072
252.3691	219.6072
252.3691	219.0953
251.8572	219.0953
251.8572	218.5834
251.3453	218.5834
251.3453	218.0715
250.8334	218.0715
250.8334	217.5596
250.3215	217.5596
250.3215	217.0477
249.2977	217.0477
249.2977	216.5358
248.2739	216.5358
248.2739	216.0239
246.7381	216.0239
246.7381	215.5119
244.1786	215.5119
244.1786	215.0000
241.1072	215.0000
241.1072	215.5119
239.5715	215.5119
239.5715	213.9762
240.0834	213.9762
240.0834	212.9524
240.5953	212.9524
240.5953	211.9286
241.1072	211.9286
241.1072	211.4167
241.6191	211.4167
241.6191	210.9048
242.1310	210.9048
242.1310	209.8810
243.6667	209.8810
243.6667	209.3691
244.6905	209.3691
244.6905	208.8572
245.7143	208.8572
245.7143	208.3453
246.7381	208.3453
246.7381	207.8334
247.2500	207.8334
247.2500	207.3215
248.2739	207.3215
248.2739	206.8096
249.2977	206.8096
249.2977	206.2977
249.8096	206.2977
249.8096	205.7858
250.8334	205.7858
250.8334	205.2738
251.8572	205.2738
251.8572	204.7619
252.8810	204.7619
252.8810	204.2500
255.4405	204.2500
255.4405	203.7381
258.0000	203.7381
258.0000	203.2262
259.0239	203.2262
259.0239	202.7143
260.0477	202.7143
260.0477	202.2024
261.0715	202.2024
261.0715	201.6905
262.0953	201.6905
262.0953	201.1786
263.1191	201.1786
263.1191	200.6667
264.1429	200.6667
264.1429	200.1548
266.7024	200.1548
266.7024	200.6667
273.3572	200.6667
273.3572	200.1548
275.9167	200.1548
275.9167	199.6429
276.9405	199.6429
276.9405	199.1310
277.9643	199.1310
277.9643	198.6191
278.4762	198.6191
278.4762	198.1072
278.9881	198.1072
278.9881	197.5953
279.5001	197.5953
279.5001	197.0834
281.0358	197.0834
281.0358	196.5715
282.0596	196.5715
282.0596	196.0596
284.6191	196.0596
284.6191	195.5477
287.1786	195.5477
287.1786	195.0358
288.2024	195.0358
288.2024	194.5238
289.2262	194.5238
289.2262	194.0119
289.7382	194.0119
289.7382	193.5000
290.2501	193.5000
290.2501	192.9881
290.7620	192.9881
290.7620	192.4762
291.2739	192.4762
291.2739	191.9643
291.7858	191.9643
291.7858	191.4524
292.2977	191.4524
292.2977	190.9405
292.8096	190.9405
292.8096	189.9167
293.3215	189.9167
293.3215	188.8929
293.8334	188.8929
293.8334	186.3334
294.3453	186.3334
294.3453	183.7738
293.8334	183.7738
293.8334	181.2143
293.3215	181.2143
293.3215	180.1905
292.8096	180.1905
292.8096	179.1667
292.2977	179.1667
292.2977	178.6548
291.7858	178.6548
291.7858	178.1429
291.2739	178.1429
291.2739	177.6310
290.7620	177.6310
290.7620	177.1191
290.2501	177.1191
290.2501	176.6072
289.7382	176.6072
289.7382	176.0953
289.2262	176.0953
289.2262	175.5834
288.7143	175.5834
288.7143	175.0715
288.2024	175.0715
288.2024	174.5596
288.7143	174.5596
288.7143	174.0477
289.2262	174.0477
289.2262	173.5357
289.7382	173.5357
289.7382	173.0238
290.7620	173.0238
290.7620	172.5119
292.8096	172.5119
