292.8096	163.2977
293.8334	163.2977
293.8334	163.8096
294.8572	163.8096
294.8572	164.3215
295.8810	164.3215
295.8810	164.8334
296.9048	164.8334
296.9048	165.3453
298.9524	165.3453
298.9524	165.8572
299.9762	165.8572
299.9762	166.3691
301.0001	166.3691
301.0001	166.8810
302.0239	166.8810
302.0239	167.3929
303.5596	167.3929
303.5596	167.9048
305.6072	167.9048
305.6072	168.4167
306.1191	168.4167
306.1191	168.9286
307.1429	168.9286
307.1429	169.4405
308.1667	169.4405
308.1667	169.9524
309.1905	169.9524
309.1905	170.4643
310.2143	170.4643
310.2143	170.9762
310.7262	170.9762
310.7262	171.4881
311.2382	171.4881
311.2382	172.0000
311.7501	172.0000
311.7501	172.5119
312.7739	172.5119
312.7739	173.5357
313.2858	173.5357
313.2858	174.0477
313.7977	174.0477
313.7977	174.5596
314.3096	174.5596
314.3096	175.5834
314.8215	175.5834
314.8215	176.6072
315.3334	176.6072
315.3334	177.6310
315.8453	177.6310
315.8453	178.6548
316.3572	178.6548
316.3572	180.7024
316.8691	180.7024
316.8691	181.7262
317.3810	181.7262
317.3810	183.2619
317.8929	183.2619
317.8929	184.2857
318.4048	184.2857
318.4048	185.3096
318.9167	185.3096
318.9167	188.3810
318.4048	188.3810
318.4048	194.0119
318.9167	194.0119
318.9167	196.5715
319.4286	196.5715
319.4286	197.5953
319.9405	197.5953
319.9405	199.1310
320.4524	199.1310
320.4524	200.1548
320.9643	200.1548
320.9643	201.1786
321.4763	201.1786
321.4763	201.6905
321.9882	201.6905
321.9882	202.2024
322.5001	202.2024
322.5001	202.7143
323.0120	202.7143
323.0120	203.2262
323.5239	203.2262
323.5239	203.7381
324.0358	203.7381
324.0358	204.2500
325.0596	204.2500
325.0596	204.7619
326.0834	204.7619
326.0834	205.2738
328.6429	205.2738
328.6429	205.7858
330.6905	205.7858
330.6905	206.2977
331.7143	206.2977
331.7143	206.8096
333.7620	206.8096
333.7620	207.3215
334.7858	207.3215
334.7858	207.8334
335.2977	207.8334
335.2977	208.3453
336.3215	208.3453
336.3215	208.8572
336.8334	208.8572
336.8334	209.3691
337.3453	209.3691
337.3453	209.8810
338.3691	209.8810
338.3691	210.3929
339.3929	210.3929
339.3929	210.9048
339.9048	210.9048
339.9048	211.4167
340.4167	211.4167
340.4167	211.9286
340.9286	211.9286
340.9286	212.4405
341.4405	212.4405
341.4405	212.9524
341.9524	212.9524
341.9524	213.4643
342.4644	213.4643
342.4644	213.9762
343.4882	213.9762
343.4882	214.4881
344.5120	214.4881
344.5120	215.0000
345.5358	215.0000
345.5358	215.5119
346.0477	215.5119
346.0477	216.0239
346.5596	216.0239
346.5596	216.5358
347.0715	216.5358
347.0715	217.0477
347.5834	217.0477
347.5834	217.5596
348.6072	217.5596
348.6072	218.0715
349.6310	218.0715
349.6310	218.5834
352.1905	218.5834
352.1905	219.0953
355.2620	219.0953
355.2620	218.5834
357.8215	218.5834
357.8215	218.0715
358.8453	218.0715
358.8453	217.5596
359.8691	217.5596
359.8691	217.0477
360.3810	217.0477
360.3810	216.5358
360.8929	216.5358
360.8929	216.0239
361.4048	216.0239
361.4048	215.5119
361.9167	215.5119
361.9167	215.0000
362.4286	215.0000
362.4286	213.9762
362.9405	213.9762
362.9405	212.9524
363.4525	212.9524
363.4525	210.9048
363.9644	210.9048
363.9644	208.3453
364.4763	208.3453
364.4763	207.8334
364.9882	207.8334
364.9882	206.8096
365.5001	206.8096
365.5001	205.7858
366.0120	205.7858
366.0120	204.2500
366.5239	204.2500
366.5239	203.2262
367.5477	203.2262
367.5477	202.7143
368.5715	202.7143
368.5715	202.2024
369.0834	202.2024
369.0834	201.6905
369.5953	201.6905
369.5953	201.1786
370.1072	201.1786
370.1072	200.6667
370.6191	200.6667
370.6191	200.1548
371.1310	200.1548
371.1310	199.6429
371.6429	199.6429
371.6429	198.6191
372.1548	198.6191
372.1548	197.5953
372.6667	197.5953
372.6667	195.0358
373.1786	195.0358
373.1786	186.3334
372.6667	186.3334
372.6667	185.8215
373.1786	185.8215
373.1786	183.7738
374.2025	183.7738
374.2025	183.2619
374.7144	183.2619
374.7144	182.7500
375.2263	182.7500
375.2263	182.2381
375.7382	182.2381
375.7382	181.7262
376.2501	181.7262
376.2501	181.2143
376.7620	181.2143
376.7620	180.7024
377.2739	180.7024
377.2739	180.1905
378.2977	180.1905
378.2977	180.7024
379.3215	180.7024
379.3215	182.7500
378.8096	182.7500
378.8096	186.3334
379.3215	186.3334
379.3215	188.8929
379.8334	188.8929
379.8334	189.9167
380.3453	189.9167
380.3453	192.9881
379.8334	192.9881
379.8334	194.5238
379.3215	194.5238
379.3215	195.5477
378.8096	195.5477
378.8096	198.1072
378.2977	198.1072
378.2977	201.1786
378.8096	201.1786
378.8096	203.7381
379.3215	203.7381
379.3215	204.7619
379.8334	204.7619
379.8334	205.7858
380.3453	205.7858
380.3453	208.3453
380.8572	208.3453
380.8572	209.8810
380.3453	209.8810
380.3453	211.4167
379.8334	211.4167
379.8334	211.9286
379.3215	211.9286
379.3215	212.4405
378.8096	212.4405
378.8096	212.9524
378.2977	212.9524
378.2977	213.4643
377.7858	213.4643
377.7858	213.9762
377.2739	213.9762
377.2739	214.4881
376.7620	214.4881
376.7620	215.0000
376.2501	215.0000
376.2501	216.0239
375.7382	216.0239
375.7382	217.0477
375.2263	217.0477
375.2263	219.6072
374.7144	219.6072
374.7144	224.2143
375.2263	224.2143
375.2263	226.7739
375.7382	226.7739
375.7382	227.7977
376.2501	227.7977
376.2501	228.8215
376.7620	228.8215
376.7620	229.3334
377.2739	229.3334
377.2739	229.8453
377.7858	229.8453
377.7858	230.3572
378.2977	230.3572
378.2977	230.8691
378.8096	230.8691
378.8096	231.3810
379.8334	231.3810
379.8334	231.8929
380.8572	231.8929
380.8572	232.4048
383.4167	232.4048
383.4167	232.9167
384.9525	232.9167
384.9525	233.4286
386.4882	233.4286
386.4882	233.9405
388.0239	233.9405
388.0239	234.4524
390.5834	234.4524
390.5834	234.9643
391.6072	234.9643
391.6072	235.4762
394.1667	235.4762
394.1667	235.9881
398.7739	235.9881
398.7739	235.4762
403.3810	235.4762
403.3810	234.9643
405.9406	234.9643
405.9406	234.4524
406.4525	234.4524
406.4525	234.9643
410.5477	234.9643
410.5477	234.4524
413.1072	234.4524
413.1072	233.9405
414.1310	233.9405
414.1310	233.4286
416.6906	233.4286
416.6906	232.9167
418.7382	232.9167
418.7382	232.4048
420.7858	232.4048
420.7858	231.8929
421.8096	231.8929
421.8096	231.3810
422.8334	231.3810
422.8334	230.8691
423.8572	230.8691
423.8572	230.3572
424.8810	230.3572
424.8810	229.8453
425.3929	229.8453
425.3929	229.3334
425.9048	229.3334
425.9048	228.8215
427.4406	228.8215
427.4406	228.3096
428.4644	228.3096
428.4644	227.7977
429.4882	227.7977
429.4882	227.2858
433.5834	227.2858
433.5834	226.7739
436.1429	226.7739
436.1429	226.2619
438.7025	226.2619
438.7025	225.7500
441.2620	225.7500
441.2620	225.2381
445.3572	225.2381
445.3572	224.7262
446.3810	224.7262
446.3810	225.2381
452.5239	225.2381
452.5239	225.7500
454.0596	225.7500
454.0596	226.2619
455.0834	226.2619
455.0834	226.7739
457.6429	226.7739
457.6429	227.2858
459.6906	227.2858
459.6906	227.7977
461.7382	227.7977
461.7382	228.3096
462.2501	228.3096
462.2501	228.8215
462.7620	228.8215
462.7620	229.3334
463.2739	229.3334
463.2739	229.8453
463.7858	229.8453
463.7858	230.3572
464.8096	230.3572
464.8096	230.8691
465.8334	230.8691
465.8334	231.3810
466.8572	231.3810
466.8572	231.8929
467.3691	231.8929
467.3691	232.4048
467.8810	232.4048
467.8810	232.9167
468.3929	232.9167
468.3929	233.4286
468.9049	233.4286
468.9049	233.9405
469.4168	233.9405
469.4168	234.4524
469.9287	234.4524
469.9287	234.9643
470.9525	234.9643
470.9525	235.4762
471.4644	235.4762
471.4644	235.9881
471.9763	235.9881
471.9763	236.5000
472.4882	236.5000
472.4882	237.0119
473.0001	237.0119
473.0001	237.5239
473.5120	237.5239
473.5120	238.5477
474.0239	238.5477
474.0239	239.0596
474.5358	239.0596
474.5358	240.0834
475.0477	240.0834
475.0477	241.1072
475.5596	241.1072
475.5596	241.6191
476.0715	241.6191
476.0715	242.6429
476.5834	242.6429
476.5834	243.1548
477.0953	243.1548
477.0953	245.2024
477.6072	245.2024
477.6072	246.7381
478.1191	246.7381
478.1191	248.7858
478.6310	248.7858
478.6310	250.3215
479.1429	250.3215
479.1429	252.3691
479.6549	252.3691
479.6549	258.0000
480.1668	258.0000
480.1668	260.5596
480.6787	260.5596
480.6787	264.6548
481.1906	264.6548
481.1906	271.3096
480.6787	271.3096
480.6787	275.9167
480.1668	275.9167
480.1668	277.4524
479.6549	277.4524
479.6549	280.0120
479.1429	280.0120
479.1429	280.5239
478.6310	280.5239
478.6310	281.5477
478.1191	281.5477
478.1191	282.5715
477.6072	282.5715
477.6072	283.0834
477.0953	283.0834
477.0953	284.1072
476.5834	284.1072
476.5834	284.6191
476.0715	284.6191
476.0715	285.1310
475.5596	285.1310
475.5596	286.1548
475.0477	286.1548
475.0477	286.6667
474.5358	286.6667
474.5358	287.6905
474.0239	287.6905
474.0239	288.2024
473.5120	288.2024
473.5120	288.7143
473.0001	288.7143
473.0001	289.2262
472.4882	289.2262
472.4882	289.7382
471.9763	289.7382
471.9763	290.2501
471.4644	290.2501
471.4644	290.7620
470.9525	290.7620
470.9525	291.2739
470.4406	291.2739
470.4406	291.7858
469.9287	291.7858
469.9287	292.2977
469.4168	292.2977
469.4168	292.8096
468.9049	292.8096
468.9049	293.3215
468.3929	293.3215
468.3929	293.8334
467.8810	293.8334
467.8810	294.3453
466.8572	294.3453
466.8572	294.8572
466.3453	294.8572
466.3453	295.3691
464.8096	295.3691
464.8096	295.8810
463.7858	295.8810
463.7858	296.3929
462.7620	296.3929
462.7620	296.9048
459.6906	296.9048
459.6906	297.4167
456.6191	297.4167
456.6191	297.9286
454.0596	297.9286
454.0596	298.4405
453.0358	298.4405
453.0358	298.9524
452.0120	298.9524
452.0120	299.4643
451.5001	299.4643
451.5001	299.9762
450.9882	299.9762
450.9882	300.4882
450.4763	300.4882
450.4763	301.0001
449.9644	301.0001
449.9644	301.5120
449.4525	301.5120
449.4525	302.5358
448.9406	302.5358
448.9406	303.5596
448.4287	303.5596
448.4287	306.1191
447.9168	306.1191
447.9168	308.6786
448.4287	308.6786
448.4287	311.2382
448.9406	311.2382
448.9406	312.2620
449.4525	312.2620
449.4525	313.2858
449.9644	313.2858
449.9644	313.7977
450.4763	313.7977
450.4763	314.8215
450.9882	314.8215
450.9882	315.3334
451.5001	315.3334
451.5001	316.3572
452.0120	316.3572
452.0120	317.3810
452.5239	317.3810
452.5239	317.8929
453.0358	317.8929
453.0358	320.4524
453.5477	320.4524
453.5477	321.4763
454.0596	321.4763
454.0596	322.5001
454.5715	322.5001
454.5715	323.5239
455.0834	323.5239
455.0834	324.5477
455.5953	324.5477
455.5953	326.5953
456.1072	326.5953
456.1072	329.1548
456.6191	329.1548
456.6191	331.2024
457.1310	331.2024
457.1310	332.7382
456.6191	332.7382
456.6191	334.2739
456.1072	334.2739
456.1072	336.3215
455.5953	336.3215
455.5953	336.8334
455.0834	336.8334
455.0834	337.3453
454.5715	337.3453
454.5715	337.8572
454.0596	337.8572
454.0596	338.3691
453.5477	338.3691
453.5477	339.3929
453.0358	339.3929
453.0358	340.4167
452.5239	340.4167
452.5239	341.9524
452.0120	341.9524
452.0120	342.9763
451.5001	342.9763
451.5001	343.4882
450.9882	343.4882
450.9882	344.0001
450.4763	344.0001
450.4763	344.5120
449.4525	344.5120
449.4525	344.0001
446.8929	344.0001
446.8929	343.4882
443.8215	343.4882
443.8215	344.0001
441.2620	344.0001
441.2620	344.5120
440.2382	344.5120
440.2382	345.0239
439.2144	345.0239
439.2144	345.5358
438.7025	345.5358
438.7025	346.0477
438.1906	346.0477
438.1906	346.5596
437.6787	346.5596
437.6787	347.0715
437.1667	347.0715
437.1667	347.5834
436.6548	347.5834
436.6548	348.6072
436.1429	348.6072
436.1429	349.6310
435.6310	349.6310
435.6310	352.1905
435.1191	352.1905
435.1191	355.2620
434.6072	355.2620
434.6072	356.2858
434.0953	356.2858
434.0953	356.7977
432.5596	356.7977
432.5596	356.2858
431.5358	356.2858
431.5358	355.7739
431.0239	355.7739
431.0239	354.7501
430.5120	354.7501
430.5120	352.1905
430.0001	352.1905
430.0001	351.1667
429.4882	351.1667
429.4882	350.1429
428.9763	350.1429
428.9763	349.1191
428.4644	349.1191
428.4644	348.6072
427.9525	348.6072
427.9525	348.0953
427.4406	348.0953
427.4406	347.5834
426.9287	347.5834
426.9287	347.0715
426.4167	347.0715
426.4167	346.5596
425.3929	346.5596
425.3929	346.0477
424.3691	346.0477
424.3691	345.5358
421.8096	345.5358
421.8096	345.0239
419.2501	345.0239
419.2501	345.5358
416.6906	345.5358
416.6906	346.0477
415.6667	346.0477
415.6667	346.5596
414.6429	346.5596
414.6429	347.0715
414.1310	347.0715
414.1310	347.5834
413.6191	347.5834
413.6191	348.0953
413.1072	348.0953
413.1072	348.6072
411.0596	348.6072
411.0596	348.0953
408.5001	348.0953
408.5001	347.5834
404.9167	347.5834
404.9167	348.0953
402.3572	348.0953
402.3572	348.6072
401.3334	348.6072
401.3334	349.1191
400.3096	349.1191
400.3096	349.6310
399.7977	349.6310
399.7977	350.1429
398.7739	350.1429
398.7739	350.6548
397.7501	350.6548
397.7501	351.1667
397.2382	351.1667
397.2382	351.6786
396.7263	351.6786
396.7263	352.1905
396.2144	352.1905
396.2144	352.7024
395.7025	352.7024
395.7025	353.2144
395.1906	353.2144
395.1906	353.7263
394.6786	353.7263
394.6786	354.2382
394.1667	354.2382
394.1667	354.7501
393.6548	354.7501
393.6548	355.2620
393.1429	355.2620
393.1429	355.7739
392.6310	355.7739
392.6310	356.2858
391.6072	356.2858
391.6072	356.7977
390.0715	356.7977
390.0715	357.3096
389.5596	357.3096
389.5596	356.7977
386.4882	356.7977
386.4882	356.2858
385.9763	356.2858
385.9763	355.7739
385.4644	355.7739
385.4644	355.2620
384.9525	355.2620
384.9525	354.7501
383.9286	354.7501
383.9286	354.2382
382.9048	354.2382
382.9048	353.7263
380.3453	353.7263
380.3453	353.2144
376.7620	353.2144
376.7620	353.7263
374.2025	353.7263
374.2025	354.2382
371.6429	354.2382
371.6429	354.7501
370.6191	354.7501
370.6191	355.2620
369.5953	355.2620
369.5953	355.7739
369.0834	355.7739
369.0834	356.2858
368.5715	356.2858
368.5715	356.7977
368.0596	356.7977
368.0596	357.3096
367.5477	357.3096
367.5477	357.8215
367.0358	357.8215
367.0358	358.8453
366.5239	358.8453
366.5239	359.8691
366.0120	359.8691
366.0120	362.4286
365.5001	362.4286
365.5001	367.0358
366.0120	367.0358
366.0120	368.0596
365.5001	368.0596
365.5001	368.5715
364.4763	368.5715
364.4763	369.0834
363.4525	369.0834
363.4525	369.5953
360.8929	369.5953
360.8929	370.1072
358.8453	370.1072
358.8453	370.6191
357.8215	370.6191
357.8215	371.1310
356.7977	371.1310
356.7977	371.6429
355.7739	371.6429
355.7739	372.1548
355.2620	372.1548
355.2620	372.6667
354.7501	372.6667
354.7501	373.1786
354.2382	373.1786
354.2382	373.6905
353.7263	373.6905
353.7263	374.2025
353.2144	374.2025
353.2144	374.7144
352.7024	374.7144
352.7024	375.2263
352.1905	375.2263
352.1905	376.2501
351.6786	376.2501
351.6786	377.2739
351.1667	377.2739
351.1667	379.8334
350.6548	379.8334
350.6548	383.9286
350.1429	383.9286
350.1429	387.0001
350.6548	387.0001
350.6548	390.0715
351.1667	390.0715
351.1667	392.6310
351.6786	392.6310
351.6786	393.6548
351.1667	393.6548
351.1667	397.7501
350.6548	397.7501
350.6548	398.2620
350.1429	398.2620
350.1429	397.7501
349.6310	397.7501
349.6310	397.2382
348.6072	397.2382
348.6072	396.7263
348.0953	396.7263
348.0953	396.2144
347.0715	396.2144
347.0715	395.7025
346.5596	395.7025
346.5596	395.1906
346.0477	395.1906
346.0477	394.6786
345.5358	394.6786
345.5358	394.1667
345.0239	394.1667
345.0239	393.6548
344.5120	393.6548
344.5120	392.6310
344.0001	392.6310
344.0001	391.6072
343.4882	391.6072
343.4882	391.0953
342.9763	391.0953
342.9763	390.5834
342.4644	390.5834
342.4644	388.0239
341.9524	388.0239
341.9524	387.0001
341.4405	387.0001
341.4405	385.9763
340.9286	385.9763
340.9286	384.9525
340.4167	384.9525
340.4167	383.9286
339.9048	383.9286
339.9048	381.8810
339.3929	381.8810
339.3929	380.8572
338.8810	380.8572
338.8810	379.3215
338.3691	379.3215
338.3691	377.7858
337.8572	377.7858
337.8572	375.2263
337.3453	375.2263
337.3453	374.2025
336.8334	374.2025
336.8334	372.6667
336.3215	372.6667
336.3215	370.6191
335.8096	370.6191
335.8096	369.5953
335.2977	369.5953
335.2977	368.5715
334.7858	368.5715
334.7858	367.5477
334.2739	367.5477
334.2739	366.0120
333.7620	366.0120
333.7620	364.9882
333.2501	364.9882
333.2501	363.9644
332.7382	363.9644
332.7382	362.9405
332.2263	362.9405
332.2263	361.4048
331.7143	361.4048
331.7143	359.8691
331.2024	359.8691
331.2024	358.3334
330.6905	358.3334
330.6905	357.3096
330.1786	357.3096
330.1786	356.2858
329.6667	356.2858
329.6667	355.2620
329.1548	355.2620
329.1548	354.2382
328.6429	354.2382
328.6429	353.2144
328.1310	353.2144
328.1310	352.7024
327.6191	352.7024
327.6191	352.1905
327.1072	352.1905
327.1072	351.1667
326.5953	351.1667
326.5953	350.1429
326.0834	350.1429
326.0834	349.1191
325.5715	349.1191
325.5715	348.6072
325.0596	348.6072
325.0596	347.0715
324.5477	347.0715
324.5477	346.0477
324.0358	346.0477
324.0358	344.5120
323.5239	344.5120
323.5239	343.4882
323.0120	343.4882
323.0120	342.4644
322.5001	342.4644
322.5001	341.4405
321.9882	341.4405
321.9882	340.4167
321.4763	340.4167
321.4763	339.3929
320.9643	339.3929
320.9643	337.3453
320.4524	337.3453
320.4524	336.3215
319.9405	336.3215
319.9405	335.2977
319.4286	335.2977
319.4286	334.7858
318.9167	334.7858
318.9167	333.2501
318.4048	333.2501
318.4048	331.7143
317.8929	331.7143
317.8929	329.1548
317.3810	329.1548
317.3810	327.6191
316.8691	327.6191
316.8691	326.5953
316.3572	326.5953
316.3572	325.5715
315.8453	325.5715
315.8453	325.0596
315.3334	325.0596
315.3334	324.5477
314.8215	324.5477
314.8215	324.0358
314.3096	324.0358
314.3096	323.5239
313.7977	323.5239
313.7977	323.0120
313.2858	323.0120
313.2858	322.5001
312.2620	322.5001
312.2620	321.9882
311.2382	321.9882
311.2382	321.4763
308.6786	321.4763
308.6786	320.9643
304.5834	320.9643
304.5834	321.4763
304.0715	321.4763
304.0715	320.9643
303.5596	320.9643
303.5596	319.9405
303.0477	319.9405
303.0477	319.4286
302.5358	319.4286
302.5358	318.9167
302.0239	318.9167
302.0239	318.4048
301.5120	318.4048
301.5120	317.8929
301.0001	317.8929
301.0001	317.3810
299.9762	317.3810
299.9762	316.8691
298.9524	316.8691
298.9524	316.3572
296.3929	316.3572
296.3929	315.8453
292.8096	315.8453
292.8096	316.3572
290.2501	316.3572
290.2501	316.8691
289.2262	316.8691
289.2262	317.3810
288.2024	317.3810
288.2024	316.3572
287.6905	316.3572
287.6905	315.3334
287.1786	315.3334
287.1786	314.8215
286.6667	314.8215
286.6667	314.3096
286.1548	314.3096
286.1548	313.7977
285.6429	313.7977
285.6429	313.2858
285.1310	313.2858
285.1310	312.7739
284.6191	312.7739
284.6191	312.2620
284.1072	312.2620
284.1072	311.7501
283.0834	311.7501
283.0834	311.2382
282.5715	311.2382
282.5715	310.7262
282.0596	310.7262
282.0596	310.2143
281.5477	310.2143
281.5477	309.7024
281.0358	309.7024
281.0358	308.6786
280.5239	308.6786
280.5239	308.1667
280.0120	308.1667
280.0120	307.6548
279.5001	307.6548
279.5001	307.1429
278.9881	307.1429
278.9881	306.1191
278.4762	306.1191
278.4762	305.6072
277.9643	305.6072
277.9643	305.0953
277.4524	305.0953
277.4524	304.5834
276.9405	304.5834
276.9405	304.0715
276.4286	304.0715
276.4286	303.5596
275.9167	303.5596
275.9167	302.0239
275.4048	302.0239
275.4048	301.5120
275.9167	301.5120
275.9167	297.9286
275.4048	297.9286
275.4048	295.3691
274.8929	295.3691
274.8929	294.3453
274.3810	294.3453
274.3810	293.3215
273.8691	293.3215
273.8691	292.8096
273.3572	292.8096
273.3572	292.2977
272.8453	292.2977
272.8453	291.2739
272.3334	291.2739
272.3334	290.7620
271.8215	290.7620
271.8215	290.2501
271.3096	290.2501
271.3096	289.7382
270.7977	289.7382
270.7977	289.2262
270.2858	289.2262
270.2858	288.7143
269.2620	288.7143
269.2620	288.2024
268.2381	288.2024
268.2381	287.6905
267.7262	287.6905
267.7262	287.1786
266.7024	287.1786
266.7024	286.1548
267.2143	286.1548
267.2143	283.5953
266.7024	283.5953
266.7024	281.0358
266.1905	281.0358
266.1905	280.0120
265.6786	280.0120
265.6786	278.9881
265.1667	278.9881
265.1667	276.4286
264.6548	276.4286
264.6548	274.8929
264.1429	274.8929
264.1429	273.8691
263.6310	273.8691
263.6310	272.8453
263.1191	272.8453
263.1191	272.3334
262.6072	272.3334
262.6072	271.8215
262.0953	271.8215
262.0953	271.3096
261.5834	271.3096
261.5834	270.7977
261.0715	270.7977
261.0715	270.2858
260.5596	270.2858
260.5596	269.7739
260.0477	269.7739
260.0477	268.2381
260.5596	268.2381
260.5596	267.2143
261.0715	267.2143
261.0715	264.6548
261.5834	264.6548
261.5834	261.5834
261.0715	261.5834
261.0715	259.0239
260.5596	259.0239
260.5596	258.0000
260.0477	258.0000
260.0477	256.9762
259.5358	256.9762
259.5358	256.4643
259.0239	256.4643
259.0239	255.9524
258.5120	255.9524
258.5120	255.4405
258.0000	255.4405
258.0000	254.9286
257.4881	254.9286
257.4881	254.4167
256.4643	254.4167
256.4643	253.9048
255.4405	253.9048
255.4405	253.3929
256.9762	253.3929
256.9762	252.8810
259.5358	252.8810
259.5358	252.3691
260.5596	252.3691
260.5596	251.8572
261.5834	251.8572
261.5834	251.3453
262.0953	251.3453
262.0953	250.8334
262.6072	250.8334
262.6072	250.3215
263.1191	250.3215
263.1191	249.8096
263.6310	249.8096
263.6310	249.2977
264.1429	249.2977
264.1429	248.2739
264.6548	248.2739
264.6548	247.2500
265.1667	247.2500
265.1667	244.6905
265.6786	244.6905
265.6786	242.1310
265.1667	242.1310
265.1667	239.5715
264.6548	239.5715
264.6548	238.5477
264.1429	238.5477
264.1429	237.5239
263.6310	237.5239
263.6310	237.0119
263.1191	237.0119
263.1191	236.5000
262.6072	236.5000
262.6072	235.9881
262.0953	235.9881
262.0953	235.4762
261.5834	235.4762
261.5834	234.9643
260.5596	234.9643
260.5596	233.4286
260.0477	233.4286
260.0477	232.4048
259.5358	232.4048
259.5358	231.3810
259.0239	231.3810
259.0239	230.8691
258.5120	230.8691
258.5120	230.3572
258.0000	230.3572
258.0000	229.8453
257.4881	229.8453
257.4881	229.3334
256.9762	229.3334
256.9762	228.8215
255.9524	228.8215
255.9524	228.3096
254.9286	228.3096
254.9286	225.2381
254.4167	225.2381
254.4167	222.6786
253.9048	222.6786
253.9048	221.6548
253.3929	221.6548
253.3929	220.6310
252.8810	220.6310
252.8810	220.1191
252.3691	220.1191
252.3691	219.6072
251.8572	219.6072
251.8572	219.0953
251.3453	219.0953
251.3453	218.5834
250.8334	218.5834
250.8334	218.0715
249.8096	218.0715
249.8096	217.5596
248.7858	217.5596
248.7858	217.0477
246.2262	217.0477
246.2262	216.5358
243.6667	216.5358
243.6667	217.0477
241.1072	217.0477
241.1072	217.5596
240.0834	217.5596
240.0834	218.0715
239.0596	218.0715
239.0596	218.5834
238.5477	218.5834
238.5477	219.0953
238.0358	219.0953
238.0358	219.6072
237.5239	219.6072
237.5239	220.1191
237.0119	220.1191
237.0119	220.6310
236.5000	220.6310
236.5000	221.1429
235.9881	221.1429
235.9881	222.1667
235.4762	222.1667
235.4762	222.6786
233.4286	222.6786
233.4286	222.1667
232.4048	222.1667
232.4048	221.6548
231.8929	221.6548
231.8929	220.6310
232.4048	220.6310
232.4048	217.5596
232.9167	217.5596
232.9167	216.5358
233.4286	216.5358
233.4286	214.4881
233.9405	214.4881
233.9405	213.4643
234.4524	213.4643
234.4524	212.9524
234.9643	212.9524
234.9643	211.9286
235.4762	211.9286
235.4762	210.9048
235.9881	210.9048
235.9881	210.3929
236.5000	210.3929
236.5000	209.8810
237.0119	209.8810
237.0119	208.8572
238.0358	208.8572
238.0358	208.3453
238.5477	208.3453
238.5477	207.8334
239.0596	207.8334
239.0596	207.3215
239.5715	207.3215
239.5715	206.8096
240.0834	206.8096
240.0834	206.2977
242.6429	206.2977
242.6429	205.7858
243.6667	205.7858
243.6667	205.2738
244.6905	205.2738
244.6905	204.7619
245.2024	204.7619
245.2024	204.2500
245.7143	204.2500
245.7143	203.7381
246.7381	203.7381
246.7381	203.2262
247.7620	203.2262
247.7620	202.7143
248.2739	202.7143
248.2739	202.2024
248.7858	202.2024
248.7858	201.6905
249.2977	201.6905
249.2977	201.1786
250.8334	201.1786
250.8334	200.6667
254.4167	200.6667
254.4167	201.1786
254.9286	201.1786
254.9286	201.6905
255.4405	201.6905
255.4405	202.2024
255.9524	202.2024
255.9524	202.7143
256.9762	202.7143
256.9762	203.2262
258.0000	203.2262
258.0000	203.7381
260.5596	203.7381
260.5596	204.2500
268.2381	204.2500
268.2381	203.7381
270.2858	203.7381
270.2858	204.2500
272.8453	204.2500
272.8453	203.7381
276.9405	203.7381
276.9405	203.2262
279.5001	203.2262
279.5001	202.7143
280.5239	202.7143
280.5239	202.2024
281.5477	202.2024
281.5477	201.6905
282.0596	201.6905
282.0596	201.1786
282.5715	201.1786
282.5715	200.6667
283.0834	200.6667
283.0834	200.1548
283.5953	200.1548
283.5953	199.6429
284.1072	199.6429
284.1072	198.6191
284.6191	198.6191
284.6191	197.5953
285.1310	197.5953
285.1310	195.0358
285.6429	195.0358
285.6429	192.4762
285.1310	192.4762
285.1310	189.9167
284.6191	189.9167
284.6191	188.8929
284.1072	188.8929
284.1072	187.8691
283.5953	187.8691
283.5953	187.3572
283.0834	187.3572
283.0834	186.8453
282.5715	186.8453
282.5715	186.3334
282.0596	186.3334
282.0596	185.8215
281.5477	185.8215
281.5477	185.3096
281.0358	185.3096
281.0358	184.7977
280.5239	184.7977
280.5239	184.2857
280.0120	184.2857
280.0120	183.7738
279.5001	183.7738
279.5001	181.2143
280.0120	181.2143
280.0120	178.6548
280.5239	178.6548
280.5239	174.5596
280.0120	174.5596
280.0120	172.0000
279.5001	172.0000
279.5001	170.9762
278.9881	170.9762
278.9881	169.4405
278.4762	169.4405
278.4762	168.4167
278.9881	168.4167
278.9881	167.9048
279.5001	167.9048
279.5001	167.3929
280.0120	167.3929
280.0120	166.8810
281.5477	166.8810
281.5477	166.3691
282.5715	166.3691
282.5715	165.8572
283.5953	165.8572
283.5953	165.3453
286.1548	165.3453
286.1548	164.8334
288.7143	164.8334
288.7143	164.3215
289.7382	164.3215
289.7382	163.8096
290.7620	163.8096
290.7620	163.2977
291.2739	163.2977
291.2739	162.7857
292.8096	162.7857
