347.0715	203.2262
348.6072	203.2262
348.6072	203.7381
350.6548	203.7381
350.6548	204.2500
353.2144	204.2500
353.2144	204.7619
355.2620	204.7619
355.2620	205.2738
356.7977	205.2738
356.7977	205.7858
358.3334	205.7858
358.3334	206.2977
360.3810	206.2977
360.3810	206.8096
362.9405	206.8096
362.9405	207.3215
368.5715	207.3215
368.5715	206.8096
369.5953	206.8096
369.5953	207.8334
370.1072	207.8334
370.1072	208.8572
370.6191	208.8572
370.6191	209.3691
371.1310	209.3691
371.1310	209.8810
371.6429	209.8810
371.6429	210.3929
372.1548	210.3929
372.1548	210.9048
372.6667	210.9048
372.6667	211.4167
373.1786	211.4167
373.1786	211.9286
374.2025	211.9286
374.2025	212.4405
375.2263	212.4405
375.2263	212.9524
377.2739	212.9524
377.2739	213.4643
379.8334	213.4643
379.8334	213.9762
382.3929	213.9762
382.3929	214.4881
383.4167	214.4881
383.4167	215.0000
384.4405	215.0000
384.4405	215.5119
385.9763	215.5119
385.9763	216.0239
387.0001	216.0239
387.0001	216.5358
387.5120	216.5358
387.5120	217.0477
388.5358	217.0477
388.5358	217.5596
389.5596	217.5596
389.5596	218.0715
390.5834	218.0715
390.5834	218.5834
393.1429	218.5834
393.1429	219.0953
397.2382	219.0953
397.2382	219.6072
398.2620	219.6072
398.2620	220.1191
398.7739	220.1191
398.7739	220.6310
399.7977	220.6310
399.7977	221.1429
400.3096	221.1429
400.3096	221.6548
401.3334	221.6548
401.3334	222.1667
401.8453	222.1667
401.8453	222.6786
402.3572	222.6786
402.3572	223.1905
402.8691	223.1905
402.8691	223.7024
403.3810	223.7024
403.3810	224.2143
403.8929	224.2143
403.8929	225.2381
404.4048	225.2381
404.4048	225.7500
404.9167	225.7500
404.9167	226.2619
405.4286	226.2619
405.4286	227.2858
405.9406	227.2858
405.9406	228.3096
406.4525	228.3096
406.4525	229.3334
406.9644	229.3334
406.9644	229.8453
407.4763	229.8453
407.4763	230.3572
407.9882	230.3572
407.9882	230.8691
408.5001	230.8691
408.5001	231.3810
409.0120	231.3810
409.0120	231.8929
409.5239	231.8929
409.5239	232.4048
410.0358	232.4048
410.0358	232.9167
411.0596	232.9167
411.0596	233.4286
412.0834	233.4286
412.0834	233.9405
412.5953	233.9405
412.5953	234.4524
413.6191	234.4524
413.6191	234.9643
414.6429	234.9643
414.6429	235.4762
416.6906	235.4762
416.6906	235.9881
417.7144	235.9881
417.7144	236.5000
419.2501	236.5000
419.2501	237.0119
420.2739	237.0119
420.2739	237.5239
422.8334	237.5239
422.8334	238.0358
426.9287	238.0358
426.9287	238.5477
427.4406	238.5477
427.4406	239.0596
427.9525	239.0596
427.9525	239.5715
428.9763	239.5715
428.9763	240.5953
429.4882	240.5953
429.4882	241.1072
430.0001	241.1072
430.0001	241.6191
430.5120	241.6191
430.5120	242.1310
431.0239	242.1310
431.0239	242.6429
431.5358	242.6429
431.5358	243.1548
432.0477	243.1548
432.0477	243.6667
432.5596	243.6667
432.5596	244.1786
433.0715	244.1786
433.0715	245.2024
433.5834	245.2024
433.5834	246.2262
434.0953	246.2262
434.0953	246.7381
434.6072	246.7381
434.6072	247.2500
435.1191	247.2500
435.1191	248.2739
435.6310	248.2739
435.6310	248.7858
436.1429	248.7858
436.1429	249.2977
436.6548	249.2977
436.6548	250.3215
437.1667	250.3215
437.1667	251.3453
437.6787	251.3453
437.6787	253.3929
438.1906	253.3929
438.1906	254.4167
438.7025	254.4167
438.7025	255.9524
439.2144	255.9524
439.2144	256.9762
439.7263	256.9762
439.7263	261.0715
440.2382	261.0715
440.2382	264.6548
439.7263	264.6548
439.7263	267.2143
439.2144	267.2143
439.2144	269.7739
438.7025	269.7739
438.7025	273.3572
438.1906	273.3572
438.1906	274.8929
437.6787	274.8929
437.6787	277.4524
437.1667	277.4524
437.1667	279.5001
436.6548	279.5001
436.6548	280.5239
436.1429	280.5239
436.1429	281.0358
435.6310	281.0358
435.6310	282.0596
435.1191	282.0596
435.1191	283.0834
434.6072	283.0834
434.6072	284.1072
434.0953	284.1072
434.0953	285.6429
433.5834	285.6429
433.5834	286.1548
433.0715	286.1548
433.0715	287.1786
432.5596	287.1786
432.5596	288.2024
432.0477	288.2024
432.0477	289.2262
431.5358	289.2262
431.5358	290.2501
431.0239	290.2501
431.0239	290.7620
430.5120	290.7620
430.5120	291.7858
430.0001	291.7858
430.0001	292.2977
429.4882	292.2977
429.4882	292.8096
428.9763	292.8096
428.9763	293.3215
428.4644	293.3215
428.4644	294.3453
427.4406	294.3453
427.4406	294.8572
426.9287	294.8572
426.9287	295.3691
426.4167	295.3691
426.4167	295.8810
425.9048	295.8810
425.9048	296.3929
425.3929	296.3929
425.3929	296.9048
424.8810	296.9048
424.8810	297.4167
423.8572	297.4167
423.8572	297.9286
423.3453	297.9286
423.3453	298.4405
422.3215	298.4405
422.3215	298.9524
421.8096	298.9524
421.8096	299.4643
421.2977	299.4643
421.2977	299.9762
420.7858	299.9762
420.7858	300.4882
419.2501	300.4882
419.2501	301.0001
418.2263	301.0001
418.2263	301.5120
416.6906	301.5120
416.6906	302.0239
415.6667	302.0239
415.6667	302.5358
412.0834	302.5358
412.0834	303.0477
411.0596	303.0477
411.0596	302.5358
409.0120	302.5358
409.0120	302.0239
406.4525	302.0239
406.4525	301.5120
394.6786	301.5120
394.6786	302.0239
394.1667	302.0239
394.1667	301.5120
391.0953	301.5120
391.0953	301.0001
382.9048	301.0001
382.9048	301.5120
380.3453	301.5120
380.3453	302.0239
378.8096	302.0239
378.8096	301.5120
376.2501	301.5120
376.2501	302.0239
369.0834	302.0239
369.0834	302.5358
366.0120	302.5358
366.0120	303.0477
363.4525	303.0477
363.4525	303.5596
362.4286	303.5596
362.4286	304.0715
361.4048	304.0715
361.4048	304.5834
360.8929	304.5834
360.8929	305.0953
360.3810	305.0953
360.3810	305.6072
359.3572	305.6072
359.3572	306.1191
358.3334	306.1191
358.3334	305.6072
357.3096	305.6072
357.3096	305.0953
356.2858	305.0953
356.2858	304.5834
353.7263	304.5834
353.7263	304.0715
351.1667	304.0715
351.1667	304.5834
348.6072	304.5834
348.6072	305.0953
347.5834	305.0953
347.5834	305.6072
346.5596	305.6072
346.5596	306.1191
343.4882	306.1191
343.4882	305.6072
342.4644	305.6072
342.4644	305.0953
341.4405	305.0953
341.4405	304.5834
340.4167	304.5834
340.4167	304.0715
337.8572	304.0715
337.8572	303.5596
335.2977	303.5596
335.2977	304.0715
332.2263	304.0715
332.2263	304.5834
329.6667	304.5834
329.6667	305.0953
328.6429	305.0953
328.6429	305.6072
325.5715	305.6072
325.5715	305.0953
321.9882	305.0953
321.9882	304.5834
320.9643	304.5834
320.9643	304.0715
319.9405	304.0715
319.9405	303.5596
317.3810	303.5596
317.3810	303.0477
313.7977	303.0477
313.7977	303.5596
313.2858	303.5596
313.2858	303.0477
311.7501	303.0477
311.7501	302.5358
310.2143	302.5358
310.2143	302.0239
309.7024	302.0239
309.7024	301.0001
309.1905	301.0001
309.1905	300.4882
308.6786	300.4882
308.6786	299.9762
308.1667	299.9762
308.1667	299.4643
307.6548	299.4643
307.6548	298.9524
307.1429	298.9524
307.1429	298.4405
306.6310	298.4405
306.6310	297.9286
305.6072	297.9286
305.6072	297.4167
304.5834	297.4167
304.5834	296.9048
302.5358	296.9048
302.5358	295.8810
303.0477	295.8810
303.0477	292.2977
302.5358	292.2977
302.5358	289.7382
302.0239	289.7382
302.0239	288.7143
301.5120	288.7143
301.5120	287.6905
301.0001	287.6905
301.0001	286.6667
300.4882	286.6667
300.4882	286.1548
299.9762	286.1548
299.9762	285.1310
299.4643	285.1310
299.4643	284.1072
298.9524	284.1072
298.9524	283.5953
298.4405	283.5953
298.4405	283.0834
297.9286	283.0834
297.9286	282.5715
297.4167	282.5715
297.4167	282.0596
296.9048	282.0596
296.9048	281.5477
296.3929	281.5477
296.3929	281.0358
295.3691	281.0358
295.3691	280.5239
294.3453	280.5239
294.3453	280.0120
292.8096	280.0120
292.8096	279.5001
292.2977	279.5001
292.2977	278.9881
291.7858	278.9881
291.7858	277.9643
291.2739	277.9643
291.2739	276.9405
290.7620	276.9405
290.7620	276.4286
290.2501	276.4286
290.2501	275.9167
289.7382	275.9167
289.7382	275.4048
289.2262	275.4048
289.2262	274.8929
288.7143	274.8929
288.7143	274.3810
287.6905	274.3810
287.6905	273.3572
288.2024	273.3572
288.2024	272.8453
288.7143	272.8453
288.7143	271.8215
289.2262	271.8215
289.2262	270.7977
289.7382	270.7977
289.7382	268.2381
290.2501	268.2381
290.2501	264.6548
289.7382	264.6548
289.7382	263.1191
290.7620	263.1191
290.7620	262.6072
291.7858	262.6072
291.7858	262.0953
292.8096	262.0953
292.8096	261.5834
293.3215	261.5834
293.3215	261.0715
293.8334	261.0715
293.8334	260.5596
294.3453	260.5596
294.3453	260.0477
294.8572	260.0477
294.8572	259.5358
295.3691	259.5358
295.3691	258.5120
295.8810	258.5120
295.8810	257.4881
296.3929	257.4881
296.3929	256.4643
296.9048	256.4643
296.9048	253.9048
297.4167	253.9048
297.4167	253.3929
297.9286	253.3929
297.9286	252.3691
298.4405	252.3691
298.4405	251.3453
298.9524	251.3453
298.9524	248.7858
299.9762	248.7858
299.9762	248.2739
301.0001	248.2739
301.0001	247.7620
302.0239	247.7620
302.0239	247.2500
302.5358	247.2500
302.5358	246.7381
303.0477	246.7381
303.0477	246.2262
304.0715	246.2262
304.0715	245.7143
304.5834	245.7143
304.5834	245.2024
305.0953	245.2024
305.0953	244.6905
305.6072	244.6905
305.6072	244.1786
306.1191	244.1786
306.1191	243.6667
306.6310	243.6667
306.6310	243.1548
307.1429	243.1548
307.1429	242.1310
307.6548	242.1310
307.6548	241.1072
308.1667	241.1072
308.1667	239.5715
308.6786	239.5715
308.6786	239.0596
309.1905	239.0596
309.1905	238.0358
309.7024	238.0358
309.7024	237.0119
310.2143	237.0119
310.2143	236.5000
310.7262	236.5000
310.7262	235.4762
311.2382	235.4762
311.2382	234.9643
311.7501	234.9643
311.7501	233.9405
312.2620	233.9405
312.2620	233.4286
312.7739	233.4286
312.7739	232.9167
313.2858	232.9167
313.2858	232.4048
313.7977	232.4048
313.7977	231.3810
314.3096	231.3810
314.3096	230.3572
314.8215	230.3572
314.8215	227.7977
315.3334	227.7977
315.3334	224.7262
314.8215	224.7262
314.8215	224.2143
315.3334	224.2143
315.3334	223.7024
315.8453	223.7024
315.8453	223.1905
316.3572	223.1905
316.3572	222.6786
316.8691	222.6786
316.8691	221.6548
317.3810	221.6548
317.3810	220.6310
317.8929	220.6310
317.8929	219.6072
318.4048	219.6072
318.4048	218.0715
318.9167	218.0715
318.9167	217.5596
319.4286	217.5596
319.4286	217.0477
319.9405	217.0477
319.9405	216.5358
320.4524	216.5358
320.4524	216.0239
320.9643	216.0239
320.9643	215.5119
321.4763	215.5119
321.4763	215.0000
321.9882	215.0000
321.9882	214.4881
322.5001	214.4881
322.5001	213.9762
323.0120	213.9762
323.0120	213.4643
323.5239	213.4643
323.5239	212.9524
324.0358	212.9524
324.0358	212.4405
324.5477	212.4405
324.5477	211.9286
325.0596	211.9286
325.0596	211.4167
325.5715	211.4167
325.5715	210.9048
326.0834	210.9048
326.0834	210.3929
326.5953	210.3929
326.5953	209.8810
327.1072	209.8810
327.1072	209.3691
328.1310	209.3691
328.1310	208.8572
329.1548	208.8572
329.1548	208.3453
331.2024	208.3453
331.2024	207.8334
332.2263	207.8334
332.2263	207.3215
333.2501	207.3215
333.2501	206.8096
334.2739	206.8096
334.2739	206.2977
335.2977	206.2977
335.2977	205.7858
336.3215	205.7858
336.3215	205.2738
337.3453	205.2738
337.3453	204.7619
338.3691	204.7619
338.3691	204.2500
338.8810	204.2500
338.8810	203.7381
340.9286	203.7381
340.9286	203.2262
341.9524	203.2262
341.9524	202.7143
347.0715	202.7143
