321.9882	167.9048
323.5239	167.9048
323.5239	168.4167
324.5477	168.4167
324.5477	168.9286
325.5715	168.9286
325.5715	169.4405
326.0834	169.4405
326.0834	169.9524
326.5953	169.9524
326.5953	170.4643
327.1072	170.4643
327.1072	170.9762
328.1310	170.9762
328.1310	171.4881
329.1548	171.4881
329.1548	172.0000
330.6905	172.0000
330.6905	172.5119
331.7143	172.5119
331.7143	173.0238
333.7620	173.0238
333.7620	173.5357
334.2739	173.5357
334.2739	174.0477
335.2977	174.0477
335.2977	174.5596
335.8096	174.5596
335.8096	175.0715
336.3215	175.0715
336.3215	175.5834
336.8334	175.5834
336.8334	176.0953
337.3453	176.0953
337.3453	176.6072
337.8572	176.6072
337.8572	177.1191
338.3691	177.1191
338.3691	177.6310
339.3929	177.6310
339.3929	178.1429
339.9048	178.1429
339.9048	178.6548
340.4167	178.6548
340.4167	179.1667
340.9286	179.1667
340.9286	179.6786
341.4405	179.6786
341.4405	180.1905
342.4644	180.1905
342.4644	181.2143
342.9763	181.2143
342.9763	181.7262
343.4882	181.7262
343.4882	182.2381
344.0001	182.2381
344.0001	182.7500
344.5120	182.7500
344.5120	183.2619
345.0239	183.2619
345.0239	183.7738
345.5358	183.7738
345.5358	184.2857
346.0477	184.2857
346.0477	184.7977
346.5596	184.7977
346.5596	185.3096
347.0715	185.3096
347.0715	185.8215
347.5834	185.8215
347.5834	186.8453
348.0953	186.8453
348.0953	187.3572
348.6072	187.3572
348.6072	187.8691
349.1191	187.8691
349.1191	188.3810
349.6310	188.3810
349.6310	188.8929
350.1429	188.8929
350.1429	190.4286
350.6548	190.4286
350.6548	191.4524
351.1667	191.4524
351.1667	192.9881
351.6786	192.9881
351.6786	194.0119
352.1905	194.0119
352.1905	196.0596
352.7024	196.0596
352.7024	198.1072
352.1905	198.1072
352.1905	201.1786
351.6786	201.1786
351.6786	202.7143
351.1667	202.7143
351.1667	204.7619
350.6548	204.7619
350.6548	206.8096
350.1429	206.8096
350.1429	209.3691
349.6310	209.3691
349.6310	213.9762
350.1429	213.9762
350.1429	216.5358
350.6548	216.5358
350.6548	217.5596
351.1667	217.5596
351.1667	218.5834
351.6786	218.5834
351.6786	219.0953
352.1905	219.0953
352.1905	219.6072
352.7024	219.6072
352.7024	220.1191
353.2144	220.1191
353.2144	220.6310
353.7263	220.6310
353.7263	221.1429
354.2382	221.1429
354.2382	221.6548
354.7501	221.6548
354.7501	222.1667
355.2620	222.1667
355.2620	222.6786
355.7739	222.6786
355.7739	223.1905
356.2858	223.1905
356.2858	223.7024
356.7977	223.7024
356.7977	224.2143
357.3096	224.2143
357.3096	224.7262
357.8215	224.7262
357.8215	225.2381
358.8453	225.2381
358.8453	225.7500
359.8691	225.7500
359.8691	226.2619
362.4286	226.2619
362.4286	226.7739
364.9882	226.7739
364.9882	226.2619
367.5477	226.2619
367.5477	225.7500
368.5715	225.7500
368.5715	225.2381
369.5953	225.2381
369.5953	224.7262
370.1072	224.7262
370.1072	224.2143
370.6191	224.2143
370.6191	223.7024
371.1310	223.7024
371.1310	223.1905
371.6429	223.1905
371.6429	222.6786
372.1548	222.6786
372.1548	222.1667
372.6667	222.1667
372.6667	221.1429
373.1786	221.1429
373.1786	220.1191
373.6905	220.1191
373.6905	219.0953
374.2025	219.0953
374.2025	218.5834
374.7144	218.5834
374.7144	218.0715
375.2263	218.0715
375.2263	217.5596
375.7382	217.5596
375.7382	216.5358
376.2501	216.5358
376.2501	215.5119
376.7620	215.5119
376.7620	212.9524
377.2739	212.9524
377.2739	210.3929
376.7620	210.3929
376.7620	208.8572
377.2739	208.8572
377.2739	208.3453
377.7858	208.3453
377.7858	207.8334
378.2977	207.8334
378.2977	207.3215
378.8096	207.3215
378.8096	206.8096
379.3215	206.8096
379.3215	206.2977
379.8334	206.2977
379.8334	205.7858
380.3453	205.7858
380.3453	205.2738
380.8572	205.2738
380.8572	204.7619
381.3691	204.7619
381.3691	204.2500
381.8810	204.2500
381.8810	203.7381
382.3929	203.7381
382.3929	202.7143
382.9048	202.7143
382.9048	201.6905
383.4167	201.6905
383.4167	200.6667
383.9286	200.6667
383.9286	198.1072
384.4405	198.1072
384.4405	197.0834
384.9525	197.0834
384.9525	194.5238
385.4644	194.5238
385.4644	193.5000
385.9763	193.5000
385.9763	192.4762
386.4882	192.4762
386.4882	189.9167
387.5120	189.9167
387.5120	194.0119
388.0239	194.0119
388.0239	196.5715
388.5358	196.5715
388.5358	198.6191
389.0477	198.6191
389.0477	201.6905
389.5596	201.6905
389.5596	203.7381
389.0477	203.7381
389.0477	207.3215
389.5596	207.3215
389.5596	209.8810
390.0715	209.8810
390.0715	210.9048
390.5834	210.9048
390.5834	211.9286
391.0953	211.9286
391.0953	212.4405
390.5834	212.4405
390.5834	212.9524
388.5358	212.9524
388.5358	213.4643
387.5120	213.4643
387.5120	213.9762
386.4882	213.9762
386.4882	214.4881
385.9763	214.4881
385.9763	215.0000
385.4644	215.0000
385.4644	215.5119
384.9525	215.5119
384.9525	216.0239
384.4405	216.0239
384.4405	216.5358
383.9286	216.5358
383.9286	217.0477
383.4167	217.0477
383.4167	218.0715
382.9048	218.0715
382.9048	218.5834
382.3929	218.5834
382.3929	219.6072
381.8810	219.6072
381.8810	220.6310
381.3691	220.6310
381.3691	221.6548
380.8572	221.6548
380.8572	224.2143
380.3453	224.2143
380.3453	227.7977
379.8334	227.7977
379.8334	234.4524
380.3453	234.4524
380.3453	237.0119
380.8572	237.0119
380.8572	238.0358
381.3691	238.0358
381.3691	239.0596
381.8810	239.0596
381.8810	239.5715
382.3929	239.5715
382.3929	240.0834
382.9048	240.0834
382.9048	240.5953
383.4167	240.5953
383.4167	241.1072
383.9286	241.1072
383.9286	241.6191
384.9525	241.6191
384.9525	242.1310
385.9763	242.1310
385.9763	242.6429
388.0239	242.6429
388.0239	243.1548
390.0715	243.1548
390.0715	243.6667
392.6310	243.6667
392.6310	244.1786
396.2144	244.1786
396.2144	243.6667
398.7739	243.6667
398.7739	243.1548
399.7977	243.1548
399.7977	242.6429
401.8453	242.6429
401.8453	242.1310
403.8929	242.1310
403.8929	241.6191
404.9167	241.6191
404.9167	241.1072
405.9406	241.1072
405.9406	240.5953
406.4525	240.5953
406.4525	240.0834
406.9644	240.0834
406.9644	239.5715
407.4763	239.5715
407.4763	239.0596
407.9882	239.0596
407.9882	238.5477
408.5001	238.5477
408.5001	238.0358
409.0120	238.0358
409.0120	237.5239
409.5239	237.5239
409.5239	236.5000
410.0358	236.5000
410.0358	235.4762
410.5477	235.4762
410.5477	234.4524
411.0596	234.4524
411.0596	233.4286
411.5715	233.4286
411.5715	232.4048
414.1310	232.4048
414.1310	231.8929
415.1548	231.8929
415.1548	231.3810
416.1787	231.3810
416.1787	230.8691
416.6906	230.8691
416.6906	230.3572
417.2025	230.3572
417.2025	229.8453
417.7144	229.8453
417.7144	229.3334
418.7382	229.3334
418.7382	228.8215
419.2501	228.8215
419.2501	228.3096
420.2739	228.3096
420.2739	227.7977
420.7858	227.7977
420.7858	227.2858
421.2977	227.2858
421.2977	226.7739
421.8096	226.7739
421.8096	226.2619
422.3215	226.2619
422.3215	225.7500
422.8334	225.7500
422.8334	225.2381
423.3453	225.2381
423.3453	224.7262
423.8572	224.7262
423.8572	224.2143
424.3691	224.2143
424.3691	223.7024
424.8810	223.7024
424.8810	222.6786
425.3929	222.6786
425.3929	222.1667
425.9048	222.1667
425.9048	221.6548
426.4167	221.6548
426.4167	221.1429
426.9287	221.1429
426.9287	220.6310
427.4406	220.6310
427.4406	220.1191
427.9525	220.1191
427.9525	219.0953
428.4644	219.0953
428.4644	218.0715
428.9763	218.0715
428.9763	217.0477
429.4882	217.0477
429.4882	215.5119
430.0001	215.5119
430.0001	215.0000
430.5120	215.0000
430.5120	214.4881
431.0239	214.4881
431.0239	213.9762
431.5358	213.9762
431.5358	213.4643
432.0477	213.4643
432.0477	212.9524
432.5596	212.9524
432.5596	212.4405
433.0715	212.4405
433.0715	211.4167
434.0953	211.4167
434.0953	210.9048
434.6072	210.9048
434.6072	210.3929
435.1191	210.3929
435.1191	209.8810
435.6310	209.8810
435.6310	209.3691
436.1429	209.3691
436.1429	208.8572
436.6548	208.8572
436.6548	207.8334
437.1667	207.8334
437.1667	207.3215
439.2144	207.3215
439.2144	206.8096
440.2382	206.8096
440.2382	206.2977
441.2620	206.2977
441.2620	205.7858
441.7739	205.7858
441.7739	205.2738
442.2858	205.2738
442.2858	204.7619
442.7977	204.7619
442.7977	204.2500
443.3096	204.2500
443.3096	203.7381
443.8215	203.7381
443.8215	203.2262
444.3334	203.2262
444.3334	202.7143
444.8453	202.7143
444.8453	202.2024
445.3572	202.2024
445.3572	201.6905
446.3810	201.6905
446.3810	202.2024
450.4763	202.2024
450.4763	201.6905
453.0358	201.6905
453.0358	201.1786
457.6429	201.1786
457.6429	201.6905
464.8096	201.6905
464.8096	202.2024
465.8334	202.2024
465.8334	202.7143
467.3691	202.7143
467.3691	203.2262
468.3929	203.2262
468.3929	203.7381
469.4168	203.7381
469.4168	204.2500
470.4406	204.2500
470.4406	204.7619
470.9525	204.7619
470.9525	205.2738
471.4644	205.2738
471.4644	205.7858
471.9763	205.7858
471.9763	206.2977
472.4882	206.2977
472.4882	206.8096
473.0001	206.8096
473.0001	207.3215
474.0239	207.3215
474.0239	207.8334
474.5358	207.8334
474.5358	208.3453
475.5596	208.3453
475.5596	208.8572
476.5834	208.8572
476.5834	209.3691
477.0953	209.3691
477.0953	209.8810
477.6072	209.8810
477.6072	210.3929
478.1191	210.3929
478.1191	210.9048
478.6310	210.9048
478.6310	211.4167
479.1429	211.4167
479.1429	211.9286
479.6549	211.9286
479.6549	212.4405
480.1668	212.4405
480.1668	213.4643
480.6787	213.4643
480.6787	213.9762
481.1906	213.9762
481.1906	214.4881
481.7025	214.4881
481.7025	215.0000
482.2144	215.0000
482.2144	215.5119
482.7263	215.5119
482.7263	216.0239
483.2382	216.0239
483.2382	217.0477
483.7501	217.0477
483.7501	218.0715
484.2620	218.0715
484.2620	218.5834
484.7739	218.5834
484.7739	219.0953
485.2858	219.0953
485.2858	219.6072
485.7977	219.6072
485.7977	220.1191
486.3096	220.1191
486.3096	221.6548
486.8215	221.6548
486.8215	223.1905
487.3334	223.1905
487.3334	224.2143
487.8453	224.2143
487.8453	225.2381
488.3572	225.2381
488.3572	226.7739
488.8691	226.7739
488.8691	228.8215
489.3810	228.8215
489.3810	230.8691
488.8691	230.8691
488.8691	236.5000
489.3810	236.5000
489.3810	238.0358
488.8691	238.0358
488.8691	243.1548
488.3572	243.1548
488.3572	245.2024
487.8453	245.2024
487.8453	247.7620
487.3334	247.7620
487.3334	255.4405
487.8453	255.4405
487.8453	258.0000
488.3572	258.0000
488.3572	259.0239
488.8691	259.0239
488.8691	260.5596
489.3810	260.5596
489.3810	262.0953
489.8930	262.0953
489.8930	264.6548
489.3810	264.6548
489.3810	267.7262
489.8930	267.7262
489.8930	270.2858
490.4049	270.2858
490.4049	272.8453
490.9168	272.8453
490.9168	274.3810
491.4287	274.3810
491.4287	276.4286
491.9406	276.4286
491.9406	280.0120
492.4525	280.0120
492.4525	284.1072
491.9406	284.1072
491.9406	285.1310
491.4287	285.1310
491.4287	286.6667
490.9168	286.6667
490.9168	289.2262
490.4049	289.2262
490.4049	289.7382
489.8930	289.7382
489.8930	290.7620
489.3810	290.7620
489.3810	291.7858
488.8691	291.7858
488.8691	292.8096
488.3572	292.8096
488.3572	293.3215
487.8453	293.3215
487.8453	294.3453
487.3334	294.3453
487.3334	295.3691
486.8215	295.3691
486.8215	297.4167
486.3096	297.4167
486.3096	297.9286
485.7977	297.9286
485.7977	298.4405
485.2858	298.4405
485.2858	298.9524
484.7739	298.9524
484.7739	299.9762
484.2620	299.9762
484.2620	300.4882
483.2382	300.4882
483.2382	301.0001
482.2144	301.0001
482.2144	301.5120
481.1906	301.5120
481.1906	302.0239
480.6787	302.0239
480.6787	302.5358
480.1668	302.5358
480.1668	303.0477
479.6549	303.0477
479.6549	303.5596
479.1429	303.5596
479.1429	304.0715
478.6310	304.0715
478.6310	304.5834
478.1191	304.5834
478.1191	305.0953
477.6072	305.0953
477.6072	305.6072
477.0953	305.6072
477.0953	305.0953
476.0715	305.0953
476.0715	304.5834
474.5358	304.5834
474.5358	304.0715
474.0239	304.0715
474.0239	301.5120
474.5358	301.5120
474.5358	295.3691
474.0239	295.3691
474.0239	292.8096
473.5120	292.8096
473.5120	291.7858
473.0001	291.7858
473.0001	290.7620
472.4882	290.7620
472.4882	289.7382
471.9763	289.7382
471.9763	288.7143
471.4644	288.7143
471.4644	288.2024
470.9525	288.2024
470.9525	287.6905
470.4406	287.6905
470.4406	287.1786
469.9287	287.1786
469.9287	286.6667
469.4168	286.6667
469.4168	286.1548
468.9049	286.1548
468.9049	285.6429
468.3929	285.6429
468.3929	285.1310
467.8810	285.1310
467.8810	284.1072
467.3691	284.1072
467.3691	283.5953
466.8572	283.5953
466.8572	283.0834
466.3453	283.0834
466.3453	282.5715
465.8334	282.5715
465.8334	282.0596
465.3215	282.0596
465.3215	281.5477
464.8096	281.5477
464.8096	281.0358
464.2977	281.0358
464.2977	280.5239
463.2739	280.5239
463.2739	280.0120
462.2501	280.0120
462.2501	279.5001
461.7382	279.5001
461.7382	278.4762
461.2263	278.4762
461.2263	277.4524
460.7144	277.4524
460.7144	276.4286
460.2025	276.4286
460.2025	275.9167
459.6906	275.9167
459.6906	275.4048
459.1787	275.4048
459.1787	274.8929
458.6668	274.8929
458.6668	274.3810
458.1548	274.3810
458.1548	273.8691
457.1310	273.8691
457.1310	273.3572
456.1072	273.3572
456.1072	272.8453
454.0596	272.8453
454.0596	272.3334
451.5001	272.3334
451.5001	271.8215
450.4763	271.8215
450.4763	271.3096
449.4525	271.3096
449.4525	270.7977
446.8929	270.7977
446.8929	270.2858
443.8215	270.2858
443.8215	270.7977
441.2620	270.7977
441.2620	271.3096
440.2382	271.3096
440.2382	271.8215
439.2144	271.8215
439.2144	272.3334
438.7025	272.3334
438.7025	272.8453
438.1906	272.8453
438.1906	273.3572
437.6787	273.3572
437.6787	273.8691
437.1667	273.8691
437.1667	274.3810
436.6548	274.3810
436.6548	275.4048
436.1429	275.4048
436.1429	276.4286
435.6310	276.4286
435.6310	278.9881
435.1191	278.9881
435.1191	281.5477
434.6072	281.5477
434.6072	285.1310
435.1191	285.1310
435.1191	287.6905
435.6310	287.6905
435.6310	290.2501
436.1429	290.2501
436.1429	292.8096
436.6548	292.8096
436.6548	293.8334
437.1667	293.8334
437.1667	294.8572
437.6787	294.8572
437.6787	295.3691
438.1906	295.3691
438.1906	295.8810
438.7025	295.8810
438.7025	296.3929
439.2144	296.3929
439.2144	296.9048
439.7263	296.9048
439.7263	297.9286
440.2382	297.9286
440.2382	299.9762
440.7501	299.9762
440.7501	302.5358
441.2620	302.5358
441.2620	304.0715
441.7739	304.0715
441.7739	305.0953
442.2858	305.0953
442.2858	306.1191
442.7977	306.1191
442.7977	307.1429
443.3096	307.1429
443.3096	307.6548
443.8215	307.6548
443.8215	308.1667
444.3334	308.1667
444.3334	309.1905
444.8453	309.1905
444.8453	310.2143
445.3572	310.2143
445.3572	311.2382
445.8691	311.2382
445.8691	311.7501
446.3810	311.7501
446.3810	312.2620
446.8929	312.2620
446.8929	312.7739
447.4048	312.7739
447.4048	313.2858
447.9168	313.2858
447.9168	313.7977
448.4287	313.7977
448.4287	314.3096
448.9406	314.3096
448.9406	315.3334
449.4525	315.3334
449.4525	316.3572
449.9644	316.3572
449.9644	316.8691
450.4763	316.8691
450.4763	317.3810
450.9882	317.3810
450.9882	317.8929
451.5001	317.8929
451.5001	318.9167
452.0120	318.9167
452.0120	319.4286
452.5239	319.4286
452.5239	319.9405
453.0358	319.9405
453.0358	320.4524
453.5477	320.4524
453.5477	321.4763
454.0596	321.4763
454.0596	321.9882
454.5715	321.9882
454.5715	322.5001
455.0834	322.5001
455.0834	323.5239
455.5953	323.5239
455.5953	324.5477
456.1072	324.5477
456.1072	325.5715
456.6191	325.5715
456.6191	326.5953
457.1310	326.5953
457.1310	328.1310
457.6429	328.1310
457.6429	330.1786
458.1548	330.1786
458.1548	332.2263
458.6668	332.2263
458.6668	339.3929
459.1787	339.3929
459.1787	340.9286
458.6668	340.9286
458.6668	343.4882
458.1548	343.4882
458.1548	348.6072
457.6429	348.6072
457.6429	351.1667
457.1310	351.1667
457.1310	357.3096
456.6191	357.3096
456.6191	360.8929
456.1072	360.8929
456.1072	361.9167
455.5953	361.9167
455.5953	362.4286
455.0834	362.4286
455.0834	362.9405
454.5715	362.9405
454.5715	363.4525
454.0596	363.4525
454.0596	363.9644
453.5477	363.9644
453.5477	364.4763
453.0358	364.4763
453.0358	364.9882
452.5239	364.9882
452.5239	365.5001
452.0120	365.5001
452.0120	366.0120
451.5001	366.0120
451.5001	367.0358
450.9882	367.0358
450.9882	367.5477
450.4763	367.5477
450.4763	368.0596
445.8691	368.0596
445.8691	368.5715
443.3096	368.5715
443.3096	369.0834
442.7977	369.0834
442.7977	368.5715
438.1906	368.5715
438.1906	369.0834
435.6310	369.0834
435.6310	369.5953
434.6072	369.5953
434.6072	370.1072
433.5834	370.1072
433.5834	370.6191
433.0715	370.6191
433.0715	371.1310
432.5596	371.1310
432.5596	371.6429
432.0477	371.6429
432.0477	372.1548
431.5358	372.1548
431.5358	372.6667
431.0239	372.6667
431.0239	373.6905
430.5120	373.6905
430.5120	374.7144
430.0001	374.7144
430.0001	376.7620
429.4882	376.7620
429.4882	379.3215
428.9763	379.3215
428.9763	379.8334
428.4644	379.8334
428.4644	379.3215
427.9525	379.3215
427.9525	378.8096
427.4406	378.8096
427.4406	378.2977
426.9287	378.2977
426.9287	377.7858
425.9048	377.7858
425.9048	377.2739
424.8810	377.2739
424.8810	376.7620
422.3215	376.7620
422.3215	376.2501
418.2263	376.2501
418.2263	376.7620
417.7144	376.7620
417.7144	376.2501
416.6906	376.2501
416.6906	375.7382
415.6667	375.7382
415.6667	375.2263
413.6191	375.2263
413.6191	374.7144
411.0596	374.7144
411.0596	374.2025
410.0358	374.2025
410.0358	373.6905
409.0120	373.6905
409.0120	373.1786
406.4525	373.1786
406.4525	372.6667
403.3810	372.6667
403.3810	373.1786
400.8215	373.1786
400.8215	373.6905
399.7977	373.6905
399.7977	374.2025
398.7739	374.2025
398.7739	374.7144
398.2620	374.7144
398.2620	375.2263
397.7501	375.2263
397.7501	375.7382
397.2382	375.7382
397.2382	376.2501
396.7263	376.2501
396.7263	376.7620
396.2144	376.7620
396.2144	377.2739
395.7025	377.2739
395.7025	378.2977
395.1906	378.2977
395.1906	379.3215
394.1667	379.3215
394.1667	378.8096
391.0953	378.8096
391.0953	378.2977
388.0239	378.2977
388.0239	378.8096
385.4644	378.8096
385.4644	379.3215
382.9048	379.3215
382.9048	379.8334
381.3691	379.8334
381.3691	379.3215
378.8096	379.3215
378.8096	378.8096
376.2501	378.8096
376.2501	379.3215
375.2263	379.3215
375.2263	378.8096
373.6905	378.8096
373.6905	375.2263
373.1786	375.2263
373.1786	372.6667
372.6667	372.6667
372.6667	369.5953
372.1548	369.5953
372.1548	367.0358
371.6429	367.0358
371.6429	366.0120
371.1310	366.0120
371.1310	364.9882
370.6191	364.9882
370.6191	364.4763
370.1072	364.4763
370.1072	363.9644
369.5953	363.9644
369.5953	363.4525
369.0834	363.4525
369.0834	362.9405
368.5715	362.9405
368.5715	362.4286
368.0596	362.4286
368.0596	361.9167
367.0358	361.9167
367.0358	361.4048
366.5239	361.4048
366.5239	360.8929
366.0120	360.8929
366.0120	359.8691
365.5001	359.8691
365.5001	359.3572
364.9882	359.3572
364.9882	358.8453
364.4763	358.8453
364.4763	358.3334
363.9644	358.3334
363.9644	357.8215
363.4525	357.8215
363.4525	357.3096
362.9405	357.3096
362.9405	356.7977
361.9167	356.7977
361.9167	356.2858
361.4048	356.2858
361.4048	355.7739
360.8929	355.7739
360.8929	355.2620
360.3810	355.2620
360.3810	354.7501
359.8691	354.7501
359.8691	354.2382
359.3572	354.2382
359.3572	353.7263
358.8453	353.7263
358.8453	352.1905
358.3334	352.1905
358.3334	350.1429
357.8215	350.1429
357.8215	347.0715
358.3334	347.0715
358.3334	343.4882
357.8215	343.4882
357.8215	340.9286
357.3096	340.9286
357.3096	339.9048
356.7977	339.9048
356.7977	338.8810
356.2858	338.8810
356.2858	338.3691
355.7739	338.3691
355.7739	337.8572
355.2620	337.8572
355.2620	337.3453
354.7501	337.3453
354.7501	336.8334
354.2382	336.8334
354.2382	336.3215
353.2144	336.3215
353.2144	335.8096
352.1905	335.8096
352.1905	335.2977
349.6310	335.2977
349.6310	334.7858
347.0715	334.7858
347.0715	334.2739
342.9763	334.2739
342.9763	333.7620
338.8810	333.7620
338.8810	334.2739
336.3215	334.2739
336.3215	334.7858
335.2977	334.7858
335.2977	335.2977
334.2739	335.2977
334.2739	335.8096
333.7620	335.8096
333.7620	336.3215
333.2501	336.3215
333.2501	336.8334
332.7382	336.8334
332.7382	337.3453
332.2263	337.3453
332.2263	337.8572
331.7143	337.8572
331.7143	338.8810
331.2024	338.8810
331.2024	339.9048
330.6905	339.9048
330.6905	342.4644
330.1786	342.4644
330.1786	345.0239
330.6905	345.0239
330.6905	347.5834
331.2024	347.5834
331.2024	348.6072
331.7143	348.6072
331.7143	349.6310
332.2263	349.6310
332.2263	350.1429
332.7382	350.1429
332.7382	350.6548
333.2501	350.6548
333.2501	351.1667
333.7620	351.1667
333.7620	351.6786
334.2739	351.6786
334.2739	352.1905
334.7858	352.1905
334.7858	352.7024
335.8096	352.7024
335.8096	353.2144
336.8334	353.2144
336.8334	354.2382
336.3215	354.2382
336.3215	358.3334
336.8334	358.3334
336.8334	360.8929
337.3453	360.8929
337.3453	361.9167
337.8572	361.9167
337.8572	362.9405
338.3691	362.9405
338.3691	363.4525
338.8810	363.4525
338.8810	363.9644
339.3929	363.9644
339.3929	364.4763
339.9048	364.4763
339.9048	365.5001
340.4167	365.5001
340.4167	367.5477
340.9286	367.5477
340.9286	368.5715
341.4405	368.5715
341.4405	369.5953
341.9524	369.5953
341.9524	370.6191
342.4644	370.6191
342.4644	371.1310
342.9763	371.1310
342.9763	371.6429
343.4882	371.6429
343.4882	372.1548
344.0001	372.1548
344.0001	372.6667
344.5120	372.6667
344.5120	373.1786
345.0239	373.1786
345.0239	373.6905
345.5358	373.6905
345.5358	374.2025
346.5596	374.2025
346.5596	374.7144
347.5834	374.7144
347.5834	375.2263
348.0953	375.2263
348.0953	375.7382
348.6072	375.7382
348.6072	376.2501
349.1191	376.2501
349.1191	376.7620
349.6310	376.7620
349.6310	377.7858
350.1429	377.7858
350.1429	378.2977
350.6548	378.2977
350.6548	378.8096
351.1667	378.8096
351.1667	379.8334
351.6786	379.8334
351.6786	380.8572
352.1905	380.8572
352.1905	381.8810
352.7024	381.8810
352.7024	383.9286
353.2144	383.9286
353.2144	384.9525
352.7024	384.9525
352.7024	385.4644
350.6548	385.4644
350.6548	384.9525
349.6310	384.9525
349.6310	383.9286
349.1191	383.9286
349.1191	383.4167
348.6072	383.4167
348.6072	382.9048
348.0953	382.9048
348.0953	382.3929
347.5834	382.3929
347.5834	381.3691
347.0715	381.3691
347.0715	380.3453
346.5596	380.3453
346.5596	379.3215
346.0477	379.3215
346.0477	378.8096
345.5358	378.8096
345.5358	378.2977
345.0239	378.2977
345.0239	377.2739
344.5120	377.2739
344.5120	376.7620
344.0001	376.7620
344.0001	376.2501
343.4882	376.2501
343.4882	375.7382
342.9763	375.7382
342.9763	375.2263
342.4644	375.2263
342.4644	374.7144
341.9524	374.7144
341.9524	374.2025
341.4405	374.2025
341.4405	373.6905
340.9286	373.6905
340.9286	372.6667
340.4167	372.6667
340.4167	371.6429
339.9048	371.6429
339.9048	371.1310
339.3929	371.1310
339.3929	370.6191
338.8810	370.6191
338.8810	370.1072
338.3691	370.1072
338.3691	369.0834
337.8572	369.0834
337.8572	368.5715
337.3453	368.5715
337.3453	367.5477
336.8334	367.5477
336.8334	367.0358
336.3215	367.0358
336.3215	366.0120
335.8096	366.0120
335.8096	365.5001
335.2977	365.5001
335.2977	364.4763
334.7858	364.4763
334.7858	361.9167
334.2739	361.9167
334.2739	360.8929
333.7620	360.8929
333.7620	359.8691
333.2501	359.8691
333.2501	359.3572
332.7382	359.3572
332.7382	358.3334
332.2263	358.3334
332.2263	357.8215
331.7143	357.8215
331.7143	356.7977
331.2024	356.7977
331.2024	355.7739
330.6905	355.7739
330.6905	354.7501
330.1786	354.7501
330.1786	353.7263
329.6667	353.7263
329.6667	351.1667
329.1548	351.1667
329.1548	349.6310
328.6429	349.6310
328.6429	347.0715
328.1310	347.0715
328.1310	345.0239
327.6191	345.0239
327.6191	344.0001
327.1072	344.0001
327.1072	342.9763
326.5953	342.9763
326.5953	342.4644
326.0834	342.4644
326.0834	341.9524
325.5715	341.9524
325.5715	341.4405
325.0596	341.4405
325.0596	340.4167
324.5477	340.4167
324.5477	338.8810
324.0358	338.8810
324.0358	337.8572
323.5239	337.8572
323.5239	336.8334
323.0120	336.8334
323.0120	336.3215
322.5001	336.3215
322.5001	335.8096
321.9882	335.8096
321.9882	335.2977
321.4763	335.2977
321.4763	334.7858
320.9643	334.7858
320.9643	334.2739
319.9405	334.2739
319.9405	333.7620
318.9167	333.7620
318.9167	333.2501
317.3810	333.2501
317.3810	332.7382
316.8691	332.7382
316.8691	332.2263
316.3572	332.2263
316.3572	331.7143
315.8453	331.7143
315.8453	331.2024
315.3334	331.2024
315.3334	330.6905
314.8215	330.6905
314.8215	330.1786
314.3096	330.1786
314.3096	329.6667
313.2858	329.6667
313.2858	329.1548
312.2620	329.1548
312.2620	328.6429
311.2382	328.6429
311.2382	328.1310
309.7024	328.1310
309.7024	327.6191
308.6786	327.6191
308.6786	327.1072
308.1667	327.1072
308.1667	326.5953
307.6548	326.5953
307.6548	326.0834
306.6310	326.0834
306.6310	325.5715
306.1191	325.5715
306.1191	325.0596
305.0953	325.0596
305.0953	324.5477
304.0715	324.5477
304.0715	324.0358
302.0239	324.0358
302.0239	323.5239
299.4643	323.5239
299.4643	323.0120
298.9524	323.0120
298.9524	322.5001
298.4405	322.5001
298.4405	321.9882
297.9286	321.9882
297.9286	321.4763
296.9048	321.4763
296.9048	320.9643
295.8810	320.9643
295.8810	320.4524
294.3453	320.4524
294.3453	319.9405
293.8334	319.9405
293.8334	319.4286
293.3215	319.4286
293.3215	318.9167
292.8096	318.9167
292.8096	318.4048
292.2977	318.4048
292.2977	317.8929
291.7858	317.8929
291.7858	317.3810
291.2739	317.3810
291.2739	316.8691
290.2501	316.8691
290.2501	316.3572
289.2262	316.3572
289.2262	315.8453
288.2024	315.8453
288.2024	315.3334
285.6429	315.3334
285.6429	314.8215
282.0596	314.8215
282.0596	314.3096
281.5477	314.3096
281.5477	313.7977
281.0358	313.7977
281.0358	312.7739
280.5239	312.7739
280.5239	312.2620
280.0120	312.2620
280.0120	311.7501
279.5001	311.7501
279.5001	309.1905
278.9881	309.1905
278.9881	306.6310
278.4762	306.6310
278.4762	305.6072
277.9643	305.6072
277.9643	304.5834
277.4524	304.5834
277.4524	304.0715
276.9405	304.0715
276.9405	303.5596
276.4286	303.5596
276.4286	303.0477
275.9167	303.0477
275.9167	302.0239
276.4286	302.0239
276.4286	297.4167
275.9167	297.4167
275.9167	294.8572
275.4048	294.8572
275.4048	293.8334
274.8929	293.8334
274.8929	292.8096
274.3810	292.8096
274.3810	292.2977
273.8691	292.2977
273.8691	291.7858
273.3572	291.7858
273.3572	290.2501
272.8453	290.2501
272.8453	289.2262
272.3334	289.2262
272.3334	288.2024
271.8215	288.2024
271.8215	287.6905
271.3096	287.6905
271.3096	286.6667
270.7977	286.6667
270.7977	285.6429
270.2858	285.6429
270.2858	285.1310
269.7739	285.1310
269.7739	284.6191
269.2620	284.6191
269.2620	284.1072
268.7501	284.1072
268.7501	283.5953
268.2381	283.5953
268.2381	283.0834
267.7262	283.0834
267.7262	282.5715
267.2143	282.5715
267.2143	282.0596
266.1905	282.0596
266.1905	281.5477
265.1667	281.5477
265.1667	281.0358
262.6072	281.0358
262.6072	280.5239
262.0953	280.5239
262.0953	279.5001
261.5834	279.5001
261.5834	278.9881
261.0715	278.9881
261.0715	278.4762
261.5834	278.4762
261.5834	277.9643
262.0953	277.9643
262.0953	276.9405
262.6072	276.9405
262.6072	275.9167
264.1429	275.9167
264.1429	275.4048
265.1667	275.4048
265.1667	275.9167
267.7262	275.9167
267.7262	275.4048
270.2858	275.4048
270.2858	274.8929
271.8215	274.8929
271.8215	274.3810
273.3572	274.3810
273.3572	273.8691
274.3810	273.8691
274.3810	273.3572
276.9405	273.3572
276.9405	272.8453
279.5001	272.8453
279.5001	272.3334
280.5239	272.3334
280.5239	271.8215
281.5477	271.8215
281.5477	271.3096
282.0596	271.3096
282.0596	270.7977
282.5715	270.7977
282.5715	270.2858
283.0834	270.2858
283.0834	269.7739
283.5953	269.7739
283.5953	269.2620
284.1072	269.2620
284.1072	268.2381
284.6191	268.2381
284.6191	267.2143
285.1310	267.2143
285.1310	264.6548
285.6429	264.6548
285.6429	262.0953
285.1310	262.0953
285.1310	259.5358
284.6191	259.5358
284.6191	258.5120
284.1072	258.5120
284.1072	257.4881
283.5953	257.4881
283.5953	256.9762
283.0834	256.9762
283.0834	256.4643
282.5715	256.4643
282.5715	255.9524
282.0596	255.9524
282.0596	255.4405
281.5477	255.4405
281.5477	254.9286
280.5239	254.9286
280.5239	254.4167
279.5001	254.4167
279.5001	253.9048
278.4762	253.9048
278.4762	253.3929
277.9643	253.3929
277.9643	252.8810
277.4524	252.8810
277.4524	252.3691
276.9405	252.3691
276.9405	251.8572
276.4286	251.8572
276.4286	251.3453
275.9167	251.3453
275.9167	250.8334
275.4048	250.8334
275.4048	250.3215
274.8929	250.3215
274.8929	249.8096
274.3810	249.8096
274.3810	249.2977
273.8691	249.2977
273.8691	248.7858
273.3572	248.7858
273.3572	248.2739
272.8453	248.2739
272.8453	247.7620
272.3334	247.7620
272.3334	247.2500
271.8215	247.2500
271.8215	244.6905
271.3096	244.6905
271.3096	243.6667
270.7977	243.6667
270.7977	242.6429
270.2858	242.6429
270.2858	242.1310
269.7739	242.1310
269.7739	241.6191
269.2620	241.6191
269.2620	241.1072
268.7501	241.1072
268.7501	240.5953
268.2381	240.5953
268.2381	240.0834
267.2143	240.0834
267.2143	239.5715
266.1905	239.5715
266.1905	239.0596
263.6310	239.0596
263.6310	238.5477
261.0715	238.5477
261.0715	239.0596
258.5120	239.0596
258.5120	239.5715
257.4881	239.5715
257.4881	240.0834
256.4643	240.0834
256.4643	240.5953
255.9524	240.5953
255.9524	241.1072
255.4405	241.1072
255.4405	241.6191
254.9286	241.6191
254.9286	242.1310
253.3929	242.1310
253.3929	241.6191
249.2977	241.6191
249.2977	241.1072
248.2739	241.1072
248.2739	240.5953
247.2500	240.5953
247.2500	239.5715
247.7620	239.5715
247.7620	239.0596
248.7858	239.0596
248.7858	238.5477
249.8096	238.5477
249.8096	238.0358
250.3215	238.0358
250.3215	237.5239
250.8334	237.5239
250.8334	237.0119
251.3453	237.0119
251.3453	236.5000
251.8572	236.5000
251.8572	235.9881
252.3691	235.9881
252.3691	234.9643
252.8810	234.9643
252.8810	233.9405
253.3929	233.9405
253.3929	231.3810
253.9048	231.3810
253.9048	228.3096
253.3929	228.3096
253.3929	225.7500
252.8810	225.7500
252.8810	224.7262
252.3691	224.7262
252.3691	223.7024
251.8572	223.7024
251.8572	222.6786
251.3453	222.6786
251.3453	221.6548
250.8334	221.6548
250.8334	221.1429
250.3215	221.1429
250.3215	220.6310
249.8096	220.6310
249.8096	220.1191
249.2977	220.1191
249.2977	219.6072
248.7858	219.6072
248.7858	219.0953
247.7620	219.0953
247.7620	218.5834
246.7381	218.5834
246.7381	218.0715
245.2024	218.0715
245.2024	217.5596
244.1786	217.5596
244.1786	217.0477
243.1548	217.0477
243.1548	216.5358
240.5953	216.5358
240.5953	216.0239
237.5239	216.0239
237.5239	216.5358
234.9643	216.5358
234.9643	217.0477
233.9405	217.0477
233.9405	217.5596
232.9167	217.5596
232.9167	218.0715
231.8929	218.0715
231.8929	218.5834
231.3810	218.5834
231.3810	219.0953
230.8691	219.0953
230.8691	219.6072
230.3572	219.6072
230.3572	220.1191
229.8453	220.1191
229.8453	220.6310
229.3334	220.6310
229.3334	221.6548
228.8215	221.6548
228.8215	222.6786
227.7977	222.6786
227.7977	223.1905
226.7739	223.1905
226.7739	223.7024
225.2381	223.7024
225.2381	222.6786
224.7262	222.6786
224.7262	221.1429
225.2381	221.1429
225.2381	218.5834
225.7500	218.5834
225.7500	217.5596
226.2619	217.5596
226.2619	215.0000
226.7739	215.0000
226.7739	213.9762
227.2858	213.9762
227.2858	212.4405
227.7977	212.4405
227.7977	211.4167
228.3096	211.4167
228.3096	210.9048
228.8215	210.9048
228.8215	209.8810
229.3334	209.8810
229.3334	209.3691
229.8453	209.3691
229.8453	208.8572
230.3572	208.8572
230.3572	208.3453
230.8691	208.3453
230.8691	207.3215
231.3810	207.3215
231.3810	206.8096
231.8929	206.8096
231.8929	206.2977
232.4048	206.2977
232.4048	205.7858
232.9167	205.7858
232.9167	205.2738
233.9405	205.2738
233.9405	204.7619
234.4524	204.7619
234.4524	204.2500
234.9643	204.2500
234.9643	203.7381
235.9881	203.7381
235.9881	203.2262
236.5000	203.2262
236.5000	202.7143
237.0119	202.7143
237.0119	202.2024
238.0358	202.2024
238.0358	201.6905
238.5477	201.6905
238.5477	201.1786
239.0596	201.1786
239.0596	200.6667
239.5715	200.6667
239.5715	200.1548
240.5953	200.1548
240.5953	199.6429
241.6191	199.6429
241.6191	199.1310
242.1310	199.1310
242.1310	198.6191
243.1548	198.6191
243.1548	198.1072
244.6905	198.1072
244.6905	197.5953
245.7143	197.5953
245.7143	197.0834
247.7620	197.0834
247.7620	196.5715
248.7858	196.5715
248.7858	196.0596
249.8096	196.0596
249.8096	195.5477
254.9286	195.5477
254.9286	195.0358
264.6548	195.0358
264.6548	195.5477
266.7024	195.5477
266.7024	196.0596
267.7262	196.0596
267.7262	196.5715
268.7501	196.5715
268.7501	197.0834
270.2858	197.0834
270.2858	197.5953
271.3096	197.5953
271.3096	198.1072
272.3334	198.1072
272.3334	198.6191
273.8691	198.6191
273.8691	199.1310
274.3810	199.1310
274.3810	199.6429
275.4048	199.6429
275.4048	200.1548
276.4286	200.1548
276.4286	200.6667
276.9405	200.6667
276.9405	201.1786
277.4524	201.1786
277.4524	202.2024
277.9643	202.2024
277.9643	202.7143
278.4762	202.7143
278.4762	203.2262
278.9881	203.2262
278.9881	203.7381
279.5001	203.7381
279.5001	204.2500
280.0120	204.2500
280.0120	204.7619
280.5239	204.7619
280.5239	205.2738
281.5477	205.2738
281.5477	205.7858
282.5715	205.7858
282.5715	206.2977
285.1310	206.2977
285.1310	206.8096
288.2024	206.8096
288.2024	206.2977
290.7620	206.2977
290.7620	205.7858
291.7858	205.7858
291.7858	205.2738
294.3453	205.2738
294.3453	204.7619
295.3691	204.7619
295.3691	204.2500
296.3929	204.2500
296.3929	203.7381
296.9048	203.7381
296.9048	203.2262
297.4167	203.2262
297.4167	202.7143
297.9286	202.7143
297.9286	202.2024
298.4405	202.2024
298.4405	201.6905
298.9524	201.6905
298.9524	200.6667
299.4643	200.6667
299.4643	199.6429
299.9762	199.6429
299.9762	197.0834
300.4882	197.0834
300.4882	194.0119
299.9762	194.0119
299.9762	191.4524
299.4643	191.4524
299.4643	190.4286
298.9524	190.4286
298.9524	189.4048
298.4405	189.4048
298.4405	188.8929
297.9286	188.8929
297.9286	188.3810
297.4167	188.3810
297.4167	187.8691
296.9048	187.8691
296.9048	187.3572
296.3929	187.3572
296.3929	186.8453
295.3691	186.8453
295.3691	186.3334
294.3453	186.3334
294.3453	185.8215
291.7858	185.8215
291.7858	185.3096
292.2977	185.3096
292.2977	181.7262
292.8096	181.7262
292.8096	180.7024
293.3215	180.7024
293.3215	180.1905
293.8334	180.1905
293.8334	179.6786
294.3453	179.6786
294.3453	179.1667
294.8572	179.1667
294.8572	178.6548
295.3691	178.6548
295.3691	178.1429
295.8810	178.1429
295.8810	177.1191
296.9048	177.1191
296.9048	176.6072
297.4167	176.6072
297.4167	176.0953
297.9286	176.0953
297.9286	175.5834
298.4405	175.5834
298.4405	175.0715
298.9524	175.0715
298.9524	174.5596
299.4643	174.5596
299.4643	174.0477
299.9762	174.0477
299.9762	173.5357
300.4882	173.5357
300.4882	173.0238
301.0001	173.0238
301.0001	172.5119
301.5120	172.5119
301.5120	172.0000
302.0239	172.0000
302.0239	171.4881
303.0477	171.4881
303.0477	170.9762
304.0715	170.9762
304.0715	170.4643
305.0953	170.4643
305.0953	169.9524
306.1191	169.9524
306.1191	169.4405
307.1429	169.4405
307.1429	168.9286
310.2143	168.9286
310.2143	168.4167
312.7739	168.4167
312.7739	167.9048
314.8215	167.9048
314.8215	167.3929
321.9882	167.3929
