333.2501	174.5596
337.3453	174.5596
337.3453	175.0715
338.3691	175.0715
338.3691	175.5834
339.9048	175.5834
339.9048	176.0953
341.4405	176.0953
341.4405	176.6072
344.0001	176.6072
344.0001	177.1191
345.0239	177.1191
345.0239	177.6310
346.5596	177.6310
346.5596	178.1429
348.6072	178.1429
348.6072	178.6548
349.6310	178.6548
349.6310	179.1667
350.6548	179.1667
350.6548	179.6786
351.6786	179.6786
351.6786	180.1905
352.1905	180.1905
352.1905	180.7024
352.7024	180.7024
352.7024	181.2143
353.7263	181.2143
353.7263	181.7262
354.7501	181.7262
354.7501	182.2381
355.7739	182.2381
355.7739	182.7500
357.3096	182.7500
357.3096	183.2619
358.8453	183.2619
358.8453	183.7738
359.8691	183.7738
359.8691	184.2857
360.3810	184.2857
360.3810	184.7977
360.8929	184.7977
360.8929	185.3096
361.9167	185.3096
361.9167	185.8215
362.4286	185.8215
362.4286	186.8453
362.9405	186.8453
362.9405	187.3572
363.4525	187.3572
363.4525	187.8691
363.9644	187.8691
363.9644	188.3810
364.4763	188.3810
364.4763	189.4048
364.9882	189.4048
364.9882	190.4286
365.5001	190.4286
365.5001	191.4524
366.0120	191.4524
366.0120	192.4762
366.5239	192.4762
366.5239	195.5477
367.0358	195.5477
367.0358	198.1072
367.5477	198.1072
367.5477	200.6667
368.0596	200.6667
368.0596	202.2024
368.5715	202.2024
368.5715	203.2262
369.0834	203.2262
369.0834	203.7381
368.5715	203.7381
368.5715	204.7619
368.0596	204.7619
368.0596	206.2977
367.5477	206.2977
367.5477	207.3215
367.0358	207.3215
367.0358	208.8572
366.5239	208.8572
366.5239	209.3691
366.0120	209.3691
366.0120	210.3929
365.5001	210.3929
365.5001	211.4167
364.9882	211.4167
364.9882	213.9762
364.4763	213.9762
364.4763	219.6072
364.9882	219.6072
364.9882	222.1667
365.5001	222.1667
365.5001	223.1905
366.0120	223.1905
366.0120	224.2143
366.5239	224.2143
366.5239	224.7262
367.0358	224.7262
367.0358	225.2381
367.5477	225.2381
367.5477	225.7500
368.0596	225.7500
368.0596	226.2619
368.5715	226.2619
368.5715	226.7739
369.5953	226.7739
369.5953	227.2858
370.6191	227.2858
370.6191	227.7977
373.1786	227.7977
373.1786	228.3096
375.7382	228.3096
375.7382	227.7977
378.2977	227.7977
378.2977	227.2858
379.3215	227.2858
379.3215	226.7739
380.3453	226.7739
380.3453	226.2619
380.8572	226.2619
380.8572	225.7500
381.3691	225.7500
381.3691	225.2381
381.8810	225.2381
381.8810	224.7262
382.3929	224.7262
382.3929	224.2143
382.9048	224.2143
382.9048	223.1905
383.4167	223.1905
383.4167	222.1667
383.9286	222.1667
383.9286	221.1429
384.4405	221.1429
384.4405	218.5834
384.9525	218.5834
384.9525	218.0715
385.4644	218.0715
385.4644	217.0477
385.9763	217.0477
385.9763	216.0239
386.4882	216.0239
386.4882	215.0000
387.0001	215.0000
387.0001	212.4405
387.5120	212.4405
387.5120	209.8810
388.0239	209.8810
388.0239	209.3691
388.5358	209.3691
388.5358	208.8572
389.0477	208.8572
389.0477	207.8334
389.5596	207.8334
389.5596	206.8096
390.0715	206.8096
390.0715	205.2738
390.5834	205.2738
390.5834	204.2500
391.0953	204.2500
391.0953	203.2262
391.6072	203.2262
391.6072	200.6667
392.1191	200.6667
392.1191	197.0834
392.6310	197.0834
392.6310	196.5715
393.1429	196.5715
393.1429	197.0834
393.6548	197.0834
393.6548	197.5953
394.1667	197.5953
394.1667	198.1072
394.6786	198.1072
394.6786	200.1548
395.1906	200.1548
395.1906	205.2738
395.7025	205.2738
395.7025	209.8810
395.1906	209.8810
395.1906	212.4405
394.6786	212.4405
394.6786	216.0239
394.1667	216.0239
394.1667	218.0715
393.6548	218.0715
393.6548	219.6072
393.1429	219.6072
393.1429	220.1191
392.6310	220.1191
392.6310	220.6310
392.1191	220.6310
392.1191	221.1429
391.6072	221.1429
391.6072	222.1667
391.0953	222.1667
391.0953	223.1905
390.5834	223.1905
390.5834	224.2143
390.0715	224.2143
390.0715	225.2381
389.5596	225.2381
389.5596	226.2619
389.0477	226.2619
389.0477	228.8215
388.5358	228.8215
388.5358	239.0596
389.0477	239.0596
389.0477	241.6191
389.5596	241.6191
389.5596	242.6429
390.0715	242.6429
390.0715	243.6667
390.5834	243.6667
390.5834	244.1786
391.0953	244.1786
391.0953	244.6905
391.6072	244.6905
391.6072	245.2024
392.1191	245.2024
392.1191	245.7143
392.6310	245.7143
392.6310	246.2262
393.6548	246.2262
393.6548	246.7381
394.6786	246.7381
394.6786	247.2500
395.7025	247.2500
395.7025	247.7620
398.2620	247.7620
398.2620	248.2739
400.8215	248.2739
400.8215	248.7858
403.3810	248.7858
403.3810	248.2739
405.9406	248.2739
405.9406	247.7620
406.9644	247.7620
406.9644	247.2500
407.9882	247.2500
407.9882	246.7381
408.5001	246.7381
408.5001	246.2262
409.0120	246.2262
409.0120	245.7143
409.5239	245.7143
409.5239	245.2024
410.0358	245.2024
410.0358	244.6905
410.5477	244.6905
410.5477	244.1786
411.0596	244.1786
411.0596	243.1548
411.5715	243.1548
411.5715	242.1310
412.0834	242.1310
412.0834	239.5715
412.5953	239.5715
412.5953	239.0596
413.1072	239.0596
413.1072	238.5477
413.6191	238.5477
413.6191	237.5239
414.1310	237.5239
414.1310	236.5000
416.6906	236.5000
416.6906	235.9881
418.7382	235.9881
418.7382	235.4762
419.7620	235.4762
419.7620	234.9643
420.7858	234.9643
420.7858	234.4524
421.2977	234.4524
421.2977	233.9405
421.8096	233.9405
421.8096	233.4286
422.3215	233.4286
422.3215	232.9167
422.8334	232.9167
422.8334	232.4048
423.8572	232.4048
423.8572	231.8929
424.8810	231.8929
424.8810	231.3810
425.3929	231.3810
425.3929	230.8691
425.9048	230.8691
425.9048	230.3572
426.4167	230.3572
426.4167	229.8453
426.9287	229.8453
426.9287	229.3334
427.4406	229.3334
427.4406	228.3096
427.9525	228.3096
427.9525	227.7977
428.4644	227.7977
428.4644	227.2858
428.9763	227.2858
428.9763	226.2619
429.4882	226.2619
429.4882	225.2381
430.0001	225.2381
430.0001	224.2143
430.5120	224.2143
430.5120	223.1905
431.0239	223.1905
431.0239	222.6786
431.5358	222.6786
431.5358	222.1667
432.0477	222.1667
432.0477	221.1429
432.5596	221.1429
432.5596	220.1191
433.0715	220.1191
433.0715	219.6072
433.5834	219.6072
433.5834	219.0953
434.0953	219.0953
434.0953	218.0715
434.6072	218.0715
434.6072	217.0477
435.6310	217.0477
435.6310	216.5358
436.1429	216.5358
436.1429	216.0239
436.6548	216.0239
436.6548	215.5119
437.1667	215.5119
437.1667	215.0000
437.6787	215.0000
437.6787	214.4881
438.7025	214.4881
438.7025	213.9762
439.7263	213.9762
439.7263	213.4643
440.7501	213.4643
440.7501	212.9524
441.7739	212.9524
441.7739	212.4405
442.2858	212.4405
442.2858	211.9286
442.7977	211.9286
442.7977	211.4167
443.8215	211.4167
443.8215	210.9048
444.3334	210.9048
444.3334	210.3929
444.8453	210.3929
444.8453	209.8810
445.3572	209.8810
445.3572	209.3691
446.3810	209.3691
446.3810	208.8572
448.4287	208.8572
448.4287	208.3453
449.4525	208.3453
449.4525	207.8334
450.4763	207.8334
450.4763	207.3215
450.9882	207.3215
450.9882	206.8096
451.5001	206.8096
451.5001	206.2977
452.0120	206.2977
452.0120	205.7858
453.0358	205.7858
453.0358	205.2738
454.0596	205.2738
454.0596	204.7619
454.5715	204.7619
454.5715	204.2500
455.0834	204.2500
455.0834	203.7381
456.1072	203.7381
456.1072	203.2262
457.1310	203.2262
457.1310	202.7143
457.6429	202.7143
457.6429	202.2024
459.6906	202.2024
459.6906	201.6905
461.7382	201.6905
461.7382	201.1786
463.2739	201.1786
463.2739	200.6667
464.2977	200.6667
464.2977	200.1548
472.4882	200.1548
472.4882	200.6667
475.0477	200.6667
475.0477	201.1786
476.5834	201.1786
476.5834	201.6905
477.6072	201.6905
477.6072	202.2024
478.6310	202.2024
478.6310	202.7143
479.6549	202.7143
479.6549	203.2262
481.1906	203.2262
481.1906	203.7381
481.7025	203.7381
481.7025	204.2500
482.7263	204.2500
482.7263	204.7619
483.7501	204.7619
483.7501	205.2738
484.7739	205.2738
484.7739	205.7858
485.7977	205.7858
485.7977	206.2977
486.8215	206.2977
486.8215	206.8096
487.8453	206.8096
487.8453	207.3215
488.3572	207.3215
488.3572	207.8334
488.8691	207.8334
488.8691	208.3453
489.3810	208.3453
489.3810	208.8572
489.8930	208.8572
489.8930	209.3691
490.9168	209.3691
490.9168	209.8810
491.4287	209.8810
491.4287	210.3929
492.4525	210.3929
492.4525	210.9048
492.9644	210.9048
492.9644	211.4167
493.9882	211.4167
493.9882	211.9286
494.5001	211.9286
494.5001	212.9524
495.0120	212.9524
495.0120	213.4643
495.5239	213.4643
495.5239	213.9762
496.0358	213.9762
496.0358	214.4881
496.5477	214.4881
496.5477	215.5119
497.0596	215.5119
497.0596	216.5358
497.5715	216.5358
497.5715	217.0477
498.0834	217.0477
498.0834	218.0715
498.5953	218.0715
498.5953	219.0953
499.1072	219.0953
499.1072	219.6072
499.6191	219.6072
499.6191	220.6310
500.1310	220.6310
500.1310	223.1905
500.6430	223.1905
500.6430	225.2381
501.1549	225.2381
501.1549	226.2619
501.6668	226.2619
501.6668	227.2858
502.1787	227.2858
502.1787	228.3096
502.6906	228.3096
502.6906	230.3572
503.2025	230.3572
503.2025	231.3810
503.7144	231.3810
503.7144	233.4286
504.2263	233.4286
504.2263	240.5953
503.7144	240.5953
503.7144	244.6905
503.2025	244.6905
503.2025	248.2739
502.6906	248.2739
502.6906	249.8096
502.1787	249.8096
502.1787	250.8334
501.6668	250.8334
501.6668	251.8572
501.1549	251.8572
501.1549	253.9048
500.6430	253.9048
500.6430	255.9524
500.1310	255.9524
500.1310	256.4643
499.6191	256.4643
499.6191	257.4881
499.1072	257.4881
499.1072	258.0000
498.5953	258.0000
498.5953	258.5120
498.0834	258.5120
498.0834	259.5358
497.5715	259.5358
497.5715	260.5596
497.0596	260.5596
497.0596	261.5834
496.5477	261.5834
496.5477	262.6072
496.0358	262.6072
496.0358	263.6310
495.5239	263.6310
495.5239	264.6548
495.0120	264.6548
495.0120	265.6786
494.5001	265.6786
494.5001	266.7024
493.9882	266.7024
493.9882	267.7262
493.4763	267.7262
493.4763	268.7501
492.9644	268.7501
492.9644	269.7739
492.4525	269.7739
492.4525	271.8215
491.9406	271.8215
491.9406	273.3572
491.4287	273.3572
491.4287	275.9167
490.9168	275.9167
490.9168	281.5477
491.4287	281.5477
491.4287	284.1072
491.9406	284.1072
491.9406	286.1548
492.4525	286.1548
492.4525	287.1786
492.9644	287.1786
492.9644	289.7382
492.4525	289.7382
492.4525	292.2977
491.9406	292.2977
491.9406	293.8334
491.4287	293.8334
491.4287	296.3929
490.9168	296.3929
490.9168	297.4167
490.4049	297.4167
490.4049	298.4405
489.8930	298.4405
489.8930	299.9762
489.3810	299.9762
489.3810	301.5120
488.8691	301.5120
488.8691	302.5358
488.3572	302.5358
488.3572	304.0715
487.8453	304.0715
487.8453	304.5834
487.3334	304.5834
487.3334	305.6072
486.8215	305.6072
486.8215	306.6310
486.3096	306.6310
486.3096	309.1905
485.7977	309.1905
485.7977	309.7024
485.2858	309.7024
485.2858	310.2143
484.7739	310.2143
484.7739	310.7262
484.2620	310.7262
484.2620	311.2382
483.7501	311.2382
483.7501	312.2620
483.2382	312.2620
483.2382	313.2858
480.1668	313.2858
480.1668	312.7739
479.6549	312.7739
479.6549	312.2620
478.6310	312.2620
478.6310	311.7501
478.1191	311.7501
478.1191	310.2143
477.6072	310.2143
477.6072	309.1905
477.0953	309.1905
477.0953	308.1667
476.5834	308.1667
476.5834	307.1429
476.0715	307.1429
476.0715	306.1191
475.5596	306.1191
475.5596	305.0953
475.0477	305.0953
475.0477	304.5834
474.5358	304.5834
474.5358	304.0715
474.0239	304.0715
474.0239	303.0477
473.5120	303.0477
473.5120	301.5120
473.0001	301.5120
473.0001	300.4882
472.4882	300.4882
472.4882	299.4643
471.9763	299.4643
471.9763	298.9524
471.4644	298.9524
471.4644	298.4405
470.9525	298.4405
470.9525	297.9286
470.4406	297.9286
470.4406	297.4167
469.9287	297.4167
469.9287	296.9048
469.4168	296.9048
469.4168	296.3929
468.9049	296.3929
468.9049	295.8810
468.3929	295.8810
468.3929	295.3691
467.3691	295.3691
467.3691	294.8572
466.3453	294.8572
466.3453	294.3453
465.3215	294.3453
465.3215	293.8334
464.2977	293.8334
464.2977	293.3215
461.7382	293.3215
461.7382	292.8096
458.6668	292.8096
458.6668	293.3215
456.1072	293.3215
456.1072	293.8334
455.5953	293.8334
455.5953	293.3215
454.5715	293.3215
454.5715	292.8096
452.0120	292.8096
452.0120	292.2977
449.4525	292.2977
449.4525	292.8096
446.8929	292.8096
446.8929	293.3215
445.8691	293.3215
445.8691	293.8334
444.8453	293.8334
444.8453	294.3453
444.3334	294.3453
444.3334	294.8572
443.8215	294.8572
443.8215	295.3691
443.3096	295.3691
443.3096	295.8810
442.7977	295.8810
442.7977	296.3929
442.2858	296.3929
442.2858	297.4167
441.7739	297.4167
441.7739	298.4405
441.2620	298.4405
441.2620	301.0001
440.7501	301.0001
440.7501	303.5596
441.2620	303.5596
441.2620	306.1191
441.7739	306.1191
441.7739	307.1429
442.2858	307.1429
442.2858	308.1667
442.7977	308.1667
442.7977	308.6786
443.3096	308.6786
443.3096	309.1905
443.8215	309.1905
443.8215	309.7024
444.3334	309.7024
444.3334	310.2143
444.8453	310.2143
444.8453	310.7262
445.3572	310.7262
445.3572	311.2382
445.8691	311.2382
445.8691	311.7501
446.8929	311.7501
446.8929	312.2620
447.4048	312.2620
447.4048	312.7739
447.9168	312.7739
447.9168	313.2858
448.4287	313.2858
448.4287	314.3096
448.9406	314.3096
448.9406	314.8215
449.4525	314.8215
449.4525	315.3334
449.9644	315.3334
449.9644	315.8453
450.4763	315.8453
450.4763	316.3572
450.9882	316.3572
450.9882	316.8691
452.0120	316.8691
452.0120	317.3810
452.5239	317.3810
452.5239	317.8929
453.0358	317.8929
453.0358	318.4048
454.0596	318.4048
454.0596	318.9167
454.5715	318.9167
454.5715	319.4286
455.0834	319.4286
455.0834	319.9405
455.5953	319.9405
455.5953	320.4524
456.6191	320.4524
456.6191	320.9643
457.1310	320.9643
457.1310	321.4763
457.6429	321.4763
457.6429	322.5001
458.1548	322.5001
458.1548	323.0120
458.6668	323.0120
458.6668	323.5239
459.1787	323.5239
459.1787	324.0358
459.6906	324.0358
459.6906	324.5477
460.2025	324.5477
460.2025	325.0596
460.7144	325.0596
460.7144	326.0834
461.2263	326.0834
461.2263	327.1072
461.7382	327.1072
461.7382	327.6191
462.2501	327.6191
462.2501	329.1548
462.7620	329.1548
462.7620	330.1786
463.2739	330.1786
463.2739	331.7143
463.7858	331.7143
463.7858	332.7382
464.2977	332.7382
464.2977	335.2977
464.8096	335.2977
464.8096	336.3215
465.3215	336.3215
465.3215	337.8572
465.8334	337.8572
465.8334	338.8810
466.3453	338.8810
466.3453	341.4405
466.8572	341.4405
466.8572	342.9763
467.3691	342.9763
467.3691	345.5358
467.8810	345.5358
467.8810	347.5834
468.3929	347.5834
468.3929	351.1667
468.9049	351.1667
468.9049	354.2382
469.4168	354.2382
469.4168	358.3334
468.9049	358.3334
468.9049	360.8929
469.4168	360.8929
469.4168	361.4048
468.9049	361.4048
468.9049	364.4763
468.3929	364.4763
468.3929	366.0120
467.8810	366.0120
467.8810	367.0358
467.3691	367.0358
467.3691	368.0596
466.8572	368.0596
466.8572	369.0834
466.3453	369.0834
466.3453	370.6191
465.8334	370.6191
465.8334	371.6429
465.3215	371.6429
465.3215	372.6667
464.8096	372.6667
464.8096	375.2263
464.2977	375.2263
464.2977	378.2977
463.7858	378.2977
463.7858	378.8096
463.2739	378.8096
463.2739	379.3215
462.7620	379.3215
462.7620	379.8334
460.7144	379.8334
460.7144	379.3215
460.2025	379.3215
460.2025	378.8096
459.6906	378.8096
459.6906	378.2977
459.1787	378.2977
459.1787	377.7858
458.6668	377.7858
458.6668	377.2739
458.1548	377.2739
458.1548	376.7620
457.1310	376.7620
457.1310	376.2501
456.1072	376.2501
456.1072	375.7382
453.5477	375.7382
453.5477	375.2263
448.4287	375.2263
448.4287	374.7144
447.4048	374.7144
447.4048	374.2025
446.3810	374.2025
446.3810	373.6905
443.8215	373.6905
443.8215	372.1548
444.3334	372.1548
444.3334	369.0834
443.8215	369.0834
443.8215	366.5239
443.3096	366.5239
443.3096	365.5001
442.7977	365.5001
442.7977	364.4763
442.2858	364.4763
442.2858	363.9644
441.7739	363.9644
441.7739	363.4525
441.2620	363.4525
441.2620	362.9405
440.7501	362.9405
440.7501	362.4286
440.2382	362.4286
440.2382	361.9167
439.2144	361.9167
439.2144	361.4048
438.1906	361.4048
438.1906	360.8929
435.6310	360.8929
435.6310	360.3810
432.5596	360.3810
432.5596	360.8929
430.0001	360.8929
430.0001	361.4048
428.9763	361.4048
428.9763	361.9167
427.9525	361.9167
427.9525	362.4286
426.9287	362.4286
426.9287	362.9405
425.9048	362.9405
425.9048	363.4525
424.8810	363.4525
424.8810	363.9644
424.3691	363.9644
424.3691	364.4763
423.3453	364.4763
423.3453	364.9882
422.3215	364.9882
422.3215	365.5001
421.8096	365.5001
421.8096	366.0120
421.2977	366.0120
421.2977	366.5239
420.7858	366.5239
420.7858	367.0358
420.2739	367.0358
420.2739	367.5477
419.7620	367.5477
419.7620	368.5715
419.2501	368.5715
419.2501	369.5953
418.7382	369.5953
418.7382	371.6429
418.2263	371.6429
418.2263	372.1548
417.2025	372.1548
417.2025	372.6667
416.6906	372.6667
416.6906	373.1786
416.1787	373.1786
416.1787	373.6905
415.6667	373.6905
415.6667	374.2025
415.1548	374.2025
415.1548	374.7144
414.6429	374.7144
414.6429	375.2263
414.1310	375.2263
414.1310	376.2501
413.6191	376.2501
413.6191	375.7382
408.5001	375.7382
408.5001	376.2501
405.9406	376.2501
405.9406	376.7620
404.9167	376.7620
404.9167	377.2739
403.8929	377.2739
403.8929	377.7858
403.3810	377.7858
403.3810	378.2977
402.8691	378.2977
402.8691	378.8096
402.3572	378.8096
402.3572	379.3215
401.8453	379.3215
401.8453	379.8334
401.3334	379.8334
401.3334	380.8572
400.8215	380.8572
400.8215	381.8810
400.3096	381.8810
400.3096	383.9286
398.2620	383.9286
398.2620	383.4167
396.7263	383.4167
396.7263	382.9048
395.7025	382.9048
395.7025	382.3929
394.6786	382.3929
394.6786	381.8810
392.1191	381.8810
392.1191	381.3691
387.0001	381.3691
387.0001	381.8810
385.4644	381.8810
385.4644	380.8572
384.9525	380.8572
384.9525	380.3453
384.4405	380.3453
384.4405	379.8334
383.9286	379.8334
383.9286	379.3215
383.4167	379.3215
383.4167	378.8096
382.9048	378.8096
382.9048	378.2977
381.8810	378.2977
381.8810	377.7858
380.8572	377.7858
380.8572	377.2739
378.2977	377.2739
378.2977	376.7620
375.7382	376.7620
375.7382	376.2501
375.2263	376.2501
375.2263	375.7382
375.7382	375.7382
375.7382	373.1786
376.2501	373.1786
376.2501	369.5953
375.7382	369.5953
375.7382	367.0358
375.2263	367.0358
375.2263	366.0120
374.7144	366.0120
374.7144	364.9882
374.2025	364.9882
374.2025	364.4763
373.6905	364.4763
373.6905	363.9644
373.1786	363.9644
373.1786	363.4525
372.6667	363.4525
372.6667	362.9405
372.1548	362.9405
372.1548	362.4286
371.1310	362.4286
371.1310	361.9167
370.1072	361.9167
370.1072	361.4048
369.0834	361.4048
369.0834	360.8929
366.5239	360.8929
366.5239	360.3810
363.9644	360.3810
363.9644	360.8929
361.4048	360.8929
361.4048	361.4048
360.3810	361.4048
360.3810	361.9167
359.3572	361.9167
359.3572	362.4286
358.8453	362.4286
358.8453	362.9405
358.3334	362.9405
358.3334	363.4525
357.8215	363.4525
357.8215	363.9644
357.3096	363.9644
357.3096	364.4763
356.7977	364.4763
356.7977	365.5001
356.2858	365.5001
356.2858	366.5239
355.7739	366.5239
355.7739	369.0834
355.2620	369.0834
355.2620	372.1548
351.6786	372.1548
351.6786	371.6429
351.1667	371.6429
351.1667	371.1310
350.6548	371.1310
350.6548	370.6191
350.1429	370.6191
350.1429	370.1072
349.6310	370.1072
349.6310	369.5953
349.1191	369.5953
349.1191	369.0834
348.0953	369.0834
348.0953	368.0596
347.5834	368.0596
347.5834	367.5477
347.0715	367.5477
347.0715	367.0358
346.5596	367.0358
346.5596	366.0120
346.0477	366.0120
346.0477	364.9882
345.5358	364.9882
345.5358	363.9644
345.0239	363.9644
345.0239	362.9405
344.5120	362.9405
344.5120	361.9167
344.0001	361.9167
344.0001	359.8691
343.4882	359.8691
343.4882	358.8453
344.0001	358.8453
344.0001	353.7263
343.4882	353.7263
343.4882	351.1667
342.9763	351.1667
342.9763	350.1429
342.4644	350.1429
342.4644	349.1191
341.9524	349.1191
341.9524	348.6072
341.4405	348.6072
341.4405	348.0953
340.9286	348.0953
340.9286	347.5834
340.4167	347.5834
340.4167	347.0715
339.9048	347.0715
339.9048	346.5596
339.3929	346.5596
339.3929	344.0001
338.8810	344.0001
338.8810	342.9763
338.3691	342.9763
338.3691	341.9524
337.8572	341.9524
337.8572	341.4405
337.3453	341.4405
337.3453	340.9286
336.8334	340.9286
336.8334	338.3691
336.3215	338.3691
336.3215	335.8096
335.8096	335.8096
335.8096	334.7858
335.2977	334.7858
335.2977	333.7620
334.7858	333.7620
334.7858	333.2501
334.2739	333.2501
334.2739	332.7382
333.7620	332.7382
333.7620	332.2263
333.2501	332.2263
333.2501	331.7143
332.7382	331.7143
332.7382	331.2024
332.2263	331.2024
332.2263	330.6905
331.2024	330.6905
331.2024	330.1786
330.1786	330.1786
330.1786	329.6667
327.6191	329.6667
327.6191	329.1548
324.0358	329.1548
324.0358	329.6667
321.4763	329.6667
321.4763	330.1786
320.4524	330.1786
320.4524	330.6905
319.4286	330.6905
319.4286	331.2024
317.8929	331.2024
317.8929	330.6905
317.3810	330.6905
317.3810	330.1786
316.3572	330.1786
316.3572	329.6667
315.3334	329.6667
315.3334	329.1548
312.7739	329.1548
312.7739	328.6429
309.1905	328.6429
309.1905	329.1548
306.6310	329.1548
306.6310	329.6667
305.6072	329.6667
305.6072	330.1786
304.5834	330.1786
304.5834	330.6905
304.0715	330.6905
304.0715	331.2024
303.5596	331.2024
303.5596	331.7143
303.0477	331.7143
303.0477	332.2263
301.5120	332.2263
301.5120	331.7143
300.4882	331.7143
300.4882	331.2024
299.4643	331.2024
299.4643	330.6905
298.9524	330.6905
298.9524	330.1786
298.4405	330.1786
298.4405	329.6667
297.9286	329.6667
297.9286	328.6429
297.4167	328.6429
297.4167	327.6191
296.9048	327.6191
296.9048	326.5953
296.3929	326.5953
296.3929	325.5715
295.8810	325.5715
295.8810	324.5477
295.3691	324.5477
295.3691	324.0358
294.8572	324.0358
294.8572	323.5239
294.3453	323.5239
294.3453	323.0120
293.8334	323.0120
293.8334	322.5001
293.3215	322.5001
293.3215	321.9882
292.2977	321.9882
292.2977	321.4763
291.2739	321.4763
291.2739	320.9643
288.7143	320.9643
288.7143	320.4524
286.1548	320.4524
286.1548	320.9643
283.5953	320.9643
283.5953	321.4763
282.5715	321.4763
282.5715	321.9882
281.5477	321.9882
281.5477	322.5001
281.0358	322.5001
281.0358	323.0120
280.5239	323.0120
280.5239	323.5239
280.0120	323.5239
280.0120	324.0358
279.5001	324.0358
279.5001	324.5477
275.4048	324.5477
275.4048	324.0358
273.3572	324.0358
273.3572	323.5239
272.3334	323.5239
272.3334	323.0120
269.7739	323.0120
269.7739	322.5001
267.2143	322.5001
267.2143	323.0120
264.6548	323.0120
264.6548	323.5239
263.6310	323.5239
263.6310	324.0358
262.6072	324.0358
262.6072	324.5477
260.5596	324.5477
260.5596	324.0358
260.0477	324.0358
260.0477	321.9882
261.0715	321.9882
261.0715	321.4763
262.0953	321.4763
262.0953	321.9882
265.6786	321.9882
265.6786	321.4763
268.2381	321.4763
268.2381	320.9643
269.2620	320.9643
269.2620	320.4524
270.2858	320.4524
270.2858	319.9405
270.7977	319.9405
270.7977	319.4286
271.3096	319.4286
271.3096	318.9167
271.8215	318.9167
271.8215	318.4048
274.3810	318.4048
274.3810	317.8929
275.4048	317.8929
275.4048	317.3810
276.4286	317.3810
276.4286	316.8691
276.9405	316.8691
276.9405	316.3572
277.4524	316.3572
277.4524	315.8453
277.9643	315.8453
277.9643	315.3334
278.4762	315.3334
278.4762	314.8215
278.9881	314.8215
278.9881	314.3096
279.5001	314.3096
279.5001	313.2858
280.0120	313.2858
280.0120	312.2620
280.5239	312.2620
280.5239	309.7024
281.0358	309.7024
281.0358	306.6310
280.5239	306.6310
280.5239	304.5834
281.0358	304.5834
281.0358	302.0239
281.5477	302.0239
281.5477	297.9286
281.0358	297.9286
281.0358	295.3691
280.5239	295.3691
280.5239	294.3453
280.0120	294.3453
280.0120	291.7858
279.5001	291.7858
279.5001	289.2262
278.9881	289.2262
278.9881	288.2024
278.4762	288.2024
278.4762	287.1786
277.9643	287.1786
277.9643	286.6667
277.4524	286.6667
277.4524	286.1548
276.9405	286.1548
276.9405	285.6429
276.4286	285.6429
276.4286	285.1310
275.9167	285.1310
275.9167	284.6191
274.8929	284.6191
274.8929	284.1072
274.3810	284.1072
274.3810	283.5953
273.8691	283.5953
273.8691	283.0834
273.3572	283.0834
273.3572	282.5715
272.8453	282.5715
272.8453	282.0596
272.3334	282.0596
272.3334	281.5477
271.3096	281.5477
271.3096	281.0358
270.2858	281.0358
270.2858	280.5239
267.7262	280.5239
267.7262	280.0120
265.1667	280.0120
265.1667	280.5239
262.6072	280.5239
262.6072	281.0358
261.5834	281.0358
261.5834	281.5477
260.5596	281.5477
260.5596	282.0596
260.0477	282.0596
260.0477	282.5715
259.5358	282.5715
259.5358	283.0834
258.5120	283.0834
258.5120	282.5715
258.0000	282.5715
258.0000	281.0358
258.5120	281.0358
258.5120	280.5239
259.0239	280.5239
259.0239	280.0120
259.5358	280.0120
259.5358	279.5001
260.0477	279.5001
260.0477	278.9881
260.5596	278.9881
260.5596	278.4762
261.0715	278.4762
261.0715	277.4524
261.5834	277.4524
261.5834	276.4286
262.0953	276.4286
262.0953	273.8691
262.6072	273.8691
262.6072	270.7977
262.0953	270.7977
262.0953	268.2381
261.5834	268.2381
261.5834	267.2143
261.0715	267.2143
261.0715	266.1905
260.5596	266.1905
260.5596	265.6786
260.0477	265.6786
260.0477	265.1667
259.5358	265.1667
259.5358	264.1429
259.0239	264.1429
259.0239	263.1191
258.5120	263.1191
258.5120	262.6072
258.0000	262.6072
258.0000	262.0953
257.4881	262.0953
257.4881	261.5834
256.9762	261.5834
256.9762	261.0715
256.4643	261.0715
256.4643	260.5596
255.9524	260.5596
255.9524	260.0477
254.9286	260.0477
254.9286	259.5358
253.9048	259.5358
253.9048	259.0239
252.8810	259.0239
252.8810	258.5120
251.8572	258.5120
251.8572	258.0000
250.8334	258.0000
250.8334	257.4881
249.8096	257.4881
249.8096	254.9286
249.2977	254.9286
249.2977	253.9048
248.7858	253.9048
248.7858	252.8810
248.2739	252.8810
248.2739	252.3691
247.7620	252.3691
247.7620	251.8572
247.2500	251.8572
247.2500	251.3453
246.7381	251.3453
246.7381	250.8334
246.2262	250.8334
246.2262	250.3215
245.2024	250.3215
245.2024	249.8096
244.1786	249.8096
244.1786	249.2977
241.6191	249.2977
241.6191	248.7858
238.5477	248.7858
238.5477	249.2977
235.9881	249.2977
235.9881	249.8096
234.9643	249.8096
234.9643	250.3215
233.9405	250.3215
233.9405	250.8334
233.4286	250.8334
233.4286	251.3453
232.9167	251.3453
232.9167	251.8572
232.4048	251.8572
232.4048	252.3691
231.8929	252.3691
231.8929	252.8810
231.3810	252.8810
231.3810	253.9048
230.8691	253.9048
230.8691	254.9286
230.3572	254.9286
230.3572	257.4881
229.8453	257.4881
229.8453	256.4643
229.3334	256.4643
229.3334	255.4405
228.8215	255.4405
228.8215	254.4167
228.3096	254.4167
228.3096	253.9048
227.7977	253.9048
227.7977	253.3929
227.2858	253.3929
227.2858	252.8810
226.7739	252.8810
226.7739	252.3691
226.2619	252.3691
226.2619	251.8572
225.7500	251.8572
225.7500	251.3453
225.2381	251.3453
225.2381	249.8096
224.7262	249.8096
224.7262	248.7858
224.2143	248.7858
224.2143	247.7620
223.7024	247.7620
223.7024	247.2500
223.1905	247.2500
223.1905	246.2262
223.7024	246.2262
223.7024	243.6667
223.1905	243.6667
223.1905	241.1072
222.6786	241.1072
222.6786	240.0834
222.1667	240.0834
222.1667	239.0596
221.6548	239.0596
221.6548	238.5477
221.1429	238.5477
221.1429	232.4048
221.6548	232.4048
221.6548	231.3810
222.1667	231.3810
222.1667	230.3572
222.6786	230.3572
222.6786	228.3096
223.1905	228.3096
223.1905	225.7500
223.7024	225.7500
223.7024	224.7262
224.2143	224.7262
224.2143	223.7024
224.7262	223.7024
224.7262	222.6786
225.2381	222.6786
225.2381	221.6548
225.7500	221.6548
225.7500	220.6310
226.2619	220.6310
226.2619	220.1191
226.7739	220.1191
226.7739	219.6072
227.2858	219.6072
227.2858	218.5834
227.7977	218.5834
227.7977	217.5596
228.3096	217.5596
228.3096	216.5358
228.8215	216.5358
228.8215	215.5119
229.3334	215.5119
229.3334	214.4881
229.8453	214.4881
229.8453	213.9762
230.3572	213.9762
230.3572	213.4643
230.8691	213.4643
230.8691	212.4405
231.3810	212.4405
231.3810	211.9286
231.8929	211.9286
231.8929	210.9048
232.4048	210.9048
232.4048	210.3929
232.9167	210.3929
232.9167	209.3691
233.4286	209.3691
233.4286	208.3453
233.9405	208.3453
233.9405	207.8334
234.4524	207.8334
234.4524	207.3215
234.9643	207.3215
234.9643	206.8096
235.4762	206.8096
235.4762	206.2977
235.9881	206.2977
235.9881	205.7858
236.5000	205.7858
236.5000	204.7619
237.5239	204.7619
237.5239	204.2500
238.0358	204.2500
238.0358	203.7381
238.5477	203.7381
238.5477	203.2262
239.5715	203.2262
239.5715	202.7143
241.1072	202.7143
241.1072	202.2024
242.1310	202.2024
242.1310	201.6905
243.6667	201.6905
243.6667	201.1786
245.2024	201.1786
245.2024	200.6667
246.2262	200.6667
246.2262	200.1548
247.2500	200.1548
247.2500	199.6429
248.2739	199.6429
248.2739	199.1310
249.2977	199.1310
249.2977	198.6191
250.8334	198.6191
250.8334	198.1072
253.3929	198.1072
253.3929	197.5953
254.4167	197.5953
254.4167	197.0834
259.5358	197.0834
259.5358	196.5715
267.7262	196.5715
267.7262	197.0834
270.2858	197.0834
270.2858	197.5953
271.8215	197.5953
271.8215	198.1072
273.3572	198.1072
273.3572	198.6191
274.3810	198.6191
274.3810	199.1310
275.4048	199.1310
275.4048	199.6429
276.4286	199.6429
276.4286	200.1548
276.9405	200.1548
276.9405	200.6667
277.9643	200.6667
277.9643	201.1786
278.4762	201.1786
278.4762	201.6905
278.9881	201.6905
278.9881	202.2024
279.5001	202.2024
279.5001	202.7143
280.0120	202.7143
280.0120	203.2262
280.5239	203.2262
280.5239	203.7381
281.0358	203.7381
281.0358	204.2500
282.0596	204.2500
282.0596	204.7619
282.5715	204.7619
282.5715	205.2738
283.0834	205.2738
283.0834	205.7858
284.1072	205.7858
284.1072	206.2977
285.1310	206.2977
285.1310	206.8096
287.6905	206.8096
287.6905	207.3215
290.2501	207.3215
290.2501	206.8096
292.8096	206.8096
292.8096	206.2977
293.8334	206.2977
293.8334	205.7858
294.8572	205.7858
294.8572	205.2738
295.3691	205.2738
295.3691	204.7619
295.8810	204.7619
295.8810	204.2500
296.3929	204.2500
296.3929	203.7381
296.9048	203.7381
296.9048	203.2262
297.4167	203.2262
297.4167	202.7143
297.9286	202.7143
297.9286	201.6905
298.4405	201.6905
298.4405	200.6667
298.9524	200.6667
298.9524	198.1072
299.4643	198.1072
299.4643	197.0834
299.9762	197.0834
299.9762	196.0596
300.4882	196.0596
300.4882	195.5477
301.0001	195.5477
301.0001	194.5238
302.0239	194.5238
302.0239	194.0119
303.0477	194.0119
303.0477	193.5000
303.5596	193.5000
303.5596	192.9881
304.0715	192.9881
304.0715	192.4762
304.5834	192.4762
304.5834	191.9643
305.0953	191.9643
305.0953	191.4524
305.6072	191.4524
305.6072	190.9405
306.1191	190.9405
306.1191	190.4286
306.6310	190.4286
306.6310	189.9167
307.1429	189.9167
307.1429	188.8929
308.1667	188.8929
308.1667	188.3810
308.6786	188.3810
308.6786	187.8691
309.1905	187.8691
309.1905	187.3572
310.2143	187.3572
310.2143	186.8453
310.7262	186.8453
310.7262	186.3334
311.2382	186.3334
311.2382	185.8215
312.2620	185.8215
312.2620	185.3096
312.7739	185.3096
312.7739	184.7977
313.2858	184.7977
313.2858	184.2857
313.7977	184.2857
313.7977	183.7738
314.3096	183.7738
314.3096	183.2619
314.8215	183.2619
314.8215	182.7500
315.3334	182.7500
315.3334	181.7262
315.8453	181.7262
315.8453	180.7024
316.3572	180.7024
316.3572	179.6786
317.3810	179.6786
317.3810	179.1667
318.4048	179.1667
318.4048	178.6548
319.4286	178.6548
319.4286	178.1429
320.4524	178.1429
320.4524	177.6310
321.4763	177.6310
321.4763	177.1191
323.5239	177.1191
323.5239	176.6072
324.5477	176.6072
324.5477	176.0953
325.5715	176.0953
325.5715	175.5834
327.1072	175.5834
327.1072	175.0715
329.6667	175.0715
329.6667	174.5596
331.7143	174.5596
331.7143	174.0477
333.2501	174.0477
