339.3929	176.6072
344.5120	176.6072
344.5120	177.1191
345.5358	177.1191
345.5358	177.6310
347.0715	177.6310
347.0715	178.1429
348.0953	178.1429
348.0953	178.6548
349.6310	178.6548
349.6310	179.1667
350.6548	179.1667
350.6548	179.6786
352.1905	179.6786
352.1905	180.1905
352.7024	180.1905
352.7024	180.7024
353.7263	180.7024
353.7263	181.2143
354.7501	181.2143
354.7501	181.7262
356.2858	181.7262
356.2858	182.2381
356.7977	182.2381
356.7977	182.7500
357.8215	182.7500
357.8215	183.2619
358.8453	183.2619
358.8453	183.7738
359.8691	183.7738
359.8691	184.2857
360.8929	184.2857
360.8929	184.7977
361.4048	184.7977
361.4048	185.3096
361.9167	185.3096
361.9167	185.8215
362.4286	185.8215
362.4286	186.3334
363.4525	186.3334
363.4525	186.8453
363.9644	186.8453
363.9644	187.3572
364.9882	187.3572
364.9882	188.3810
365.5001	188.3810
365.5001	188.8929
366.0120	188.8929
366.0120	189.4048
366.5239	189.4048
366.5239	189.9167
367.0358	189.9167
367.0358	191.9643
367.5477	191.9643
367.5477	192.9881
368.0596	192.9881
368.0596	194.0119
368.5715	194.0119
368.5715	195.0358
369.0834	195.0358
369.0834	196.0596
369.5953	196.0596
369.5953	197.0834
370.1072	197.0834
370.1072	198.1072
370.6191	198.1072
370.6191	199.1310
371.1310	199.1310
371.1310	200.1548
371.6429	200.1548
371.6429	201.1786
372.1548	201.1786
372.1548	202.7143
372.6667	202.7143
372.6667	203.7381
373.1786	203.7381
373.1786	204.7619
373.6905	204.7619
373.6905	205.2738
374.2025	205.2738
374.2025	205.7858
374.7144	205.7858
374.7144	206.2977
375.2263	206.2977
375.2263	206.8096
375.7382	206.8096
375.7382	207.3215
376.7620	207.3215
376.7620	207.8334
377.7858	207.8334
377.7858	208.3453
380.3453	208.3453
380.3453	208.8572
382.9048	208.8572
382.9048	208.3453
385.4644	208.3453
385.4644	207.8334
386.4882	207.8334
386.4882	207.3215
387.5120	207.3215
387.5120	206.8096
388.0239	206.8096
388.0239	206.2977
388.5358	206.2977
388.5358	205.7858
389.0477	205.7858
389.0477	205.2738
389.5596	205.2738
389.5596	204.7619
390.0715	204.7619
390.0715	203.7381
390.5834	203.7381
390.5834	202.7143
391.0953	202.7143
391.0953	200.1548
391.6072	200.1548
391.6072	194.5238
391.0953	194.5238
391.0953	190.9405
392.1191	190.9405
392.1191	192.9881
392.6310	192.9881
392.6310	195.5477
393.1429	195.5477
393.1429	197.5953
393.6548	197.5953
393.6548	200.6667
394.1667	200.6667
394.1667	203.2262
394.6786	203.2262
394.6786	204.7619
395.1906	204.7619
395.1906	210.9048
395.7025	210.9048
395.7025	211.4167
395.1906	211.4167
395.1906	212.4405
394.6786	212.4405
394.6786	214.4881
394.1667	214.4881
394.1667	217.0477
393.6548	217.0477
393.6548	218.5834
393.1429	218.5834
393.1429	219.6072
392.6310	219.6072
392.6310	221.6548
392.1191	221.6548
392.1191	222.1667
391.6072	222.1667
391.6072	223.1905
391.0953	223.1905
391.0953	224.2143
390.5834	224.2143
390.5834	226.2619
390.0715	226.2619
390.0715	228.8215
389.5596	228.8215
389.5596	234.4524
389.0477	234.4524
389.0477	240.0834
389.5596	240.0834
389.5596	242.6429
390.0715	242.6429
390.0715	243.6667
390.5834	243.6667
390.5834	244.6905
391.0953	244.6905
391.0953	245.2024
391.6072	245.2024
391.6072	245.7143
392.1191	245.7143
392.1191	246.2262
392.6310	246.2262
392.6310	246.7381
393.1429	246.7381
393.1429	247.2500
394.1667	247.2500
394.1667	247.7620
395.1906	247.7620
395.1906	248.2739
397.7501	248.2739
397.7501	248.7858
400.8215	248.7858
400.8215	248.2739
403.3810	248.2739
403.3810	247.7620
404.4048	247.7620
404.4048	247.2500
405.4286	247.2500
405.4286	246.7381
406.4525	246.7381
406.4525	246.2262
407.4763	246.2262
407.4763	245.7143
407.9882	245.7143
407.9882	245.2024
408.5001	245.2024
408.5001	244.6905
409.0120	244.6905
409.0120	244.1786
409.5239	244.1786
409.5239	243.6667
410.0358	243.6667
410.0358	242.6429
410.5477	242.6429
410.5477	241.6191
411.0596	241.6191
411.0596	239.5715
411.5715	239.5715
411.5715	239.0596
412.5953	239.0596
412.5953	238.5477
413.1072	238.5477
413.1072	238.0358
413.6191	238.0358
413.6191	237.5239
414.1310	237.5239
414.1310	237.0119
414.6429	237.0119
414.6429	236.5000
417.2025	236.5000
417.2025	235.9881
419.2501	235.9881
419.2501	235.4762
420.2739	235.4762
420.2739	234.9643
421.2977	234.9643
421.2977	234.4524
422.3215	234.4524
422.3215	233.9405
422.8334	233.9405
422.8334	233.4286
423.8572	233.4286
423.8572	232.9167
424.3691	232.9167
424.3691	232.4048
424.8810	232.4048
424.8810	231.8929
425.3929	231.8929
425.3929	231.3810
425.9048	231.3810
425.9048	230.8691
426.4167	230.8691
426.4167	230.3572
426.9287	230.3572
426.9287	229.8453
427.4406	229.8453
427.4406	229.3334
427.9525	229.3334
427.9525	228.8215
428.4644	228.8215
428.4644	228.3096
428.9763	228.3096
428.9763	227.2858
429.4882	227.2858
429.4882	226.2619
430.0001	226.2619
430.0001	225.2381
430.5120	225.2381
430.5120	224.7262
431.0239	224.7262
431.0239	224.2143
431.5358	224.2143
431.5358	223.7024
432.0477	223.7024
432.0477	222.6786
432.5596	222.6786
432.5596	221.6548
433.0715	221.6548
433.0715	221.1429
433.5834	221.1429
433.5834	220.6310
434.0953	220.6310
434.0953	220.1191
434.6072	220.1191
434.6072	219.0953
435.1191	219.0953
435.1191	218.0715
435.6310	218.0715
435.6310	217.5596
436.6548	217.5596
436.6548	217.0477
437.1667	217.0477
437.1667	216.5358
438.1906	216.5358
438.1906	216.0239
438.7025	216.0239
438.7025	215.5119
439.2144	215.5119
439.2144	215.0000
439.7263	215.0000
439.7263	214.4881
440.2382	214.4881
440.2382	213.9762
441.2620	213.9762
441.2620	213.4643
441.7739	213.4643
441.7739	212.9524
442.2858	212.9524
442.2858	212.4405
442.7977	212.4405
442.7977	211.9286
443.3096	211.9286
443.3096	211.4167
443.8215	211.4167
443.8215	210.9048
444.3334	210.9048
444.3334	210.3929
444.8453	210.3929
444.8453	209.8810
445.3572	209.8810
445.3572	209.3691
446.3810	209.3691
446.3810	208.8572
447.4048	208.8572
447.4048	208.3453
448.4287	208.3453
448.4287	207.8334
448.9406	207.8334
448.9406	207.3215
449.9644	207.3215
449.9644	206.8096
450.9882	206.8096
450.9882	206.2977
451.5001	206.2977
451.5001	205.7858
452.5239	205.7858
452.5239	205.2738
453.0358	205.2738
453.0358	204.7619
453.5477	204.7619
453.5477	204.2500
454.5715	204.2500
454.5715	203.7381
455.0834	203.7381
455.0834	203.2262
456.6191	203.2262
456.6191	202.7143
457.6429	202.7143
457.6429	202.2024
458.6668	202.2024
458.6668	201.6905
459.6906	201.6905
459.6906	201.1786
460.7144	201.1786
460.7144	200.6667
461.7382	200.6667
461.7382	200.1548
464.2977	200.1548
464.2977	199.6429
465.3215	199.6429
465.3215	199.1310
466.3453	199.1310
466.3453	198.6191
467.3691	198.6191
467.3691	198.1072
469.9287	198.1072
469.9287	197.5953
472.4882	197.5953
472.4882	197.0834
473.5120	197.0834
473.5120	196.5715
475.5596	196.5715
475.5596	197.0834
476.0715	197.0834
476.0715	197.5953
477.0953	197.5953
477.0953	198.1072
477.6072	198.1072
477.6072	198.6191
478.1191	198.6191
478.1191	199.1310
479.1429	199.1310
479.1429	199.6429
480.1668	199.6429
480.1668	200.1548
481.1906	200.1548
481.1906	200.6667
482.2144	200.6667
482.2144	201.1786
482.7263	201.1786
482.7263	201.6905
483.2382	201.6905
483.2382	202.2024
483.7501	202.2024
483.7501	202.7143
484.7739	202.7143
484.7739	203.2262
485.7977	203.2262
485.7977	204.2500
486.3096	204.2500
486.3096	204.7619
486.8215	204.7619
486.8215	205.2738
487.3334	205.2738
487.3334	205.7858
487.8453	205.7858
487.8453	206.2977
488.3572	206.2977
488.3572	206.8096
489.3810	206.8096
489.3810	207.3215
490.4049	207.3215
490.4049	207.8334
490.9168	207.8334
490.9168	208.3453
491.4287	208.3453
491.4287	209.3691
491.9406	209.3691
491.9406	209.8810
492.4525	209.8810
492.4525	210.3929
492.9644	210.3929
492.9644	210.9048
493.4763	210.9048
493.4763	211.4167
493.9882	211.4167
493.9882	211.9286
494.5001	211.9286
494.5001	212.4405
495.0120	212.4405
495.0120	212.9524
495.5239	212.9524
495.5239	213.4643
496.0358	213.4643
496.0358	213.9762
496.5477	213.9762
496.5477	215.0000
497.0596	215.0000
497.0596	215.5119
497.5715	215.5119
497.5715	216.0239
498.0834	216.0239
498.0834	217.0477
498.5953	217.0477
498.5953	217.5596
499.1072	217.5596
499.1072	218.0715
499.6191	218.0715
499.6191	219.0953
500.1310	219.0953
500.1310	219.6072
500.6430	219.6072
500.6430	221.6548
501.1549	221.6548
501.1549	222.6786
501.6668	222.6786
501.6668	223.7024
502.1787	223.7024
502.1787	224.7262
502.6906	224.7262
502.6906	225.7500
503.2025	225.7500
503.2025	226.2619
503.7144	226.2619
503.7144	228.8215
504.2263	228.8215
504.2263	232.4048
504.7382	232.4048
504.7382	238.5477
504.2263	238.5477
504.2263	245.2024
503.7144	245.2024
503.7144	248.2739
503.2025	248.2739
503.2025	249.2977
502.6906	249.2977
502.6906	250.8334
502.1787	250.8334
502.1787	252.8810
501.6668	252.8810
501.6668	254.4167
501.1549	254.4167
501.1549	254.9286
500.6430	254.9286
500.6430	255.4405
500.1310	255.4405
500.1310	255.9524
499.6191	255.9524
499.6191	256.9762
499.1072	256.9762
499.1072	258.0000
498.5953	258.0000
498.5953	259.0239
498.0834	259.0239
498.0834	260.0477
497.5715	260.0477
497.5715	260.5596
497.0596	260.5596
497.0596	261.5834
496.5477	261.5834
496.5477	262.0953
496.0358	262.0953
496.0358	263.1191
495.5239	263.1191
495.5239	263.6310
495.0120	263.6310
495.0120	264.6548
494.5001	264.6548
494.5001	265.6786
493.9882	265.6786
493.9882	266.7024
493.4763	266.7024
493.4763	269.2620
492.9644	269.2620
492.9644	271.8215
492.4525	271.8215
492.4525	273.8691
491.9406	273.8691
491.9406	276.4286
491.4287	276.4286
491.4287	278.9881
491.9406	278.9881
491.9406	281.5477
492.4525	281.5477
492.4525	282.5715
492.9644	282.5715
492.9644	283.5953
493.4763	283.5953
493.4763	284.6191
493.9882	284.6191
493.9882	287.1786
494.5001	287.1786
494.5001	289.2262
495.0120	289.2262
495.0120	290.7620
495.5239	290.7620
495.5239	291.7858
495.0120	291.7858
495.0120	294.3453
494.5001	294.3453
494.5001	296.9048
495.0120	296.9048
495.0120	297.4167
494.5001	297.4167
494.5001	298.4405
493.9882	298.4405
493.9882	301.0001
493.4763	301.0001
493.4763	304.0715
493.9882	304.0715
493.9882	305.0953
493.4763	305.0953
493.4763	305.6072
492.9644	305.6072
492.9644	306.1191
492.4525	306.1191
492.4525	307.1429
491.9406	307.1429
491.9406	308.1667
491.4287	308.1667
491.4287	309.1905
490.9168	309.1905
490.9168	309.7024
490.4049	309.7024
490.4049	310.2143
489.8930	310.2143
489.8930	310.7262
489.3810	310.7262
489.3810	311.2382
488.8691	311.2382
488.8691	311.7501
488.3572	311.7501
488.3572	312.7739
487.8453	312.7739
487.8453	313.7977
487.3334	313.7977
487.3334	315.3334
485.2858	315.3334
485.2858	315.8453
484.2620	315.8453
484.2620	316.3572
482.7263	316.3572
482.7263	315.8453
482.2144	315.8453
482.2144	315.3334
481.7025	315.3334
481.7025	314.3096
481.1906	314.3096
481.1906	311.2382
480.6787	311.2382
480.6787	308.6786
480.1668	308.6786
480.1668	307.6548
479.6549	307.6548
479.6549	306.6310
479.1429	306.6310
479.1429	306.1191
478.6310	306.1191
478.6310	305.6072
478.1191	305.6072
478.1191	305.0953
477.6072	305.0953
477.6072	304.5834
477.0953	304.5834
477.0953	303.5596
476.5834	303.5596
476.5834	302.5358
476.0715	302.5358
476.0715	301.5120
475.5596	301.5120
475.5596	301.0001
475.0477	301.0001
475.0477	300.4882
474.5358	300.4882
474.5358	299.9762
474.0239	299.9762
474.0239	298.9524
473.5120	298.9524
473.5120	297.9286
473.0001	297.9286
473.0001	296.9048
472.4882	296.9048
472.4882	295.8810
471.9763	295.8810
471.9763	294.8572
471.4644	294.8572
471.4644	294.3453
470.9525	294.3453
470.9525	293.8334
470.4406	293.8334
470.4406	293.3215
469.9287	293.3215
469.9287	292.8096
469.4168	292.8096
469.4168	292.2977
468.9049	292.2977
468.9049	291.7858
467.8810	291.7858
467.8810	291.2739
466.8572	291.2739
466.8572	290.7620
464.2977	290.7620
464.2977	290.2501
458.6668	290.2501
458.6668	289.7382
457.6429	289.7382
457.6429	289.2262
456.1072	289.2262
456.1072	288.7143
455.5953	288.7143
455.5953	282.0596
455.0834	282.0596
455.0834	279.5001
454.5715	279.5001
454.5715	278.4762
454.0596	278.4762
454.0596	277.4524
453.5477	277.4524
453.5477	276.9405
453.0358	276.9405
453.0358	276.4286
452.5239	276.4286
452.5239	275.9167
452.0120	275.9167
452.0120	275.4048
451.5001	275.4048
451.5001	274.8929
450.4763	274.8929
450.4763	274.3810
449.4525	274.3810
449.4525	273.8691
446.8929	273.8691
446.8929	273.3572
444.3334	273.3572
444.3334	273.8691
441.7739	273.8691
441.7739	274.3810
440.7501	274.3810
440.7501	274.8929
439.7263	274.8929
439.7263	275.4048
439.2144	275.4048
439.2144	275.9167
438.7025	275.9167
438.7025	276.4286
437.6787	276.4286
437.6787	275.9167
434.0953	275.9167
434.0953	276.4286
431.5358	276.4286
431.5358	276.9405
430.5120	276.9405
430.5120	277.4524
429.4882	277.4524
429.4882	277.9643
428.9763	277.9643
428.9763	278.4762
428.4644	278.4762
428.4644	278.9881
427.9525	278.9881
427.9525	279.5001
427.4406	279.5001
427.4406	280.0120
426.9287	280.0120
426.9287	280.5239
426.4167	280.5239
426.4167	281.5477
425.9048	281.5477
425.9048	282.5715
425.3929	282.5715
425.3929	285.1310
424.8810	285.1310
424.8810	288.7143
425.3929	288.7143
425.3929	291.2739
425.9048	291.2739
425.9048	292.2977
426.4167	292.2977
426.4167	294.8572
426.9287	294.8572
426.9287	295.8810
427.4406	295.8810
427.4406	296.9048
427.9525	296.9048
427.9525	297.9286
428.4644	297.9286
428.4644	298.4405
428.9763	298.4405
428.9763	298.9524
429.4882	298.9524
429.4882	299.4643
430.0001	299.4643
430.0001	299.9762
430.5120	299.9762
430.5120	300.4882
431.5358	300.4882
431.5358	301.0001
432.5596	301.0001
432.5596	301.5120
433.0715	301.5120
433.0715	302.0239
433.5834	302.0239
433.5834	302.5358
434.0953	302.5358
434.0953	303.0477
435.1191	303.0477
435.1191	303.5596
436.1429	303.5596
436.1429	304.0715
436.6548	304.0715
436.6548	304.5834
437.1667	304.5834
437.1667	305.0953
437.6787	305.0953
437.6787	305.6072
438.1906	305.6072
438.1906	306.1191
438.7025	306.1191
438.7025	306.6310
439.7263	306.6310
439.7263	307.1429
440.7501	307.1429
440.7501	307.6548
442.2858	307.6548
442.2858	308.1667
444.8453	308.1667
444.8453	309.1905
445.3572	309.1905
445.3572	309.7024
445.8691	309.7024
445.8691	310.2143
446.3810	310.2143
446.3810	310.7262
446.8929	310.7262
446.8929	311.2382
447.4048	311.2382
447.4048	311.7501
447.9168	311.7501
447.9168	312.2620
448.4287	312.2620
448.4287	312.7739
448.9406	312.7739
448.9406	313.2858
449.4525	313.2858
449.4525	313.7977
449.9644	313.7977
449.9644	314.3096
450.4763	314.3096
450.4763	314.8215
451.5001	314.8215
451.5001	315.3334
452.5239	315.3334
452.5239	315.8453
453.0358	315.8453
453.0358	316.3572
453.5477	316.3572
453.5477	316.8691
454.0596	316.8691
454.0596	317.8929
454.5715	317.8929
454.5715	318.9167
455.0834	318.9167
455.0834	319.4286
455.5953	319.4286
455.5953	319.9405
456.1072	319.9405
456.1072	320.4524
456.6191	320.4524
456.6191	320.9643
457.1310	320.9643
457.1310	321.9882
457.6429	321.9882
457.6429	323.0120
458.1548	323.0120
458.1548	323.5239
458.6668	323.5239
458.6668	324.0358
459.1787	324.0358
459.1787	324.5477
459.6906	324.5477
459.6906	325.0596
460.2025	325.0596
460.2025	325.5715
460.7144	325.5715
460.7144	328.1310
461.2263	328.1310
461.2263	330.6905
461.7382	330.6905
461.7382	331.7143
462.2501	331.7143
462.2501	332.7382
462.7620	332.7382
462.7620	333.7620
463.2739	333.7620
463.2739	335.2977
463.7858	335.2977
463.7858	336.3215
464.2977	336.3215
464.2977	337.3453
464.8096	337.3453
464.8096	338.3691
465.3215	338.3691
465.3215	338.8810
465.8334	338.8810
465.8334	340.9286
466.3453	340.9286
466.3453	341.9524
465.8334	341.9524
465.8334	345.0239
466.3453	345.0239
466.3453	348.0953
466.8572	348.0953
466.8572	356.2858
466.3453	356.2858
466.3453	359.8691
465.8334	359.8691
465.8334	367.5477
466.3453	367.5477
466.3453	370.1072
466.8572	370.1072
466.8572	371.6429
466.3453	371.6429
466.3453	374.2025
465.8334	374.2025
465.8334	374.7144
465.3215	374.7144
465.3215	375.2263
464.8096	375.2263
464.8096	375.7382
464.2977	375.7382
464.2977	376.2501
463.7858	376.2501
463.7858	376.7620
463.2739	376.7620
463.2739	377.2739
462.7620	377.2739
462.7620	377.7858
462.2501	377.7858
462.2501	378.2977
461.7382	378.2977
461.7382	378.8096
460.7144	378.8096
460.7144	379.3215
460.2025	379.3215
460.2025	379.8334
459.1787	379.8334
459.1787	380.3453
458.6668	380.3453
458.6668	380.8572
458.1548	380.8572
458.1548	381.3691
457.6429	381.3691
457.6429	381.8810
457.1310	381.8810
457.1310	382.3929
456.6191	382.3929
456.6191	381.8810
456.1072	381.8810
456.1072	381.3691
455.5953	381.3691
455.5953	380.8572
455.0834	380.8572
455.0834	380.3453
454.5715	380.3453
454.5715	379.8334
453.5477	379.8334
453.5477	379.3215
452.5239	379.3215
452.5239	378.8096
449.9644	378.8096
449.9644	378.2977
446.3810	378.2977
446.3810	378.8096
443.8215	378.8096
443.8215	379.3215
442.7977	379.3215
442.7977	379.8334
441.7739	379.8334
441.7739	380.3453
441.2620	380.3453
441.2620	380.8572
440.7501	380.8572
440.7501	381.3691
440.2382	381.3691
440.2382	381.8810
439.7263	381.8810
439.7263	382.3929
439.2144	382.3929
439.2144	383.4167
438.7025	383.4167
438.7025	383.9286
438.1906	383.9286
438.1906	384.9525
435.6310	384.9525
435.6310	385.4644
433.5834	385.4644
433.5834	385.9763
432.5596	385.9763
432.5596	386.4882
431.5358	386.4882
431.5358	385.9763
430.5120	385.9763
430.5120	385.4644
429.4882	385.4644
429.4882	384.9525
426.9287	384.9525
426.9287	384.4405
426.4167	384.4405
426.4167	383.9286
425.9048	383.9286
425.9048	383.4167
424.8810	383.4167
424.8810	382.9048
423.8572	382.9048
423.8572	382.3929
421.2977	382.3929
421.2977	381.8810
420.7858	381.8810
420.7858	381.3691
420.2739	381.3691
420.2739	380.8572
419.7620	380.8572
419.7620	380.3453
419.2501	380.3453
419.2501	379.8334
418.7382	379.8334
418.7382	379.3215
417.7144	379.3215
417.7144	378.8096
416.6906	378.8096
416.6906	378.2977
414.1310	378.2977
414.1310	377.7858
411.5715	377.7858
411.5715	377.2739
410.5477	377.2739
410.5477	376.7620
407.9882	376.7620
407.9882	376.2501
404.9167	376.2501
404.9167	376.7620
402.3572	376.7620
402.3572	377.2739
401.3334	377.2739
401.3334	377.7858
400.3096	377.7858
400.3096	378.2977
399.7977	378.2977
399.7977	378.8096
399.2858	378.8096
399.2858	379.3215
398.7739	379.3215
398.7739	379.8334
398.2620	379.8334
398.2620	380.3453
397.7501	380.3453
397.7501	380.8572
397.2382	380.8572
397.2382	381.8810
396.7263	381.8810
396.7263	382.9048
396.2144	382.9048
396.2144	385.4644
395.1906	385.4644
395.1906	384.9525
394.1667	384.9525
394.1667	384.4405
392.6310	384.4405
392.6310	383.9286
391.6072	383.9286
391.6072	383.4167
390.5834	383.4167
390.5834	382.9048
388.0239	382.9048
388.0239	382.3929
385.4644	382.3929
385.4644	382.9048
382.9048	382.9048
382.9048	383.4167
381.8810	383.4167
381.8810	383.9286
380.8572	383.9286
380.8572	384.4405
380.3453	384.4405
380.3453	384.9525
379.8334	384.9525
379.8334	385.4644
377.7858	385.4644
377.7858	385.9763
376.7620	385.9763
376.7620	386.4882
376.2501	386.4882
376.2501	385.9763
375.7382	385.9763
375.7382	384.9525
375.2263	384.9525
375.2263	383.9286
374.7144	383.9286
374.7144	383.4167
374.2025	383.4167
374.2025	382.9048
373.6905	382.9048
373.6905	382.3929
373.1786	382.3929
373.1786	381.8810
372.6667	381.8810
372.6667	381.3691
372.1548	381.3691
372.1548	380.8572
371.1310	380.8572
371.1310	380.3453
370.1072	380.3453
370.1072	379.8334
368.5715	379.8334
368.5715	379.3215
368.0596	379.3215
368.0596	378.8096
367.5477	378.8096
367.5477	378.2977
367.0358	378.2977
367.0358	377.7858
366.0120	377.7858
366.0120	377.2739
364.9882	377.2739
364.9882	376.7620
363.9644	376.7620
363.9644	376.2501
361.4048	376.2501
361.4048	375.7382
358.3334	375.7382
358.3334	376.2501
355.7739	376.2501
355.7739	376.7620
354.7501	376.7620
354.7501	377.2739
354.2382	377.2739
354.2382	376.7620
353.7263	376.7620
353.7263	374.2025
353.2144	374.2025
353.2144	372.1548
352.7024	372.1548
352.7024	371.1310
352.1905	371.1310
352.1905	370.1072
351.6786	370.1072
351.6786	369.5953
351.1667	369.5953
351.1667	369.0834
350.6548	369.0834
350.6548	368.5715
350.1429	368.5715
350.1429	368.0596
349.6310	368.0596
349.6310	367.5477
349.1191	367.5477
349.1191	367.0358
348.6072	367.0358
348.6072	366.5239
347.5834	366.5239
347.5834	366.0120
347.0715	366.0120
347.0715	365.5001
346.5596	365.5001
346.5596	364.9882
346.0477	364.9882
346.0477	364.4763
345.5358	364.4763
345.5358	362.9405
345.0239	362.9405
345.0239	361.9167
344.5120	361.9167
344.5120	360.8929
344.0001	360.8929
344.0001	359.8691
343.4882	359.8691
343.4882	358.3334
342.9763	358.3334
342.9763	357.3096
342.4644	357.3096
342.4644	356.2858
341.9524	356.2858
341.9524	355.2620
341.4405	355.2620
341.4405	354.7501
340.9286	354.7501
340.9286	354.2382
340.4167	354.2382
340.4167	351.6786
339.9048	351.6786
339.9048	350.1429
339.3929	350.1429
339.3929	349.1191
338.8810	349.1191
338.8810	348.0953
338.3691	348.0953
338.3691	347.5834
337.8572	347.5834
337.8572	347.0715
337.3453	347.0715
337.3453	346.5596
336.8334	346.5596
336.8334	346.0477
336.3215	346.0477
336.3215	345.0239
336.8334	345.0239
336.8334	344.0001
337.3453	344.0001
337.3453	342.9763
337.8572	342.9763
337.8572	340.4167
338.3691	340.4167
338.3691	337.8572
337.8572	337.8572
337.8572	335.2977
337.3453	335.2977
337.3453	334.2739
336.8334	334.2739
336.8334	333.2501
336.3215	333.2501
336.3215	332.7382
335.8096	332.7382
335.8096	332.2263
335.2977	332.2263
335.2977	331.7143
334.7858	331.7143
334.7858	331.2024
334.2739	331.2024
334.2739	330.6905
333.7620	330.6905
333.7620	330.1786
332.7382	330.1786
332.7382	329.6667
331.7143	329.6667
331.7143	328.6429
331.2024	328.6429
331.2024	327.6191
330.6905	327.6191
330.6905	327.1072
330.1786	327.1072
330.1786	326.5953
329.6667	326.5953
329.6667	326.0834
329.1548	326.0834
329.1548	325.5715
328.6429	325.5715
328.6429	325.0596
328.1310	325.0596
328.1310	324.5477
327.6191	324.5477
327.6191	324.0358
326.5953	324.0358
326.5953	323.5239
325.5715	323.5239
325.5715	323.0120
323.0120	323.0120
323.0120	322.5001
319.9405	322.5001
319.9405	323.0120
317.3810	323.0120
317.3810	323.5239
316.3572	323.5239
316.3572	324.0358
315.3334	324.0358
315.3334	324.5477
314.8215	324.5477
314.8215	325.0596
314.3096	325.0596
314.3096	325.5715
313.7977	325.5715
313.7977	326.0834
313.2858	326.0834
313.2858	326.5953
312.2620	326.5953
312.2620	326.0834
309.7024	326.0834
309.7024	325.5715
307.1429	325.5715
307.1429	326.0834
304.5834	326.0834
304.5834	326.5953
303.5596	326.5953
303.5596	327.1072
302.5358	327.1072
302.5358	327.6191
302.0239	327.6191
302.0239	328.1310
301.5120	328.1310
301.5120	328.6429
301.0001	328.6429
301.0001	329.1548
300.4882	329.1548
300.4882	329.6667
299.9762	329.6667
299.9762	330.1786
299.4643	330.1786
299.4643	331.2024
297.9286	331.2024
297.9286	330.6905
296.9048	330.6905
296.9048	330.1786
296.3929	330.1786
296.3929	329.6667
295.8810	329.6667
295.8810	329.1548
295.3691	329.1548
295.3691	328.6429
294.8572	328.6429
294.8572	328.1310
294.3453	328.1310
294.3453	327.6191
293.8334	327.6191
293.8334	326.5953
293.3215	326.5953
293.3215	325.5715
292.8096	325.5715
292.8096	324.5477
292.2977	324.5477
292.2977	324.0358
291.7858	324.0358
291.7858	323.5239
291.2739	323.5239
291.2739	323.0120
290.7620	323.0120
290.7620	322.5001
290.2501	322.5001
290.2501	321.9882
289.2262	321.9882
289.2262	321.4763
288.2024	321.4763
288.2024	320.9643
285.6429	320.9643
285.6429	320.4524
282.5715	320.4524
282.5715	320.9643
280.0120	320.9643
280.0120	321.4763
278.9881	321.4763
278.9881	319.9405
279.5001	319.9405
279.5001	319.4286
280.0120	319.4286
280.0120	318.9167
280.5239	318.9167
280.5239	318.4048
281.0358	318.4048
281.0358	317.3810
281.5477	317.3810
281.5477	316.3572
282.0596	316.3572
282.0596	313.7977
282.5715	313.7977
282.5715	311.2382
282.0596	311.2382
282.0596	308.6786
281.5477	308.6786
281.5477	307.6548
281.0358	307.6548
281.0358	306.6310
280.5239	306.6310
280.5239	305.6072
280.0120	305.6072
280.0120	305.0953
280.5239	305.0953
280.5239	302.5358
281.0358	302.5358
281.0358	299.9762
280.5239	299.9762
280.5239	297.4167
280.0120	297.4167
280.0120	296.3929
279.5001	296.3929
279.5001	295.3691
278.9881	295.3691
278.9881	292.8096
278.4762	292.8096
278.4762	291.7858
277.9643	291.7858
277.9643	290.7620
277.4524	290.7620
277.4524	289.7382
276.9405	289.7382
276.9405	289.2262
276.4286	289.2262
276.4286	288.7143
275.9167	288.7143
275.9167	288.2024
275.4048	288.2024
275.4048	287.6905
274.8929	287.6905
274.8929	287.1786
273.8691	287.1786
273.8691	286.6667
272.8453	286.6667
272.8453	286.1548
271.8215	286.1548
271.8215	285.6429
271.3096	285.6429
271.3096	285.1310
270.7977	285.1310
270.7977	284.6191
269.7739	284.6191
269.7739	284.1072
268.7501	284.1072
268.7501	283.5953
266.1905	283.5953
266.1905	283.0834
262.0953	283.0834
262.0953	283.5953
259.5358	283.5953
259.5358	284.1072
258.5120	284.1072
258.5120	283.5953
255.9524	283.5953
255.9524	282.5715
255.4405	282.5715
255.4405	282.0596
254.9286	282.0596
254.9286	281.5477
254.4167	281.5477
254.4167	281.0358
253.9048	281.0358
253.9048	280.5239
253.3929	280.5239
253.3929	280.0120
252.8810	280.0120
252.8810	279.5001
252.3691	279.5001
252.3691	278.9881
251.3453	278.9881
251.3453	278.4762
250.8334	278.4762
250.8334	277.9643
250.3215	277.9643
250.3215	277.4524
249.8096	277.4524
249.8096	276.9405
249.2977	276.9405
249.2977	276.4286
248.7858	276.4286
248.7858	275.9167
248.2739	275.9167
248.2739	275.4048
247.2500	275.4048
247.2500	274.8929
246.2262	274.8929
246.2262	274.3810
245.2024	274.3810
245.2024	273.8691
244.6905	273.8691
244.6905	273.3572
243.6667	273.3572
243.6667	272.8453
242.6429	272.8453
242.6429	272.3334
240.0834	272.3334
240.0834	271.8215
239.0596	271.8215
239.0596	271.3096
238.0358	271.3096
238.0358	270.7977
237.0119	270.7977
237.0119	270.2858
234.9643	270.2858
234.9643	269.7739
233.9405	269.7739
233.9405	269.2620
232.9167	269.2620
232.9167	268.7501
231.8929	268.7501
231.8929	268.2381
230.8691	268.2381
230.8691	267.2143
230.3572	267.2143
230.3572	266.1905
229.8453	266.1905
229.8453	265.1667
229.3334	265.1667
229.3334	264.1429
228.8215	264.1429
228.8215	263.1191
228.3096	263.1191
228.3096	262.6072
227.7977	262.6072
227.7977	262.0953
227.2858	262.0953
227.2858	261.5834
226.7739	261.5834
226.7739	260.5596
226.2619	260.5596
226.2619	259.5358
225.7500	259.5358
225.7500	258.5120
225.2381	258.5120
225.2381	258.0000
224.7262	258.0000
224.7262	257.4881
224.2143	257.4881
224.2143	256.9762
223.7024	256.9762
223.7024	256.4643
223.1905	256.4643
223.1905	255.9524
222.6786	255.9524
222.6786	254.9286
222.1667	254.9286
222.1667	253.9048
221.6548	253.9048
221.6548	253.3929
221.1429	253.3929
221.1429	252.8810
220.6310	252.8810
220.6310	251.8572
220.1191	251.8572
220.1191	249.2977
219.6072	249.2977
219.6072	247.2500
219.0953	247.2500
219.0953	246.2262
218.5834	246.2262
218.5834	238.0358
219.0953	238.0358
219.0953	235.9881
219.6072	235.9881
219.6072	234.4524
220.1191	234.4524
220.1191	231.8929
220.6310	231.8929
220.6310	230.8691
221.1429	230.8691
221.1429	229.3334
221.6548	229.3334
221.6548	226.7739
222.1667	226.7739
222.1667	226.2619
222.6786	226.2619
222.6786	225.2381
223.1905	225.2381
223.1905	224.2143
223.7024	224.2143
223.7024	223.1905
224.2143	223.1905
224.2143	222.1667
224.7262	222.1667
224.7262	221.6548
225.2381	221.6548
225.2381	221.1429
225.7500	221.1429
225.7500	220.6310
226.2619	220.6310
226.2619	220.1191
226.7739	220.1191
226.7739	219.6072
227.2858	219.6072
227.2858	218.5834
227.7977	218.5834
227.7977	218.0715
228.3096	218.0715
228.3096	217.5596
228.8215	217.5596
228.8215	216.5358
229.3334	216.5358
229.3334	215.5119
229.8453	215.5119
229.8453	215.0000
230.3572	215.0000
230.3572	213.9762
230.8691	213.9762
230.8691	213.4643
231.3810	213.4643
231.3810	212.9524
231.8929	212.9524
231.8929	212.4405
232.4048	212.4405
232.4048	211.4167
232.9167	211.4167
232.9167	210.3929
233.4286	210.3929
233.4286	209.8810
233.9405	209.8810
233.9405	209.3691
234.4524	209.3691
234.4524	208.8572
234.9643	208.8572
234.9643	208.3453
235.4762	208.3453
235.4762	207.8334
235.9881	207.8334
235.9881	207.3215
236.5000	207.3215
236.5000	206.2977
237.0119	206.2977
237.0119	205.7858
238.0358	205.7858
238.0358	205.2738
238.5477	205.2738
238.5477	204.7619
239.0596	204.7619
239.0596	204.2500
239.5715	204.2500
239.5715	203.7381
240.0834	203.7381
240.0834	203.2262
240.5953	203.2262
240.5953	202.2024
241.1072	202.2024
241.1072	201.1786
242.1310	201.1786
242.1310	200.6667
242.6429	200.6667
242.6429	200.1548
243.1548	200.1548
243.1548	199.6429
243.6667	199.6429
243.6667	199.1310
244.6905	199.1310
244.6905	198.6191
245.2024	198.6191
245.2024	198.1072
246.2262	198.1072
246.2262	197.5953
247.2500	197.5953
247.2500	197.0834
248.2739	197.0834
248.2739	196.5715
249.2977	196.5715
249.2977	196.0596
250.3215	196.0596
250.3215	195.5477
251.3453	195.5477
251.3453	195.0358
253.9048	195.0358
253.9048	194.5238
260.0477	194.5238
260.0477	195.0358
261.5834	195.0358
261.5834	195.5477
263.6310	195.5477
263.6310	196.0596
265.6786	196.0596
265.6786	196.5715
266.7024	196.5715
266.7024	197.0834
269.2620	197.0834
269.2620	197.5953
271.8215	197.5953
271.8215	198.1072
272.8453	198.1072
272.8453	198.6191
274.3810	198.6191
274.3810	199.1310
275.4048	199.1310
275.4048	199.6429
276.9405	199.6429
276.9405	200.1548
277.4524	200.1548
277.4524	200.6667
277.9643	200.6667
277.9643	201.1786
278.4762	201.1786
278.4762	201.6905
278.9881	201.6905
278.9881	202.2024
280.0120	202.2024
280.0120	202.7143
280.5239	202.7143
280.5239	203.2262
281.0358	203.2262
281.0358	203.7381
281.5477	203.7381
281.5477	204.7619
282.0596	204.7619
282.0596	205.2738
282.5715	205.2738
282.5715	205.7858
283.0834	205.7858
283.0834	206.2977
283.5953	206.2977
283.5953	206.8096
284.1072	206.8096
284.1072	207.3215
285.1310	207.3215
285.1310	207.8334
286.1548	207.8334
286.1548	208.3453
288.7143	208.3453
288.7143	208.8572
291.7858	208.8572
291.7858	208.3453
294.3453	208.3453
294.3453	207.8334
295.3691	207.8334
295.3691	207.3215
296.3929	207.3215
296.3929	206.8096
296.9048	206.8096
296.9048	206.2977
297.4167	206.2977
297.4167	205.7858
297.9286	205.7858
297.9286	205.2738
298.4405	205.2738
298.4405	204.7619
298.9524	204.7619
298.9524	203.7381
299.4643	203.7381
299.4643	202.7143
299.9762	202.7143
299.9762	200.1548
300.4882	200.1548
300.4882	199.1310
301.0001	199.1310
301.0001	198.6191
301.5120	198.6191
301.5120	198.1072
302.0239	198.1072
302.0239	197.5953
302.5358	197.5953
302.5358	197.0834
303.0477	197.0834
303.0477	196.0596
304.0715	196.0596
304.0715	195.5477
304.5834	195.5477
304.5834	195.0358
305.0953	195.0358
305.0953	194.5238
305.6072	194.5238
305.6072	194.0119
306.1191	194.0119
306.1191	193.5000
306.6310	193.5000
306.6310	192.9881
307.6548	192.9881
307.6548	192.4762
308.6786	192.4762
308.6786	191.9643
309.7024	191.9643
309.7024	191.4524
310.2143	191.4524
310.2143	190.9405
310.7262	190.9405
310.7262	190.4286
311.2382	190.4286
311.2382	189.9167
311.7501	189.9167
311.7501	189.4048
312.2620	189.4048
312.2620	188.8929
312.7739	188.8929
312.7739	187.8691
313.2858	187.8691
313.2858	186.8453
313.7977	186.8453
313.7977	185.3096
314.3096	185.3096
314.3096	184.7977
315.8453	184.7977
315.8453	184.2857
316.8691	184.2857
316.8691	183.7738
317.8929	183.7738
317.8929	183.2619
318.9167	183.2619
318.9167	182.7500
319.9405	182.7500
319.9405	182.2381
320.4524	182.2381
320.4524	181.7262
320.9643	181.7262
320.9643	181.2143
321.4763	181.2143
321.4763	180.7024
321.9882	180.7024
321.9882	180.1905
322.5001	180.1905
322.5001	179.6786
323.0120	179.6786
323.0120	178.6548
326.5953	178.6548
326.5953	178.1429
329.1548	178.1429
329.1548	177.6310
330.6905	177.6310
330.6905	177.1191
333.7620	177.1191
333.7620	176.6072
338.3691	176.6072
338.3691	176.0953
339.3929	176.0953
