346.0477	204.7619
350.6548	204.7619
350.6548	205.2738
351.6786	205.2738
351.6786	205.7858
352.7024	205.7858
352.7024	206.2977
353.7263	206.2977
353.7263	206.8096
354.7501	206.8096
354.7501	207.3215
356.2858	207.3215
356.2858	207.8334
356.7977	207.8334
356.7977	208.3453
357.8215	208.3453
357.8215	208.8572
358.8453	208.8572
358.8453	209.3691
359.3572	209.3691
359.3572	209.8810
359.8691	209.8810
359.8691	210.3929
360.8929	210.3929
360.8929	210.9048
361.9167	210.9048
361.9167	211.4167
363.4525	211.4167
363.4525	211.9286
366.0120	211.9286
366.0120	212.4405
367.0358	212.4405
367.0358	212.9524
367.5477	212.9524
367.5477	213.9762
368.0596	213.9762
368.0596	214.4881
368.5715	214.4881
368.5715	215.0000
369.0834	215.0000
369.0834	215.5119
369.5953	215.5119
369.5953	216.0239
370.1072	216.0239
370.1072	216.5358
370.6191	216.5358
370.6191	217.0477
371.6429	217.0477
371.6429	217.5596
372.6667	217.5596
372.6667	218.0715
375.2263	218.0715
375.2263	218.5834
377.2739	218.5834
377.2739	219.0953
378.8096	219.0953
378.8096	219.6072
381.3691	219.6072
381.3691	220.1191
382.3929	220.1191
382.3929	220.6310
383.4167	220.6310
383.4167	221.1429
384.4405	221.1429
384.4405	221.6548
385.4644	221.6548
385.4644	222.1667
385.9763	222.1667
385.9763	222.6786
387.0001	222.6786
387.0001	223.1905
388.0239	223.1905
388.0239	223.7024
389.0477	223.7024
389.0477	224.2143
390.0715	224.2143
390.0715	224.7262
391.0953	224.7262
391.0953	225.2381
392.1191	225.2381
392.1191	225.7500
393.1429	225.7500
393.1429	226.2619
394.1667	226.2619
394.1667	226.7739
395.1906	226.7739
395.1906	227.2858
396.2144	227.2858
396.2144	227.7977
396.7263	227.7977
396.7263	228.3096
397.7501	228.3096
397.7501	230.3572
398.2620	230.3572
398.2620	231.3810
398.7739	231.3810
398.7739	232.4048
399.2858	232.4048
399.2858	232.9167
399.7977	232.9167
399.7977	233.4286
400.3096	233.4286
400.3096	233.9405
400.8215	233.9405
400.8215	234.4524
401.3334	234.4524
401.3334	234.9643
401.8453	234.9643
401.8453	235.4762
402.3572	235.4762
402.3572	235.9881
403.3810	235.9881
403.3810	236.5000
404.4048	236.5000
404.4048	237.0119
406.9644	237.0119
406.9644	237.5239
409.5239	237.5239
409.5239	237.0119
412.0834	237.0119
412.0834	236.5000
413.1072	236.5000
413.1072	235.9881
414.1310	235.9881
414.1310	235.4762
414.6429	235.4762
414.6429	234.9643
415.1548	234.9643
415.1548	234.4524
415.6667	234.4524
415.6667	233.9405
416.1787	233.9405
416.1787	233.4286
416.6906	233.4286
416.6906	232.4048
417.2025	232.4048
417.2025	231.3810
417.7144	231.3810
417.7144	228.8215
418.2263	228.8215
418.2263	229.3334
420.7858	229.3334
420.7858	229.8453
424.3691	229.8453
424.3691	230.3572
424.8810	230.3572
424.8810	232.9167
424.3691	232.9167
424.3691	233.9405
423.8572	233.9405
423.8572	234.9643
423.3453	234.9643
423.3453	237.5239
422.8334	237.5239
422.8334	240.0834
423.3453	240.0834
423.3453	242.6429
423.8572	242.6429
423.8572	243.6667
424.3691	243.6667
424.3691	244.6905
424.8810	244.6905
424.8810	245.2024
425.3929	245.2024
425.3929	245.7143
425.9048	245.7143
425.9048	246.2262
426.4167	246.2262
426.4167	246.7381
426.9287	246.7381
426.9287	247.2500
427.4406	247.2500
427.4406	248.2739
427.9525	248.2739
427.9525	248.7858
428.4644	248.7858
428.4644	249.2977
428.9763	249.2977
428.9763	250.3215
429.4882	250.3215
429.4882	250.8334
430.0001	250.8334
430.0001	251.3453
430.5120	251.3453
430.5120	252.3691
431.0239	252.3691
431.0239	253.3929
431.5358	253.3929
431.5358	253.9048
432.0477	253.9048
432.0477	254.4167
432.5596	254.4167
432.5596	254.9286
433.0715	254.9286
433.0715	255.4405
433.5834	255.4405
433.5834	255.9524
434.0953	255.9524
434.0953	256.4643
434.6072	256.4643
434.6072	258.0000
435.1191	258.0000
435.1191	259.0239
435.6310	259.0239
435.6310	260.5596
436.1429	260.5596
436.1429	262.0953
436.6548	262.0953
436.6548	264.6548
437.1667	264.6548
437.1667	266.1905
437.6787	266.1905
437.6787	269.2620
438.1906	269.2620
438.1906	278.9881
437.6787	278.9881
437.6787	282.0596
437.1667	282.0596
437.1667	283.5953
436.6548	283.5953
436.6548	285.1310
436.1429	285.1310
436.1429	286.1548
435.6310	286.1548
435.6310	287.1786
435.1191	287.1786
435.1191	288.2024
434.6072	288.2024
434.6072	289.7382
434.0953	289.7382
434.0953	290.2501
433.5834	290.2501
433.5834	291.2739
433.0715	291.2739
433.0715	291.7858
432.0477	291.7858
432.0477	292.2977
431.5358	292.2977
431.5358	292.8096
431.0239	292.8096
431.0239	293.3215
430.5120	293.3215
430.5120	293.8334
430.0001	293.8334
430.0001	294.3453
429.4882	294.3453
429.4882	295.3691
428.9763	295.3691
428.9763	296.3929
428.4644	296.3929
428.4644	296.9048
427.9525	296.9048
427.9525	297.4167
427.4406	297.4167
427.4406	297.9286
426.9287	297.9286
426.9287	298.4405
426.4167	298.4405
426.4167	298.9524
425.3929	298.9524
425.3929	299.4643
423.8572	299.4643
423.8572	299.9762
422.8334	299.9762
422.8334	300.4882
421.8096	300.4882
421.8096	301.0001
421.2977	301.0001
421.2977	301.5120
420.2739	301.5120
420.2739	302.0239
419.2501	302.0239
419.2501	302.5358
417.7144	302.5358
417.7144	303.0477
415.1548	303.0477
415.1548	303.5596
412.5953	303.5596
412.5953	304.0715
411.5715	304.0715
411.5715	304.5834
410.5477	304.5834
410.5477	305.0953
410.0358	305.0953
410.0358	305.6072
409.0120	305.6072
409.0120	306.1191
407.9882	306.1191
407.9882	306.6310
407.4763	306.6310
407.4763	307.1429
405.9406	307.1429
405.9406	307.6548
404.9167	307.6548
404.9167	307.1429
404.4048	307.1429
404.4048	306.6310
403.8929	306.6310
403.8929	306.1191
402.8691	306.1191
402.8691	305.6072
401.8453	305.6072
401.8453	305.0953
399.2858	305.0953
399.2858	304.5834
396.7263	304.5834
396.7263	305.0953
394.1667	305.0953
394.1667	305.6072
393.1429	305.6072
393.1429	306.1191
392.1191	306.1191
392.1191	306.6310
391.6072	306.6310
391.6072	307.1429
391.0953	307.1429
391.0953	307.6548
390.5834	307.6548
390.5834	308.1667
390.0715	308.1667
390.0715	308.6786
389.5596	308.6786
389.5596	309.1905
389.0477	309.1905
389.0477	309.7024
388.5358	309.7024
388.5358	310.2143
388.0239	310.2143
388.0239	309.7024
382.3929	309.7024
382.3929	310.2143
379.8334	310.2143
379.8334	310.7262
374.2025	310.7262
374.2025	310.2143
373.6905	310.2143
373.6905	309.7024
373.1786	309.7024
373.1786	309.1905
372.1548	309.1905
372.1548	308.6786
371.1310	308.6786
371.1310	308.1667
370.1072	308.1667
370.1072	307.6548
368.5715	307.6548
368.5715	307.1429
366.0120	307.1429
366.0120	306.6310
362.9405	306.6310
362.9405	307.1429
360.3810	307.1429
360.3810	307.6548
359.3572	307.6548
359.3572	308.1667
358.3334	308.1667
358.3334	308.6786
357.8215	308.6786
357.8215	309.1905
356.2858	309.1905
356.2858	308.6786
355.7739	308.6786
355.7739	308.1667
355.2620	308.1667
355.2620	307.6548
354.2382	307.6548
354.2382	307.1429
353.2144	307.1429
353.2144	306.6310
352.1905	306.6310
352.1905	306.1191
349.6310	306.1191
349.6310	305.6072
347.0715	305.6072
347.0715	306.1191
344.5120	306.1191
344.5120	306.6310
343.4882	306.6310
343.4882	307.1429
342.4644	307.1429
342.4644	307.6548
341.9524	307.6548
341.9524	308.1667
341.4405	308.1667
341.4405	308.6786
339.3929	308.6786
339.3929	308.1667
338.8810	308.1667
338.8810	307.6548
337.8572	307.6548
337.8572	307.1429
336.8334	307.1429
336.8334	306.6310
335.8096	306.6310
335.8096	306.1191
334.7858	306.1191
334.7858	305.6072
334.2739	305.6072
334.2739	305.0953
333.2501	305.0953
333.2501	304.5834
332.2263	304.5834
332.2263	304.0715
331.2024	304.0715
331.2024	303.5596
330.6905	303.5596
330.6905	303.0477
329.6667	303.0477
329.6667	302.5358
328.6429	302.5358
328.6429	302.0239
326.0834	302.0239
326.0834	301.5120
323.5239	301.5120
323.5239	302.0239
320.9643	302.0239
320.9643	302.5358
319.9405	302.5358
319.9405	303.0477
318.9167	303.0477
318.9167	303.5596
318.4048	303.5596
318.4048	304.0715
317.8929	304.0715
317.8929	304.5834
317.3810	304.5834
317.3810	305.0953
316.8691	305.0953
316.8691	305.6072
316.3572	305.6072
316.3572	305.0953
315.8453	305.0953
315.8453	304.0715
315.3334	304.0715
315.3334	303.5596
314.8215	303.5596
314.8215	303.0477
314.3096	303.0477
314.3096	302.5358
313.7977	302.5358
313.7977	302.0239
313.2858	302.0239
313.2858	301.5120
312.7739	301.5120
312.7739	301.0001
311.7501	301.0001
311.7501	300.4882
310.7262	300.4882
310.7262	299.9762
310.2143	299.9762
310.2143	298.9524
309.7024	298.9524
309.7024	297.9286
309.1905	297.9286
309.1905	297.4167
308.6786	297.4167
308.6786	296.9048
308.1667	296.9048
308.1667	296.3929
307.6548	296.3929
307.6548	295.8810
307.1429	295.8810
307.1429	295.3691
306.6310	295.3691
306.6310	294.8572
306.1191	294.8572
306.1191	294.3453
305.0953	294.3453
305.0953	293.8334
304.0715	293.8334
304.0715	293.3215
301.5120	293.3215
301.5120	292.8096
296.9048	292.8096
296.9048	293.3215
296.3929	293.3215
296.3929	292.8096
295.8810	292.8096
295.8810	292.2977
295.3691	292.2977
295.3691	291.7858
294.8572	291.7858
294.8572	291.2739
294.3453	291.2739
294.3453	290.7620
293.8334	290.7620
293.8334	290.2501
293.3215	290.2501
293.3215	289.7382
292.2977	289.7382
292.2977	289.2262
292.8096	289.2262
292.8096	284.6191
292.2977	284.6191
292.2977	282.0596
291.7858	282.0596
291.7858	281.0358
291.2739	281.0358
291.2739	280.0120
290.7620	280.0120
290.7620	279.5001
290.2501	279.5001
290.2501	278.9881
289.7382	278.9881
289.7382	278.4762
289.2262	278.4762
289.2262	277.9643
288.7143	277.9643
288.7143	277.4524
288.2024	277.4524
288.2024	276.9405
287.1786	276.9405
287.1786	276.4286
286.1548	276.4286
286.1548	275.9167
285.6429	275.9167
285.6429	275.4048
286.1548	275.4048
286.1548	274.8929
286.6667	274.8929
286.6667	274.3810
287.1786	274.3810
287.1786	273.3572
287.6905	273.3572
287.6905	272.3334
288.2024	272.3334
288.2024	269.7739
288.7143	269.7739
288.7143	266.1905
288.2024	266.1905
288.2024	263.6310
287.6905	263.6310
287.6905	261.0715
288.2024	261.0715
288.2024	260.5596
288.7143	260.5596
288.7143	259.5358
289.2262	259.5358
289.2262	259.0239
289.7382	259.0239
289.7382	258.0000
290.2501	258.0000
290.2501	256.9762
290.7620	256.9762
290.7620	254.4167
291.2739	254.4167
291.2739	251.3453
291.7858	251.3453
291.7858	250.3215
292.2977	250.3215
292.2977	247.7620
292.8096	247.7620
292.8096	244.6905
293.8334	244.6905
293.8334	244.1786
294.8572	244.1786
294.8572	243.6667
295.3691	243.6667
295.3691	243.1548
295.8810	243.1548
295.8810	242.6429
296.3929	242.6429
296.3929	242.1310
296.9048	242.1310
296.9048	241.6191
297.4167	241.6191
297.4167	241.1072
297.9286	241.1072
297.9286	240.5953
298.4405	240.5953
298.4405	240.0834
298.9524	240.0834
298.9524	239.0596
299.4643	239.0596
299.4643	238.5477
299.9762	238.5477
299.9762	238.0358
300.4882	238.0358
300.4882	237.0119
301.0001	237.0119
301.0001	236.5000
301.5120	236.5000
301.5120	235.4762
302.0239	235.4762
302.0239	234.9643
302.5358	234.9643
302.5358	234.4524
303.0477	234.4524
303.0477	233.9405
303.5596	233.9405
303.5596	233.4286
304.0715	233.4286
304.0715	232.9167
304.5834	232.9167
304.5834	231.8929
305.0953	231.8929
305.0953	230.8691
305.6072	230.8691
305.6072	230.3572
306.1191	230.3572
306.1191	229.3334
306.6310	229.3334
306.6310	228.3096
307.1429	228.3096
307.1429	227.7977
307.6548	227.7977
307.6548	227.2858
308.1667	227.2858
308.1667	226.7739
308.6786	226.7739
308.6786	225.7500
309.1905	225.7500
309.1905	224.7262
309.7024	224.7262
309.7024	223.1905
310.2143	223.1905
310.2143	222.6786
311.2382	222.6786
311.2382	222.1667
312.2620	222.1667
312.2620	221.6548
312.7739	221.6548
312.7739	221.1429
313.2858	221.1429
313.2858	220.6310
313.7977	220.6310
313.7977	220.1191
314.3096	220.1191
314.3096	219.6072
314.8215	219.6072
314.8215	219.0953
315.3334	219.0953
315.3334	218.5834
315.8453	218.5834
315.8453	217.5596
316.3572	217.5596
316.3572	217.0477
316.8691	217.0477
316.8691	216.5358
317.3810	216.5358
317.3810	216.0239
317.8929	216.0239
317.8929	215.5119
318.4048	215.5119
318.4048	215.0000
318.9167	215.0000
318.9167	214.4881
319.9405	214.4881
319.9405	213.9762
320.9643	213.9762
320.9643	213.4643
321.9882	213.4643
321.9882	212.9524
322.5001	212.9524
322.5001	212.4405
324.5477	212.4405
324.5477	211.9286
325.5715	211.9286
325.5715	211.4167
326.5953	211.4167
326.5953	210.9048
327.6191	210.9048
327.6191	210.3929
328.6429	210.3929
328.6429	209.8810
329.6667	209.8810
329.6667	209.3691
330.1786	209.3691
330.1786	208.8572
331.2024	208.8572
331.2024	208.3453
331.7143	208.3453
331.7143	207.8334
332.2263	207.8334
332.2263	207.3215
332.7382	207.3215
332.7382	206.8096
334.7858	206.8096
334.7858	206.2977
335.8096	206.2977
335.8096	205.7858
336.8334	205.7858
336.8334	205.2738
339.9048	205.2738
339.9048	204.7619
344.0001	204.7619
344.0001	204.2500
346.0477	204.2500
