365.5001	194.5238
366.0120	194.5238
366.0120	195.0358
365.5001	195.0358
365.5001	197.5953
364.9882	197.5953
364.9882	200.1548
365.5001	200.1548
365.5001	205.2738
366.0120	205.2738
366.0120	207.8334
366.5239	207.8334
366.5239	208.8572
367.0358	208.8572
367.0358	209.8810
367.5477	209.8810
367.5477	210.9048
368.0596	210.9048
368.0596	211.9286
368.5715	211.9286
368.5715	213.4643
369.0834	213.4643
369.0834	214.4881
369.5953	214.4881
369.5953	215.5119
370.1072	215.5119
370.1072	216.0239
370.6191	216.0239
370.6191	216.5358
371.1310	216.5358
371.1310	217.5596
371.6429	217.5596
371.6429	218.0715
372.1548	218.0715
372.1548	218.5834
372.6667	218.5834
372.6667	219.0953
373.1786	219.0953
373.1786	219.6072
373.6905	219.6072
373.6905	220.1191
374.2025	220.1191
374.2025	220.6310
375.2263	220.6310
375.2263	221.1429
376.2501	221.1429
376.2501	221.6548
378.2977	221.6548
378.2977	222.1667
380.8572	222.1667
380.8572	222.6786
381.3691	222.6786
381.3691	223.1905
382.3929	223.1905
382.3929	224.2143
382.9048	224.2143
382.9048	225.2381
383.4167	225.2381
383.4167	225.7500
383.9286	225.7500
383.9286	226.2619
384.4405	226.2619
384.4405	226.7739
384.9525	226.7739
384.9525	227.2858
385.4644	227.2858
385.4644	227.7977
385.9763	227.7977
385.9763	228.3096
386.4882	228.3096
386.4882	228.8215
387.0001	228.8215
387.0001	229.3334
387.5120	229.3334
387.5120	229.8453
388.0239	229.8453
388.0239	230.3572
389.0477	230.3572
389.0477	230.8691
390.0715	230.8691
390.0715	231.3810
391.0953	231.3810
391.0953	232.4048
391.6072	232.4048
391.6072	232.9167
392.1191	232.9167
392.1191	233.4286
392.6310	233.4286
392.6310	233.9405
393.1429	233.9405
393.1429	234.4524
393.6548	234.4524
393.6548	234.9643
394.6786	234.9643
394.6786	235.4762
395.7025	235.4762
395.7025	235.9881
398.2620	235.9881
398.2620	236.5000
403.3810	236.5000
403.3810	235.9881
405.9406	235.9881
405.9406	235.4762
406.9644	235.4762
406.9644	234.9643
407.9882	234.9643
407.9882	234.4524
408.5001	234.4524
408.5001	233.9405
409.0120	233.9405
409.0120	233.4286
409.5239	233.4286
409.5239	232.9167
411.0596	232.9167
411.0596	232.4048
412.0834	232.4048
412.0834	232.9167
414.1310	232.9167
414.1310	233.4286
414.6429	233.4286
414.6429	233.9405
415.1548	233.9405
415.1548	234.4524
415.6667	234.4524
415.6667	234.9643
416.1787	234.9643
416.1787	235.4762
416.6906	235.4762
416.6906	238.0358
417.2025	238.0358
417.2025	239.0596
417.7144	239.0596
417.7144	240.0834
418.2263	240.0834
418.2263	240.5953
418.7382	240.5953
418.7382	241.1072
419.2501	241.1072
419.2501	241.6191
419.7620	241.6191
419.7620	242.1310
420.2739	242.1310
420.2739	242.6429
420.7858	242.6429
420.7858	243.1548
421.2977	243.1548
421.2977	243.6667
422.3215	243.6667
422.3215	244.1786
423.3453	244.1786
423.3453	244.6905
424.8810	244.6905
424.8810	245.2024
425.9048	245.2024
425.9048	245.7143
426.4167	245.7143
426.4167	246.2262
426.9287	246.2262
426.9287	246.7381
427.4406	246.7381
427.4406	247.2500
427.9525	247.2500
427.9525	247.7620
428.4644	247.7620
428.4644	248.2739
428.9763	248.2739
428.9763	248.7858
429.4882	248.7858
429.4882	249.2977
430.0001	249.2977
430.0001	249.8096
430.5120	249.8096
430.5120	250.3215
431.0239	250.3215
431.0239	250.8334
431.5358	250.8334
431.5358	251.3453
432.5596	251.3453
432.5596	251.8572
433.5834	251.8572
433.5834	252.3691
434.0953	252.3691
434.0953	252.8810
434.6072	252.8810
434.6072	253.3929
435.1191	253.3929
435.1191	253.9048
435.6310	253.9048
435.6310	254.4167
436.1429	254.4167
436.1429	254.9286
436.6548	254.9286
436.6548	255.4405
437.1667	255.4405
437.1667	256.4643
437.6787	256.4643
437.6787	256.9762
438.1906	256.9762
438.1906	258.0000
438.7025	258.0000
438.7025	258.5120
439.2144	258.5120
439.2144	259.5358
439.7263	259.5358
439.7263	261.0715
440.2382	261.0715
440.2382	262.6072
440.7501	262.6072
440.7501	264.6548
441.2620	264.6548
441.2620	265.6786
441.7739	265.6786
441.7739	267.2143
442.2858	267.2143
442.2858	268.2381
442.7977	268.2381
442.7977	269.2620
443.3096	269.2620
443.3096	271.8215
443.8215	271.8215
443.8215	274.3810
444.3334	274.3810
444.3334	285.6429
443.8215	285.6429
443.8215	287.6905
443.3096	287.6905
443.3096	290.2501
442.7977	290.2501
442.7977	293.3215
442.2858	293.3215
442.2858	297.9286
441.7739	297.9286
441.7739	306.6310
441.2620	306.6310
441.2620	310.2143
440.7501	310.2143
440.7501	312.2620
440.2382	312.2620
440.2382	313.2858
439.7263	313.2858
439.7263	314.8215
439.2144	314.8215
439.2144	315.8453
438.7025	315.8453
438.7025	316.8691
438.1906	316.8691
438.1906	317.8929
437.6787	317.8929
437.6787	318.9167
437.1667	318.9167
437.1667	319.4286
436.6548	319.4286
436.6548	319.9405
436.1429	319.9405
436.1429	320.9643
435.6310	320.9643
435.6310	321.4763
434.6072	321.4763
434.6072	321.9882
434.0953	321.9882
434.0953	322.5001
433.5834	322.5001
433.5834	323.0120
433.0715	323.0120
433.0715	323.5239
432.5596	323.5239
432.5596	324.0358
431.5358	324.0358
431.5358	324.5477
431.0239	324.5477
431.0239	325.0596
430.0001	325.0596
430.0001	325.5715
429.4882	325.5715
429.4882	326.0834
428.4644	326.0834
428.4644	326.5953
427.4406	326.5953
427.4406	327.1072
424.8810	327.1072
424.8810	327.6191
423.8572	327.6191
423.8572	328.1310
422.8334	328.1310
422.8334	327.1072
423.3453	327.1072
423.3453	322.5001
422.8334	322.5001
422.8334	319.9405
422.3215	319.9405
422.3215	318.9167
421.8096	318.9167
421.8096	317.8929
421.2977	317.8929
421.2977	317.3810
420.7858	317.3810
420.7858	316.8691
420.2739	316.8691
420.2739	316.3572
419.7620	316.3572
419.7620	315.8453
419.2501	315.8453
419.2501	314.8215
418.7382	314.8215
418.7382	313.7977
418.2263	313.7977
418.2263	313.2858
417.7144	313.2858
417.7144	312.7739
417.2025	312.7739
417.2025	312.2620
416.6906	312.2620
416.6906	311.7501
416.1787	311.7501
416.1787	311.2382
415.1548	311.2382
415.1548	310.7262
414.1310	310.7262
414.1310	310.2143
411.5715	310.2143
411.5715	309.7024
407.9882	309.7024
407.9882	310.2143
405.4286	310.2143
405.4286	310.7262
404.4048	310.7262
404.4048	311.2382
403.3810	311.2382
403.3810	311.7501
402.8691	311.7501
402.8691	312.2620
402.3572	312.2620
402.3572	312.7739
401.8453	312.7739
401.8453	313.2858
401.3334	313.2858
401.3334	313.7977
400.8215	313.7977
400.8215	314.8215
400.3096	314.8215
400.3096	315.8453
399.7977	315.8453
399.7977	317.3810
399.2858	317.3810
399.2858	317.8929
398.7739	317.8929
398.7739	318.4048
398.2620	318.4048
398.2620	319.4286
397.7501	319.4286
397.7501	320.4524
397.2382	320.4524
397.2382	323.0120
396.7263	323.0120
396.7263	326.5953
397.2382	326.5953
397.2382	329.1548
397.7501	329.1548
397.7501	330.1786
396.7263	330.1786
396.7263	330.6905
392.1191	330.6905
392.1191	330.1786
390.5834	330.1786
390.5834	329.6667
390.0715	329.6667
390.0715	329.1548
389.0477	329.1548
389.0477	328.6429
388.0239	328.6429
388.0239	328.1310
385.9763	328.1310
385.9763	327.6191
383.4167	327.6191
383.4167	327.1072
379.8334	327.1072
379.8334	326.5953
379.3215	326.5953
379.3215	326.0834
378.2977	326.0834
378.2977	325.5715
377.2739	325.5715
377.2739	325.0596
374.7144	325.0596
374.7144	324.5477
369.5953	324.5477
369.5953	325.0596
367.0358	325.0596
367.0358	325.5715
366.0120	325.5715
366.0120	326.0834
364.9882	326.0834
364.9882	326.5953
362.9405	326.5953
362.9405	327.1072
360.3810	327.1072
360.3810	327.6191
359.3572	327.6191
359.3572	326.5953
358.8453	326.5953
358.8453	326.0834
358.3334	326.0834
358.3334	325.5715
357.8215	325.5715
357.8215	325.0596
357.3096	325.0596
357.3096	324.5477
356.7977	324.5477
356.7977	324.0358
355.7739	324.0358
355.7739	323.5239
354.7501	323.5239
354.7501	323.0120
352.1905	323.0120
352.1905	322.5001
349.6310	322.5001
349.6310	321.9882
347.0715	321.9882
347.0715	322.5001
344.5120	322.5001
344.5120	323.0120
340.4167	323.0120
340.4167	323.5239
338.8810	323.5239
338.8810	323.0120
336.3215	323.0120
336.3215	322.5001
335.2977	322.5001
335.2977	321.9882
333.2501	321.9882
333.2501	321.4763
332.2263	321.4763
332.2263	320.9643
331.7143	320.9643
331.7143	320.4524
331.2024	320.4524
331.2024	319.9405
330.6905	319.9405
330.6905	319.4286
330.1786	319.4286
330.1786	318.9167
329.1548	318.9167
329.1548	318.4048
328.1310	318.4048
328.1310	317.8929
325.5715	317.8929
325.5715	317.3810
323.0120	317.3810
323.0120	317.8929
320.4524	317.8929
320.4524	318.4048
319.4286	318.4048
319.4286	318.9167
318.4048	318.9167
318.4048	319.4286
317.8929	319.4286
317.8929	319.9405
317.3810	319.9405
317.3810	320.4524
314.3096	320.4524
314.3096	320.9643
313.7977	320.9643
313.7977	318.4048
313.2858	318.4048
313.2858	317.3810
312.7739	317.3810
312.7739	316.3572
312.2620	316.3572
312.2620	315.8453
311.7501	315.8453
311.7501	315.3334
311.2382	315.3334
311.2382	314.8215
310.7262	314.8215
310.7262	314.3096
310.2143	314.3096
310.2143	313.7977
309.7024	313.7977
309.7024	313.2858
308.6786	313.2858
308.6786	312.7739
307.6548	312.7739
307.6548	312.2620
306.1191	312.2620
306.1191	311.7501
303.5596	311.7501
303.5596	311.2382
303.0477	311.2382
303.0477	310.7262
302.0239	310.7262
302.0239	310.2143
301.5120	310.2143
301.5120	308.6786
301.0001	308.6786
301.0001	307.6548
300.4882	307.6548
300.4882	306.6310
299.9762	306.6310
299.9762	304.0715
299.4643	304.0715
299.4643	303.0477
298.9524	303.0477
298.9524	302.0239
298.4405	302.0239
298.4405	301.0001
297.9286	301.0001
297.9286	300.4882
297.4167	300.4882
297.4167	299.9762
296.9048	299.9762
296.9048	299.4643
296.3929	299.4643
296.3929	298.9524
295.8810	298.9524
295.8810	298.4405
294.8572	298.4405
294.8572	297.9286
293.8334	297.9286
293.8334	297.4167
292.8096	297.4167
292.8096	296.9048
290.2501	296.9048
290.2501	295.8810
289.7382	295.8810
289.7382	295.3691
289.2262	295.3691
289.2262	294.8572
288.7143	294.8572
288.7143	294.3453
288.2024	294.3453
288.2024	293.3215
287.6905	293.3215
287.6905	292.8096
287.1786	292.8096
287.1786	292.2977
286.6667	292.2977
286.6667	291.7858
286.1548	291.7858
286.1548	291.2739
285.6429	291.2739
285.6429	290.7620
285.1310	290.7620
285.1310	290.2501
284.6191	290.2501
284.6191	289.7382
283.5953	289.7382
283.5953	289.2262
282.5715	289.2262
282.5715	288.7143
281.5477	288.7143
281.5477	288.2024
280.0120	288.2024
280.0120	287.1786
279.5001	287.1786
279.5001	286.6667
278.9881	286.6667
278.9881	286.1548
278.4762	286.1548
278.4762	284.1072
278.9881	284.1072
278.9881	278.9881
278.4762	278.9881
278.4762	276.4286
277.9643	276.4286
277.9643	275.4048
277.4524	275.4048
277.4524	274.3810
276.9405	274.3810
276.9405	273.8691
277.4524	273.8691
277.4524	271.3096
277.9643	271.3096
277.9643	268.2381
277.4524	268.2381
277.4524	265.6786
276.9405	265.6786
276.9405	264.6548
276.4286	264.6548
276.4286	263.6310
275.9167	263.6310
275.9167	258.0000
275.4048	258.0000
275.4048	253.9048
275.9167	253.9048
275.9167	248.2739
276.4286	248.2739
276.4286	244.6905
276.9405	244.6905
276.9405	241.1072
276.4286	241.1072
276.4286	237.5239
276.9405	237.5239
276.9405	235.4762
277.4524	235.4762
277.4524	232.9167
277.9643	232.9167
277.9643	231.8929
278.4762	231.8929
278.4762	230.3572
278.9881	230.3572
278.9881	228.8215
279.5001	228.8215
279.5001	228.3096
280.0120	228.3096
280.0120	227.7977
280.5239	227.7977
280.5239	226.7739
281.0358	226.7739
281.0358	225.7500
281.5477	225.7500
281.5477	224.7262
282.0596	224.7262
282.0596	224.2143
282.5715	224.2143
282.5715	223.1905
283.0834	223.1905
283.0834	222.1667
283.5953	222.1667
283.5953	221.1429
284.1072	221.1429
284.1072	220.1191
284.6191	220.1191
284.6191	219.0953
285.1310	219.0953
285.1310	218.5834
285.6429	218.5834
285.6429	218.0715
286.1548	218.0715
286.1548	217.5596
286.6667	217.5596
286.6667	217.0477
287.1786	217.0477
287.1786	216.5358
287.6905	216.5358
287.6905	216.0239
288.2024	216.0239
288.2024	215.0000
288.7143	215.0000
288.7143	214.4881
289.2262	214.4881
289.2262	213.4643
289.7382	213.4643
289.7382	212.4405
290.2501	212.4405
290.2501	211.9286
291.2739	211.9286
291.2739	211.4167
291.7858	211.4167
291.7858	210.9048
292.2977	210.9048
292.2977	210.3929
292.8096	210.3929
292.8096	209.8810
293.3215	209.8810
293.3215	209.3691
294.3453	209.3691
294.3453	208.8572
294.8572	208.8572
294.8572	208.3453
295.8810	208.3453
295.8810	207.8334
296.3929	207.8334
296.3929	207.3215
297.4167	207.3215
297.4167	206.8096
298.4405	206.8096
298.4405	206.2977
299.4643	206.2977
299.4643	205.7858
302.0239	205.7858
302.0239	205.2738
307.6548	205.2738
307.6548	204.7619
320.4524	204.7619
320.4524	204.2500
326.0834	204.2500
326.0834	203.7381
334.7858	203.7381
334.7858	204.2500
337.3453	204.2500
337.3453	204.7619
339.9048	204.7619
339.9048	205.2738
340.9286	205.2738
340.9286	205.7858
342.9763	205.7858
342.9763	206.2977
345.5358	206.2977
345.5358	206.8096
348.6072	206.8096
348.6072	207.3215
352.1905	207.3215
352.1905	206.8096
354.7501	206.8096
354.7501	206.2977
355.7739	206.2977
355.7739	205.7858
356.7977	205.7858
356.7977	205.2738
357.3096	205.2738
357.3096	204.7619
357.8215	204.7619
357.8215	204.2500
358.3334	204.2500
358.3334	203.7381
358.8453	203.7381
358.8453	203.2262
359.8691	203.2262
359.8691	202.7143
360.3810	202.7143
360.3810	202.2024
360.8929	202.2024
360.8929	201.6905
361.4048	201.6905
361.4048	201.1786
361.9167	201.1786
361.9167	200.6667
362.4286	200.6667
362.4286	200.1548
362.9405	200.1548
362.9405	199.1310
363.4525	199.1310
363.4525	198.1072
363.9644	198.1072
363.9644	197.0834
364.4763	197.0834
364.4763	194.5238
364.9882	194.5238
364.9882	194.0119
365.5001	194.0119
