373.6905	213.9762
376.7620	213.9762
376.7620	214.4881
378.2977	214.4881
378.2977	215.0000
379.8334	215.0000
379.8334	215.5119
380.8572	215.5119
380.8572	216.0239
381.8810	216.0239
381.8810	216.5358
383.4167	216.5358
383.4167	217.0477
384.9525	217.0477
384.9525	217.5596
385.9763	217.5596
385.9763	218.0715
387.0001	218.0715
387.0001	218.5834
388.0239	218.5834
388.0239	219.0953
389.0477	219.0953
389.0477	219.6072
390.0715	219.6072
390.0715	220.1191
392.1191	220.1191
392.1191	220.6310
393.6548	220.6310
393.6548	221.1429
395.7025	221.1429
395.7025	221.6548
398.2620	221.6548
398.2620	222.1667
400.8215	222.1667
400.8215	222.6786
402.8691	222.6786
402.8691	223.1905
404.9167	223.1905
404.9167	223.7024
406.4525	223.7024
406.4525	224.2143
407.4763	224.2143
407.4763	224.7262
409.0120	224.7262
409.0120	225.2381
410.0358	225.2381
410.0358	225.7500
410.5477	225.7500
410.5477	226.2619
411.0596	226.2619
411.0596	226.7739
411.5715	226.7739
411.5715	227.2858
412.0834	227.2858
412.0834	227.7977
412.5953	227.7977
412.5953	228.3096
413.1072	228.3096
413.1072	228.8215
413.6191	228.8215
413.6191	229.3334
414.1310	229.3334
414.1310	229.8453
414.6429	229.8453
414.6429	230.3572
415.6667	230.3572
415.6667	230.8691
416.1787	230.8691
416.1787	231.3810
416.6906	231.3810
416.6906	231.8929
417.2025	231.8929
417.2025	232.9167
417.7144	232.9167
417.7144	233.4286
418.2263	233.4286
418.2263	234.4524
418.7382	234.4524
418.7382	234.9643
419.2501	234.9643
419.2501	235.4762
419.7620	235.4762
419.7620	235.9881
420.2739	235.9881
420.2739	236.5000
420.7858	236.5000
420.7858	237.0119
421.2977	237.0119
421.2977	237.5239
421.8096	237.5239
421.8096	238.0358
422.3215	238.0358
422.3215	238.5477
422.8334	238.5477
422.8334	239.0596
423.3453	239.0596
423.3453	239.5715
423.8572	239.5715
423.8572	240.0834
424.3691	240.0834
424.3691	240.5953
425.3929	240.5953
425.3929	241.1072
425.9048	241.1072
425.9048	241.6191
426.4167	241.6191
426.4167	242.1310
426.9287	242.1310
426.9287	243.6667
427.4406	243.6667
427.4406	244.6905
427.9525	244.6905
427.9525	245.7143
428.4644	245.7143
428.4644	246.7381
428.9763	246.7381
428.9763	248.2739
429.4882	248.2739
429.4882	249.2977
430.0001	249.2977
430.0001	250.3215
430.5120	250.3215
430.5120	251.3453
431.0239	251.3453
431.0239	252.3691
431.5358	252.3691
431.5358	252.8810
432.0477	252.8810
432.0477	253.9048
432.5596	253.9048
432.5596	254.9286
433.0715	254.9286
433.0715	255.4405
433.5834	255.4405
433.5834	256.4643
434.0953	256.4643
434.0953	256.9762
434.6072	256.9762
434.6072	258.0000
435.1191	258.0000
435.1191	258.5120
435.6310	258.5120
435.6310	259.0239
436.1429	259.0239
436.1429	259.5358
436.6548	259.5358
436.6548	260.5596
437.1667	260.5596
437.1667	261.0715
437.6787	261.0715
437.6787	261.5834
438.1906	261.5834
438.1906	262.6072
438.7025	262.6072
438.7025	265.1667
439.2144	265.1667
439.2144	267.7262
439.7263	267.7262
439.7263	268.7501
440.2382	268.7501
440.2382	269.7739
440.7501	269.7739
440.7501	270.2858
441.2620	270.2858
441.2620	272.3334
441.7739	272.3334
441.7739	273.8691
442.2858	273.8691
442.2858	276.9405
442.7977	276.9405
442.7977	279.5001
443.3096	279.5001
443.3096	280.5239
443.8215	280.5239
443.8215	283.0834
444.3334	283.0834
444.3334	291.2739
443.8215	291.2739
443.8215	293.3215
443.3096	293.3215
443.3096	295.8810
442.7977	295.8810
442.7977	296.3929
442.2858	296.3929
442.2858	297.4167
441.7739	297.4167
441.7739	298.4405
441.2620	298.4405
441.2620	298.9524
440.7501	298.9524
440.7501	299.9762
440.2382	299.9762
440.2382	301.0001
439.7263	301.0001
439.7263	302.0239
439.2144	302.0239
439.2144	303.0477
438.7025	303.0477
438.7025	304.0715
438.1906	304.0715
438.1906	306.6310
437.6787	306.6310
437.6787	310.2143
437.1667	310.2143
437.1667	311.7501
436.6548	311.7501
436.6548	313.7977
436.1429	313.7977
436.1429	315.3334
435.6310	315.3334
435.6310	316.8691
435.1191	316.8691
435.1191	319.4286
434.6072	319.4286
434.6072	323.0120
435.1191	323.0120
435.1191	325.5715
435.6310	325.5715
435.6310	326.5953
436.1429	326.5953
436.1429	327.6191
436.6548	327.6191
436.6548	328.1310
437.1667	328.1310
437.1667	328.6429
437.6787	328.6429
437.6787	329.1548
438.1906	329.1548
438.1906	329.6667
438.7025	329.6667
438.7025	330.1786
439.2144	330.1786
439.2144	330.6905
440.2382	330.6905
440.2382	331.2024
441.2620	331.2024
441.2620	331.7143
441.7739	331.7143
441.7739	332.2263
442.7977	332.2263
442.7977	332.7382
443.8215	332.7382
443.8215	333.2501
445.3572	333.2501
445.3572	333.7620
444.8453	333.7620
444.8453	334.2739
442.2858	334.2739
442.2858	334.7858
441.2620	334.7858
441.2620	335.2977
440.2382	335.2977
440.2382	335.8096
439.2144	335.8096
439.2144	336.3215
438.7025	336.3215
438.7025	336.8334
438.1906	336.8334
438.1906	337.3453
437.6787	337.3453
437.6787	337.8572
437.1667	337.8572
437.1667	337.3453
434.6072	337.3453
434.6072	336.8334
432.0477	336.8334
432.0477	337.3453
429.4882	337.3453
429.4882	337.8572
428.4644	337.8572
428.4644	338.3691
427.4406	338.3691
427.4406	338.8810
426.9287	338.8810
426.9287	339.3929
426.4167	339.3929
426.4167	339.9048
425.9048	339.9048
425.9048	340.4167
424.8810	340.4167
424.8810	340.9286
424.3691	340.9286
424.3691	341.4405
423.8572	341.4405
423.8572	341.9524
423.3453	341.9524
423.3453	342.4644
422.8334	342.4644
422.8334	342.9763
422.3215	342.9763
422.3215	343.4882
421.8096	343.4882
421.8096	344.5120
421.2977	344.5120
421.2977	345.5358
420.7858	345.5358
420.7858	348.0953
420.2739	348.0953
420.2739	352.1905
420.7858	352.1905
420.7858	352.7024
420.2739	352.7024
420.2739	353.7263
419.7620	353.7263
419.7620	354.7501
419.2501	354.7501
419.2501	356.2858
418.7382	356.2858
418.7382	357.3096
418.2263	357.3096
418.2263	357.8215
416.6906	357.8215
416.6906	357.3096
411.0596	357.3096
411.0596	357.8215
408.5001	357.8215
408.5001	358.3334
407.4763	358.3334
407.4763	358.8453
406.4525	358.8453
406.4525	359.3572
405.9406	359.3572
405.9406	359.8691
405.4286	359.8691
405.4286	360.3810
404.9167	360.3810
404.9167	360.8929
400.8215	360.8929
400.8215	361.4048
398.2620	361.4048
398.2620	361.9167
397.2382	361.9167
397.2382	362.4286
396.2144	362.4286
396.2144	362.9405
395.7025	362.9405
395.7025	363.4525
395.1906	363.4525
395.1906	363.9644
393.6548	363.9644
393.6548	364.4763
391.0953	364.4763
391.0953	363.9644
385.9763	363.9644
385.9763	364.4763
383.4167	364.4763
383.4167	364.9882
382.3929	364.9882
382.3929	364.4763
376.7620	364.4763
376.7620	364.9882
373.6905	364.9882
373.6905	365.5001
371.1310	365.5001
371.1310	366.0120
369.5953	366.0120
369.5953	366.5239
368.5715	366.5239
368.5715	367.0358
367.5477	367.0358
367.5477	367.5477
366.5239	367.5477
366.5239	368.0596
366.0120	368.0596
366.0120	368.5715
365.5001	368.5715
365.5001	369.0834
364.9882	369.0834
364.9882	369.5953
364.4763	369.5953
364.4763	370.1072
361.9167	370.1072
361.9167	370.6191
360.8929	370.6191
360.8929	371.1310
359.8691	371.1310
359.8691	371.6429
359.3572	371.6429
359.3572	372.1548
358.8453	372.1548
358.8453	372.6667
358.3334	372.6667
358.3334	373.1786
357.8215	373.1786
357.8215	373.6905
357.3096	373.6905
357.3096	374.2025
354.7501	374.2025
354.7501	374.7144
352.7024	374.7144
352.7024	375.2263
351.6786	375.2263
351.6786	375.7382
350.6548	375.7382
350.6548	376.2501
349.6310	376.2501
349.6310	375.7382
349.1191	375.7382
349.1191	375.2263
348.6072	375.2263
348.6072	374.7144
348.0953	374.7144
348.0953	374.2025
347.0715	374.2025
347.0715	373.6905
346.0477	373.6905
346.0477	373.1786
345.0239	373.1786
345.0239	372.6667
344.0001	372.6667
344.0001	372.1548
342.4644	372.1548
342.4644	371.6429
339.9048	371.6429
339.9048	371.1310
338.8810	371.1310
338.8810	370.1072
339.3929	370.1072
339.3929	367.0358
339.9048	367.0358
339.9048	362.9405
339.3929	362.9405
339.3929	360.3810
338.8810	360.3810
338.8810	359.3572
338.3691	359.3572
338.3691	358.3334
337.8572	358.3334
337.8572	357.8215
337.3453	357.8215
337.3453	357.3096
336.8334	357.3096
336.8334	356.7977
336.3215	356.7977
336.3215	356.2858
335.8096	356.2858
335.8096	355.7739
335.2977	355.7739
335.2977	355.2620
334.2739	355.2620
334.2739	354.7501
333.2501	354.7501
333.2501	354.2382
332.2263	354.2382
332.2263	353.7263
331.2024	353.7263
331.2024	353.2144
329.6667	353.2144
329.6667	352.7024
328.6429	352.7024
328.6429	352.1905
328.1310	352.1905
328.1310	351.6786
327.6191	351.6786
327.6191	351.1667
326.5953	351.1667
326.5953	350.6548
325.5715	350.6548
325.5715	350.1429
323.0120	350.1429
323.0120	349.6310
318.9167	349.6310
318.9167	350.1429
316.8691	350.1429
316.8691	349.6310
316.3572	349.6310
316.3572	349.1191
315.3334	349.1191
315.3334	348.6072
314.3096	348.6072
314.3096	348.0953
313.2858	348.0953
313.2858	347.5834
312.7739	347.5834
312.7739	347.0715
312.2620	347.0715
312.2620	346.5596
311.2382	346.5596
311.2382	346.0477
310.2143	346.0477
310.2143	345.5358
308.6786	345.5358
308.6786	345.0239
308.1667	345.0239
308.1667	344.0001
307.6548	344.0001
307.6548	343.4882
307.1429	343.4882
307.1429	342.9763
306.6310	342.9763
306.6310	342.4644
306.1191	342.4644
306.1191	341.9524
305.6072	341.9524
305.6072	341.4405
304.5834	341.4405
304.5834	340.9286
303.5596	340.9286
303.5596	340.4167
303.0477	340.4167
303.0477	339.9048
302.5358	339.9048
302.5358	339.3929
302.0239	339.3929
302.0239	338.8810
301.5120	338.8810
301.5120	338.3691
301.0001	338.3691
301.0001	337.8572
300.4882	337.8572
300.4882	337.3453
299.4643	337.3453
299.4643	336.8334
298.4405	336.8334
298.4405	336.3215
296.9048	336.3215
296.9048	335.8096
296.3929	335.8096
296.3929	335.2977
295.8810	335.2977
295.8810	334.7858
294.8572	334.7858
294.8572	334.2739
294.3453	334.2739
294.3453	333.7620
293.3215	333.7620
293.3215	333.2501
292.8096	333.2501
292.8096	332.7382
292.2977	332.7382
292.2977	332.2263
291.7858	332.2263
291.7858	331.7143
290.7620	331.7143
290.7620	331.2024
289.7382	331.2024
289.7382	330.6905
289.2262	330.6905
289.2262	330.1786
288.7143	330.1786
288.7143	329.6667
288.2024	329.6667
288.2024	329.1548
287.6905	329.1548
287.6905	328.6429
286.6667	328.6429
286.6667	328.1310
285.6429	328.1310
285.6429	327.6191
285.1310	327.6191
285.1310	327.1072
284.6191	327.1072
284.6191	326.5953
284.1072	326.5953
284.1072	325.5715
283.5953	325.5715
283.5953	325.0596
283.0834	325.0596
283.0834	324.5477
282.5715	324.5477
282.5715	324.0358
282.0596	324.0358
282.0596	323.5239
281.5477	323.5239
281.5477	323.0120
281.0358	323.0120
281.0358	322.5001
280.5239	322.5001
280.5239	321.9882
280.0120	321.9882
280.0120	321.4763
279.5001	321.4763
279.5001	320.4524
278.9881	320.4524
278.9881	319.4286
278.4762	319.4286
278.4762	318.4048
277.9643	318.4048
277.9643	317.3810
277.4524	317.3810
277.4524	316.3572
276.9405	316.3572
276.9405	315.3334
276.4286	315.3334
276.4286	313.2858
275.9167	313.2858
275.9167	311.7501
275.4048	311.7501
275.4048	310.7262
274.8929	310.7262
274.8929	309.7024
274.3810	309.7024
274.3810	307.1429
273.8691	307.1429
273.8691	305.6072
273.3572	305.6072
273.3572	305.0953
273.8691	305.0953
273.8691	302.5358
273.3572	302.5358
273.3572	294.3453
272.8453	294.3453
272.8453	291.2739
273.3572	291.2739
273.3572	287.6905
272.8453	287.6905
272.8453	277.4524
273.3572	277.4524
273.3572	276.4286
273.8691	276.4286
273.8691	274.8929
274.3810	274.8929
274.3810	272.3334
274.8929	272.3334
274.8929	269.2620
274.3810	269.2620
274.3810	268.7501
274.8929	268.7501
274.8929	266.1905
275.4048	266.1905
275.4048	265.6786
275.9167	265.6786
275.9167	265.1667
276.4286	265.1667
276.4286	264.1429
276.9405	264.1429
276.9405	263.1191
277.4524	263.1191
277.4524	261.5834
277.9643	261.5834
277.9643	260.5596
278.4762	260.5596
278.4762	259.0239
278.9881	259.0239
278.9881	258.5120
279.5001	258.5120
279.5001	258.0000
280.0120	258.0000
280.0120	257.4881
280.5239	257.4881
280.5239	256.9762
281.0358	256.9762
281.0358	256.4643
281.5477	256.4643
281.5477	255.9524
282.0596	255.9524
282.0596	255.4405
282.5715	255.4405
282.5715	254.9286
283.0834	254.9286
283.0834	253.9048
283.5953	253.9048
283.5953	252.8810
284.1072	252.8810
284.1072	250.3215
284.6191	250.3215
284.6191	247.7620
285.1310	247.7620
285.1310	247.2500
285.6429	247.2500
285.6429	246.2262
286.1548	246.2262
286.1548	245.2024
286.6667	245.2024
286.6667	244.1786
287.1786	244.1786
287.1786	243.6667
287.6905	243.6667
287.6905	242.6429
288.2024	242.6429
288.2024	242.1310
288.7143	242.1310
288.7143	241.6191
289.2262	241.6191
289.2262	241.1072
290.2501	241.1072
290.2501	240.5953
291.2739	240.5953
291.2739	240.0834
291.7858	240.0834
291.7858	239.5715
292.2977	239.5715
292.2977	239.0596
293.3215	239.0596
293.3215	238.5477
293.8334	238.5477
293.8334	238.0358
294.3453	238.0358
294.3453	237.5239
295.3691	237.5239
295.3691	237.0119
296.3929	237.0119
296.3929	236.5000
297.4167	236.5000
297.4167	235.9881
298.9524	235.9881
298.9524	235.4762
300.4882	235.4762
300.4882	234.9643
301.5120	234.9643
301.5120	234.4524
302.5358	234.4524
302.5358	233.9405
303.5596	233.9405
303.5596	233.4286
304.0715	233.4286
304.0715	232.9167
304.5834	232.9167
304.5834	232.4048
305.0953	232.4048
305.0953	231.8929
305.6072	231.8929
305.6072	231.3810
306.6310	231.3810
306.6310	230.8691
307.1429	230.8691
307.1429	230.3572
308.1667	230.3572
308.1667	229.8453
308.6786	229.8453
308.6786	229.3334
309.1905	229.3334
309.1905	228.8215
309.7024	228.8215
309.7024	228.3096
310.7262	228.3096
310.7262	227.7977
311.7501	227.7977
311.7501	227.2858
312.7739	227.2858
312.7739	226.7739
315.3334	226.7739
315.3334	226.2619
316.3572	226.2619
316.3572	225.7500
317.3810	225.7500
317.3810	225.2381
318.9167	225.2381
318.9167	224.7262
320.4524	224.7262
320.4524	224.2143
323.0120	224.2143
323.0120	223.7024
326.0834	223.7024
326.0834	223.1905
329.1548	223.1905
329.1548	222.6786
331.7143	222.6786
331.7143	222.1667
334.2739	222.1667
334.2739	221.6548
336.3215	221.6548
336.3215	221.1429
340.4167	221.1429
340.4167	220.6310
344.0001	220.6310
344.0001	220.1191
347.0715	220.1191
347.0715	219.6072
352.1905	219.6072
352.1905	219.0953
354.7501	219.0953
354.7501	218.5834
357.3096	218.5834
357.3096	218.0715
359.3572	218.0715
359.3572	217.5596
360.3810	217.5596
360.3810	217.0477
361.4048	217.0477
361.4048	216.5358
362.9405	216.5358
362.9405	216.0239
363.9644	216.0239
363.9644	215.5119
364.9882	215.5119
364.9882	215.0000
365.5001	215.0000
365.5001	214.4881
366.5239	214.4881
366.5239	213.9762
367.5477	213.9762
367.5477	213.4643
373.6905	213.4643
