374.7144	211.4167
376.7620	211.4167
376.7620	211.9286
377.7858	211.9286
377.7858	212.4405
378.8096	212.4405
378.8096	212.9524
380.3453	212.9524
380.3453	213.4643
380.8572	213.4643
380.8572	213.9762
381.3691	213.9762
381.3691	214.4881
381.8810	214.4881
381.8810	215.0000
382.3929	215.0000
382.3929	215.5119
383.4167	215.5119
383.4167	216.0239
383.9286	216.0239
383.9286	216.5358
384.4405	216.5358
384.4405	217.0477
385.4644	217.0477
385.4644	217.5596
386.4882	217.5596
386.4882	218.0715
389.0477	218.0715
389.0477	218.5834
392.1191	218.5834
392.1191	219.0953
394.1667	219.0953
394.1667	219.6072
395.7025	219.6072
395.7025	220.1191
398.2620	220.1191
398.2620	220.6310
401.8453	220.6310
401.8453	221.1429
402.8691	221.1429
402.8691	221.6548
403.8929	221.6548
403.8929	222.1667
404.9167	222.1667
404.9167	222.6786
405.9406	222.6786
405.9406	223.1905
406.9644	223.1905
406.9644	223.7024
407.4763	223.7024
407.4763	224.2143
407.9882	224.2143
407.9882	224.7262
409.0120	224.7262
409.0120	225.2381
409.5239	225.2381
409.5239	225.7500
410.0358	225.7500
410.0358	226.2619
410.5477	226.2619
410.5477	226.7739
411.0596	226.7739
411.0596	227.2858
411.5715	227.2858
411.5715	227.7977
412.5953	227.7977
412.5953	228.3096
413.1072	228.3096
413.1072	229.3334
413.6191	229.3334
413.6191	230.3572
414.1310	230.3572
414.1310	230.8691
414.6429	230.8691
414.6429	231.3810
415.1548	231.3810
415.1548	231.8929
415.6667	231.8929
415.6667	232.4048
416.1787	232.4048
416.1787	232.9167
417.2025	232.9167
417.2025	233.4286
418.2263	233.4286
418.2263	233.9405
419.2501	233.9405
419.2501	234.4524
419.7620	234.4524
419.7620	234.9643
420.2739	234.9643
420.2739	235.4762
420.7858	235.4762
420.7858	235.9881
421.2977	235.9881
421.2977	236.5000
421.8096	236.5000
421.8096	237.5239
422.3215	237.5239
422.3215	238.0358
422.8334	238.0358
422.8334	238.5477
423.3453	238.5477
423.3453	239.0596
423.8572	239.0596
423.8572	239.5715
424.3691	239.5715
424.3691	240.0834
424.8810	240.0834
424.8810	240.5953
425.3929	240.5953
425.3929	241.1072
425.9048	241.1072
425.9048	242.1310
426.4167	242.1310
426.4167	243.1548
426.9287	243.1548
426.9287	244.1786
427.4406	244.1786
427.4406	245.7143
427.9525	245.7143
427.9525	246.7381
428.4644	246.7381
428.4644	247.7620
428.9763	247.7620
428.9763	248.7858
429.4882	248.7858
429.4882	249.8096
430.0001	249.8096
430.0001	250.8334
430.5120	250.8334
430.5120	251.8572
431.0239	251.8572
431.0239	252.8810
431.5358	252.8810
431.5358	253.9048
432.0477	253.9048
432.0477	254.4167
432.5596	254.4167
432.5596	254.9286
433.0715	254.9286
433.0715	255.4405
433.5834	255.4405
433.5834	255.9524
434.0953	255.9524
434.0953	256.9762
434.6072	256.9762
434.6072	257.4881
435.1191	257.4881
435.1191	258.5120
435.6310	258.5120
435.6310	259.5358
436.1429	259.5358
436.1429	260.5596
436.6548	260.5596
436.6548	261.0715
437.1667	261.0715
437.1667	262.0953
437.6787	262.0953
437.6787	263.1191
438.1906	263.1191
438.1906	263.6310
438.7025	263.6310
438.7025	264.1429
439.2144	264.1429
439.2144	266.7024
439.7263	266.7024
439.7263	267.7262
440.2382	267.7262
440.2382	268.7501
440.7501	268.7501
440.7501	269.7739
441.2620	269.7739
441.2620	270.7977
441.7739	270.7977
441.7739	272.8453
442.2858	272.8453
442.2858	274.3810
442.7977	274.3810
442.7977	275.9167
443.3096	275.9167
443.3096	280.0120
443.8215	280.0120
443.8215	283.0834
444.3334	283.0834
444.3334	290.7620
443.8215	290.7620
443.8215	293.3215
443.3096	293.3215
443.3096	294.8572
442.7977	294.8572
442.7977	296.3929
442.2858	296.3929
442.2858	296.9048
441.7739	296.9048
441.7739	297.9286
441.2620	297.9286
441.2620	298.4405
440.7501	298.4405
440.7501	299.4643
440.2382	299.4643
440.2382	299.9762
439.7263	299.9762
439.7263	300.4882
439.2144	300.4882
439.2144	301.5120
438.7025	301.5120
438.7025	302.0239
438.1906	302.0239
438.1906	302.5358
437.6787	302.5358
437.6787	303.5596
437.1667	303.5596
437.1667	304.5834
436.6548	304.5834
436.6548	306.6310
436.1429	306.6310
436.1429	308.1667
435.6310	308.1667
435.6310	310.7262
435.1191	310.7262
435.1191	312.2620
434.6072	312.2620
434.6072	313.7977
434.0953	313.7977
434.0953	315.3334
433.5834	315.3334
433.5834	316.3572
433.0715	316.3572
433.0715	317.8929
432.5596	317.8929
432.5596	320.4524
432.0477	320.4524
432.0477	324.5477
432.5596	324.5477
432.5596	327.1072
433.0715	327.1072
433.0715	328.1310
433.5834	328.1310
433.5834	329.1548
434.0953	329.1548
434.0953	329.6667
434.6072	329.6667
434.6072	330.1786
435.1191	330.1786
435.1191	330.6905
435.6310	330.6905
435.6310	331.2024
436.1429	331.2024
436.1429	332.2263
436.6548	332.2263
436.6548	332.7382
437.1667	332.7382
437.1667	333.7620
437.6787	333.7620
437.6787	334.7858
438.1906	334.7858
438.1906	335.8096
437.1667	335.8096
437.1667	336.3215
436.6548	336.3215
436.6548	336.8334
436.1429	336.8334
436.1429	337.3453
434.6072	337.3453
434.6072	336.8334
430.0001	336.8334
430.0001	337.3453
427.4406	337.3453
427.4406	337.8572
426.4167	337.8572
426.4167	338.3691
425.3929	338.3691
425.3929	338.8810
424.8810	338.8810
424.8810	339.3929
424.3691	339.3929
424.3691	339.9048
423.8572	339.9048
423.8572	340.4167
423.3453	340.4167
423.3453	340.9286
422.8334	340.9286
422.8334	341.4405
422.3215	341.4405
422.3215	341.9524
421.8096	341.9524
421.8096	342.4644
421.2977	342.4644
421.2977	342.9763
420.7858	342.9763
420.7858	344.0001
420.2739	344.0001
420.2739	345.0239
419.7620	345.0239
419.7620	347.5834
419.2501	347.5834
419.2501	353.7263
418.7382	353.7263
418.7382	354.7501
418.2263	354.7501
418.2263	355.7739
417.7144	355.7739
417.7144	357.3096
417.2025	357.3096
417.2025	358.8453
416.6906	358.8453
416.6906	359.3572
416.1787	359.3572
416.1787	359.8691
413.6191	359.8691
413.6191	360.3810
412.0834	360.3810
412.0834	360.8929
411.0596	360.8929
411.0596	361.4048
410.0358	361.4048
410.0358	361.9167
409.5239	361.9167
409.5239	362.4286
407.9882	362.4286
407.9882	362.9405
406.9644	362.9405
406.9644	362.4286
402.8691	362.4286
402.8691	361.9167
397.2382	361.9167
397.2382	362.4286
394.6786	362.4286
394.6786	362.9405
393.6548	362.9405
393.6548	363.4525
392.6310	363.4525
392.6310	363.9644
392.1191	363.9644
392.1191	364.4763
391.6072	364.4763
391.6072	364.9882
390.5834	364.9882
390.5834	364.4763
389.5596	364.4763
389.5596	363.9644
388.5358	363.9644
388.5358	363.4525
385.9763	363.4525
385.9763	362.9405
378.8096	362.9405
378.8096	363.4525
376.2501	363.4525
376.2501	363.9644
373.6905	363.9644
373.6905	364.4763
372.1548	364.4763
372.1548	364.9882
371.1310	364.9882
371.1310	365.5001
370.1072	365.5001
370.1072	366.0120
369.5953	366.0120
369.5953	366.5239
367.0358	366.5239
367.0358	367.0358
365.5001	367.0358
365.5001	367.5477
364.4763	367.5477
364.4763	368.0596
363.4525	368.0596
363.4525	368.5715
362.9405	368.5715
362.9405	369.0834
362.4286	369.0834
362.4286	369.5953
361.4048	369.5953
361.4048	370.1072
360.8929	370.1072
360.8929	370.6191
360.3810	370.6191
360.3810	371.1310
359.8691	371.1310
359.8691	371.6429
359.3572	371.6429
359.3572	372.1548
358.8453	372.1548
358.8453	372.6667
358.3334	372.6667
358.3334	373.1786
357.8215	373.1786
357.8215	373.6905
357.3096	373.6905
357.3096	374.2025
354.2382	374.2025
354.2382	374.7144
351.6786	374.7144
351.6786	375.2263
350.6548	375.2263
350.6548	375.7382
349.6310	375.7382
349.6310	376.2501
349.1191	376.2501
349.1191	375.7382
348.6072	375.7382
348.6072	375.2263
348.0953	375.2263
348.0953	374.7144
347.5834	374.7144
347.5834	374.2025
347.0715	374.2025
347.0715	373.6905
346.0477	373.6905
346.0477	373.1786
345.0239	373.1786
345.0239	372.6667
342.9763	372.6667
342.9763	372.1548
340.4167	372.1548
340.4167	371.6429
339.9048	371.6429
339.9048	368.0596
340.4167	368.0596
340.4167	363.9644
339.9048	363.9644
339.9048	361.4048
339.3929	361.4048
339.3929	360.3810
338.8810	360.3810
338.8810	359.3572
338.3691	359.3572
338.3691	358.8453
337.8572	358.8453
337.8572	358.3334
337.3453	358.3334
337.3453	357.8215
336.8334	357.8215
336.8334	357.3096
336.3215	357.3096
336.3215	356.7977
335.8096	356.7977
335.8096	356.2858
334.7858	356.2858
334.7858	355.7739
334.2739	355.7739
334.2739	355.2620
333.2501	355.2620
333.2501	354.7501
332.2263	354.7501
332.2263	354.2382
331.2024	354.2382
331.2024	353.7263
330.1786	353.7263
330.1786	353.2144
329.1548	353.2144
329.1548	352.7024
326.5953	352.7024
326.5953	352.1905
323.0120	352.1905
323.0120	351.6786
316.3572	351.6786
316.3572	351.1667
315.8453	351.1667
315.8453	350.6548
315.3334	350.6548
315.3334	350.1429
314.3096	350.1429
314.3096	349.6310
313.7977	349.6310
313.7977	349.1191
313.2858	349.1191
313.2858	348.6072
312.7739	348.6072
312.7739	348.0953
312.2620	348.0953
312.2620	347.5834
311.2382	347.5834
311.2382	347.0715
310.2143	347.0715
310.2143	346.5596
308.6786	346.5596
308.6786	346.0477
307.6548	346.0477
307.6548	345.5358
307.1429	345.5358
307.1429	345.0239
306.6310	345.0239
306.6310	344.5120
306.1191	344.5120
306.1191	344.0001
305.6072	344.0001
305.6072	343.4882
305.0953	343.4882
305.0953	342.9763
304.5834	342.9763
304.5834	342.4644
304.0715	342.4644
304.0715	341.9524
303.0477	341.9524
303.0477	341.4405
302.0239	341.4405
302.0239	340.9286
301.0001	340.9286
301.0001	340.4167
299.9762	340.4167
299.9762	339.9048
299.4643	339.9048
299.4643	339.3929
298.4405	339.3929
298.4405	338.8810
297.4167	338.8810
297.4167	338.3691
296.3929	338.3691
296.3929	337.8572
295.8810	337.8572
295.8810	337.3453
294.8572	337.3453
294.8572	336.8334
294.3453	336.8334
294.3453	336.3215
293.3215	336.3215
293.3215	335.8096
292.2977	335.8096
292.2977	335.2977
291.2739	335.2977
291.2739	334.7858
290.2501	334.7858
290.2501	334.2739
288.7143	334.2739
288.7143	333.7620
288.2024	333.7620
288.2024	333.2501
287.6905	333.2501
287.6905	332.7382
287.1786	332.7382
287.1786	332.2263
286.1548	332.2263
286.1548	331.7143
285.6429	331.7143
285.6429	331.2024
285.1310	331.2024
285.1310	330.6905
284.6191	330.6905
284.6191	330.1786
284.1072	330.1786
284.1072	329.6667
283.5953	329.6667
283.5953	328.6429
283.0834	328.6429
283.0834	328.1310
282.5715	328.1310
282.5715	327.6191
282.0596	327.6191
282.0596	327.1072
281.5477	327.1072
281.5477	326.0834
281.0358	326.0834
281.0358	325.5715
280.5239	325.5715
280.5239	325.0596
280.0120	325.0596
280.0120	324.0358
279.5001	324.0358
279.5001	323.5239
278.9881	323.5239
278.9881	323.0120
278.4762	323.0120
278.4762	321.9882
277.9643	321.9882
277.9643	320.9643
277.4524	320.9643
277.4524	320.4524
276.9405	320.4524
276.9405	319.4286
276.4286	319.4286
276.4286	318.4048
275.9167	318.4048
275.9167	316.3572
275.4048	316.3572
275.4048	314.3096
274.8929	314.3096
274.8929	313.2858
274.3810	313.2858
274.3810	312.2620
273.8691	312.2620
273.8691	310.7262
273.3572	310.7262
273.3572	309.1905
272.8453	309.1905
272.8453	301.0001
272.3334	301.0001
272.3334	297.4167
272.8453	297.4167
272.8453	285.6429
273.3572	285.6429
273.3572	276.4286
273.8691	276.4286
273.8691	273.8691
274.3810	273.8691
274.3810	270.7977
274.8929	270.7977
274.8929	268.7501
275.4048	268.7501
275.4048	267.2143
275.9167	267.2143
275.9167	266.1905
276.4286	266.1905
276.4286	265.1667
276.9405	265.1667
276.9405	264.1429
277.4524	264.1429
277.4524	262.0953
277.9643	262.0953
277.9643	260.5596
278.4762	260.5596
278.4762	259.0239
278.9881	259.0239
278.9881	258.0000
279.5001	258.0000
279.5001	256.9762
280.0120	256.9762
280.0120	254.4167
280.5239	254.4167
280.5239	253.9048
281.0358	253.9048
281.0358	253.3929
281.5477	253.3929
281.5477	252.3691
282.0596	252.3691
282.0596	251.8572
282.5715	251.8572
282.5715	250.8334
283.0834	250.8334
283.0834	250.3215
283.5953	250.3215
283.5953	249.2977
284.1072	249.2977
284.1072	248.7858
284.6191	248.7858
284.6191	248.2739
285.1310	248.2739
285.1310	247.2500
285.6429	247.2500
285.6429	246.7381
286.1548	246.7381
286.1548	246.2262
286.6667	246.2262
286.6667	245.7143
287.1786	245.7143
287.1786	245.2024
287.6905	245.2024
287.6905	244.6905
288.2024	244.6905
288.2024	244.1786
288.7143	244.1786
288.7143	243.6667
289.2262	243.6667
289.2262	243.1548
289.7382	243.1548
289.7382	242.6429
290.2501	242.6429
290.2501	242.1310
290.7620	242.1310
290.7620	241.6191
291.2739	241.6191
291.2739	241.1072
292.2977	241.1072
292.2977	240.5953
292.8096	240.5953
292.8096	240.0834
293.3215	240.0834
293.3215	239.5715
294.3453	239.5715
294.3453	239.0596
295.3691	239.0596
295.3691	238.5477
296.3929	238.5477
296.3929	238.0358
296.9048	238.0358
296.9048	237.5239
297.4167	237.5239
297.4167	237.0119
297.9286	237.0119
297.9286	236.5000
298.4405	236.5000
298.4405	235.9881
299.4643	235.9881
299.4643	235.4762
300.4882	235.4762
300.4882	234.9643
301.0001	234.9643
301.0001	234.4524
302.0239	234.4524
302.0239	233.9405
303.0477	233.9405
303.0477	233.4286
303.5596	233.4286
303.5596	232.9167
304.0715	232.9167
304.0715	232.4048
305.0953	232.4048
305.0953	231.8929
306.1191	231.8929
306.1191	231.3810
307.1429	231.3810
307.1429	230.8691
307.6548	230.8691
307.6548	230.3572
308.6786	230.3572
308.6786	229.8453
309.1905	229.8453
309.1905	229.3334
309.7024	229.3334
309.7024	228.8215
310.7262	228.8215
310.7262	228.3096
311.2382	228.3096
311.2382	227.7977
312.2620	227.7977
312.2620	227.2858
313.2858	227.2858
313.2858	226.7739
313.7977	226.7739
313.7977	226.2619
314.3096	226.2619
314.3096	225.7500
315.8453	225.7500
315.8453	225.2381
316.8691	225.2381
316.8691	224.7262
318.9167	224.7262
318.9167	224.2143
322.5001	224.2143
322.5001	223.7024
325.0596	223.7024
325.0596	223.1905
326.5953	223.1905
326.5953	222.6786
328.6429	222.6786
328.6429	222.1667
332.2263	222.1667
332.2263	221.6548
336.3215	221.6548
336.3215	221.1429
340.4167	221.1429
340.4167	220.6310
345.5358	220.6310
345.5358	220.1191
348.0953	220.1191
348.0953	219.6072
351.1667	219.6072
351.1667	219.0953
353.7263	219.0953
353.7263	218.5834
354.7501	218.5834
354.7501	218.0715
356.7977	218.0715
356.7977	217.5596
358.3334	217.5596
358.3334	217.0477
359.3572	217.0477
359.3572	216.5358
360.3810	216.5358
360.3810	216.0239
361.4048	216.0239
361.4048	215.5119
362.4286	215.5119
362.4286	215.0000
362.9405	215.0000
362.9405	214.4881
363.4525	214.4881
363.4525	213.9762
364.4763	213.9762
364.4763	213.4643
364.9882	213.4643
364.9882	212.9524
366.0120	212.9524
366.0120	212.4405
366.5239	212.4405
366.5239	211.9286
367.5477	211.9286
367.5477	211.4167
369.5953	211.4167
369.5953	210.9048
374.7144	210.9048
