343.4882	218.0715
345.5358	218.0715
345.5358	218.5834
347.5834	218.5834
347.5834	219.0953
350.1429	219.0953
350.1429	219.6072
351.6786	219.6072
351.6786	220.1191
353.2144	220.1191
353.2144	220.6310
355.7739	220.6310
355.7739	221.1429
357.8215	221.1429
357.8215	221.6548
360.3810	221.6548
360.3810	222.1667
361.9167	222.1667
361.9167	222.6786
362.9405	222.6786
362.9405	223.1905
363.9644	223.1905
363.9644	223.7024
364.9882	223.7024
364.9882	224.2143
366.0120	224.2143
366.0120	224.7262
367.0358	224.7262
367.0358	225.2381
367.5477	225.2381
367.5477	225.7500
368.5715	225.7500
368.5715	226.2619
369.5953	226.2619
369.5953	226.7739
371.1310	226.7739
371.1310	227.2858
372.1548	227.2858
372.1548	227.7977
373.1786	227.7977
373.1786	228.3096
374.2025	228.3096
374.2025	228.8215
375.2263	228.8215
375.2263	229.3334
376.2501	229.3334
376.2501	229.8453
377.2739	229.8453
377.2739	230.3572
378.2977	230.3572
378.2977	230.8691
378.8096	230.8691
378.8096	231.3810
379.3215	231.3810
379.3215	231.8929
379.8334	231.8929
379.8334	232.4048
380.3453	232.4048
380.3453	232.9167
380.8572	232.9167
380.8572	233.4286
381.3691	233.4286
381.3691	233.9405
381.8810	233.9405
381.8810	234.4524
382.3929	234.4524
382.3929	234.9643
382.9048	234.9643
382.9048	235.4762
383.9286	235.4762
383.9286	235.9881
384.9525	235.9881
384.9525	236.5000
385.4644	236.5000
385.4644	237.0119
385.9763	237.0119
385.9763	237.5239
386.4882	237.5239
386.4882	238.5477
387.0001	238.5477
387.0001	239.0596
387.5120	239.0596
387.5120	239.5715
388.0239	239.5715
388.0239	240.0834
388.5358	240.0834
388.5358	240.5953
389.0477	240.5953
389.0477	241.1072
390.0715	241.1072
390.0715	241.6191
390.5834	241.6191
390.5834	242.1310
391.6072	242.1310
391.6072	242.6429
392.6310	242.6429
392.6310	243.1548
393.1429	243.1548
393.1429	244.1786
393.6548	244.1786
393.6548	244.6905
394.1667	244.6905
394.1667	245.2024
394.6786	245.2024
394.6786	245.7143
395.1906	245.7143
395.1906	246.2262
395.7025	246.2262
395.7025	246.7381
396.2144	246.7381
396.2144	247.7620
396.7263	247.7620
396.7263	248.7858
397.2382	248.7858
397.2382	249.2977
397.7501	249.2977
397.7501	250.8334
398.2620	250.8334
398.2620	252.3691
398.7739	252.3691
398.7739	253.3929
399.2858	253.3929
399.2858	254.4167
399.7977	254.4167
399.7977	255.4405
400.3096	255.4405
400.3096	256.9762
400.8215	256.9762
400.8215	258.0000
401.3334	258.0000
401.3334	259.0239
401.8453	259.0239
401.8453	260.0477
402.3572	260.0477
402.3572	262.0953
402.8691	262.0953
402.8691	263.1191
403.3810	263.1191
403.3810	264.1429
403.8929	264.1429
403.8929	266.7024
404.4048	266.7024
404.4048	269.2620
404.9167	269.2620
404.9167	273.8691
405.4286	273.8691
405.4286	276.9405
405.9406	276.9405
405.9406	280.5239
406.4525	280.5239
406.4525	283.0834
406.9644	283.0834
406.9644	283.5953
406.4525	283.5953
406.4525	286.6667
406.9644	286.6667
406.9644	290.7620
407.4763	290.7620
407.4763	293.8334
406.9644	293.8334
406.9644	298.9524
406.4525	298.9524
406.4525	301.5120
405.9406	301.5120
405.9406	302.5358
405.4286	302.5358
405.4286	303.5596
404.9167	303.5596
404.9167	305.6072
404.4048	305.6072
404.4048	308.1667
403.8929	308.1667
403.8929	309.1905
403.3810	309.1905
403.3810	311.2382
402.8691	311.2382
402.8691	313.7977
402.3572	313.7977
402.3572	317.8929
402.8691	317.8929
402.8691	319.4286
402.3572	319.4286
402.3572	324.0358
401.8453	324.0358
401.8453	327.6191
402.3572	327.6191
402.3572	329.6667
401.8453	329.6667
401.8453	330.1786
401.3334	330.1786
401.3334	331.2024
400.8215	331.2024
400.8215	332.2263
400.3096	332.2263
400.3096	332.7382
399.7977	332.7382
399.7977	332.2263
399.2858	332.2263
399.2858	331.7143
398.2620	331.7143
398.2620	331.2024
397.7501	331.2024
397.7501	330.6905
397.2382	330.6905
397.2382	330.1786
396.7263	330.1786
396.7263	329.6667
396.2144	329.6667
396.2144	329.1548
395.7025	329.1548
395.7025	328.6429
395.1906	328.6429
395.1906	328.1310
394.6786	328.1310
394.6786	327.6191
393.6548	327.6191
393.6548	327.1072
392.6310	327.1072
392.6310	326.5953
390.0715	326.5953
390.0715	326.0834
385.4644	326.0834
385.4644	326.5953
382.9048	326.5953
382.9048	327.1072
381.8810	327.1072
381.8810	327.6191
380.3453	327.6191
380.3453	327.1072
377.7858	327.1072
377.7858	327.6191
375.2263	327.6191
375.2263	328.1310
374.2025	328.1310
374.2025	328.6429
373.1786	328.6429
373.1786	329.1548
372.1548	329.1548
372.1548	329.6667
371.1310	329.6667
371.1310	330.1786
370.1072	330.1786
370.1072	330.6905
369.5953	330.6905
369.5953	331.2024
369.0834	331.2024
369.0834	331.7143
368.5715	331.7143
368.5715	332.2263
368.0596	332.2263
368.0596	332.7382
367.5477	332.7382
367.5477	333.2501
366.5239	333.2501
366.5239	333.7620
366.0120	333.7620
366.0120	334.2739
365.5001	334.2739
365.5001	334.7858
364.9882	334.7858
364.9882	335.2977
363.4525	335.2977
363.4525	334.7858
362.9405	334.7858
362.9405	332.2263
362.4286	332.2263
362.4286	331.2024
361.9167	331.2024
361.9167	330.1786
361.4048	330.1786
361.4048	329.6667
360.8929	329.6667
360.8929	329.1548
360.3810	329.1548
360.3810	328.6429
359.8691	328.6429
359.8691	328.1310
359.3572	328.1310
359.3572	327.6191
358.3334	327.6191
358.3334	327.1072
357.3096	327.1072
357.3096	326.5953
354.7501	326.5953
354.7501	326.0834
348.0953	326.0834
348.0953	325.5715
347.0715	325.5715
347.0715	325.0596
344.5120	325.0596
344.5120	324.5477
338.8810	324.5477
338.8810	324.0358
335.8096	324.0358
335.8096	324.5477
334.7858	324.5477
334.7858	323.5239
334.2739	323.5239
334.2739	323.0120
333.7620	323.0120
333.7620	322.5001
333.2501	322.5001
333.2501	321.4763
332.7382	321.4763
332.7382	320.9643
332.2263	320.9643
332.2263	320.4524
331.7143	320.4524
331.7143	317.8929
331.2024	317.8929
331.2024	316.3572
330.6905	316.3572
330.6905	315.3334
330.1786	315.3334
330.1786	314.3096
329.6667	314.3096
329.6667	313.2858
329.1548	313.2858
329.1548	312.7739
328.6429	312.7739
328.6429	312.2620
328.1310	312.2620
328.1310	311.7501
327.6191	311.7501
327.6191	311.2382
327.1072	311.2382
327.1072	310.7262
326.5953	310.7262
326.5953	310.2143
325.5715	310.2143
325.5715	309.7024
324.5477	309.7024
324.5477	309.1905
323.0120	309.1905
323.0120	308.6786
322.5001	308.6786
322.5001	308.1667
321.4763	308.1667
321.4763	307.6548
320.9643	307.6548
320.9643	307.1429
320.4524	307.1429
320.4524	306.1191
319.9405	306.1191
319.9405	305.6072
319.4286	305.6072
319.4286	304.0715
318.9167	304.0715
318.9167	302.0239
318.4048	302.0239
318.4048	301.0001
317.8929	301.0001
317.8929	299.9762
317.3810	299.9762
317.3810	298.4405
316.8691	298.4405
316.8691	297.4167
316.3572	297.4167
316.3572	294.8572
315.8453	294.8572
315.8453	292.2977
315.3334	292.2977
315.3334	291.2739
314.8215	291.2739
314.8215	286.6667
315.3334	286.6667
315.3334	284.1072
314.8215	284.1072
314.8215	281.5477
314.3096	281.5477
314.3096	280.5239
313.7977	280.5239
313.7977	279.5001
313.2858	279.5001
313.2858	278.4762
312.7739	278.4762
312.7739	275.9167
312.2620	275.9167
312.2620	274.3810
311.7501	274.3810
311.7501	273.3572
311.2382	273.3572
311.2382	271.3096
310.7262	271.3096
310.7262	270.2858
311.2382	270.2858
311.2382	266.1905
310.7262	266.1905
310.7262	264.6548
311.2382	264.6548
311.2382	258.0000
310.7262	258.0000
310.7262	255.4405
310.2143	255.4405
310.2143	254.4167
309.7024	254.4167
309.7024	253.3929
309.1905	253.3929
309.1905	252.8810
308.6786	252.8810
308.6786	251.8572
309.1905	251.8572
309.1905	250.8334
309.7024	250.8334
309.7024	250.3215
310.2143	250.3215
310.2143	249.2977
310.7262	249.2977
310.7262	248.2739
311.2382	248.2739
311.2382	247.7620
311.7501	247.7620
311.7501	246.7381
312.2620	246.7381
312.2620	245.7143
312.7739	245.7143
312.7739	243.1548
313.2858	243.1548
313.2858	240.5953
313.7977	240.5953
313.7977	238.0358
314.3096	238.0358
314.3096	237.0119
314.8215	237.0119
314.8215	235.4762
315.3334	235.4762
315.3334	233.4286
315.8453	233.4286
315.8453	232.4048
316.3572	232.4048
316.3572	230.3572
316.8691	230.3572
316.8691	229.8453
317.3810	229.8453
317.3810	228.8215
317.8929	228.8215
317.8929	228.3096
318.4048	228.3096
318.4048	227.2858
318.9167	227.2858
318.9167	226.2619
319.4286	226.2619
319.4286	225.7500
319.9405	225.7500
319.9405	225.2381
320.9643	225.2381
320.9643	224.7262
321.9882	224.7262
321.9882	224.2143
322.5001	224.2143
322.5001	223.7024
323.0120	223.7024
323.0120	223.1905
323.5239	223.1905
323.5239	222.6786
324.5477	222.6786
324.5477	222.1667
325.5715	222.1667
325.5715	221.6548
326.0834	221.6548
326.0834	221.1429
327.1072	221.1429
327.1072	220.6310
329.1548	220.6310
329.1548	220.1191
330.1786	220.1191
330.1786	219.6072
331.2024	219.6072
331.2024	219.0953
332.2263	219.0953
332.2263	218.5834
334.2739	218.5834
334.2739	218.0715
337.8572	218.0715
337.8572	217.5596
343.4882	217.5596
