390.5834	174.0477
391.6072	174.0477
391.6072	174.5596
393.1429	174.5596
393.1429	175.0715
395.1906	175.0715
395.1906	175.5834
397.7501	175.5834
397.7501	176.0953
400.8215	176.0953
400.8215	176.6072
401.3334	176.6072
401.3334	177.1191
402.3572	177.1191
402.3572	177.6310
403.3810	177.6310
403.3810	178.1429
404.9167	178.1429
404.9167	178.6548
406.4525	178.6548
406.4525	179.1667
409.0120	179.1667
409.0120	179.6786
410.0358	179.6786
410.0358	180.1905
411.5715	180.1905
411.5715	180.7024
413.1072	180.7024
413.1072	181.2143
415.1548	181.2143
415.1548	181.7262
417.2025	181.7262
417.2025	182.2381
418.2263	182.2381
418.2263	182.7500
419.7620	182.7500
419.7620	183.2619
421.2977	183.2619
421.2977	183.7738
422.3215	183.7738
422.3215	184.2857
423.3453	184.2857
423.3453	184.7977
423.8572	184.7977
423.8572	185.3096
424.8810	185.3096
424.8810	185.8215
425.3929	185.8215
425.3929	186.3334
426.4167	186.3334
426.4167	186.8453
426.9287	186.8453
426.9287	187.3572
427.4406	187.3572
427.4406	187.8691
427.9525	187.8691
427.9525	188.3810
428.9763	188.3810
428.9763	188.8929
429.4882	188.8929
429.4882	189.4048
430.0001	189.4048
430.0001	190.4286
430.5120	190.4286
430.5120	190.9405
431.0239	190.9405
431.0239	191.9643
431.5358	191.9643
431.5358	192.9881
432.0477	192.9881
432.0477	194.0119
432.5596	194.0119
432.5596	195.0358
433.0715	195.0358
433.0715	195.5477
433.5834	195.5477
433.5834	196.0596
434.0953	196.0596
434.0953	196.5715
434.6072	196.5715
434.6072	197.0834
435.1191	197.0834
435.1191	197.5953
435.6310	197.5953
435.6310	198.1072
436.1429	198.1072
436.1429	198.6191
436.6548	198.6191
436.6548	199.1310
437.1667	199.1310
437.1667	199.6429
437.6787	199.6429
437.6787	200.1548
438.1906	200.1548
438.1906	201.1786
438.7025	201.1786
438.7025	201.6905
439.2144	201.6905
439.2144	202.7143
439.7263	202.7143
439.7263	203.2262
440.2382	203.2262
440.2382	203.7381
440.7501	203.7381
440.7501	204.7619
441.2620	204.7619
441.2620	205.7858
441.7739	205.7858
441.7739	206.8096
442.2858	206.8096
442.2858	208.8572
442.7977	208.8572
442.7977	211.4167
443.3096	211.4167
443.3096	213.9762
443.8215	213.9762
443.8215	215.0000
444.3334	215.0000
444.3334	216.0239
444.8453	216.0239
444.8453	217.0477
445.3572	217.0477
445.3572	218.0715
445.8691	218.0715
445.8691	220.6310
446.3810	220.6310
446.3810	222.6786
446.8929	222.6786
446.8929	225.2381
447.4048	225.2381
447.4048	226.7739
447.9168	226.7739
447.9168	227.7977
448.4287	227.7977
448.4287	228.8215
448.9406	228.8215
448.9406	229.8453
449.4525	229.8453
449.4525	240.0834
449.9644	240.0834
449.9644	242.6429
450.4763	242.6429
450.4763	250.8334
449.9644	250.8334
449.9644	254.9286
449.4525	254.9286
449.4525	255.9524
448.9406	255.9524
448.9406	257.4881
448.4287	257.4881
448.4287	259.0239
447.9168	259.0239
447.9168	260.0477
447.4048	260.0477
447.4048	261.0715
446.8929	261.0715
446.8929	262.0953
446.3810	262.0953
446.3810	263.1191
445.8691	263.1191
445.8691	264.1429
445.3572	264.1429
445.3572	265.1667
444.8453	265.1667
444.8453	267.7262
444.3334	267.7262
444.3334	273.3572
444.8453	273.3572
444.8453	277.4524
444.3334	277.4524
444.3334	279.5001
443.8215	279.5001
443.8215	280.5239
443.3096	280.5239
443.3096	281.5477
442.7977	281.5477
442.7977	282.5715
442.2858	282.5715
442.2858	283.0834
441.7739	283.0834
441.7739	283.5953
441.2620	283.5953
441.2620	284.6191
440.7501	284.6191
440.7501	285.6429
440.2382	285.6429
440.2382	288.2024
439.7263	288.2024
439.7263	290.7620
440.2382	290.7620
440.2382	294.3453
440.7501	294.3453
440.7501	296.9048
441.2620	296.9048
441.2620	297.9286
441.7739	297.9286
441.7739	299.9762
441.2620	299.9762
441.2620	302.5358
440.7501	302.5358
440.7501	305.0953
440.2382	305.0953
440.2382	306.6310
439.7263	306.6310
439.7263	307.6548
439.2144	307.6548
439.2144	308.6786
438.7025	308.6786
438.7025	311.2382
438.1906	311.2382
438.1906	317.3810
437.6787	317.3810
437.6787	317.8929
437.1667	317.8929
437.1667	318.9167
436.6548	318.9167
436.6548	319.4286
436.1429	319.4286
436.1429	319.9405
435.6310	319.9405
435.6310	320.4524
435.1191	320.4524
435.1191	321.4763
434.6072	321.4763
434.6072	322.5001
434.0953	322.5001
434.0953	325.0596
433.5834	325.0596
433.5834	327.6191
434.0953	327.6191
434.0953	329.6667
433.5834	329.6667
433.5834	332.2263
433.0715	332.2263
433.0715	333.2501
432.5596	333.2501
432.5596	334.2739
432.0477	334.2739
432.0477	334.7858
431.5358	334.7858
431.5358	335.8096
431.0239	335.8096
431.0239	336.8334
430.5120	336.8334
430.5120	339.3929
430.0001	339.3929
430.0001	343.4882
430.5120	343.4882
430.5120	344.5120
430.0001	344.5120
430.0001	345.0239
429.4882	345.0239
429.4882	345.5358
428.9763	345.5358
428.9763	346.0477
428.4644	346.0477
428.4644	346.5596
427.9525	346.5596
427.9525	347.5834
427.4406	347.5834
427.4406	348.0953
426.9287	348.0953
426.9287	348.6072
426.4167	348.6072
426.4167	349.1191
425.9048	349.1191
425.9048	349.6310
425.3929	349.6310
425.3929	350.1429
424.8810	350.1429
424.8810	350.6548
424.3691	350.6548
424.3691	351.1667
423.8572	351.1667
423.8572	351.6786
423.3453	351.6786
423.3453	352.1905
422.3215	352.1905
422.3215	352.7024
421.8096	352.7024
421.8096	353.2144
421.2977	353.2144
421.2977	353.7263
420.7858	353.7263
420.7858	354.2382
420.2739	354.2382
420.2739	354.7501
419.7620	354.7501
419.7620	355.2620
419.2501	355.2620
419.2501	355.7739
418.7382	355.7739
418.7382	356.2858
418.2263	356.2858
418.2263	357.3096
417.7144	357.3096
417.7144	358.3334
417.2025	358.3334
417.2025	358.8453
416.1787	358.8453
416.1787	359.3572
414.1310	359.3572
414.1310	359.8691
413.1072	359.8691
413.1072	360.3810
412.0834	360.3810
412.0834	360.8929
411.0596	360.8929
411.0596	361.4048
410.0358	361.4048
410.0358	361.9167
409.5239	361.9167
409.5239	362.4286
409.0120	362.4286
409.0120	362.9405
408.5001	362.9405
408.5001	363.4525
407.4763	363.4525
407.4763	363.9644
406.4525	363.9644
406.4525	364.4763
405.9406	364.4763
405.9406	364.9882
405.4286	364.9882
405.4286	365.5001
404.9167	365.5001
404.9167	366.0120
404.4048	366.0120
404.4048	366.5239
403.8929	366.5239
403.8929	367.5477
402.8691	367.5477
402.8691	367.0358
401.8453	367.0358
401.8453	366.5239
400.8215	366.5239
400.8215	366.0120
398.2620	366.0120
398.2620	365.5001
395.7025	365.5001
395.7025	366.0120
393.6548	366.0120
393.6548	365.5001
391.0953	365.5001
391.0953	366.0120
388.5358	366.0120
388.5358	366.5239
387.5120	366.5239
387.5120	367.0358
386.4882	367.0358
386.4882	367.5477
383.9286	367.5477
383.9286	368.0596
382.3929	368.0596
382.3929	367.5477
379.3215	367.5477
379.3215	367.0358
377.7858	367.0358
377.7858	366.5239
375.7382	366.5239
375.7382	366.0120
375.2263	366.0120
375.2263	365.5001
374.7144	365.5001
374.7144	364.9882
373.6905	364.9882
373.6905	364.4763
372.6667	364.4763
372.6667	363.9644
370.1072	363.9644
370.1072	363.4525
367.0358	363.4525
367.0358	362.9405
364.4763	362.9405
364.4763	362.4286
360.8929	362.4286
360.8929	361.9167
359.8691	361.9167
359.8691	361.4048
358.3334	361.4048
358.3334	360.8929
356.2858	360.8929
356.2858	360.3810
355.7739	360.3810
355.7739	359.8691
354.7501	359.8691
354.7501	359.3572
353.7263	359.3572
353.7263	358.8453
352.7024	358.8453
352.7024	358.3334
351.6786	358.3334
351.6786	357.8215
350.1429	357.8215
350.1429	357.3096
347.5834	357.3096
347.5834	356.7977
344.0001	356.7977
344.0001	357.3096
341.4405	357.3096
341.4405	357.8215
340.4167	357.8215
340.4167	358.3334
339.3929	358.3334
339.3929	358.8453
332.7382	358.8453
332.7382	359.3572
330.1786	359.3572
330.1786	359.8691
329.1548	359.8691
329.1548	360.3810
328.1310	360.3810
328.1310	360.8929
327.6191	360.8929
327.6191	361.4048
327.1072	361.4048
327.1072	361.9167
326.0834	361.9167
326.0834	360.3810
325.5715	360.3810
325.5715	359.3572
325.0596	359.3572
325.0596	358.3334
324.5477	358.3334
324.5477	357.8215
324.0358	357.8215
324.0358	357.3096
323.5239	357.3096
323.5239	356.7977
323.0120	356.7977
323.0120	356.2858
322.5001	356.2858
322.5001	355.7739
321.9882	355.7739
321.9882	355.2620
321.4763	355.2620
321.4763	354.7501
320.9643	354.7501
320.9643	354.2382
319.9405	354.2382
319.9405	353.7263
318.9167	353.7263
318.9167	353.2144
317.8929	353.2144
317.8929	352.7024
315.3334	352.7024
315.3334	352.1905
312.7739	352.1905
312.7739	351.6786
310.2143	351.6786
310.2143	352.1905
307.6548	352.1905
307.6548	352.7024
304.0715	352.7024
304.0715	352.1905
303.0477	352.1905
303.0477	351.6786
302.0239	351.6786
302.0239	351.1667
299.4643	351.1667
299.4643	350.6548
296.9048	350.6548
296.9048	351.1667
294.3453	351.1667
294.3453	351.6786
293.3215	351.6786
293.3215	352.1905
291.7858	352.1905
291.7858	351.6786
289.7382	351.6786
289.7382	351.1667
288.7143	351.1667
288.7143	350.6548
288.2024	350.6548
288.2024	350.1429
287.1786	350.1429
287.1786	349.6310
286.1548	349.6310
286.1548	349.1191
285.6429	349.1191
285.6429	348.6072
285.1310	348.6072
285.1310	348.0953
284.6191	348.0953
284.6191	347.5834
284.1072	347.5834
284.1072	346.5596
283.5953	346.5596
283.5953	346.0477
283.0834	346.0477
283.0834	345.5358
282.5715	345.5358
282.5715	345.0239
282.0596	345.0239
282.0596	344.5120
281.5477	344.5120
281.5477	344.0001
281.0358	344.0001
281.0358	343.4882
280.0120	343.4882
280.0120	342.9763
279.5001	342.9763
279.5001	342.4644
278.9881	342.4644
278.9881	341.9524
278.4762	341.9524
278.4762	341.4405
277.9643	341.4405
277.9643	340.9286
276.9405	340.9286
276.9405	340.4167
276.4286	340.4167
276.4286	339.9048
275.9167	339.9048
275.9167	338.8810
275.4048	338.8810
275.4048	338.3691
274.8929	338.3691
274.8929	337.8572
274.3810	337.8572
274.3810	337.3453
273.8691	337.3453
273.8691	336.8334
273.3572	336.8334
273.3572	336.3215
272.8453	336.3215
272.8453	335.2977
272.3334	335.2977
272.3334	334.7858
271.8215	334.7858
271.8215	332.7382
271.3096	332.7382
271.3096	330.1786
270.7977	330.1786
270.7977	328.1310
270.2858	328.1310
270.2858	327.1072
269.7739	327.1072
269.7739	326.0834
269.2620	326.0834
269.2620	325.0596
268.7501	325.0596
268.7501	321.9882
269.2620	321.9882
269.2620	319.4286
268.7501	319.4286
268.7501	315.8453
268.2381	315.8453
268.2381	313.2858
267.7262	313.2858
267.7262	311.7501
267.2143	311.7501
267.2143	310.7262
266.7024	310.7262
266.7024	309.1905
266.1905	309.1905
266.1905	307.1429
265.6786	307.1429
265.6786	305.0953
265.1667	305.0953
265.1667	304.0715
264.6548	304.0715
264.6548	302.0239
265.1667	302.0239
265.1667	297.9286
264.6548	297.9286
264.6548	295.3691
264.1429	295.3691
264.1429	287.6905
263.6310	287.6905
263.6310	283.0834
263.1191	283.0834
263.1191	280.5239
262.6072	280.5239
262.6072	278.9881
263.1191	278.9881
263.1191	277.9643
263.6310	277.9643
263.6310	276.9405
264.1429	276.9405
264.1429	274.8929
264.6548	274.8929
264.6548	272.8453
265.1667	272.8453
265.1667	271.8215
265.6786	271.8215
265.6786	270.2858
266.1905	270.2858
266.1905	267.7262
266.7024	267.7262
266.7024	260.0477
267.2143	260.0477
267.2143	257.4881
267.7262	257.4881
267.7262	256.4643
268.2381	256.4643
268.2381	253.9048
268.7501	253.9048
268.7501	247.7620
268.2381	247.7620
268.2381	245.2024
267.7262	245.2024
267.7262	243.6667
267.2143	243.6667
267.2143	242.6429
266.7024	242.6429
266.7024	241.6191
266.1905	241.6191
266.1905	241.1072
265.6786	241.1072
265.6786	239.5715
266.1905	239.5715
266.1905	238.0358
266.7024	238.0358
266.7024	236.5000
267.2143	236.5000
267.2143	235.4762
267.7262	235.4762
267.7262	233.9405
268.2381	233.9405
268.2381	232.9167
268.7501	232.9167
268.7501	231.8929
269.2620	231.8929
269.2620	230.8691
269.7739	230.8691
269.7739	229.3334
270.2858	229.3334
270.2858	228.3096
270.7977	228.3096
270.7977	227.7977
271.3096	227.7977
271.3096	227.2858
271.8215	227.2858
271.8215	226.7739
272.3334	226.7739
272.3334	225.7500
272.8453	225.7500
272.8453	225.2381
273.3572	225.2381
273.3572	224.7262
273.8691	224.7262
273.8691	224.2143
274.3810	224.2143
274.3810	223.1905
274.8929	223.1905
274.8929	222.1667
275.4048	222.1667
275.4048	221.6548
275.9167	221.6548
275.9167	221.1429
276.4286	221.1429
276.4286	220.1191
276.9405	220.1191
276.9405	219.6072
277.4524	219.6072
277.4524	219.0953
277.9643	219.0953
277.9643	218.0715
278.4762	218.0715
278.4762	217.5596
278.9881	217.5596
278.9881	217.0477
279.5001	217.0477
279.5001	216.5358
280.0120	216.5358
280.0120	216.0239
280.5239	216.0239
280.5239	215.5119
281.0358	215.5119
281.0358	215.0000
281.5477	215.0000
281.5477	214.4881
282.0596	214.4881
282.0596	213.9762
282.5715	213.9762
282.5715	213.4643
283.0834	213.4643
283.0834	212.9524
284.1072	212.9524
284.1072	212.4405
284.6191	212.4405
284.6191	211.9286
285.1310	211.9286
285.1310	211.4167
285.6429	211.4167
285.6429	210.9048
286.1548	210.9048
286.1548	210.3929
286.6667	210.3929
286.6667	209.8810
287.1786	209.8810
287.1786	209.3691
287.6905	209.3691
287.6905	208.3453
288.2024	208.3453
288.2024	207.8334
288.7143	207.8334
288.7143	207.3215
289.2262	207.3215
289.2262	206.2977
290.2501	206.2977
290.2501	205.7858
290.7620	205.7858
290.7620	205.2738
291.2739	205.2738
291.2739	204.7619
293.3215	204.7619
293.3215	204.2500
295.3691	204.2500
295.3691	203.7381
297.4167	203.7381
297.4167	203.2262
298.4405	203.2262
298.4405	202.7143
299.4643	202.7143
299.4643	202.2024
300.4882	202.2024
300.4882	201.6905
301.0001	201.6905
301.0001	201.1786
302.0239	201.1786
302.0239	200.6667
302.5358	200.6667
302.5358	200.1548
303.0477	200.1548
303.0477	199.6429
304.0715	199.6429
304.0715	199.1310
304.5834	199.1310
304.5834	198.6191
305.6072	198.6191
305.6072	198.1072
306.6310	198.1072
306.6310	197.5953
308.1667	197.5953
308.1667	197.0834
309.7024	197.0834
309.7024	196.5715
310.7262	196.5715
310.7262	196.0596
311.7501	196.0596
311.7501	195.5477
314.3096	195.5477
314.3096	195.0358
315.8453	195.0358
315.8453	194.5238
317.3810	194.5238
317.3810	194.0119
318.9167	194.0119
318.9167	193.5000
319.9405	193.5000
319.9405	192.9881
320.9643	192.9881
320.9643	192.4762
321.4763	192.4762
321.4763	191.9643
321.9882	191.9643
321.9882	191.4524
323.0120	191.4524
323.0120	190.9405
324.0358	190.9405
324.0358	190.4286
324.5477	190.4286
324.5477	189.9167
325.5715	189.9167
325.5715	189.4048
326.0834	189.4048
326.0834	188.8929
327.1072	188.8929
327.1072	188.3810
328.1310	188.3810
328.1310	187.8691
329.1548	187.8691
329.1548	187.3572
329.6667	187.3572
329.6667	186.8453
330.6905	186.8453
330.6905	186.3334
331.2024	186.3334
331.2024	185.8215
331.7143	185.8215
331.7143	185.3096
332.7382	185.3096
332.7382	184.7977
333.7620	184.7977
333.7620	184.2857
334.7858	184.2857
334.7858	183.7738
335.2977	183.7738
335.2977	183.2619
335.8096	183.2619
335.8096	182.7500
336.8334	182.7500
336.8334	182.2381
337.3453	182.2381
337.3453	181.7262
337.8572	181.7262
337.8572	181.2143
338.8810	181.2143
338.8810	180.7024
339.3929	180.7024
339.3929	180.1905
339.9048	180.1905
339.9048	179.6786
341.4405	179.6786
341.4405	179.1667
342.4644	179.1667
342.4644	178.6548
343.4882	178.6548
343.4882	178.1429
345.0239	178.1429
345.0239	177.6310
348.0953	177.6310
348.0953	177.1191
350.6548	177.1191
350.6548	176.6072
352.1905	176.6072
352.1905	176.0953
353.7263	176.0953
353.7263	175.5834
356.2858	175.5834
356.2858	175.0715
361.9167	175.0715
361.9167	175.5834
364.9882	175.5834
364.9882	175.0715
367.5477	175.0715
367.5477	174.5596
369.5953	174.5596
369.5953	174.0477
370.1072	174.0477
370.1072	174.5596
374.7144	174.5596
374.7144	175.0715
378.2977	175.0715
378.2977	174.5596
382.3929	174.5596
382.3929	174.0477
384.9525	174.0477
384.9525	173.5357
390.5834	173.5357
