353.7263	216.5358
356.7977	216.5358
356.7977	217.0477
358.8453	217.0477
358.8453	217.5596
360.8929	217.5596
360.8929	218.0715
362.4286	218.0715
362.4286	218.5834
363.9644	218.5834
363.9644	219.0953
365.5001	219.0953
365.5001	219.6072
367.5477	219.6072
367.5477	220.1191
368.5715	220.1191
368.5715	220.6310
369.5953	220.6310
369.5953	221.1429
370.6191	221.1429
370.6191	221.6548
371.6429	221.6548
371.6429	222.1667
372.1548	222.1667
372.1548	222.6786
373.1786	222.6786
373.1786	223.1905
373.6905	223.1905
373.6905	223.7024
374.7144	223.7024
374.7144	224.2143
375.2263	224.2143
375.2263	224.7262
376.2501	224.7262
376.2501	225.2381
376.7620	225.2381
376.7620	225.7500
377.7858	225.7500
377.7858	226.2619
378.8096	226.2619
378.8096	226.7739
379.3215	226.7739
379.3215	227.2858
379.8334	227.2858
379.8334	227.7977
380.3453	227.7977
380.3453	228.3096
380.8572	228.3096
380.8572	228.8215
381.3691	228.8215
381.3691	229.3334
381.8810	229.3334
381.8810	229.8453
382.3929	229.8453
382.3929	230.3572
382.9048	230.3572
382.9048	230.8691
383.4167	230.8691
383.4167	231.3810
383.9286	231.3810
383.9286	231.8929
384.4405	231.8929
384.4405	232.4048
384.9525	232.4048
384.9525	232.9167
385.4644	232.9167
385.4644	233.9405
385.9763	233.9405
385.9763	235.4762
386.4882	235.4762
386.4882	236.5000
387.0001	236.5000
387.0001	237.5239
387.5120	237.5239
387.5120	238.0358
388.0239	238.0358
388.0239	239.0596
388.5358	239.0596
388.5358	239.5715
389.0477	239.5715
389.0477	240.5953
389.5596	240.5953
389.5596	241.1072
390.0715	241.1072
390.0715	241.6191
390.5834	241.6191
390.5834	242.1310
391.0953	242.1310
391.0953	242.6429
391.6072	242.6429
391.6072	243.1548
392.6310	243.1548
392.6310	243.6667
393.1429	243.6667
393.1429	244.1786
393.6548	244.1786
393.6548	244.6905
394.1667	244.6905
394.1667	245.2024
394.6786	245.2024
394.6786	245.7143
395.1906	245.7143
395.1906	246.2262
395.7025	246.2262
395.7025	246.7381
396.7263	246.7381
396.7263	247.2500
397.2382	247.2500
397.2382	247.7620
397.7501	247.7620
397.7501	248.2739
398.2620	248.2739
398.2620	249.2977
398.7739	249.2977
398.7739	250.3215
399.2858	250.3215
399.2858	250.8334
399.7977	250.8334
399.7977	251.3453
400.3096	251.3453
400.3096	252.3691
400.8215	252.3691
400.8215	252.8810
401.3334	252.8810
401.3334	253.3929
401.8453	253.3929
401.8453	253.9048
402.3572	253.9048
402.3572	254.4167
402.8691	254.4167
402.8691	255.4405
403.3810	255.4405
403.3810	256.4643
403.8929	256.4643
403.8929	257.4881
404.4048	257.4881
404.4048	259.0239
404.9167	259.0239
404.9167	260.0477
405.4286	260.0477
405.4286	261.5834
405.9406	261.5834
405.9406	264.6548
406.4525	264.6548
406.4525	267.2143
406.9644	267.2143
406.9644	269.2620
407.4763	269.2620
407.4763	272.8453
407.9882	272.8453
407.9882	277.4524
408.5001	277.4524
408.5001	280.0120
409.0120	280.0120
409.0120	282.0596
409.5239	282.0596
409.5239	287.6905
409.0120	287.6905
409.0120	290.2501
408.5001	290.2501
408.5001	295.8810
407.9882	295.8810
407.9882	301.0001
408.5001	301.0001
408.5001	303.5596
409.0120	303.5596
409.0120	304.5834
409.5239	304.5834
409.5239	305.6072
410.0358	305.6072
410.0358	306.6310
409.5239	306.6310
409.5239	309.7024
409.0120	309.7024
409.0120	310.7262
408.5001	310.7262
408.5001	311.7501
407.9882	311.7501
407.9882	312.7739
407.4763	312.7739
407.4763	315.3334
406.9644	315.3334
406.9644	319.9405
407.4763	319.9405
407.4763	322.5001
407.9882	322.5001
407.9882	325.0596
408.5001	325.0596
408.5001	326.0834
409.0120	326.0834
409.0120	327.1072
409.5239	327.1072
409.5239	328.1310
410.0358	328.1310
410.0358	329.6667
410.5477	329.6667
410.5477	330.6905
411.0596	330.6905
411.0596	331.2024
410.5477	331.2024
410.5477	333.2501
410.0358	333.2501
410.0358	335.2977
409.5239	335.2977
409.5239	337.8572
409.0120	337.8572
409.0120	338.8810
408.5001	338.8810
408.5001	339.3929
407.4763	339.3929
407.4763	338.8810
404.9167	338.8810
404.9167	338.3691
400.8215	338.3691
400.8215	338.8810
398.2620	338.8810
398.2620	339.3929
397.2382	339.3929
397.2382	339.9048
395.7025	339.9048
395.7025	339.3929
393.1429	339.3929
393.1429	338.8810
392.6310	338.8810
392.6310	338.3691
392.1191	338.3691
392.1191	337.8572
391.6072	337.8572
391.6072	337.3453
391.0953	337.3453
391.0953	336.8334
390.5834	336.8334
390.5834	336.3215
390.0715	336.3215
390.0715	335.8096
389.0477	335.8096
389.0477	335.2977
388.0239	335.2977
388.0239	334.7858
385.4644	334.7858
385.4644	334.2739
382.3929	334.2739
382.3929	334.7858
379.8334	334.7858
379.8334	335.2977
378.8096	335.2977
378.8096	335.8096
377.7858	335.8096
377.7858	336.3215
376.7620	336.3215
376.7620	336.8334
376.2501	336.8334
376.2501	337.3453
375.2263	337.3453
375.2263	337.8572
374.7144	337.8572
374.7144	338.3691
374.2025	338.3691
374.2025	338.8810
373.1786	338.8810
373.1786	338.3691
369.0834	338.3691
369.0834	338.8810
366.5239	338.8810
366.5239	339.3929
364.9882	339.3929
364.9882	338.8810
363.9644	338.8810
363.9644	337.8572
363.4525	337.8572
363.4525	337.3453
362.9405	337.3453
362.9405	336.8334
362.4286	336.8334
362.4286	335.8096
361.9167	335.8096
361.9167	334.7858
361.4048	334.7858
361.4048	333.7620
360.8929	333.7620
360.8929	333.2501
360.3810	333.2501
360.3810	332.7382
359.8691	332.7382
359.8691	332.2263
359.3572	332.2263
359.3572	331.7143
358.8453	331.7143
358.8453	331.2024
357.8215	331.2024
357.8215	330.6905
356.7977	330.6905
356.7977	330.1786
356.2858	330.1786
356.2858	329.6667
355.2620	329.6667
355.2620	329.1548
354.2382	329.1548
354.2382	328.6429
351.6786	328.6429
351.6786	328.1310
349.1191	328.1310
349.1191	327.6191
348.6072	327.6191
348.6072	327.1072
347.5834	327.1072
347.5834	326.0834
348.0953	326.0834
348.0953	321.9882
347.5834	321.9882
347.5834	319.4286
347.0715	319.4286
347.0715	318.4048
346.5596	318.4048
346.5596	317.3810
346.0477	317.3810
346.0477	316.8691
345.5358	316.8691
345.5358	316.3572
345.0239	316.3572
345.0239	315.8453
344.5120	315.8453
344.5120	315.3334
344.0001	315.3334
344.0001	314.8215
343.4882	314.8215
343.4882	314.3096
342.4644	314.3096
342.4644	313.7977
341.4405	313.7977
341.4405	313.2858
338.8810	313.2858
338.8810	312.7739
338.3691	312.7739
338.3691	312.2620
337.8572	312.2620
337.8572	309.7024
337.3453	309.7024
337.3453	308.6786
336.8334	308.6786
336.8334	307.6548
336.3215	307.6548
336.3215	306.6310
335.8096	306.6310
335.8096	306.1191
335.2977	306.1191
335.2977	305.6072
334.7858	305.6072
334.7858	305.0953
334.2739	305.0953
334.2739	304.5834
333.7620	304.5834
333.7620	304.0715
333.2501	304.0715
333.2501	303.5596
332.2263	303.5596
332.2263	303.0477
331.2024	303.0477
331.2024	302.5358
328.6429	302.5358
328.6429	302.0239
328.1310	302.0239
328.1310	301.5120
327.6191	301.5120
327.6191	301.0001
327.1072	301.0001
327.1072	300.4882
326.5953	300.4882
326.5953	299.9762
326.0834	299.9762
326.0834	298.9524
325.5715	298.9524
325.5715	298.4405
325.0596	298.4405
325.0596	296.9048
324.5477	296.9048
324.5477	295.8810
324.0358	295.8810
324.0358	294.8572
323.5239	294.8572
323.5239	294.3453
323.0120	294.3453
323.0120	293.8334
322.5001	293.8334
322.5001	293.3215
321.9882	293.3215
321.9882	291.7858
321.4763	291.7858
321.4763	290.2501
320.9643	290.2501
320.9643	287.6905
321.4763	287.6905
321.4763	286.6667
321.9882	286.6667
321.9882	284.1072
322.5001	284.1072
322.5001	281.0358
321.9882	281.0358
321.9882	278.4762
321.4763	278.4762
321.4763	277.4524
320.9643	277.4524
320.9643	276.4286
320.4524	276.4286
320.4524	273.8691
319.9405	273.8691
319.9405	272.8453
319.4286	272.8453
319.4286	271.8215
318.9167	271.8215
318.9167	270.7977
318.4048	270.7977
318.4048	270.2858
317.8929	270.2858
317.8929	269.7739
317.3810	269.7739
317.3810	267.2143
317.8929	267.2143
317.8929	264.6548
318.4048	264.6548
318.4048	261.0715
317.8929	261.0715
317.8929	258.5120
317.3810	258.5120
317.3810	257.4881
316.8691	257.4881
316.8691	256.4643
316.3572	256.4643
316.3572	255.9524
315.8453	255.9524
315.8453	255.4405
315.3334	255.4405
315.3334	254.9286
314.8215	254.9286
314.8215	254.4167
314.3096	254.4167
314.3096	253.9048
313.7977	253.9048
313.7977	253.3929
313.2858	253.3929
313.2858	252.8810
312.7739	252.8810
312.7739	251.3453
312.2620	251.3453
312.2620	250.3215
311.7501	250.3215
311.7501	248.7858
312.2620	248.7858
312.2620	248.2739
313.2858	248.2739
313.2858	247.7620
315.8453	247.7620
315.8453	247.2500
316.8691	247.2500
316.8691	246.7381
317.8929	246.7381
317.8929	246.2262
318.4048	246.2262
318.4048	245.7143
318.9167	245.7143
318.9167	245.2024
319.4286	245.2024
319.4286	244.6905
319.9405	244.6905
319.9405	244.1786
320.4524	244.1786
320.4524	243.6667
320.9643	243.6667
320.9643	243.1548
321.4763	243.1548
321.4763	242.1310
321.9882	242.1310
321.9882	241.1072
322.5001	241.1072
322.5001	238.5477
323.0120	238.5477
323.0120	235.9881
323.5239	235.9881
323.5239	233.9405
324.0358	233.9405
324.0358	233.4286
324.5477	233.4286
324.5477	232.9167
325.0596	232.9167
325.0596	232.4048
325.5715	232.4048
325.5715	231.3810
326.0834	231.3810
326.0834	230.8691
326.5953	230.8691
326.5953	230.3572
327.1072	230.3572
327.1072	229.8453
327.6191	229.8453
327.6191	229.3334
328.1310	229.3334
328.1310	228.8215
328.6429	228.8215
328.6429	227.7977
329.1548	227.7977
329.1548	227.2858
330.1786	227.2858
330.1786	226.7739
330.6905	226.7739
330.6905	226.2619
331.2024	226.2619
331.2024	225.7500
331.7143	225.7500
331.7143	225.2381
332.2263	225.2381
332.2263	224.7262
332.7382	224.7262
332.7382	224.2143
333.2501	224.2143
333.2501	223.7024
334.2739	223.7024
334.2739	223.1905
335.2977	223.1905
335.2977	222.6786
336.3215	222.6786
336.3215	222.1667
336.8334	222.1667
336.8334	221.6548
337.8572	221.6548
337.8572	221.1429
338.8810	221.1429
338.8810	220.6310
339.3929	220.6310
339.3929	220.1191
339.9048	220.1191
339.9048	219.6072
340.4167	219.6072
340.4167	219.0953
341.4405	219.0953
341.4405	218.5834
342.4644	218.5834
342.4644	218.0715
342.9763	218.0715
342.9763	217.5596
344.5120	217.5596
344.5120	217.0477
345.5358	217.0477
345.5358	216.5358
348.0953	216.5358
348.0953	216.0239
353.7263	216.0239
