358.8453	215.5119
362.9405	215.5119
362.9405	216.0239
363.9644	216.0239
363.9644	216.5358
365.5001	216.5358
365.5001	217.0477
366.5239	217.0477
366.5239	217.5596
368.0596	217.5596
368.0596	218.0715
369.5953	218.0715
369.5953	218.5834
370.6191	218.5834
370.6191	219.0953
371.6429	219.0953
371.6429	219.6072
373.1786	219.6072
373.1786	220.1191
374.7144	220.1191
374.7144	220.6310
375.7382	220.6310
375.7382	221.1429
377.2739	221.1429
377.2739	221.6548
378.2977	221.6548
378.2977	222.1667
378.8096	222.1667
378.8096	222.6786
379.8334	222.6786
379.8334	223.1905
380.8572	223.1905
380.8572	223.7024
381.3691	223.7024
381.3691	224.2143
382.3929	224.2143
382.3929	224.7262
382.9048	224.7262
382.9048	225.7500
383.4167	225.7500
383.4167	226.2619
383.9286	226.2619
383.9286	226.7739
384.4405	226.7739
384.4405	227.2858
384.9525	227.2858
384.9525	228.3096
385.4644	228.3096
385.4644	228.8215
385.9763	228.8215
385.9763	229.3334
386.4882	229.3334
386.4882	230.3572
387.0001	230.3572
387.0001	230.8691
387.5120	230.8691
387.5120	231.3810
388.0239	231.3810
388.0239	231.8929
388.5358	231.8929
388.5358	232.4048
389.0477	232.4048
389.0477	232.9167
389.5596	232.9167
389.5596	233.4286
390.0715	233.4286
390.0715	233.9405
390.5834	233.9405
390.5834	234.9643
391.0953	234.9643
391.0953	235.4762
391.6072	235.4762
391.6072	236.5000
392.1191	236.5000
392.1191	237.0119
392.6310	237.0119
392.6310	237.5239
393.1429	237.5239
393.1429	238.0358
393.6548	238.0358
393.6548	238.5477
394.1667	238.5477
394.1667	239.0596
394.6786	239.0596
394.6786	240.0834
395.1906	240.0834
395.1906	240.5953
395.7025	240.5953
395.7025	241.1072
396.2144	241.1072
396.2144	241.6191
396.7263	241.6191
396.7263	242.1310
397.2382	242.1310
397.2382	242.6429
397.7501	242.6429
397.7501	243.1548
398.2620	243.1548
398.2620	243.6667
398.7739	243.6667
398.7739	244.6905
399.2858	244.6905
399.2858	245.2024
399.7977	245.2024
399.7977	245.7143
400.3096	245.7143
400.3096	246.2262
400.8215	246.2262
400.8215	246.7381
401.3334	246.7381
401.3334	247.7620
401.8453	247.7620
401.8453	248.7858
402.3572	248.7858
402.3572	249.2977
402.8691	249.2977
402.8691	249.8096
403.3810	249.8096
403.3810	250.8334
403.8929	250.8334
403.8929	251.8572
404.4048	251.8572
404.4048	252.8810
404.9167	252.8810
404.9167	253.3929
405.4286	253.3929
405.4286	254.4167
405.9406	254.4167
405.9406	256.4643
406.4525	256.4643
406.4525	258.0000
406.9644	258.0000
406.9644	260.0477
407.4763	260.0477
407.4763	261.0715
407.9882	261.0715
407.9882	262.0953
408.5001	262.0953
408.5001	263.1191
409.0120	263.1191
409.0120	264.1429
409.5239	264.1429
409.5239	266.1905
410.0358	266.1905
410.0358	267.7262
410.5477	267.7262
410.5477	269.2620
411.0596	269.2620
411.0596	270.2858
411.5715	270.2858
411.5715	274.3810
412.0834	274.3810
412.0834	275.4048
411.5715	275.4048
411.5715	282.5715
412.0834	282.5715
412.0834	285.1310
412.5953	285.1310
412.5953	286.6667
413.1072	286.6667
413.1072	299.4643
413.6191	299.4643
413.6191	302.0239
414.1310	302.0239
414.1310	303.0477
414.6429	303.0477
414.6429	304.0715
415.1548	304.0715
415.1548	305.0953
415.6667	305.0953
415.6667	306.1191
416.1787	306.1191
416.1787	308.1667
415.6667	308.1667
415.6667	309.1905
415.1548	309.1905
415.1548	310.7262
414.6429	310.7262
414.6429	312.7739
414.1310	312.7739
414.1310	314.3096
413.6191	314.3096
413.6191	316.8691
413.1072	316.8691
413.1072	323.0120
413.6191	323.0120
413.6191	325.5715
414.1310	325.5715
414.1310	326.5953
414.6429	326.5953
414.6429	328.1310
415.1548	328.1310
415.1548	330.6905
415.6667	330.6905
415.6667	331.7143
416.1787	331.7143
416.1787	332.7382
416.6906	332.7382
416.6906	334.7858
416.1787	334.7858
416.1787	336.3215
415.1548	336.3215
415.1548	336.8334
414.6429	336.8334
414.6429	337.3453
414.1310	337.3453
414.1310	337.8572
413.6191	337.8572
413.6191	338.3691
412.5953	338.3691
412.5953	337.8572
410.0358	337.8572
410.0358	338.3691
407.4763	338.3691
407.4763	338.8810
406.4525	338.8810
406.4525	339.3929
405.4286	339.3929
405.4286	339.9048
404.9167	339.9048
404.9167	340.4167
404.4048	340.4167
404.4048	340.9286
403.8929	340.9286
403.8929	341.4405
399.7977	341.4405
399.7977	340.9286
398.7739	340.9286
398.7739	340.4167
398.2620	340.4167
398.2620	339.9048
397.7501	339.9048
397.7501	339.3929
397.2382	339.3929
397.2382	338.8810
396.7263	338.8810
396.7263	338.3691
396.2144	338.3691
396.2144	337.8572
395.1906	337.8572
395.1906	337.3453
394.1667	337.3453
394.1667	336.8334
391.6072	336.8334
391.6072	336.3215
388.5358	336.3215
388.5358	336.8334
385.9763	336.8334
385.9763	337.3453
384.9525	337.3453
384.9525	337.8572
383.9286	337.8572
383.9286	338.3691
383.4167	338.3691
383.4167	338.8810
382.9048	338.8810
382.9048	339.3929
382.3929	339.3929
382.3929	339.9048
381.8810	339.9048
381.8810	340.4167
380.8572	340.4167
380.8572	340.9286
379.8334	340.9286
379.8334	341.4405
378.8096	341.4405
378.8096	341.9524
376.2501	341.9524
376.2501	341.4405
375.7382	341.4405
375.7382	340.9286
374.7144	340.9286
374.7144	340.4167
373.6905	340.4167
373.6905	339.9048
373.1786	339.9048
373.1786	338.3691
372.6667	338.3691
372.6667	337.3453
372.1548	337.3453
372.1548	336.3215
371.6429	336.3215
371.6429	335.8096
371.1310	335.8096
371.1310	335.2977
370.6191	335.2977
370.6191	334.7858
370.1072	334.7858
370.1072	334.2739
369.5953	334.2739
369.5953	333.7620
369.0834	333.7620
369.0834	333.2501
368.0596	333.2501
368.0596	332.7382
367.5477	332.7382
367.5477	332.2263
366.5239	332.2263
366.5239	331.7143
365.5001	331.7143
365.5001	331.2024
362.9405	331.2024
362.9405	330.6905
360.3810	330.6905
360.3810	330.1786
355.7739	330.1786
355.7739	330.6905
353.7263	330.6905
353.7263	330.1786
353.2144	330.1786
353.2144	329.6667
352.7024	329.6667
352.7024	329.1548
352.1905	329.1548
352.1905	328.6429
351.6786	328.6429
351.6786	328.1310
350.6548	328.1310
350.6548	327.1072
350.1429	327.1072
350.1429	326.5953
349.6310	326.5953
349.6310	326.0834
349.1191	326.0834
349.1191	325.5715
348.6072	325.5715
348.6072	325.0596
348.0953	325.0596
348.0953	324.5477
347.5834	324.5477
347.5834	324.0358
347.0715	324.0358
347.0715	323.5239
346.5596	323.5239
346.5596	323.0120
346.0477	323.0120
346.0477	322.5001
345.5358	322.5001
345.5358	321.9882
345.0239	321.9882
345.0239	321.4763
344.5120	321.4763
344.5120	320.9643
343.4882	320.9643
343.4882	320.4524
342.9763	320.4524
342.9763	319.9405
341.9524	319.9405
341.9524	319.4286
341.4405	319.4286
341.4405	318.4048
340.9286	318.4048
340.9286	317.8929
340.4167	317.8929
340.4167	317.3810
339.9048	317.3810
339.9048	316.8691
339.3929	316.8691
339.3929	316.3572
338.8810	316.3572
338.8810	315.8453
338.3691	315.8453
338.3691	315.3334
337.8572	315.3334
337.8572	314.8215
337.3453	314.8215
337.3453	314.3096
336.8334	314.3096
336.8334	313.7977
335.8096	313.7977
335.8096	312.7739
335.2977	312.7739
335.2977	312.2620
334.7858	312.2620
334.7858	310.2143
334.2739	310.2143
334.2739	309.1905
333.7620	309.1905
333.7620	308.1667
333.2501	308.1667
333.2501	307.6548
332.7382	307.6548
332.7382	307.1429
332.2263	307.1429
332.2263	306.6310
331.7143	306.6310
331.7143	306.1191
331.2024	306.1191
331.2024	305.6072
330.1786	305.6072
330.1786	305.0953
329.1548	305.0953
329.1548	304.5834
328.1310	304.5834
328.1310	304.0715
327.6191	304.0715
327.6191	303.0477
327.1072	303.0477
327.1072	302.5358
326.5953	302.5358
326.5953	302.0239
326.0834	302.0239
326.0834	301.0001
325.5715	301.0001
325.5715	300.4882
325.0596	300.4882
325.0596	297.9286
324.5477	297.9286
324.5477	296.9048
324.0358	296.9048
324.0358	295.8810
323.5239	295.8810
323.5239	295.3691
323.0120	295.3691
323.0120	293.8334
322.5001	293.8334
322.5001	291.2739
321.9882	291.2739
321.9882	289.2262
321.4763	289.2262
321.4763	288.2024
320.9643	288.2024
320.9643	287.1786
320.4524	287.1786
320.4524	286.6667
319.9405	286.6667
319.9405	282.0596
320.4524	282.0596
320.4524	273.3572
319.9405	273.3572
319.9405	270.7977
319.4286	270.7977
319.4286	268.7501
318.9167	268.7501
318.9167	268.2381
319.4286	268.2381
319.4286	263.1191
318.9167	263.1191
318.9167	260.5596
318.4048	260.5596
318.4048	258.5120
317.8929	258.5120
317.8929	256.9762
317.3810	256.9762
317.3810	254.9286
316.8691	254.9286
316.8691	253.9048
316.3572	253.9048
316.3572	252.8810
315.8453	252.8810
315.8453	252.3691
315.3334	252.3691
315.3334	251.8572
314.8215	251.8572
314.8215	250.8334
315.3334	250.8334
315.3334	249.8096
315.8453	249.8096
315.8453	249.2977
316.3572	249.2977
316.3572	248.7858
316.8691	248.7858
316.8691	248.2739
317.3810	248.2739
317.3810	247.2500
317.8929	247.2500
317.8929	246.2262
318.4048	246.2262
318.4048	245.2024
318.9167	245.2024
318.9167	242.6429
319.4286	242.6429
319.4286	239.5715
319.9405	239.5715
319.9405	238.0358
320.4524	238.0358
320.4524	236.5000
320.9643	236.5000
320.9643	235.4762
321.4763	235.4762
321.4763	234.4524
321.9882	234.4524
321.9882	233.4286
322.5001	233.4286
322.5001	232.4048
323.0120	232.4048
323.0120	231.8929
323.5239	231.8929
323.5239	231.3810
324.0358	231.3810
324.0358	230.3572
324.5477	230.3572
324.5477	229.3334
325.0596	229.3334
325.0596	228.8215
325.5715	228.8215
325.5715	228.3096
326.0834	228.3096
326.0834	227.7977
326.5953	227.7977
326.5953	227.2858
327.1072	227.2858
327.1072	226.7739
327.6191	226.7739
327.6191	226.2619
328.6429	226.2619
328.6429	225.7500
329.1548	225.7500
329.1548	225.2381
329.6667	225.2381
329.6667	224.7262
330.1786	224.7262
330.1786	224.2143
330.6905	224.2143
330.6905	223.7024
331.2024	223.7024
331.2024	223.1905
331.7143	223.1905
331.7143	222.6786
332.2263	222.6786
332.2263	222.1667
332.7382	222.1667
332.7382	221.6548
333.2501	221.6548
333.2501	221.1429
333.7620	221.1429
333.7620	220.6310
334.2739	220.6310
334.2739	220.1191
334.7858	220.1191
334.7858	219.6072
336.3215	219.6072
336.3215	219.0953
337.3453	219.0953
337.3453	218.5834
338.3691	218.5834
338.3691	218.0715
338.8810	218.0715
338.8810	217.5596
341.4405	217.5596
341.4405	217.0477
344.0001	217.0477
344.0001	216.5358
346.0477	216.5358
346.0477	216.0239
347.5834	216.0239
347.5834	215.5119
351.1667	215.5119
351.1667	215.0000
358.8453	215.0000
